1466410104,13.2,17.571098785027754,17.571098785027754,True
1466410114,13.2,13.2,14.789018453922349,False
1466410130,13.2,13.2,16.254718471244985,False
1466410181,13.1,12.464805892303458,12.464805892303458,True
1466410203,13.1,19.147124154568914,19.147124154568914,True
1466410250,13.2,12.583379628042955,12.583379628042955,True
1466410309,13.2,13.059217887643157,13.059217887643157,True
1466410397,13.4,13.4,17.08265428546842,False
1466410430,13.6,13.105415474216267,13.105415474216267,True
1466410469,14.0,14.0,18.178904879862092,False
1466410483,14.0,19.80725347027151,19.80725347027151,True
1466410498,14.0,14.0,16.072517859257104,False
1466410502,13.5,13.5,16.34284080334255,False
1466410532,13.5,13.5,16.193167876451604,False
1466410541,13.5,13.5,15.144772820797783,False
1466410573,13.5,13.5,14.864744223035387,False
1466410630,13.5,19.145183680073487,19.145183680073487,True
1466410653,13.5,13.5,15.892319025590096,False
1466410746,13.2,13.2,15.711877071904429,False
1466410814,13.0,13.0,17.679142590613626,False
1466410890,12.8,17.51497158373982,17.51497158373982,True
1466410902,12.6,14.292512078772187,14.292512078772187,True
1466410978,12.6,17.280416596092536,17.280416596092536,True
1466411008,13.0,15.431107821091782,15.431107821091782,True
1466411066,13.0,15.153772463150627,15.153772463150627,True
1466411094,13.2,13.2,18.223291448063865,False
1466411157,13.2,13.2,15.927536983451994,False
1466411223,13.1,12.108118848575021,12.108118848575021,True
1466411226,13.1,13.1,13.986531824424654,False
1466411272,13.1,13.1,18.160145874929775,False
1466411303,13.1,18.664032934275337,18.664032934275337,True
1466411318,13.1,13.1,17.598061895416258,False
1466411396,13.6,17.025782089283872,17.025782089283872,True
1466411493,14.0,14.0,15.659474399670405,False
1466411549,14.0,15.162481751943123,15.162481751943123,True
1466411560,13.8,17.67093486304985,17.67093486304985,True
1466411626,13.2,19.27441679800173,19.27441679800173,True
1466411723,13.2,12.810493244800213,12.810493244800213,True
1466411763,13.2,13.2,17.39324361617838,False
1466411785,13.2,13.2,13.633499694764538,False
1466411854,13.2,14.456675997201003,14.456675997201003,True
1466411889,13.6,13.6,18.090011377543384,False
1466411988,13.6,13.6,12.716899668024187,False
1466412022,13.6,18.536609188416985,18.536609188416985,True
1466412046,13.6,17.60852247531681,17.60852247531681,True
1466412076,13.6,13.6,13.921580925748941,False
1466412152,13.3,13.3,16.385319694505853,False
1466412181,13.3,17.20727075990047,17.20727075990047,True
1466412201,13.3,13.3,17.456222907529988,False
1466412260,13.5,13.5,17.027368212449737,False
1466412347,13.5,16.19334082176922,16.19334082176922,True
1466412360,13.5,19.85914785214865,19.85914785214865,True
1466412438,14.0,13.9485653458432,13.9485653458432,True
1466412521,14.2,14.265797396784276,14.265797396784276,True
1466412599,14.5,16.557377072936013,16.557377072936013,True
1466412639,14.4,15.457563679622357,15.457563679622357,True
1466412691,13.8,13.8,13.304407452339053,False
1466412747,13.8,13.8,13.743212294448155,False
1466412794,13.8,18.629131728618304,18.629131728618304,True
1466412819,13.6,14.642092085096651,14.642092085096651,True
1466412832,13.6,13.610590415341033,13.610590415341033,True
1466412874,13.6,13.6,18.968157579003588,False
1466412943,13.4,13.4,12.215764275743416,False
1466412971,13.4,13.4,12.745318836594901,False
1466412990,13.4,13.4,19.00798694594875,False
1466413028,13.4,13.4,15.091580108398293,False
1466413053,13.2,13.2,16.506216045123654,False
1466413125,12.9,12.9,12.915991355210188,False
1466413200,13.4,13.911043268018172,13.911043268018172,True
1466413264,13.4,13.4,19.779484858688853,False
1466413311,13.9,13.553153205527344,13.553153205527344,True
1466413342,13.9,13.9,13.004748219683538,False
1466413440,13.9,16.224237149835496,16.224237149835496,True
1466413458,13.9,13.9,15.12739245706887,False
1466413529,13.6,13.6,13.702915740767745,False
1466413542,13.6,12.668524983116221,12.668524983116221,True
1466413638,13.6,13.6,14.073711615553993,False
1466413672,13.6,18.12157503915695,18.12157503915695,True
1466413733,13.7,13.7,19.80175742714991,False
1466413779,14.2,19.16293210263777,19.16293210263777,True
1466413780,13.6,13.6,15.004054765028368,False
1466413864,13.5,12.732823485487302,12.732823485487302,True
1466413885,13.9,15.972279960862505,15.972279960862505,True
1466413946,14.5,12.514190567184517,12.514190567184517,True
1466414033,13.9,14.63577462397932,14.63577462397932,True
1466414071,13.9,15.115185019600805,15.115185019600805,True
1466414164,13.9,15.09273620682923,15.09273620682923,True
1466414225,14.0,14.0,12.290954165736704,False
1466414312,13.7,17.60346756524677,17.60346756524677,True
1466414325,13.7,14.829759568618119,14.829759568618119,True
1466414328,13.2,13.2,13.863181830002759,False
1466414329,12.7,12.7,16.229932870099,False
1466414402,12.7,12.7,16.72645334408704,False
1466414407,12.7,17.396833149569858,17.396833149569858,True
1466414413,12.7,12.7,14.966716247765495,False
1466414460,12.1,12.1,13.626773897575347,False
1466414552,12.1,12.1,17.357289343411622,False
1466414602,12.1,12.1,14.58523156126029,False
1466414662,12.1,12.1,13.426490202441078,False
1466414746,12.1,12.1,19.48249538594294,False
1466414844,12.1,12.1,12.884580924885576,False
1466414943,12.1,14.617035543616762,14.617035543616762,True
1466414946,12.1,16.116150858747307,16.116150858747307,True
1466414966,12.5,14.984743149706581,14.984743149706581,True
1466415038,12.3,12.3,13.170073046176892,False
1466415106,12.5,12.5,19.33535222504267,False
1466415130,12.5,12.5,18.017178626872877,False
1466415145,12.5,12.5,14.89841049658924,False
1466415202,13.1,19.49628850408747,19.49628850408747,True
1466415239,13.1,13.1,17.559803990150712,False
1466415249,13.0,13.0,12.849320198475887,False
1466415308,13.0,12.474907812992914,12.474907812992914,True
1466415357,13.0,13.0,19.406501278352927,False
1466415404,13.5,13.5,12.488363338610263,False
1466415469,13.1,15.546639483971948,15.546639483971948,True
1466415548,13.5,13.5,12.99259221002498,False
1466415588,13.5,17.355194473599088,17.355194473599088,True
1466415627,13.5,13.5,13.583297122251002,False
1466415719,14.0,14.0,19.91202506326423,False
1466415767,14.1,14.1,16.989622196310265,False
1466415860,14.1,14.1,14.541812061640297,False
1466415872,14.1,15.711829497999117,15.711829497999117,True
1466415914,14.1,13.76819287313348,13.76819287313348,True
1466415934,14.1,14.1,13.325935831256468,False
1466415988,14.1,17.0440400204124,17.0440400204124,True
1466416004,14.1,14.777433874845586,14.777433874845586,True
1466416050,14.1,14.1,18.9388465575879,False
1466416150,14.1,14.354531718141807,14.354531718141807,True
1466416161,13.9,13.9,17.661047926874645,False
1466416215,13.9,13.9,12.536735320242204,False
1466416315,13.9,17.38649683070345,17.38649683070345,True
1466416321,14.3,14.3,17.403153401072363,False
1466416393,14.3,19.564195735996314,19.564195735996314,True
1466416440,14.3,14.3,12.677192095822168,False
1466416510,14.2,14.2,18.232852264782068,False
1466416541,14.2,14.2,15.72519676932523,False
1466416631,14.2,12.449380350104999,12.449380350104999,True
1466416671,14.2,14.2,15.138705807439452,False
1466416725,14.2,16.30451987375603,16.30451987375603,True
1466416815,13.9,14.823456039359595,14.823456039359595,True
1466416867,13.9,13.9,12.026283660806302,False
1466416933,13.9,18.134965405777145,18.134965405777145,True
1466416963,13.4,13.4,16.287071522155834,False
1466417034,13.1,13.1,16.068781620246213,False
1466417069,12.6,12.6,17.895553194211132,False
1466417095,13.1,15.335611022487011,15.335611022487011,True
1466417123,13.7,17.90950223307418,17.90950223307418,True
1466417219,13.5,13.5,16.81463129665616,False
1466417228,13.8,13.8,15.250478251537643,False
1466417235,13.8,13.8,12.193433655428871,False
1466417266,13.8,16.380012301919777,16.380012301919777,True
1466417298,13.8,13.8,13.125194031308858,False
1466417382,13.8,13.8,17.258982903528324,False
1466417429,13.4,17.66549287104539,17.66549287104539,True
1466417434,13.7,16.74129073434722,16.74129073434722,True
1466417513,13.6,13.6,19.050389779093894,False
1466417598,13.7,13.7,16.883637102675813,False
1466417615,13.7,13.593211492061142,13.593211492061142,True
1466417654,13.7,13.7,15.229699881065528,False
1466417749,13.7,13.7,16.829549414302754,False
1466417763,13.7,13.7,16.213454799063648,False
1466417822,13.7,13.711729609886504,13.711729609886504,True
1466417851,13.7,19.075150703738394,19.075150703738394,True
1466417855,13.7,13.7,16.465720418959414,False
1466417879,13.3,14.757750555768276,14.757750555768276,True
1466417895,13.3,16.030798480237912,16.030798480237912,True
1466417969,13.3,18.929832223096504,18.929832223096504,True
1466418049,13.3,13.3,13.772476239600271,False
1466418118,13.5,18.576993114657917,18.576993114657917,True
1466418129,13.5,13.5,18.20462156415412,False
1466418179,13.5,13.474716615687601,13.474716615687601,True
1466418254,13.5,16.055586050119295,16.055586050119295,True
1466418332,13.5,13.5,15.320192153000075,False
1466418428,13.5,17.455985083599828,17.455985083599828,True
1466418494,13.5,19.1305177773057,19.1305177773057,True
1466418554,13.3,12.697522277272764,12.697522277272764,True
1466418563,13.9,13.9,19.5021146923934,False
1466418564,13.9,13.9,14.333990311998955,False
1466418594,14.2,14.2,16.294026161071656,False
1466418674,14.2,14.2,16.914519897598414,False
1466418748,14.2,14.2,18.365427820651856,False
1466418847,14.2,14.2,16.20398511755386,False
1466418877,14.5,14.5,19.211466458151456,False
1466418917,14.3,14.3,17.18071587001324,False
1466418938,14.4,14.8611388299995,14.8611388299995,True
1466419031,14.4,14.4,14.248427637634087,False
1466419058,14.4,14.4,12.565078310476501,False
1466419104,14.4,12.943670534462576,12.943670534462576,True
1466419166,14.4,14.4,14.907468718834567,False
1466419261,15.0,15.0,14.55290160408098,False
1466419349,15.0,13.146098275725343,13.146098275725343,True
1466419442,15.0,15.0,12.42700096207314,False
1466419530,15.0,15.0,17.01561202003096,False
1466419595,15.0,15.0,12.153134200611838,False
1466419646,15.1,13.688673785584111,13.688673785584111,True
1466419737,15.5,15.5,17.83040351545248,False
1466419826,15.8,15.8,15.218113649228886,False
1466419880,15.8,17.752758615337726,17.752758615337726,True
1466419911,15.8,15.270381942685809,15.270381942685809,True
1466419938,15.8,18.456013749863388,18.456013749863388,True
1466420016,15.8,16.301141621913832,16.301141621913832,True
1466420019,15.8,15.8,17.45550886305003,False
1466420108,15.8,15.8,17.544799210644292,False
1466420205,15.8,12.222967053922815,12.222967053922815,True
1466420228,15.8,15.8,18.68854813494385,False
1466420257,15.3,12.52456113511822,12.52456113511822,True
1466420270,15.8,15.8,16.898832134098946,False
1466420296,15.8,15.8,16.48954452991432,False
1466420331,15.8,16.23990070735455,16.23990070735455,True
1466420407,16.3,19.347329623531564,19.347329623531564,True
1466420430,16.8,16.590609143751863,16.590609143751863,True
1466420453,17.1,15.809477056040286,15.809477056040286,True
1466420474,17.2,17.2,14.146472560938108,False
1466420566,17.2,17.2,18.673428054701983,False
1466420579,17.2,17.2,14.70245488008276,False
1466420618,16.8,16.555847642782044,16.555847642782044,True
1466420624,16.8,16.8,17.91200616945354,False
1466420643,16.9,16.9,14.56489918771236,False
1466420695,17.4,17.4,13.457792028550196,False
1466420788,17.4,17.4,15.304290920417998,False
1466420863,17.4,19.45013112455159,19.45013112455159,True
1466420947,17.6,17.6,13.88063186980925,False
1466421003,17.6,19.460995515337522,19.460995515337522,True
1466421032,17.6,13.777046879561393,13.777046879561393,True
1466421050,17.1,17.1,15.208562717774107,False
1466421116,17.1,13.000538254777428,13.000538254777428,True
1466421208,16.8,16.8,18.012156319641235,False
1466421234,16.9,17.88175268207721,17.88175268207721,True
1466421262,16.9,16.9,12.103558432147931,False
1466421353,16.9,16.9,15.994799607392519,False
1466421360,16.9,13.242111570754883,13.242111570754883,True
1466421392,17.5,14.864296072674218,14.864296072674218,True
1466421480,17.5,12.113785067922146,12.113785067922146,True
1466421530,18.0,12.359183716719198,12.359183716719198,True
1466421547,18.0,18.853977094844478,18.853977094844478,True
1466421591,17.4,17.4,12.411596040502648,False
1466421633,17.4,17.4,19.40194638760618,False
1466421636,17.5,17.5,13.478589653576453,False
1466421670,17.2,17.2,18.295159641084354,False
1466421695,17.2,17.2,17.707795347244453,False
1466421721,17.2,12.282940567293775,12.282940567293775,True
1466421804,17.2,17.2,17.286535633472674,False
1466421819,17.1,17.1,12.899436743196024,False
1466421862,17.2,14.018745234431904,14.018745234431904,True
1466421885,17.2,19.653513555007013,19.653513555007013,True
1466421936,17.7,17.7,19.024702973229118,False
1466422012,17.4,19.4428552282979,19.4428552282979,True
1466422044,17.4,16.32042462081938,16.32042462081938,True
1466422045,16.8,13.595514562707972,13.595514562707972,True
1466422137,16.8,16.8,12.616928223815272,False
1466422162,16.8,13.621049061496702,13.621049061496702,True
1466422189,16.8,12.155264509808454,12.155264509808454,True
1466422197,17.4,17.4,16.338764847606406,False
1466422264,17.8,17.8,19.066957853929946,False
1466422330,17.7,17.7,16.4086935922102,False
1466422378,17.7,17.7,16.91745759197768,False
1466422432,18.3,12.158361526572982,12.158361526572982,True
1466422488,18.3,15.923532713985091,15.923532713985091,True
1466422577,18.6,18.6,12.123812044015,False
1466422628,18.6,13.712049272337744,13.712049272337744,True
1466422638,18.6,18.6,16.609593730842914,False
1466422666,18.6,15.7666500142634,15.7666500142634,True
1466422706,18.6,12.564470569067332,12.564470569067332,True
1466422731,18.6,18.38891989159674,18.38891989159674,True
1466422804,18.8,16.9877695444608,16.9877695444608,True
1466422866,18.8,16.00374788753763,16.00374788753763,True
1466422873,18.8,18.8,19.74481980217061,False
1466422895,18.8,18.390691253362046,18.390691253362046,True
1466422953,18.8,18.8,18.360627145417833,False
1466422973,18.8,13.161956559777646,13.161956559777646,True
1466423017,18.8,18.8,13.039355549458175,False
1466423051,19.1,17.48126124459622,17.48126124459622,True
1466423099,19.1,19.1,15.59795802518011,False
1466423150,19.1,19.1,16.409215856836784,False
1466423155,19.0,19.0,17.439257568978867,False
1466423168,19.1,19.1,17.441172740827433,False
1466423205,19.1,19.1,13.598166852856156,False
1466423275,19.1,19.682428582845297,19.682428582845297,True
1466423287,19.1,19.1,17.55849835006526,False
1466423336,19.1,19.1,17.068301440662275,False
1466423340,19.1,14.427939696871613,14.427939696871613,True
1466423355,19.1,13.096924884271862,13.096924884271862,True
1466423443,18.6,18.6,16.93828517033621,False
1466423499,18.6,18.6,15.141438077051024,False
1466423585,18.8,18.8,17.642677416178586,False
1466423612,18.8,16.6306143103787,16.6306143103787,True
1466423669,19.1,19.1,18.930321387705533,False
1466423705,19.1,19.1,12.670988547075408,False
1466423770,19.1,19.1,16.546276284810624,False
1466423844,19.1,12.986939269637599,12.986939269637599,True
1466423902,19.4,19.4,16.76270393728086,False
1466423913,19.4,19.4,18.206563579172187,False
1466423972,19.1,19.1,18.768688348630015,False
1466424014,19.1,17.211692904106044,17.211692904106044,True
1466424069,19.1,16.54976859707749,16.54976859707749,True
1466424154,19.1,19.1,17.299365460954867,False
1466424155,19.5,12.568181705411966,12.568181705411966,True
1466424169,19.5,19.5,16.2368162193521,False
1466424262,19.5,19.5,14.599934670828777,False
1466424339,19.5,16.613183441815448,16.613183441815448,True
1466424398,19.5,14.673883682545432,14.673883682545432,True
1466424497,18.9,18.9,14.257295708584607,False
1466424558,19.2,13.122611306285398,13.122611306285398,True
1466424613,18.7,14.702145415266735,14.702145415266735,True
1466424713,19.1,12.899604412848923,12.899604412848923,True
1466424804,18.9,15.499524652046222,15.499524652046222,True
1466424878,18.9,17.677039645500646,17.677039645500646,True
1466424924,18.9,18.9,19.6441826385814,False
1466425009,18.4,13.104493234266561,13.104493234266561,True
1466425106,18.4,12.17273507357475,12.17273507357475,True
1466425129,17.9,18.53091896792393,18.53091896792393,True
1466425179,17.9,17.9,14.85528845188152,False
1466425257,17.9,18.546646248805608,18.546646248805608,True
1466425262,17.9,17.9,13.72156420309406,False
1466425305,17.7,15.654885005757368,15.654885005757368,True
1466425331,17.7,15.635335457813508,15.635335457813508,True
1466425338,17.7,16.89051564749738,16.89051564749738,True
1466425377,17.9,18.485574517805578,18.485574517805578,True
1466425380,18.5,18.5,19.6664078873409,False
1466425417,18.5,18.5,19.46755844411699,False
1466425484,18.5,18.5,19.599309141286756,False
1466425517,18.3,18.37583058153873,18.37583058153873,True
1466425553,18.3,18.3,18.038615129833023,False
1466425640,18.2,14.155063568763811,14.155063568763811,True
1466425687,18.2,13.656112305046282,13.656112305046282,True
1466425711,18.2,18.2,14.327958402613058,False
1466425768,18.1,18.493909249478698,18.493909249478698,True
1466425811,18.1,18.1,19.11726406595734,False
1466425856,18.1,18.1,12.081060605291492,False
1466425869,18.4,15.368417387740582,15.368417387740582,True
1466425884,18.5,13.779899558631346,13.779899558631346,True
1466425962,18.3,16.391973759609797,16.391973759609797,True
1466425974,18.3,18.3,12.778125946837603,False
1466426016,17.8,17.8,13.437435263911766,False
1466426024,17.8,17.8,19.857879939078323,False
1466426034,17.8,16.34561971311546,16.34561971311546,True
1466426130,17.8,16.214941748385762,16.214941748385762,True
1466426189,17.8,16.902842686045766,16.902842686045766,True
1466426198,17.3,16.22449120846923,16.22449120846923,True
1466426280,17.3,16.96701790650396,16.96701790650396,True
1466426298,17.5,16.43918687200889,16.43918687200889,True
1466426380,17.7,12.967594360706114,12.967594360706114,True
1466426420,17.7,13.73226012109864,13.73226012109864,True
1466426509,17.1,17.1,16.235204314316462,False
1466426521,17.1,14.174174505485754,14.174174505485754,True
1466426535,17.1,17.1,12.230278104098982,False
1466426563,17.1,17.1,16.705081426098985,False
1466426620,17.1,13.035597886553619,13.035597886553619,True
1466426694,16.7,16.367464813975047,16.367464813975047,True
1466426764,16.7,16.7,15.239629411645335,False
1466426778,16.7,16.7,18.97002708716965,False
1466426866,16.7,16.7,12.264506292940514,False
1466426938,17.2,15.197989183432377,15.197989183432377,True
1466427022,17.2,17.2,14.461623753775093,False
1466427059,17.1,13.592378148156431,13.592378148156431,True
1466427125,17.1,16.26372692538174,16.26372692538174,True
1466427204,17.1,14.583922267257863,14.583922267257863,True
1466427240,17.1,17.1,16.327744120664896,False
1466427317,17.1,15.86724916360652,15.86724916360652,True
1466427319,17.1,16.41068452488111,16.41068452488111,True
1466427331,17.1,17.1,12.332450748506524,False
1466427425,17.1,17.015340550165735,17.015340550165735,True
1466427458,16.6,16.659303882857046,16.659303882857046,True
1466427495,16.6,16.6,17.789067160776877,False
1466427543,16.6,16.6,16.64755672595249,False
1466427625,17.2,17.2,15.960317451708775,False
1466427663,17.3,17.3,15.65146312400762,False
1466427672,17.0,18.701677466936992,18.701677466936992,True
1466427684,17.4,17.4,15.263737224168322,False
1466427739,17.4,16.455887989936976,16.455887989936976,True
1466427769,17.4,17.4,18.03452213866408,False
1466427775,17.4,16.32775809016302,16.32775809016302,True
1466427820,17.4,18.454312636575033,18.454312636575033,True
1466427837,17.5,17.5,14.677240457581544,False
1466427846,17.0,18.700303722269748,18.700303722269748,True
1466427904,17.0,15.693270133307045,15.693270133307045,True
1466427997,17.0,17.0,12.31874461945853,False
1466428027,16.8,14.98532983641813,14.98532983641813,True
1466428114,16.8,16.8,12.769338709713395,False
1466428212,16.2,16.2,18.497685357942537,False
1466428294,16.7,16.04778702741868,16.04778702741868,True
1466428321,16.1,19.47296746177432,19.47296746177432,True
1466428340,16.2,16.150390617378065,16.150390617378065,True
1466428378,16.2,17.43742473202119,17.43742473202119,True
1466428463,16.1,16.1,13.578291451230154,False
1466428551,16.1,16.1,12.778344701498483,False
1466428575,16.1,13.654719461743095,13.654719461743095,True
1466428593,16.1,16.1,12.786879699895998,False
1466428682,16.1,16.1,13.33324809160452,False
1466428699,16.1,16.1,17.444534795454345,False
1466428719,16.1,16.1,18.187359494135624,False
1466428819,16.1,16.1,19.13202968212858,False
1466428850,16.1,16.1,12.352324015465037,False
1466428884,16.1,12.099788344076424,12.099788344076424,True
1466428973,16.5,16.5,14.290264203806432,False
1466429006,16.5,16.5,17.42277504152368,False
1466429026,16.0,18.98645297488084,18.98645297488084,True
1466429066,15.7,19.771671973308038,19.771671973308038,True
1466429072,15.2,17.636987654874023,17.636987654874023,True
1466429103,15.2,18.86340156032866,18.86340156032866,True
1466429110,15.2,19.84739982564777,19.84739982564777,True
1466429123,15.2,15.2,17.21007360987334,False
1466429168,15.5,16.67416353842078,16.67416353842078,True
1466429182,15.5,15.5,14.432022726643263,False
1466429184,15.4,14.960704806821203,14.960704806821203,True
1466429197,15.4,15.4,17.979079565925264,False
1466429280,15.4,15.4,13.202680600101317,False
1466429378,15.4,15.4,19.612712787949107,False
1466429450,15.4,17.282286996491834,17.282286996491834,True
1466429455,14.9,18.22072437385341,18.22072437385341,True
1466429510,14.9,19.427571836637505,19.427571836637505,True
1466429565,14.5,14.5,17.849120886894752,False
1466429566,14.2,12.612372808754088,12.612372808754088,True
1466429592,14.2,14.2,12.66959096116706,False
1466429623,14.2,13.17636591449889,13.17636591449889,True
1466429691,14.0,13.510114315378482,13.510114315378482,True
1466429733,14.0,19.299378232666605,19.299378232666605,True
1466429803,14.0,19.376467673971845,19.376467673971845,True
1466429832,14.0,15.506381811263156,15.506381811263156,True
1466429905,14.0,13.33095192386359,13.33095192386359,True
1466429997,14.0,15.63956522278815,15.63956522278815,True
1466430050,14.0,14.0,15.756366947180032,False
1466430088,14.0,17.225731102560328,17.225731102560328,True
1466430174,14.0,14.0,12.078782705942952,False
1466430247,14.0,14.0,18.4278388497463,False
1466430344,14.0,14.0,14.163206380482848,False
1466430375,14.0,19.04511099873473,19.04511099873473,True
1466430400,14.2,16.069036663774988,16.069036663774988,True
1466430457,13.9,13.9,19.733023590364958,False
1466430483,13.9,13.9,14.946353591743565,False
1466430517,13.7,16.813276073586348,16.813276073586348,True
1466430524,13.7,15.194475773259146,15.194475773259146,True
1466430592,13.5,13.64856332167972,13.64856332167972,True
1466430616,13.5,13.07591450191394,13.07591450191394,True
1466430631,13.4,13.4,17.189911033490453,False
1466430680,13.4,13.4,14.578059459263471,False
1466430734,13.3,14.424950248354795,14.424950248354795,True
1466430790,13.3,13.750434043655416,13.750434043655416,True
1466430815,13.3,13.3,12.351966723352124,False
1466430895,13.3,17.47506057319569,17.47506057319569,True
1466430916,13.3,13.3,17.618245051722546,False
1466430929,13.3,17.62686683276891,17.62686683276891,True
1466430936,12.7,12.654399990847729,12.654399990847729,True
1466431009,13.3,13.3,17.778005933444447,False
1466431036,13.3,13.3,19.5963155745083,False
1466431055,12.7,19.557142724843988,19.557142724843988,True
1466431145,12.7,12.043449454768592,12.043449454768592,True
1466431218,12.4,19.380836290321476,19.380836290321476,True
1466431290,12.4,13.209507852061995,13.209507852061995,True
1466431324,12.8,12.8,12.548703280706484,False
1466431400,12.6,12.6,19.8000201541362,False
1466431450,12.6,12.6,18.35121151953406,False
1466431526,12.6,16.772706026988043,16.772706026988043,True
1466431589,12.6,19.35995197594847,19.35995197594847,True
1466431661,12.6,12.6,14.088418717926995,False
1466431760,12.6,12.6,17.252988461711666,False
1466431796,12.3,12.510445121585558,12.510445121585558,True
1466431848,12.9,18.865603578014944,18.865603578014944,True
1466431879,12.9,12.9,16.176060842877753,False
1466431954,12.9,14.692535513126584,14.692535513126584,True
1466431958,12.9,12.9,18.865021704650427,False
1466432002,12.9,13.129211657760571,13.129211657760571,True
1466432101,12.9,12.9,15.262518410205168,False
1466432177,12.9,12.9,14.02712689628363,False
1466432194,12.9,17.18704230333887,17.18704230333887,True
1466432237,13.4,12.094729356653655,12.094729356653655,True
1466432280,13.3,13.3,19.770543474716284,False
1466432373,13.3,13.3,12.22791727145573,False
1466432389,13.3,16.658047468216832,16.658047468216832,True
1466432415,13.3,13.3,19.769996003761715,False
1466432417,13.3,13.3,14.304708737421933,False
1466432506,13.5,18.78582178743117,18.78582178743117,True
1466432569,13.6,19.74390299371496,19.74390299371496,True
1466432577,13.6,19.541658658833637,19.541658658833637,True
1466432670,14.2,14.2,15.710141418601738,False
1466432706,13.6,13.6,17.89988059913803,False
1466432804,13.6,13.6,13.126342177810578,False
1466432853,13.7,13.7,15.673075050640364,False
1466432947,13.7,13.7,13.747054565508865,False
1466433040,13.7,13.7,16.965669285654805,False
1466433128,13.7,13.7,14.152497733006268,False
1466433145,13.7,17.20555566011365,17.20555566011365,True
1466433195,13.4,13.4,17.22392017893784,False
1466433289,13.1,13.1,18.555153030937625,False
1466433375,13.1,13.1,17.454858705805748,False
1466433427,13.5,13.5,18.53018171648561,False
1466433478,13.8,13.8,14.331113847527156,False
1466433517,13.8,13.8,14.689814192304905,False
1466433615,13.8,13.8,17.592606213706514,False
1466433672,13.8,13.8,14.895700060826318,False
1466433762,14.0,14.0,15.759189017550444,False
1466433809,13.6,13.687917364516053,13.687917364516053,True
1466433873,13.7,18.889486570181113,18.889486570181113,True
1466433910,13.9,13.9,19.386085740482145,False
1466433994,13.5,14.723371731460563,14.723371731460563,True
1466434003,13.5,13.5,16.610551452588545,False
1466434045,13.6,13.6,12.636525021255533,False
1466434096,13.6,13.151411763330504,13.151411763330504,True
1466434173,13.5,16.53398546882428,16.53398546882428,True
1466434199,13.2,13.2,18.292525063336157,False
1466434224,13.2,13.2,14.559317615281891,False
1466434308,13.1,18.73263925965167,18.73263925965167,True
1466434359,13.1,13.1,15.475331419816396,False
1466434371,13.1,13.181530805404755,13.181530805404755,True
1466434457,13.1,13.867933256281809,13.867933256281809,True
1466434498,13.1,18.299238374951564,18.299238374951564,True
1466434552,13.1,13.07187028144838,13.07187028144838,True
1466434622,13.1,13.1,18.064516812255306,False
1466434691,13.1,15.632637202699454,15.632637202699454,True
1466434718,13.1,13.1,19.66800855939546,False
1466434727,13.4,13.656780713431214,13.656780713431214,True
1466434815,13.4,15.518447865039377,15.518447865039377,True
1466434892,13.3,13.3,16.447760614456243,False
1466434915,13.3,16.09437525364389,16.09437525364389,True
1466434946,13.3,13.3,18.211578649178065,False
1466434988,12.9,12.615728048764984,12.615728048764984,True
1466435020,12.9,12.9,16.89723721189725,False
1466435090,12.9,17.258165210632665,17.258165210632665,True
1466435099,12.8,19.048479409589536,19.048479409589536,True
1466435145,12.7,12.7,13.559422048070356,False
1466435186,12.7,12.7,12.197019745243718,False
1466435246,12.7,16.92974881723168,16.92974881723168,True
1466435284,12.7,15.970632921668628,15.970632921668628,True
1466435327,12.7,16.923764478857162,16.923764478857162,True
1466435369,12.4,12.4,13.208591228838596,False
1466435408,12.8,12.8,13.293190363114398,False
1466435468,12.5,12.5,15.357501759040058,False
1466435486,13.0,18.84212668860689,18.84212668860689,True
1466435555,13.3,17.830159566381827,17.830159566381827,True
1466435624,13.9,19.655085177852325,19.655085177852325,True
1466435659,13.4,13.4,13.584955242836761,False
1466435682,13.1,16.954837880711292,16.954837880711292,True
1466435712,12.7,16.632203054595657,16.632203054595657,True
1466435794,12.7,14.52129576961447,14.52129576961447,True
1466435878,12.3,12.3,15.600724781688694,False
1466435904,12.3,12.3,16.03820540821519,False
1466435971,12.3,12.3,19.551920935103865,False
1466436041,12.7,14.225195660828838,14.225195660828838,True
1466436059,12.4,12.4,12.54047852631654,False
1466436093,12.6,12.6,18.679857599282954,False
1466436178,12.6,12.6,13.717487683898765,False
1466436230,13.1,13.18545748507883,13.18545748507883,True
1466436280,13.1,18.8901642885477,18.8901642885477,True
1466436332,13.1,13.910543202948215,13.910543202948215,True
1466436333,13.1,13.612249484371489,13.612249484371489,True
1466436431,13.1,19.90514377206133,19.90514377206133,True
1466436520,13.1,19.136027829230777,19.136027829230777,True
1466436572,13.1,17.09018278166378,17.09018278166378,True
1466436647,13.2,13.2,12.510775801771537,False
1466436655,13.2,16.212585770322974,16.212585770322974,True
1466436727,13.3,19.338575886560847,19.338575886560847,True
1466436793,13.3,13.3,16.850621641078533,False
1466436879,13.3,13.076680957016997,13.076680957016997,True
1466436880,13.3,17.30155221563032,17.30155221563032,True
1466436939,13.4,17.94651387544377,17.94651387544377,True
1466437015,13.4,19.155560200121915,19.155560200121915,True
1466437048,13.5,13.5,17.729787516300295,False
1466437088,13.5,13.5,13.748137550243282,False
1466437105,13.5,13.5,14.425756861451287,False
1466437122,14.0,14.0,18.31397947038801,False
1466437160,14.0,14.0,14.326038459344813,False
1466437232,14.0,13.356044915454731,13.356044915454731,True
1466437321,14.0,13.492762996316523,13.492762996316523,True
1466437335,14.1,18.70504628709245,18.70504628709245,True
1466437358,14.5,16.94663741737817,16.94663741737817,True
1466437441,14.5,14.5,16.96922266297863,False
1466437480,14.5,13.039344786301136,13.039344786301136,True
1466437561,14.5,19.3599006264768,19.3599006264768,True
1466437653,14.5,19.149198667045066,19.149198667045066,True
1466437709,14.5,14.5,15.004453469808611,False
1466437798,13.9,15.918820329265582,15.918820329265582,True
1466437869,14.2,12.820486398430635,12.820486398430635,True
1466437952,14.0,14.0,14.147773396615829,False
1466438037,14.1,14.1,17.371443462850557,False
1466438054,14.1,14.1,17.32109573420471,False
1466438056,14.7,14.7,18.433757939633523,False
1466438136,14.7,16.343500423433262,16.343500423433262,True
1466438234,14.7,14.7,19.510948574703733,False
1466438261,14.7,14.7,18.363086645165158,False
1466438348,14.7,17.987678159727654,17.987678159727654,True
1466438407,15.0,15.0,12.007452532609467,False
1466438422,15.0,12.734784152224307,12.734784152224307,True
1466438476,14.8,14.8,12.348119592528025,False
1466438571,14.8,17.253618032420082,17.253618032420082,True
1466438612,14.8,17.312192780796586,17.312192780796586,True
1466438620,14.8,14.8,16.148891085396205,False
1466438698,14.9,14.9,15.585579025680428,False
1466438747,14.9,16.463177370217153,16.463177370217153,True
1466438795,14.9,16.333478569787545,16.333478569787545,True
1466438810,14.9,15.24829574351209,15.24829574351209,True
1466438888,14.4,14.4,12.303576955050868,False
1466438975,14.4,14.4,15.368697349418795,False
1466439000,14.4,12.737031727641178,12.737031727641178,True
1466439092,14.4,14.4,15.927405168502005,False
1466439150,14.9,16.09495400503423,16.09495400503423,True
1466439229,14.9,14.9,18.118484298288298,False
1466439279,14.9,17.97745000766163,17.97745000766163,True
1466439328,14.9,16.71324631512615,16.71324631512615,True
1466439351,14.3,16.346249855607915,16.346249855607915,True
1466439447,14.3,12.557659978797378,12.557659978797378,True
1466439466,14.4,14.4,14.93104612291556,False
1466439480,14.4,18.276464196557292,18.276464196557292,True
1466439560,14.4,14.4,17.557757236557233,False
1466439600,14.5,14.817596348838514,14.817596348838514,True
1466439645,14.3,14.3,13.428954327196568,False
1466439729,14.7,14.7,16.16699566807823,False
1466439772,14.6,17.43376960833406,17.43376960833406,True
1466439827,14.7,13.499795837484132,13.499795837484132,True
1466439849,14.7,15.96850885466819,15.96850885466819,True
1466439910,14.7,14.7,12.35342286140806,False
1466439990,14.7,14.7,16.582043761561334,False
1466440005,14.7,14.7,16.477049321150812,False
1466440006,14.7,19.14614775184611,19.14614775184611,True
1466440045,14.7,13.724628715789418,13.724628715789418,True
1466440066,14.7,14.7,19.282753975766298,False
1466440154,14.9,18.772761789912195,18.772761789912195,True
1466440214,14.9,14.9,13.368280810590203,False
1466440226,14.8,17.636515836471666,17.636515836471666,True
1466440304,14.8,14.8,13.262624888159166,False
1466440385,14.8,12.268008691995853,12.268008691995853,True
1466440451,14.8,12.236812928091851,12.236812928091851,True
1466440521,15.2,18.821056628699505,18.821056628699505,True
1466440581,15.2,14.331541241921482,14.331541241921482,True
1466440674,15.2,15.2,16.18205011425898,False
1466440727,15.7,16.299999529323063,16.299999529323063,True
1466440821,15.7,17.188244826691133,17.188244826691133,True
1466440827,15.7,15.7,12.03632580987285,False
1466440897,15.7,19.219990833418546,19.219990833418546,True
1466440923,15.7,15.7,15.919635465967504,False
1466441012,15.7,15.722253307757436,15.722253307757436,True
1466441049,15.3,17.63565305042261,17.63565305042261,True
1466441147,15.1,12.25733760965569,12.25733760965569,True
1466441213,15.7,19.320534499360193,19.320534499360193,True
1466441311,16.0,18.394181428970136,18.394181428970136,True
1466441318,16.0,16.982778816117808,16.982778816117808,True
1466441418,16.0,18.920464098479528,18.920464098479528,True
1466441510,16.5,16.5,18.309093844828084,False
1466441541,16.5,19.314035902365653,19.314035902365653,True
1466441579,16.5,19.069113481480993,19.069113481480993,True
1466441630,16.0,19.408309761795145,19.408309761795145,True
1466441714,16.0,16.91571434684496,16.91571434684496,True
1466441724,16.2,16.2,14.957789488377237,False
1466441741,16.2,12.358027695150628,12.358027695150628,True
1466441822,15.6,15.6,13.426880033759456,False
1466441883,15.6,14.561583133433999,14.561583133433999,True
1466441934,15.6,18.1531881238214,18.1531881238214,True
1466441947,15.6,15.6,15.113710271608548,False
1466442046,15.6,14.919786362907734,14.919786362907734,True
1466442137,15.6,18.581299780408767,18.581299780408767,True
1466442175,15.6,15.6,16.711440156561835,False
1466442216,15.0,15.0,19.72881375088558,False
1466442284,15.0,12.299503236218086,12.299503236218086,True
1466442332,15.0,15.0,13.991101231077554,False
1466442358,15.0,12.172821619931003,12.172821619931003,True
1466442362,15.0,15.0,17.24094017877332,False
1466442439,15.0,12.334087676018223,12.334087676018223,True
1466442490,14.9,14.9,14.882615464401706,False
1466442498,14.9,13.488188448049087,13.488188448049087,True
1466442508,14.9,19.477337281587516,19.477337281587516,True
1466442518,14.9,14.9,12.710813452401574,False
1466442556,14.9,14.9,15.03227576998387,False
1466442656,14.9,17.384317241977715,17.384317241977715,True
1466442662,14.9,14.9,19.36024326640309,False
1466442703,15.5,18.17986977203096,18.17986977203096,True
1466442768,14.9,14.9,13.036767991072232,False
1466442788,14.9,19.850905468977817,19.850905468977817,True
1466442886,14.9,18.116052506416338,18.116052506416338,True
1466442980,14.7,14.7,16.206491165729698,False
1466443000,14.7,14.556739885810478,14.556739885810478,True
1466443029,14.7,14.7,15.834373833299624,False
1466443038,14.7,14.004578603950236,14.004578603950236,True
1466443089,14.8,14.8,17.91581465284426,False
1466443162,15.3,17.097677535087957,17.097677535087957,True
1466443201,15.3,15.3,17.61174593670373,False
1466443219,15.3,15.3,12.5286162220407,False
1466443263,15.6,19.53341328068083,19.53341328068083,True
1466443350,15.9,15.9,13.005536633010514,False
1466443373,16.0,17.89445593336059,17.89445593336059,True
1466443392,16.0,13.803066069968537,13.803066069968537,True
1466443402,16.0,16.0,17.944427279658804,False
1466443486,16.0,16.0,19.342443287414373,False
1466443511,16.1,16.1,19.144960258657967,False
1466443584,16.1,16.1,17.292551578731388,False
1466443677,16.1,17.57588015720412,17.57588015720412,True
1466443725,15.6,15.6,13.567626464175136,False
1466443727,15.1,15.1,12.70019058849834,False
1466443750,15.1,15.1,15.241979476884907,False
1466443761,15.1,17.017013693100107,17.017013693100107,True
1466443808,15.1,15.1,19.97376199328497,False
1466443861,15.2,17.395054541594927,17.395054541594927,True
1466443929,15.2,12.93698419338335,12.93698419338335,True
1466443986,15.2,17.303488475707994,17.303488475707994,True
1466444043,14.6,17.78985720573589,17.78985720573589,True
1466444110,14.6,16.73943441133435,16.73943441133435,True
1466444192,15.1,15.1,18.338347119457858,False
1466444287,15.5,15.5,17.952263122809576,False
1466444294,15.5,17.97064405590313,17.97064405590313,True
1466444366,15.2,15.2,19.000440246601066,False
1466444466,14.9,14.9,15.011566206659182,False
1466444505,14.9,14.9,16.84642114736173,False
1466444556,15.5,14.750534125841956,14.750534125841956,True
1466444624,14.9,16.028887405474585,16.028887405474585,True
1466444663,14.7,17.696114935945012,17.696114935945012,True
1466444685,15.2,18.3389668702211,18.3389668702211,True
1466444756,15.2,15.2,19.12451818927098,False
1466444781,15.2,17.599544240542954,17.599544240542954,True
1466444840,14.9,14.9,19.726819266730146,False
1466444854,14.3,14.3,16.88118783733812,False
1466444860,14.3,16.998677264084165,16.998677264084165,True
1466444959,14.3,14.3,18.784703762569535,False
1466445058,14.3,14.3,15.589095703370841,False
1466445107,14.3,14.3,13.767190434986139,False
1466445165,14.8,14.8,18.480027983105778,False
1466445170,14.8,14.8,18.931305990850056,False
1466445173,14.8,14.8,15.98671506073952,False
1466445247,14.9,14.9,16.914509615743796,False
1466445305,14.9,14.9,13.918192856409716,False
1466445333,14.5,19.297530283748763,19.297530283748763,True
1466445356,14.4,17.30189821460594,17.30189821460594,True
1466445430,15.0,15.0,18.697193548810016,False
1466445491,15.0,15.0,19.98404043915256,False
1466445497,15.0,15.0,17.548242594928222,False
1466445514,15.5,15.5,16.00553623040465,False
1466445549,15.2,15.2,18.48462589884467,False
1466445640,15.2,18.249286798394007,18.249286798394007,True
1466445648,15.2,16.42806751618724,16.42806751618724,True
1466445739,15.2,15.2,17.149059730513635,False
1466445814,15.2,15.2,19.197166498393948,False
1466445879,15.2,18.443429835188883,18.443429835188883,True
1466445909,15.2,15.2,18.142599701357216,False
1466445965,15.2,17.216478277058258,17.216478277058258,True
1466446021,15.5,15.5,12.784067066951147,False
1466446045,15.5,13.644493934672688,13.644493934672688,True
1466446071,15.5,15.5,14.212580537658935,False
1466446120,15.5,18.83011299934917,18.83011299934917,True
1466446168,15.5,17.728758465135144,17.728758465135144,True
1466446253,15.5,15.5,15.321955635486283,False
1466446302,15.7,15.7,18.184053232953964,False
1466446389,15.7,14.640996925123254,14.640996925123254,True
1466446404,15.2,15.2,12.52817775635351,False
1466446494,14.7,14.7,13.222889479182736,False
1466446594,15.0,15.0,12.173266327079801,False
1466446643,15.5,18.93539744594951,18.93539744594951,True
1466446669,15.1,16.376634879685568,16.376634879685568,True
1466446690,15.1,15.1,16.59251172990144,False
1466446735,15.1,17.660568904217403,17.660568904217403,True
1466446766,15.1,14.168723217513865,14.168723217513865,True
1466446852,14.7,14.7,17.57351471302639,False
1466446902,14.7,13.530086917579487,13.530086917579487,True
1466446945,14.7,13.246455890619108,13.246455890619108,True
1466446987,14.7,14.7,19.192491762059248,False
1466447036,14.4,14.4,19.505073336188236,False
1466447112,14.7,14.7,13.00097080638455,False
1466447129,14.3,14.3,14.856564200050808,False
1466447189,14.6,19.894185041041965,19.894185041041965,True
1466447224,14.6,18.54783884035898,18.54783884035898,True
1466447270,14.6,14.6,16.908193149110527,False
1466447272,15.2,15.2,19.20660986068017,False
1466447348,15.2,15.2,15.714706768664868,False
1466447359,15.0,12.073028509597668,12.073028509597668,True
1466447388,15.0,16.908289475640974,16.908289475640974,True
1466447390,15.0,17.747859992183198,17.747859992183198,True
1466447425,15.0,19.019197369492524,19.019197369492524,True
1466447463,15.0,15.0,13.567143427245835,False
1466447485,15.0,16.58109866668356,16.58109866668356,True
1466447545,14.5,18.716239460700695,18.716239460700695,True
1466447553,15.1,15.1,13.490135455548117,False
1466447554,14.7,19.456885142467804,19.456885142467804,True
1466447573,14.7,16.042185171167432,16.042185171167432,True
1466447634,14.7,15.258447815316282,15.258447815316282,True
1466447695,14.7,14.7,13.217519422162187,False
1466447762,14.7,12.297112698399431,12.297112698399431,True
1466447844,14.7,15.248684138714527,15.248684138714527,True
1466447885,14.7,16.380060626259986,16.380060626259986,True
1466447943,15.1,15.1,14.237261619254854,False
1466447956,15.1,16.858261737553114,16.858261737553114,True
1466448041,14.8,18.5122994172939,18.5122994172939,True
1466448140,14.8,15.049660597413556,15.049660597413556,True
1466448215,14.8,14.8,13.762122372991428,False
1466448270,14.8,14.8,12.273988877698157,False
1466448302,14.3,14.3,18.377873798348663,False
1466448368,14.3,12.418614241755328,12.418614241755328,True
1466448422,14.3,19.407038025344487,19.407038025344487,True
1466448517,14.4,14.4,13.89807855344732,False
1466448614,14.4,18.247517510143272,18.247517510143272,True
1466448701,14.1,13.786102732674909,13.786102732674909,True
1466448743,14.1,16.67835910687829,16.67835910687829,True
1466448805,14.1,12.41670611415201,12.41670611415201,True
1466448844,14.0,14.0,14.435690297968307,False
1466448896,14.0,14.996082622400348,14.996082622400348,True
1466448984,14.0,18.8854099150635,18.8854099150635,True
1466449031,14.0,14.0,15.659316443862188,False
1466449045,14.1,14.1,16.275993823861217,False
1466449099,14.7,16.239644843869915,16.239644843869915,True
1466449171,14.3,14.3,17.498880746924513,False
1466449261,14.0,13.957671021198179,13.957671021198179,True
1466449280,14.2,14.2,16.635286941460475,False
1466449359,14.2,14.2,14.452567591520296,False
1466449442,13.7,14.355227451761102,14.355227451761102,True
1466449496,13.1,13.1,15.41105863871334,False
1466449537,13.1,12.517192142317612,12.517192142317612,True
1466449555,12.5,18.76773320776921,18.76773320776921,True
1466449629,12.4,12.36838936210053,12.36838936210053,True
1466449635,12.4,14.637799180093928,14.637799180093928,True
1466449721,12.4,13.51159421725378,13.51159421725378,True
1466449772,12.6,17.74839989645512,17.74839989645512,True
1466449872,12.6,17.982735933974368,17.982735933974368,True
1466449873,12.6,12.6,19.602715514938236,False
1466449884,12.9,12.9,16.456267282026673,False
1466449937,12.4,12.4,13.383273844825005,False
1466449953,12.3,12.3,16.165855532368433,False
1466449959,12.3,12.3,14.952567857102133,False
1466449961,12.3,12.800123604912358,12.800123604912358,True
1466450018,12.3,12.3,14.944360390929257,False
1466450075,12.3,12.3,17.763118407387203,False
1466450150,12.3,12.3,12.621146219102542,False
1466450177,12.3,12.770588896688446,12.770588896688446,True
1466450255,12.3,18.845439397632823,18.845439397632823,True
1466450343,12.3,15.53567053054753,15.53567053054753,True
1466450348,12.7,12.755023178225695,12.755023178225695,True
1466450401,12.7,12.465859712197723,12.465859712197723,True
1466450433,12.7,12.7,12.391226946644817,False
1466450507,12.7,14.66544718130394,14.66544718130394,True
1466450536,12.7,19.653004443171273,19.653004443171273,True
1466450627,12.7,12.7,18.526961945351896,False
1466450723,12.4,14.839817984683656,14.839817984683656,True
1466450817,12.4,12.4,14.11444622705882,False
1466450900,12.5,12.5,12.470160032608671,False
1466450902,12.5,12.5,15.092070051844685,False
1466450971,12.7,12.7,14.864718692402398,False
1466451016,12.3,12.3,18.160533383958594,False
1466451023,12.7,19.629066338814674,19.629066338814674,True
1466451073,13.0,12.57988991154953,12.57988991154953,True
1466451166,13.6,13.6,16.31759333863289,False
1466451231,13.6,15.662639935353171,15.662639935353171,True
1466451245,13.6,16.9069566769019,16.9069566769019,True
1466451293,13.0,16.78665372912142,16.78665372912142,True
1466451295,13.0,15.784832924291948,15.784832924291948,True
1466451378,13.0,13.0,12.046552116938617,False
1466451445,12.9,13.794715375720198,13.794715375720198,True
1466451508,12.9,14.709185017681605,14.709185017681605,True
1466451599,12.9,12.9,18.345866757842124,False
1466451686,12.9,18.96119702884843,18.96119702884843,True
1466451761,13.1,17.15021113518504,17.15021113518504,True
1466451857,12.9,12.9,19.573403165927125,False
1466451909,12.3,14.565494047574216,14.565494047574216,True
1466451919,12.3,12.099177973398952,12.099177973398952,True
1466452006,12.4,14.68148249201234,14.68148249201234,True
1466452035,12.4,17.888640213578938,17.888640213578938,True
1466452039,13.0,13.0,15.017509348785172,False
1466452104,13.5,13.5,16.932442122031755,False
1466452167,13.5,13.5,18.255259104596647,False
1466452238,13.2,16.400045846191077,16.400045846191077,True
1466452313,13.5,13.125706915763782,13.125706915763782,True
1466452339,13.4,13.172699506756135,13.172699506756135,True
1466452419,13.4,13.4,16.34254989460516,False
1466452424,14.0,14.0,15.749829968624272,False
1466452435,14.2,19.77851520930267,19.77851520930267,True
1466452531,14.2,14.2,17.517027842151307,False
1466452584,14.0,14.0,15.992947597972945,False
1466452625,14.0,16.517436598960174,16.517436598960174,True
1466452676,14.0,14.0,19.73179067471758,False
1466452752,13.9,18.288422355241757,18.288422355241757,True
1466452796,13.9,19.89515280609994,19.89515280609994,True
1466452825,14.2,14.2,13.6652484805565,False
1466452860,14.2,17.721482799044924,17.721482799044924,True
1466452960,14.2,14.854330223058374,14.854330223058374,True
1466452979,13.9,13.9,14.627730630543859,False
1466453002,14.4,14.4,14.196393463368956,False
1466453016,14.5,14.596012003374254,14.596012003374254,True
1466453025,14.4,14.4,12.689183442211993,False
1466453089,14.0,14.0,12.246953808683614,False
1466453141,14.0,14.0,14.411203607932995,False
1466453154,13.5,13.5,13.185288918822103,False
1466453184,13.5,12.222384133315625,12.222384133315625,True
1466453202,13.5,13.5,13.920727207394517,False
1466453203,12.9,12.9,15.54427822247817,False
1466453222,12.5,12.5,19.926735889529915,False
1466453321,12.3,17.579130898157178,17.579130898157178,True
1466453379,12.3,12.3,14.89345513740074,False
1466453392,12.7,12.332950853577639,12.332950853577639,True
1466453422,12.6,12.6,12.514172048989696,False
1466453502,12.6,14.238906723945163,14.238906723945163,True
1466453518,12.6,12.6,14.55980740291334,False
1466453563,12.6,18.661064700713467,18.661064700713467,True
1466453604,12.1,12.1,19.510226779897703,False
1466453639,12.1,17.696055278329602,17.696055278329602,True
1466453705,12.7,15.211449715545195,15.211449715545195,True
1466453795,13.0,15.205365883240656,15.205365883240656,True
1466453816,13.0,13.0,12.674388423257598,False
1466453870,13.0,13.0,19.592306545110997,False
1466453910,13.0,15.466574995050932,15.466574995050932,True
1466454002,12.8,12.8,13.948164278435403,False
1466454051,12.3,17.38207019385618,17.38207019385618,True
1466454087,12.3,12.3,16.370435744104956,False
1466454129,12.3,17.656831656235106,17.656831656235106,True
1466454227,12.8,12.8,15.67101913143587,False
1466454259,12.8,12.8,18.618889756987915,False
1466454262,12.2,12.689439415654537,12.689439415654537,True
1466454298,12.7,16.300237734698293,16.300237734698293,True
1466454388,12.7,12.7,16.216533782135834,False
1466454399,12.7,12.7,12.64328416510721,False
1466454473,12.7,18.189567958871102,18.189567958871102,True
1466454529,13.3,13.3,17.16246286989655,False
1466454559,13.4,13.4,17.93629872419523,False
1466454648,13.4,13.416367075900087,13.416367075900087,True
1466454745,13.4,13.4,16.771021766212392,False
1466454763,13.4,13.4,13.885944643634062,False
1466454851,13.4,17.92260004586927,17.92260004586927,True
1466454936,13.4,13.4,16.689081562934525,False
1466454949,12.8,19.20728803384985,19.20728803384985,True
1466455032,12.6,12.548297410379039,12.548297410379039,True
1466455065,13.0,15.86121865827613,15.86121865827613,True
1466455119,12.6,12.6,19.85342515317228,False
1466455172,12.6,12.6,18.45646700649647,False
1466455196,12.0,12.0,18.458434713589476,False
1466455271,12.0,15.53179791376408,15.53179791376408,True
1466455357,12.0,12.0,13.996443889128747,False
1466455361,12.0,19.274040446457885,19.274040446457885,True
1466455394,12.0,12.0,13.41625724204595,False
1466455475,12.0,12.0,16.402136893396452,False
1466455497,12.0,12.150759529594623,12.150759529594623,True
1466455561,12.0,15.522580454453909,15.522580454453909,True
1466455575,12.6,12.6,13.631451428842752,False
1466455587,12.3,12.3,15.820095970448534,False
1466455651,12.3,12.3,19.865807530135708,False
1466455658,12.7,12.7,16.44258030470699,False
1466455732,13.2,13.642398790893914,13.642398790893914,True
1466455812,13.2,18.05923752878964,18.05923752878964,True
1466455910,13.2,13.2,14.88605420241047,False
1466455951,12.9,13.908670597451033,13.908670597451033,True
1466455999,12.9,12.9,15.914929407312577,False
1466456054,12.9,18.36850271046502,18.36850271046502,True
1466456058,12.9,12.9,13.5856097824375,False
1466456074,12.9,13.820368758373798,13.820368758373798,True
1466456088,13.4,13.4,19.437706837588937,False
1466456118,13.4,13.4,16.425103751679963,False
1466456218,13.4,18.65991341638032,18.65991341638032,True
1466456265,13.4,13.4,16.072361164847297,False
1466456270,13.4,13.4,13.000519061424427,False
1466456312,13.4,12.948884593480605,12.948884593480605,True
1466456346,13.8,13.8,13.311788134458514,False
1466456374,13.5,14.48245749949703,14.48245749949703,True
1466456406,14.1,14.317052236625589,14.317052236625589,True
1466456482,14.1,17.400233231327643,17.400233231327643,True
1466456512,14.1,14.1,18.543181920541162,False
1466456610,14.5,14.5,17.987824021934696,False
1466456683,14.5,19.284765739193986,19.284765739193986,True
1466456768,14.5,14.5,15.960160682390658,False
1466456856,14.1,14.1,14.112160311826152,False
1466456927,14.1,14.478054869655137,14.478054869655137,True
1466457014,14.1,15.064544270793256,15.064544270793256,True
1466457032,14.1,12.122709124574577,12.122709124574577,True
1466457067,14.1,14.1,17.253500469846074,False
1466457157,14.0,14.0,16.934827379738742,False
1466457215,14.0,16.424630172604108,16.424630172604108,True
1466457267,14.0,14.0,15.66219016220715,False
1466457357,14.0,14.0,18.185583312296288,False
1466457434,13.7,14.175407039150558,14.175407039150558,True
1466457487,13.7,14.529956708545612,14.529956708545612,True
1466457559,13.7,13.7,18.038785725601628,False
1466457603,13.7,13.7,16.215674662685764,False
1466457671,13.7,13.7,15.93553905882283,False
1466457713,13.7,13.52675000613728,13.52675000613728,True
1466457745,13.7,18.519803011604708,18.519803011604708,True
1466457782,13.7,15.678592178618171,15.678592178618171,True
1466457802,13.7,13.7,16.817979341198736,False
1466457817,13.7,17.434964934504272,17.434964934504272,True
1466457865,13.7,13.7,13.880495043866059,False
1466457884,13.8,13.39605794693622,13.39605794693622,True
1466457885,13.8,13.8,16.423420568721028,False
1466457917,13.8,14.463680162218472,14.463680162218472,True
1466457973,14.1,13.686232590931905,13.686232590931905,True
1466458045,14.2,12.521601322626953,12.521601322626953,True
1466458135,14.2,12.204609109966047,12.204609109966047,True
1466458151,14.2,14.2,13.059893705012886,False
1466458230,13.7,13.7,13.815355255182695,False
1466458324,14.3,14.3,15.925650936914423,False
1466458362,14.3,14.3,18.71053309555353,False
1466458438,14.3,12.425324017959557,12.425324017959557,True
1466458454,14.3,14.3,16.64878367225405,False
1466458496,14.7,14.7,16.509530210824757,False
1466458509,15.3,13.225627212737812,13.225627212737812,True
1466458580,15.3,15.3,13.78291504735649,False
1466458590,15.8,13.062000068246402,13.062000068246402,True
1466458626,15.5,19.46477285829192,19.46477285829192,True
1466458642,15.5,14.689792028038614,14.689792028038614,True
1466458665,15.5,12.407216616741007,12.407216616741007,True
1466458694,15.5,15.5,19.152971249582475,False
1466458762,15.5,18.88195793552869,18.88195793552869,True
1466458793,15.5,14.029160393719064,14.029160393719064,True
1466458824,15.5,15.5,18.57404102030063,False
1466458906,15.5,15.5,13.792755996874563,False
1466458982,15.4,15.4,13.303385540541196,False
1466459068,14.9,14.137567104904857,14.137567104904857,True
1466459159,14.9,18.40478657249623,18.40478657249623,True
1466459184,15.1,17.25629936105876,17.25629936105876,True
1466459273,15.1,12.01844129711651,12.01844129711651,True
1466459372,15.1,17.215150686226526,17.215150686226526,True
1466459415,14.8,14.8,16.937932433424724,False
1466459483,14.7,14.7,17.877433017251796,False
1466459504,14.7,14.7,13.25214452696963,False
1466459588,14.3,16.10702445437241,16.10702445437241,True
1466459595,14.3,14.3,16.488840302871033,False
1466459673,14.3,14.3,19.66999519093303,False
1466459726,14.3,14.3,17.991031846319743,False
1466459800,14.8,19.167734096291195,19.167734096291195,True
1466459857,14.8,14.8,13.370255147932408,False
1466459887,15.1,15.844967887502893,15.844967887502893,True
1466459913,15.3,17.219670744465763,17.219670744465763,True
1466459974,15.3,15.3,13.250528054119158,False
1466459995,15.7,15.7,19.435938591309906,False
1466460001,15.6,18.041079763004888,18.041079763004888,True
1466460054,15.7,15.675708838274435,15.675708838274435,True
1466460130,15.7,15.7,14.356669869938518,False
1466460215,15.9,15.9,18.266193732240122,False
1466460252,16.5,16.5,16.416044394763542,False
1466460272,16.5,19.22125527629587,19.22125527629587,True
1466460346,16.5,16.5,15.17206794768434,False
1466460440,16.5,14.468796325323048,14.468796325323048,True
1466460461,16.4,16.4,15.597832514263644,False
1466460528,17.0,17.0,15.461916517600471,False
1466460610,17.4,17.4,16.42879008997612,False
1466460630,17.4,17.4,12.446442737632072,False
1466460691,17.4,17.4,15.888950214745964,False
1466460706,17.8,17.8,18.607375925394138,False
1466460739,17.9,15.175024374931684,15.175024374931684,True
1466460765,17.9,18.34257616619235,18.34257616619235,True
1466460795,17.9,17.9,16.80954719004425,False
1466460877,17.9,19.828449939310936,19.828449939310936,True
1466460973,17.9,17.9,15.143784063278076,False
1466461009,18.1,18.1,19.487102716329304,False
1466461027,18.1,14.888826887762432,14.888826887762432,True
1466461032,18.1,14.6957907750719,14.6957907750719,True
1466461096,18.1,16.991274896975206,16.991274896975206,True
1466461169,18.5,19.77356158658595,19.77356158658595,True
1466461256,18.3,18.3,12.692445716851415,False
1466461351,18.0,16.518239697163132,16.518239697163132,True
1466461451,18.0,18.0,13.105174992655906,False
1466461531,18.0,13.726386012129847,13.726386012129847,True
1466461568,17.5,17.5,16.920238811403358,False
1466461583,17.5,17.5,17.041194451337073,False
1466461647,17.5,17.5,18.506553429828152,False
1466461703,17.4,16.897423209172523,16.897423209172523,True
1466461794,17.4,19.155683276182575,19.155683276182575,True
1466461813,17.2,14.63955916450065,14.63955916450065,True
1466461910,17.2,19.74101835045407,19.74101835045407,True
1466461988,17.2,17.2,15.183183626191942,False
1466462056,17.2,14.407143581010294,14.407143581010294,True
1466462101,17.5,17.5,13.195618429619191,False
1466462155,17.5,19.463305882559872,19.463305882559872,True
1466462215,18.1,17.125043786866787,17.125043786866787,True
1466462278,18.1,18.1,14.501866162511917,False
1466462368,18.1,18.1,14.782051856845928,False
1466462412,18.1,18.1,19.787130446140132,False
1466462512,18.1,18.1,13.694829696517559,False
1466462594,18.1,13.743692958625015,13.743692958625015,True
1466462671,18.1,18.627821118020556,18.627821118020556,True
1466462716,18.0,14.147789955869705,14.147789955869705,True
1466462746,18.0,18.0,14.85661881952859,False
1466462782,17.5,17.5,12.012271990665312,False
1466462820,17.5,17.495223603728157,17.495223603728157,True
1466462833,17.4,17.4,12.793079487057868,False
1466462842,17.4,17.4,14.532951232082173,False
1466462850,17.4,12.388923108572834,12.388923108572834,True
1466462941,17.7,17.7,19.835062817108362,False
1466463026,17.7,17.7,13.093077143743407,False
1466463117,17.7,14.958197551355045,14.958197551355045,True
