1466410104,0.5,0.12857494764708732,0.12857494764708732,True
1466410114,0.5,0.5732180277935446,0.5732180277935446,True
1466410130,0.5,0.08947508699389506,0.08947508699389506,True
1466410181,0.5,0.6407008927749925,0.6407008927749925,True
1466410203,0.5,0.5,0.3873978623109706,False
1466410250,0.5,0.557222783584598,0.557222783584598,True
1466410309,0.5,0.5,0.3585887363437431,False
1466410397,0.5,0.5,0.9628639024762236,False
1466410430,0.5,0.5,0.4296362450890948,False
1466410469,0.5,0.5,0.9777665698996536,False
1466410483,0.5,0.47227482633522544,0.47227482633522544,True
1466410498,0.5,0.8338455822500788,0.8338455822500788,True
1466410502,0.5,0.5,0.13873426574783576,False
1466410532,0.5,0.5,0.3827060125276188,False
1466410541,0.5,0.322661136732447,0.322661136732447,True
1466410573,0.5,0.5,0.8527838855565733,False
1466410630,0.5,0.5,0.5079627571294909,False
1466410653,0.5,0.5,0.26724139993595264,False
1466410746,0.5,0.5066355505825726,0.5066355505825726,True
1466410814,0.5,0.1567279215266313,0.1567279215266313,True
1466410890,0.5,0.9803796031740526,0.9803796031740526,True
1466410902,0.5,0.44663464878122605,0.44663464878122605,True
1466410978,0.5,0.935848103429358,0.935848103429358,True
1466411008,0.5,0.34436615118085556,0.34436615118085556,True
1466411066,0.5,0.5,0.8766660559189253,False
1466411094,0.5,0.43347887314376476,0.43347887314376476,True
1466411157,0.5,0.5,0.6718846382433811,False
1466411223,0.5,0.9643352266367596,0.9643352266367596,True
1466411226,0.5,0.5,0.16310946257935832,False
1466411272,0.5,0.5,0.6772546027949256,False
1466411303,0.5,0.5,0.7290944374790927,False
1466411318,0.5,0.5123420589758461,0.5123420589758461,True
1466411396,0.5,0.5,0.8834110887556434,False
1466411493,0.5,0.7166449075918905,0.7166449075918905,True
1466411549,0.5,0.6516808961361217,0.6516808961361217,True
1466411560,0.5,0.9148267977464565,0.9148267977464565,True
1466411626,0.5,0.024013127202567652,0.024013127202567652,True
1466411723,0.5,0.20347462549707174,0.20347462549707174,True
1466411763,0.5,0.5,0.3822338454040226,False
1466411785,0.5,0.5,0.8404610449240276,False
1466411854,0.5,0.5,0.18386993248926664,False
1466411889,0.5,0.5,0.27679354417072144,False
1466411988,0.5,0.5,0.6535691676796409,False
1466412022,0.5,0.5,0.2835178829210634,False
1466412046,0.5,0.9756138904220932,0.9756138904220932,True
1466412076,0.5,0.18867706952256358,0.18867706952256358,True
1466412152,0.5,0.952864716577147,0.952864716577147,True
1466412181,0.5,0.4145717457917607,0.4145717457917607,True
1466412201,0.5,0.5,0.07126033252409436,False
1466412260,0.5,0.5,0.370045313700876,False
1466412347,0.5,0.5,0.7302344312703003,False
1466412360,0.5,0.5,0.03075542077143656,False
1466412438,0.5,0.40283139510989396,0.40283139510989396,True
1466412521,0.5,0.5,0.6285730292312037,False
1466412599,0.5,0.11612362117409691,0.11612362117409691,True
1466412639,0.5,0.4554266675088453,0.4554266675088453,True
1466412691,0.5,0.5,0.08448627613058557,False
1466412747,0.5,0.20251080816686295,0.20251080816686295,True
1466412794,0.5,0.5,0.8262048457251395,False
1466412819,0.5,0.6385388272708882,0.6385388272708882,True
1466412832,0.5,0.47742818039184776,0.47742818039184776,True
1466412874,0.5,0.001835554141660256,0.001835554141660256,True
1466412943,0.5,0.5445734930230249,0.5445734930230249,True
1466412971,0.5,0.5,0.42021854004640435,False
1466412990,0.5,0.5,0.9643581217219651,False
1466413028,0.5,0.7852674716663494,0.7852674716663494,True
1466413053,0.5,0.9201002170829247,0.9201002170829247,True
1466413125,0.5,0.5,0.6293054003394667,False
1466413200,0.5,0.5,0.27939868991340955,False
1466413264,0.5,0.5,0.9730241372499201,False
1466413311,0.5,0.5,0.5749782612321451,False
1466413342,0.5,0.5,0.14518257449013117,False
1466413440,0.5,0.25296128754844915,0.25296128754844915,True
1466413458,0.5,0.19847134644562192,0.19847134644562192,True
1466413529,0.5,0.8256315869754852,0.8256315869754852,True
1466413542,0.5,0.5,0.45658820677037926,False
1466413638,0.5,0.5,0.7900009576411253,False
1466413672,0.5,0.5,0.9532264452449137,False
1466413733,0.5,0.4684937148659549,0.4684937148659549,True
1466413779,0.5,0.5,0.6381773346655522,False
1466413780,0.5,0.5,0.26325703480677953,False
1466413864,0.5,0.5,0.26762377429576156,False
1466413885,0.5,0.5651571843565099,0.5651571843565099,True
1466413946,0.5,0.5,0.396475174660196,False
1466414033,0.5,0.5,0.1554393210025794,False
1466414071,0.5,0.1377579003143372,0.1377579003143372,True
1466414164,0.5,0.5,0.9322031028961425,False
1466414225,0.5,0.8379861271360057,0.8379861271360057,True
1466414312,0.5,0.846417279582057,0.846417279582057,True
1466414325,0.5,0.34379534467108497,0.34379534467108497,True
1466414328,0.5,0.5,0.6731852239466393,False
1466414329,0.5,0.5,0.6460909247535298,False
1466414402,0.5,0.25126008624285867,0.25126008624285867,True
1466414407,0.5,0.5,0.5617017593611721,False
1466414413,0.5,0.7501096815214826,0.7501096815214826,True
1466414460,0.5,0.5,0.9865097806636886,False
1466414552,0.5,0.5,0.915753708984318,False
1466414602,0.5,0.5,0.28189163050475985,False
1466414662,0.5,0.0837309610854553,0.0837309610854553,True
1466414746,0.5,0.5,0.12452348584316564,False
1466414844,0.5,0.5,0.4097821471694685,False
1466414943,0.5,0.5,0.5648056939435866,False
1466414946,0.5,0.6434352482974849,0.6434352482974849,True
1466414966,0.5,0.6433448556338006,0.6433448556338006,True
1466415038,0.5,0.4327553973269096,0.4327553973269096,True
1466415106,0.5,0.5,0.534491190227018,False
1466415130,0.5,0.04051356955301777,0.04051356955301777,True
1466415145,0.5,0.040985883746310514,0.040985883746310514,True
1466415202,0.5,0.5,0.3155755397678295,False
1466415239,0.5,0.5,0.4591579254337653,False
1466415249,0.5,0.10767238347529529,0.10767238347529529,True
1466415308,0.5,0.7757002630346601,0.7757002630346601,True
1466415357,0.5,0.5,0.8166562895692184,False
1466415404,0.5,0.06846310579757897,0.06846310579757897,True
1466415469,0.5,0.5,0.1254311312504368,False
1466415548,0.5,0.5,0.8169332120353708,False
1466415588,0.5,0.5,0.7814294674626289,False
1466415627,0.5,0.8683973699416919,0.8683973699416919,True
1466415719,0.5,0.2701466838570785,0.2701466838570785,True
1466415767,0.5,0.18954703850543364,0.18954703850543364,True
1466415860,0.5,0.5,0.8786988773050232,False
1466415872,0.5,0.9578644211382807,0.9578644211382807,True
1466415914,0.5,0.045763384487833014,0.045763384487833014,True
1466415934,0.5,0.5,0.35199304514477714,False
1466415988,0.5,0.5117598178973095,0.5117598178973095,True
1466416004,0.5,0.11201405614021098,0.11201405614021098,True
1466416050,0.5,0.5,0.2594513042902383,False
1466416150,0.5,0.12677185530162594,0.12677185530162594,True
1466416161,0.5,0.7538623349515166,0.7538623349515166,True
1466416215,0.5,0.982990036893999,0.982990036893999,True
1466416315,0.5,0.5,0.08704469111393764,False
1466416321,0.5,0.7850048227656344,0.7850048227656344,True
1466416393,0.5,0.21250320713490278,0.21250320713490278,True
1466416440,0.5,0.9320449967853565,0.9320449967853565,True
1466416510,0.5,0.5,0.054880957520629825,False
1466416541,0.5,0.23093447324002392,0.23093447324002392,True
1466416631,0.5,0.5,0.8680727076407216,False
1466416671,0.5,0.04819193274735156,0.04819193274735156,True
1466416725,0.5,0.41740389611389395,0.41740389611389395,True
1466416815,0.5,0.9950156428264646,0.9950156428264646,True
1466416867,0.5,0.803634494011648,0.803634494011648,True
1466416933,0.5,0.5,0.7234838838237075,False
1466416963,0.5,0.5,0.7213620739159345,False
1466417034,0.5,0.8103903009908121,0.8103903009908121,True
1466417069,0.5,0.43542227761818386,0.43542227761818386,True
1466417095,0.5,0.5,0.8067747087858564,False
1466417123,0.5,0.5,0.050376922568843296,False
1466417219,0.5,0.5982967901391083,0.5982967901391083,True
1466417228,0.5,0.5,0.3249600223297855,False
1466417235,0.7,0.7,0.5126714602939136,False
1466417266,0.7,0.478711891424897,0.478711891424897,True
1466417298,0.7,0.7,0.15517413997021778,False
1466417382,0.7,0.6318630943989428,0.6318630943989428,True
1466417429,0.7,0.21377062485921716,0.21377062485921716,True
1466417434,0.7,0.7,0.182716143739866,False
1466417513,0.7,0.3788630446058592,0.3788630446058592,True
1466417598,0.7,0.7,0.26016480751480786,False
1466417615,0.7,0.06289633137488537,0.06289633137488537,True
1466417654,0.7,0.46890330296610006,0.46890330296610006,True
1466417749,0.7,0.7,0.23214741196828514,False
1466417763,0.7,0.7,0.12381077036732435,False
1466417822,0.7,0.6724310779229038,0.6724310779229038,True
1466417851,0.7,0.3327056896446303,0.3327056896446303,True
1466417855,0.7,0.3333189882314127,0.3333189882314127,True
1466417879,0.7,0.7,0.24109754566900932,False
1466417895,0.7,0.7,0.01291263670481635,False
1466417969,0.7,0.8819316124734851,0.8819316124734851,True
1466418049,0.7,0.7,0.9514803595496941,False
1466418118,0.7,0.7,0.1551469873151634,False
1466418129,0.7,0.2550536122167666,0.2550536122167666,True
1466418179,0.7,0.7686477244017809,0.7686477244017809,True
1466418254,0.7,0.7,0.5429366811324533,False
1466418332,0.7,0.7,0.3333774133741989,False
1466418428,0.7,0.2907970395720536,0.2907970395720536,True
1466418494,0.7,0.36117942164887007,0.36117942164887007,True
1466418554,0.7,0.08965777833631527,0.08965777833631527,True
1466418563,0.7,0.7,0.8442747261611663,False
1466418564,0.7,0.7,0.35877183676538804,False
1466418594,0.7,0.7,0.1740256567816354,False
1466418674,0.7,0.7387404587934845,0.7387404587934845,True
1466418748,0.7,0.7,0.04849799369637575,False
1466418847,0.7,0.10071828523116377,0.10071828523116377,True
1466418877,0.7,0.8882331926692233,0.8882331926692233,True
1466418917,0.7,0.7,0.013127160485890466,False
1466418938,0.7,0.7,0.7223010094310908,False
1466419031,0.7,0.418907484742539,0.418907484742539,True
1466419058,0.7,0.9203144362090849,0.9203144362090849,True
1466419104,0.7,0.5300807052229485,0.5300807052229485,True
1466419166,0.7,0.7,0.6326106280552123,False
1466419261,0.7,0.2795418359243601,0.2795418359243601,True
1466419349,0.7,0.7,0.8975531956695799,False
1466419442,0.7,0.6311504036495461,0.6311504036495461,True
1466419530,0.7,0.5722584947886825,0.5722584947886825,True
1466419595,0.7,0.03338242401672953,0.03338242401672953,True
1466419646,0.7,0.20181462288508611,0.20181462288508611,True
1466419737,0.7,0.026905064492953046,0.026905064492953046,True
1466419826,0.7,0.49623330538888777,0.49623330538888777,True
1466419880,0.7,0.05933851121288147,0.05933851121288147,True
1466419911,0.7,0.6553249926077195,0.6553249926077195,True
1466419938,0.7,0.4539678131155853,0.4539678131155853,True
1466420016,0.7,0.9248845866076607,0.9248845866076607,True
1466420019,0.7,0.2565304951354178,0.2565304951354178,True
1466420108,0.7,0.9744315669562689,0.9744315669562689,True
1466420205,0.7,0.7,0.9728240643273444,False
1466420228,0.7,0.1401645449105503,0.1401645449105503,True
1466420257,0.7,0.5869802145247165,0.5869802145247165,True
1466420270,0.7,0.7,0.7870747739338887,False
1466420296,0.7,0.9237132242306492,0.9237132242306492,True
1466420331,0.7,0.7,0.06354912611683727,False
1466420407,0.7,0.9948618079874834,0.9948618079874834,True
1466420430,0.7,0.7732030703767365,0.7732030703767365,True
1466420453,0.7,0.7,0.24760409307742592,False
1466420474,0.7,0.7,0.6773106887562546,False
1466420566,0.7,0.7,0.2322084615656429,False
1466420579,0.7,0.7,0.733254107443229,False
1466420618,0.7,0.7,0.9038086294891879,False
1466420624,0.7,0.7,0.7822288667613665,False
1466420643,0.7,0.7,0.13961257617242273,False
1466420695,0.7,0.5539115676205363,0.5539115676205363,True
1466420788,0.7,0.7,0.9065760413116752,False
1466420863,0.7,0.3770636620162522,0.3770636620162522,True
1466420947,0.7,0.7,0.6024106844967136,False
1466421003,0.7,0.8033344033504028,0.8033344033504028,True
1466421032,0.7,0.9199294117693998,0.9199294117693998,True
1466421050,0.7,0.5021212330425516,0.5021212330425516,True
1466421116,0.7,0.7,0.4765961010991977,False
1466421208,0.7,0.5295915151922933,0.5295915151922933,True
1466421234,0.7,0.9888391003886295,0.9888391003886295,True
1466421262,0.7,0.7,0.7264707973142089,False
1466421353,0.7,0.25466679764919486,0.25466679764919486,True
1466421360,0.7,0.09534419150221762,0.09534419150221762,True
1466421392,0.7,0.7,0.0006954099340070741,False
1466421480,0.7,0.7,0.9924437399284415,False
1466421530,0.7,0.7,0.46321277313320863,False
1466421547,0.7,0.7,0.9575627782719074,False
1466421591,0.7,0.7,0.7357106176503694,False
1466421633,0.7,0.7,0.05224365556784083,False
1466421636,0.7,0.03759866535804679,0.03759866535804679,True
1466421670,0.7,0.08442920524962438,0.08442920524962438,True
1466421695,0.7,0.7091455686371289,0.7091455686371289,True
1466421721,0.7,0.7,0.5782423972570808,False
1466421804,0.7,0.38282964669674546,0.38282964669674546,True
1466421819,0.7,0.502494565389813,0.502494565389813,True
1466421862,0.7,0.7,0.8338924656887172,False
1466421885,0.7,0.7,0.6238240069624797,False
1466421936,0.7,0.7,0.5803126002717213,False
1466422012,0.7,0.7,0.08579146852228792,False
1466422044,0.7,0.0008773904344215877,0.0008773904344215877,True
1466422045,0.7,0.13806249660183345,0.13806249660183345,True
1466422137,0.7,0.03347704030400145,0.03347704030400145,True
1466422162,0.7,0.39203325155276825,0.39203325155276825,True
1466422189,0.7,0.26890306530007735,0.26890306530007735,True
1466422197,0.7,0.3055724251328803,0.3055724251328803,True
1466422264,0.7,0.35497045967242435,0.35497045967242435,True
1466422330,0.7,0.7,0.32712301030969937,False
1466422378,0.7,0.9683008081634926,0.9683008081634926,True
1466422432,0.7,0.7,0.13572760172284903,False
1466422488,0.7,0.14306691553613438,0.14306691553613438,True
1466422577,0.7,0.7,0.35565834974796795,False
1466422628,0.7,0.7,0.9780544255186392,False
1466422638,0.7,0.7,0.22722250001413136,False
1466422666,0.7,0.01650022302870291,0.01650022302870291,True
1466422706,0.7,0.7,0.7011252013139148,False
1466422731,0.7,0.7,0.08801507774101347,False
1466422804,0.7,0.7,0.3258110675881377,False
1466422866,0.7,0.9451884942578213,0.9451884942578213,True
1466422873,0.7,0.7,0.8367120814264697,False
1466422895,0.7,0.5786098642681213,0.5786098642681213,True
1466422953,0.7,0.7,0.40031230253131866,False
1466422973,0.7,0.6695111888551389,0.6695111888551389,True
1466423017,0.7,0.7,0.46065004790201936,False
1466423051,0.7,0.7,0.6979996946835768,False
1466423099,0.7,0.7950048820507339,0.7950048820507339,True
1466423150,0.7,0.7,0.33918909618680326,False
1466423155,0.7,0.7,0.6540903297310247,False
1466423168,0.7,0.9743271737783163,0.9743271737783163,True
1466423205,0.7,0.7,0.2955481080834288,False
1466423275,0.7,0.7931910318830873,0.7931910318830873,True
1466423287,0.7,0.33574378906924784,0.33574378906924784,True
1466423336,0.7,0.6195998238361662,0.6195998238361662,True
1466423340,0.7,0.7,0.07105140738506965,False
1466423355,0.7,0.7,0.7438303329666747,False
1466423443,0.7,0.03488791134384994,0.03488791134384994,True
1466423499,0.7,0.6713525661307281,0.6713525661307281,True
1466423585,0.7,0.7,0.5458003769658476,False
1466423612,0.7,0.7,0.7571795744692581,False
1466423669,0.7,0.3497561300157327,0.3497561300157327,True
1466423705,0.7,0.033764968827116215,0.033764968827116215,True
1466423770,0.7,0.7,0.07925422923299086,False
1466423844,0.7,0.7240183666968899,0.7240183666968899,True
1466423902,0.7,0.8915271983433991,0.8915271983433991,True
1466423913,0.7,0.7,0.5461031891688666,False
1466423972,0.7,0.6599942339993985,0.6599942339993985,True
1466424014,0.7,0.4285143132203888,0.4285143132203888,True
1466424069,0.7,0.2748514085625874,0.2748514085625874,True
1466424154,0.7,0.7,0.2675294812924126,False
1466424155,0.7,0.7,0.04571967791115272,False
1466424169,0.7,0.3067315477664563,0.3067315477664563,True
1466424262,0.7,0.7,0.8598901413050555,False
1466424339,0.7,0.7,0.5425638855093211,False
1466424398,0.7,0.8813198093294972,0.8813198093294972,True
1466424497,0.7,0.6516583989142319,0.6516583989142319,True
1466424558,0.7,0.2316402375740052,0.2316402375740052,True
1466424613,0.7,0.7,0.7187172638023213,False
1466424713,0.7,0.7657211010989642,0.7657211010989642,True
1466424804,0.7,0.3129548603314083,0.3129548603314083,True
1466424878,0.7,0.7,0.7929619682514263,False
1466424924,0.7,0.7,0.08444296108097482,False
1466425009,0.7,0.7,0.7418000498431366,False
1466425106,0.7,0.0667766732288787,0.0667766732288787,True
1466425129,0.7,0.7,0.41538770475918374,False
1466425179,0.7,0.7,0.17564234519748534,False
1466425257,0.7,0.7,0.711784669625417,False
1466425262,0.7,0.5136317586899585,0.5136317586899585,True
1466425305,0.7,0.3683453735686768,0.3683453735686768,True
1466425331,0.7,0.7,0.28111008319406916,False
1466425338,0.7,0.7,0.7301583209432521,False
1466425377,0.7,0.6275433481380682,0.6275433481380682,True
1466425380,0.7,0.5661846237258445,0.5661846237258445,True
1466425417,0.7,0.7,0.38540080197873317,False
1466425484,0.7,0.7,0.799542725786475,False
1466425517,0.7,0.7,0.24028106018005113,False
1466425553,0.7,0.7,0.2921067093941916,False
1466425640,0.7,0.2928298324586266,0.2928298324586266,True
1466425687,0.7,0.6916722496148571,0.6916722496148571,True
1466425711,0.7,0.7,0.38958834619189797,False
1466425768,0.7,0.3070727590259287,0.3070727590259287,True
1466425811,0.7,0.06487729021767452,0.06487729021767452,True
1466425856,0.7,0.9915812895529842,0.9915812895529842,True
1466425869,0.7,0.6855039029425608,0.6855039029425608,True
1466425884,0.7,0.8700541387727313,0.8700541387727313,True
1466425962,0.7,0.7,0.6596397467504628,False
1466425974,0.7,0.7,0.4978295023523689,False
1466426016,0.7,0.8468349008904448,0.8468349008904448,True
1466426024,0.7,0.7,0.37074716150445586,False
1466426034,0.7,0.8069673344813776,0.8069673344813776,True
1466426130,0.7,0.2850978615408164,0.2850978615408164,True
1466426189,0.7,0.447017474504554,0.447017474504554,True
1466426198,0.7,0.7,0.130876483261411,False
1466426280,0.7,0.7,0.22242038069191317,False
1466426298,0.7,0.35268820722874883,0.35268820722874883,True
1466426380,0.7,0.12458229192199011,0.12458229192199011,True
1466426420,0.7,0.7,0.4129138127711057,False
1466426509,0.7,0.7,0.4033750706487933,False
1466426521,0.7,0.6799700363291782,0.6799700363291782,True
1466426535,0.7,0.4863699901910231,0.4863699901910231,True
1466426563,0.7,0.1530737529373536,0.1530737529373536,True
1466426620,0.7,0.4195119517096213,0.4195119517096213,True
1466426694,0.7,0.9766613081326753,0.9766613081326753,True
1466426764,0.7,0.7,0.797683064171603,False
1466426778,0.7,0.7,0.16428374232354792,False
1466426866,0.7,0.7391369986642942,0.7391369986642942,True
1466426938,0.7,0.7,0.2641654923667287,False
1466427022,0.7,0.09247350265413379,0.09247350265413379,True
1466427059,0.7,0.7,0.6668282768330314,False
1466427125,0.7,0.8107442245560681,0.8107442245560681,True
1466427204,0.7,0.7,0.4928686512771109,False
1466427240,0.7,0.7,0.5250350460914631,False
1466427317,0.7,0.032777017601047786,0.032777017601047786,True
1466427319,0.7,0.7,0.4917458707986999,False
1466427331,0.7,0.7,0.3172869257369151,False
1466427425,0.7,0.6832665093171848,0.6832665093171848,True
1466427458,0.7,0.906233330557346,0.906233330557346,True
1466427495,0.7,0.7,0.5631008322720222,False
1466427543,0.7,0.22169022863029375,0.22169022863029375,True
1466427625,0.7,0.6588976135915829,0.6588976135915829,True
1466427663,0.7,0.7,0.02746618280908808,False
1466427672,0.7,0.24184950806052674,0.24184950806052674,True
1466427684,0.7,0.7,0.212294494990524,False
1466427739,0.9,0.9,0.9546817335158734,False
1466427769,0.9,0.9,0.6798412211655231,False
1466427775,0.9,0.9,0.13682621023670583,False
1466427820,0.9,0.7349990443110149,0.7349990443110149,True
1466427837,0.9,0.9,0.40330310533444647,False
1466427846,0.9,0.292612207586719,0.292612207586719,True
1466427904,0.9,0.2517225861026915,0.2517225861026915,True
1466427997,0.9,0.9,0.01723764868288502,False
1466428027,0.9,0.8648179837892244,0.8648179837892244,True
1466428114,0.9,0.42840668113512237,0.42840668113512237,True
1466428212,0.9,0.19109572641006667,0.19109572641006667,True
1466428294,0.9,0.9,0.782883212663523,False
1466428321,0.9,0.5102445895717069,0.5102445895717069,True
1466428340,0.9,0.9,0.7423973326171279,False
1466428378,0.9,0.7483067980107054,0.7483067980107054,True
1466428463,0.9,0.7811722461474034,0.7811722461474034,True
1466428551,0.9,0.9,0.5859873935216473,False
1466428575,0.9,0.9,0.35838294194379594,False
1466428593,0.9,0.9,0.40747236786379915,False
1466428682,0.9,0.18964351061626716,0.18964351061626716,True
1466428699,0.9,0.20041801542314663,0.20041801542314663,True
1466428719,0.9,0.631202017768819,0.631202017768819,True
1466428819,0.9,0.15326780660764117,0.15326780660764117,True
1466428850,0.9,0.04630841137762298,0.04630841137762298,True
1466428884,0.9,0.10366541345474312,0.10366541345474312,True
1466428973,0.9,0.9,0.8969558203404618,False
1466429006,0.9,0.9,0.8351813804211028,False
1466429026,0.9,0.5503805588320119,0.5503805588320119,True
1466429066,0.9,0.7996810400994105,0.7996810400994105,True
1466429072,0.9,0.6189992890369735,0.6189992890369735,True
1466429103,0.9,0.5628959620416335,0.5628959620416335,True
1466429110,0.9,0.09337186931186336,0.09337186931186336,True
1466429123,0.9,0.9,0.8165426424834479,False
1466429168,0.9,0.9641718132818955,0.9641718132818955,True
1466429182,0.9,0.2111814967639003,0.2111814967639003,True
1466429184,0.9,0.9,0.7226229185154747,False
1466429197,0.9,0.8767236447354294,0.8767236447354294,True
1466429280,0.9,0.9,0.37749099775266604,False
1466429378,0.9,0.4115823204124365,0.4115823204124365,True
1466429450,0.9,0.9,0.34934562423363813,False
1466429455,0.9,0.01694068887573308,0.01694068887573308,True
1466429510,0.9,0.2324821015273314,0.2324821015273314,True
1466429565,0.9,0.21668767933722344,0.21668767933722344,True
1466429566,0.9,0.1777406688731109,0.1777406688731109,True
1466429592,0.9,0.10686461934871772,0.10686461934871772,True
1466429623,0.9,0.9,0.42082999365472773,False
1466429691,0.2,0.4425512124962888,0.4425512124962888,True
1466429733,0.2,0.2,0.3639271061322821,False
1466429803,0.2,0.8425797882019613,0.8425797882019613,True
1466429832,0.2,0.2,0.7951931329575538,False
1466429905,0.2,0.2,0.9337556148273551,False
1466429997,0.2,0.2,0.26775417711877036,False
1466430050,0.2,0.15254062477303743,0.15254062477303743,True
1466430088,0.2,0.2,0.7662141908126539,False
1466430174,0.2,0.4107836985785961,0.4107836985785961,True
1466430247,0.2,0.2,0.7717502262387598,False
1466430344,0.2,0.2,0.5971873132060489,False
1466430375,0.2,0.2,0.025785467454435884,False
1466430400,0.2,0.2,0.538410964832725,False
1466430457,0.2,0.17982062771073093,0.17982062771073093,True
1466430483,0.2,0.34735491302174315,0.34735491302174315,True
1466430517,0.2,0.2,0.8543259355083824,False
1466430524,0.2,0.2,0.45542721856397217,False
1466430592,0.2,0.2,0.5670297347359338,False
1466430616,0.2,0.960822620798422,0.960822620798422,True
1466430631,0.2,0.7261950998131592,0.7261950998131592,True
1466430680,0.2,0.42718671226912186,0.42718671226912186,True
1466430734,0.2,0.2,0.2773219967432411,False
1466430790,0.2,0.8378909244955166,0.8378909244955166,True
1466430815,0.2,0.4984910762929946,0.4984910762929946,True
1466430895,0.2,0.2,0.8315939906626867,False
1466430916,0.2,0.2,0.2488282291014594,False
1466430929,0.1,0.8306514874905164,0.8306514874905164,True
1466430936,0.1,0.1,0.4308741195816681,False
1466431009,0.1,0.1,0.09153023012067363,False
1466431036,0.1,0.9717192429436473,0.9717192429436473,True
1466431055,0.1,0.1,0.7166178021703998,False
1466431145,0.1,0.1,0.4761649860412538,False
1466431218,0.1,0.1,0.1613185443694014,False
1466431290,0.1,0.497736019081791,0.497736019081791,True
1466431324,0.1,0.8479562598089593,0.8479562598089593,True
1466431400,0.1,0.1,0.08339004832335173,False
1466431450,0.1,0.1,0.08599843414136643,False
1466431526,0.1,0.9141729162710448,0.9141729162710448,True
1466431589,0.1,0.1,0.3949113612197771,False
1466431661,0.1,0.1,0.47684729571457374,False
1466431760,0.1,0.26497079402221835,0.26497079402221835,True
1466431796,0.1,0.18708436958061048,0.18708436958061048,True
1466431848,0.1,0.1,0.124124287758971,False
1466431879,0.1,0.03964585118332742,0.03964585118332742,True
1466431954,0.1,0.1,0.5251929448984871,False
1466431958,0.1,0.1,0.12121456132748498,False
1466432002,0.1,0.1,0.29935730565288465,False
1466432101,0.1,0.3770096536268085,0.3770096536268085,True
1466432177,0.1,0.1,0.1516363464907503,False
1466432194,0.1,0.1,0.2642583073008328,False
1466432237,0.1,0.9279201200662218,0.9279201200662218,True
1466432280,0.1,0.09653549090412206,0.09653549090412206,True
1466432373,0.1,0.1,0.5950110815532543,False
1466432389,0.1,0.8839434659460049,0.8839434659460049,True
1466432415,0.1,0.12694622086643415,0.12694622086643415,True
1466432417,0.1,0.43238072615299905,0.43238072615299905,True
1466432506,0.1,0.1,0.20144743019510392,False
1466432569,0.1,0.1,0.17396773580083924,False
1466432577,0.4,0.6401610848635441,0.6401610848635441,True
1466432670,0.4,0.4,0.2291795804840271,False
1466432706,0.4,0.4,0.0029338195745604034,False
1466432804,0.4,0.4,0.1463767373277719,False
1466432853,0.4,0.4,0.2902311974664933,False
1466432947,0.4,0.7820392497923814,0.7820392497923814,True
1466433040,0.4,0.2686657828792901,0.2686657828792901,True
1466433128,0.4,0.4,0.5660398444713075,False
1466433145,0.4,0.4,0.762211898499725,False
1466433195,0.4,0.4,0.9339677959264966,False
1466433289,0.4,0.9778264482963174,0.9778264482963174,True
1466433375,0.4,0.45662961632258514,0.45662961632258514,True
1466433427,0.4,0.4,0.19524173249058074,False
1466433478,0.4,0.4,0.7700089168084769,False
1466433517,0.4,0.8715952866789661,0.8715952866789661,True
1466433615,0.4,0.6834528355595889,0.6834528355595889,True
1466433672,0.4,0.010175200303472076,0.010175200303472076,True
1466433762,0.4,0.4,0.10759285976972777,False
1466433809,0.4,0.4,0.36239623988842506,False
1466433873,0.4,0.4,0.10433558231545748,False
1466433910,0.4,0.4,0.6923504605486636,False
1466433994,0.4,0.547821714811881,0.547821714811881,True
1466434003,0.4,0.15886659025554295,0.15886659025554295,True
1466434045,0.4,0.4,0.9627610140682398,False
1466434096,0.4,0.4,0.913158928171325,False
1466434173,0.4,0.4,0.16536656032324448,False
1466434199,0.4,0.4,0.40533658971678366,False
1466434224,0.4,0.3258819548010927,0.3258819548010927,True
1466434308,0.4,0.4,0.6071436382392026,False
1466434359,0.4,0.8108917559081862,0.8108917559081862,True
1466434371,0.4,0.4520817014200572,0.4520817014200572,True
1466434457,0.4,0.4,0.849476598573793,False
1466434498,0.4,0.3815618374231341,0.3815618374231341,True
1466434552,0.4,0.12769969702348716,0.12769969702348716,True
1466434622,0.4,0.4,0.215794307595207,False
1466434691,0.4,0.4,0.44747684429244117,False
1466434718,0.4,0.4,0.594213750883104,False
1466434727,0.4,0.31480129896004616,0.31480129896004616,True
1466434815,0.4,0.04529422309902631,0.04529422309902631,True
1466434892,0.4,0.6504188839220704,0.6504188839220704,True
1466434915,0.4,0.5226197029100459,0.5226197029100459,True
1466434946,0.4,0.23797093958508053,0.23797093958508053,True
1466434988,0.4,0.18524744307631646,0.18524744307631646,True
1466435020,0.4,0.4,0.488682921894632,False
1466435090,0.4,0.4,0.3572231445745332,False
1466435099,0.4,0.7606475999219867,0.7606475999219867,True
1466435145,0.4,0.4,0.12854112795972417,False
1466435186,0.4,0.4,0.24505289875627245,False
1466435246,0.4,0.4,0.537522572797151,False
1466435284,0.4,0.4,0.9204492655840872,False
1466435327,0.4,0.4,0.6411789313001295,False
1466435369,0.4,0.10825082472145175,0.10825082472145175,True
1466435408,0.4,0.3663519962902577,0.3663519962902577,True
1466435468,0.4,0.3624466172976263,0.3624466172976263,True
1466435486,0.4,0.4,0.4539550043507756,False
1466435555,0.4,0.4,0.3134413074293113,False
1466435624,0.4,0.9415442027144117,0.9415442027144117,True
1466435659,0.4,0.4,0.7763274635037946,False
1466435682,0.4,0.4,0.6710983124485145,False
1466435712,0.4,0.07811023425252916,0.07811023425252916,True
1466435794,0.4,0.8967594834371385,0.8967594834371385,True
1466435878,0.4,0.2948473916927713,0.2948473916927713,True
1466435904,0.4,0.4,0.2033955549993678,False
1466435971,0.4,0.2252598853274963,0.2252598853274963,True
1466436041,0.4,0.5135550034631357,0.5135550034631357,True
1466436059,0.4,0.007924049194240834,0.007924049194240834,True
1466436093,0.4,0.4,0.8779140173757072,False
1466436178,0.4,0.8472970451764953,0.8472970451764953,True
1466436230,0.4,0.6633557833725122,0.6633557833725122,True
1466436280,0.4,0.4,0.8440692948465407,False
1466436332,0.4,0.4,0.7919609493672144,False
1466436333,0.4,0.6754428807580067,0.6754428807580067,True
1466436431,0.4,0.4,0.4731259371863038,False
1466436520,0.4,0.4,0.4513879242861012,False
1466436572,0.4,0.6493187799510752,0.6493187799510752,True
1466436647,0.4,0.3281566539672326,0.3281566539672326,True
1466436655,0.4,0.4,0.7622994007270936,False
1466436727,0.4,0.11218030043127636,0.11218030043127636,True
1466436793,0.4,0.37732442051092063,0.37732442051092063,True
1466436879,0.4,0.4,0.6550729884387925,False
1466436880,0.8,0.8,0.5900065055576802,False
1466436939,0.8,0.8,0.06451508946010509,False
1466437015,0.8,0.8706207741759525,0.8706207741759525,True
1466437048,0.8,0.8,0.9523699032952545,False
1466437088,0.8,0.8,0.7038567088024964,False
1466437105,0.8,0.26146080243994574,0.26146080243994574,True
1466437122,0.8,0.7157080026307466,0.7157080026307466,True
1466437160,0.8,0.8,0.034894854181923396,False
1466437232,0.8,0.7811058110835845,0.7811058110835845,True
1466437321,0.8,0.4822715715292982,0.4822715715292982,True
1466437335,0.8,0.8016216062387126,0.8016216062387126,True
1466437358,0.8,0.33797829205719765,0.33797829205719765,True
1466437441,0.8,0.8,0.21701532604264362,False
1466437480,0.8,0.8,0.8970998675351185,False
1466437561,0.8,0.8,0.9079933708912005,False
1466437653,0.8,0.8,0.6760686481069984,False
1466437709,0.8,0.8,0.7097020908225156,False
1466437798,0.8,0.755536096099445,0.755536096099445,True
1466437869,0.8,0.8,0.2245183657831552,False
1466437952,0.8,0.8,0.14196373840881937,False
1466438037,0.8,0.8,0.27734218205636196,False
1466438054,0.8,0.8,0.5188632589701222,False
1466438056,0.8,0.5083728732960865,0.5083728732960865,True
1466438136,0.8,0.8,0.9313226270201447,False
1466438234,0.8,0.8,0.8981189709836727,False
1466438261,0.8,0.8,0.7997830255362541,False
1466438348,0.8,0.04107721830798439,0.04107721830798439,True
1466438407,0.8,0.8,0.24698574809703855,False
1466438422,0.8,0.7354198178455371,0.7354198178455371,True
1466438476,0.8,0.8,0.5356223543306458,False
1466438571,0.8,0.8,0.27523062125753817,False
1466438612,0.8,0.8,0.6392995447066501,False
1466438620,0.8,0.57881783755075,0.57881783755075,True
1466438698,0.8,0.8,0.041652546616720354,False
1466438747,0.8,0.8,0.5906816861306379,False
1466438795,0.8,0.8,0.013794304776000965,False
1466438810,0.8,0.7736916617540881,0.7736916617540881,True
1466438888,0.8,0.8,0.12303378784363539,False
1466438975,0.8,0.22329250040352844,0.22329250040352844,True
1466439000,0.8,0.8,0.8356798721595637,False
1466439092,0.8,0.7785525072310626,0.7785525072310626,True
1466439150,0.8,0.8,0.06301785387637293,False
1466439229,0.8,0.9928908889593426,0.9928908889593426,True
1466439279,0.8,0.46973600508172486,0.46973600508172486,True
1466439328,0.8,0.8,0.41310240058804437,False
1466439351,0.8,0.8585628765802423,0.8585628765802423,True
1466439447,0.8,0.8923095026618951,0.8923095026618951,True
1466439466,0.8,0.06959200263391707,0.06959200263391707,True
1466439480,0.8,0.59055203387876,0.59055203387876,True
1466439560,0.8,0.8,0.31877365384343626,False
1466439600,0.8,0.8,0.7430689035350435,False
1466439645,0.8,0.5707571783145438,0.5707571783145438,True
1466439729,0.8,0.8,0.43608071457797026,False
1466439772,0.8,0.8,0.6096163820755225,False
1466439827,0.8,0.16973657202362902,0.16973657202362902,True
1466439849,0.8,0.8253784084632865,0.8253784084632865,True
1466439910,0.8,0.8,0.6144897627911816,False
1466439990,0.8,0.8,0.45050298943439604,False
1466440005,0.8,0.8,0.824635793593639,False
1466440006,0.8,0.8,0.4256494799529382,False
1466440045,0.8,0.8,0.08887635730614085,False
1466440066,0.8,0.6301876194552154,0.6301876194552154,True
1466440154,0.8,0.03980495102615378,0.03980495102615378,True
1466440214,0.8,0.5610949080993203,0.5610949080993203,True
1466440226,0.8,0.8,0.536377914531934,False
1466440304,0.8,0.9037815753919228,0.9037815753919228,True
1466440385,0.8,0.8,0.02003467543239379,False
1466440451,0.8,0.2600321897307668,0.2600321897307668,True
1466440521,0.8,0.8,0.8441107255892752,False
1466440581,0.8,0.8,0.3109381048590567,False
1466440674,0.8,0.8,0.9311295896570433,False
1466440727,0.8,0.8,0.548051585560496,False
1466440821,0.8,0.9251115483855056,0.9251115483855056,True
1466440827,0.8,0.8,0.8055255518958289,False
1466440897,0.8,0.8,0.5210579087089605,False
1466440923,0.8,0.8,0.7140277716628846,False
1466441012,0.8,0.8,0.17046682795687607,False
1466441049,0.8,0.8,0.33498753624969946,False
1466441147,0.8,0.7268972602502456,0.7268972602502456,True
1466441213,0.8,0.8912634410994376,0.8912634410994376,True
1466441311,0.8,0.9059246894846849,0.9059246894846849,True
1466441318,0.8,0.7512434802990172,0.7512434802990172,True
1466441418,0.8,0.47446534825630504,0.47446534825630504,True
1466441510,0.8,0.3166414099747714,0.3166414099747714,True
1466441541,0.8,0.8,0.3337990742572091,False
1466441579,0.8,0.3005210244857055,0.3005210244857055,True
1466441630,0.8,0.8,0.4379751599481587,False
1466441714,0.8,0.2313354169616365,0.2313354169616365,True
1466441724,0.8,0.21478745812513922,0.21478745812513922,True
1466441741,0.8,0.928745225719377,0.928745225719377,True
1466441822,0.8,0.8,0.36291461238050793,False
1466441883,0.8,0.8,0.7693621799479349,False
1466441934,0.8,0.6430289503903233,0.6430289503903233,True
1466441947,0.8,0.8,0.0783943032740485,False
1466442046,0.8,0.8,0.7235997768559405,False
1466442137,0.8,0.30513363903444424,0.30513363903444424,True
1466442175,0.8,0.8,0.7445405958869707,False
1466442216,0.8,0.35277365962000506,0.35277365962000506,True
1466442284,0.8,0.8,0.38781072294564223,False
1466442332,0.8,0.08215892435421857,0.08215892435421857,True
1466442358,0.8,0.878506750974802,0.878506750974802,True
1466442362,0.8,0.5369284249449654,0.5369284249449654,True
1466442439,0.8,0.8,0.415551009691948,False
1466442490,0.8,0.6240382051768093,0.6240382051768093,True
1466442498,0.8,0.42242887050205313,0.42242887050205313,True
1466442508,0.8,0.8,0.8655527191638172,False
1466442518,0.8,0.8,0.7242651601010931,False
1466442556,0.8,0.26298795713404466,0.26298795713404466,True
1466442656,0.8,0.9555269159070545,0.9555269159070545,True
1466442662,0.8,0.8,0.5860177052641526,False
1466442703,0.8,0.923238607824504,0.923238607824504,True
1466442768,0.8,0.31166399017742585,0.31166399017742585,True
1466442788,0.8,0.8,0.2440649023790864,False
1466442886,0.8,0.8,0.9535274363511648,False
1466442980,0.8,0.8,0.06613892478034511,False
1466443000,0.8,0.8260306523670538,0.8260306523670538,True
1466443029,0.8,0.4632964065686548,0.4632964065686548,True
1466443038,0.8,0.8,0.6782754280955309,False
1466443089,0.8,0.9396855713676356,0.9396855713676356,True
1466443162,0.8,0.6228968298935916,0.6228968298935916,True
1466443201,0.8,0.9328504232028352,0.9328504232028352,True
1466443219,0.8,0.8,0.789116691524437,False
1466443263,0.8,0.47455919429262394,0.47455919429262394,True
1466443350,0.8,0.8,0.8375892840517939,False
1466443373,0.8,0.5387156466057793,0.5387156466057793,True
1466443392,0.8,0.5365382134158934,0.5365382134158934,True
1466443402,0.8,0.528496650565509,0.528496650565509,True
1466443486,0.8,0.5197495098084038,0.5197495098084038,True
1466443511,0.8,0.06755733138772968,0.06755733138772968,True
1466443584,0.8,0.36349328085890087,0.36349328085890087,True
1466443677,0.8,0.6514447373364043,0.6514447373364043,True
1466443725,0.8,0.7015016572228585,0.7015016572228585,True
1466443727,0.8,0.8,0.35709040124085356,False
1466443750,0.8,0.8,0.5584573115441326,False
1466443761,0.8,0.8,0.6798419828180879,False
1466443808,0.8,0.8,0.6618873991039049,False
1466443861,0.8,0.8,0.6332294929524668,False
1466443929,0.8,0.8,0.1381577723486671,False
1466443986,0.8,0.8,0.8042898657475757,False
1466444043,0.8,0.9337228288504072,0.9337228288504072,True
1466444110,0.8,0.04616624119660118,0.04616624119660118,True
1466444192,0.8,0.12259660829303798,0.12259660829303798,True
1466444287,0.8,0.300428869268641,0.300428869268641,True
1466444294,0.8,0.8,0.4213396748364511,False
1466444366,0.8,0.3691812124762658,0.3691812124762658,True
1466444466,0.8,0.589449139530181,0.589449139530181,True
1466444505,0.8,0.8315559009605134,0.8315559009605134,True
1466444556,0.8,0.02978385735317879,0.02978385735317879,True
1466444624,0.8,0.8,0.3558970264401953,False
1466444663,0.8,0.29535322288884325,0.29535322288884325,True
1466444685,0.8,0.8,0.7133016833609577,False
1466444756,0.8,0.21737227949659876,0.21737227949659876,True
1466444781,0.8,0.8,0.6002699447857145,False
1466444840,0.8,0.690512498503084,0.690512498503084,True
1466444854,0.8,0.8197569645806528,0.8197569645806528,True
1466444860,0.8,0.8,0.515327796614511,False
1466444959,0.8,0.8851545582109994,0.8851545582109994,True
1466445058,0.8,0.8,0.12584245679709027,False
1466445107,0.8,0.017397471609274295,0.017397471609274295,True
1466445165,0.8,0.5296621207248104,0.5296621207248104,True
1466445170,0.8,0.8,0.4446484510649198,False
1466445173,0.8,0.8,0.6290568505793642,False
1466445247,0.8,0.8,0.4233972070488341,False
1466445305,0.8,0.8,0.7881365101038256,False
1466445333,0.8,0.8,0.9362336433347276,False
1466445356,0.8,0.8,0.2582833641200166,False
1466445430,0.8,0.8,0.5256056139997636,False
1466445491,0.8,0.1540999555798216,0.1540999555798216,True
1466445497,0.8,0.8,0.8687531038636821,False
1466445514,1.0,0.279488379920078,0.279488379920078,True
1466445549,1.0,0.47287592355646013,0.47287592355646013,True
1466445640,1.0,0.43062496716723775,0.43062496716723775,True
1466445648,1.0,0.5055868652079247,0.5055868652079247,True
1466445739,1.0,0.8869728434966698,0.8869728434966698,True
1466445814,1.0,1.0,0.4512580995399659,False
1466445879,1.0,1.0,0.07642008238356413,False
1466445909,1.0,0.5257975055339918,0.5257975055339918,True
1466445965,1.0,0.7410441787518977,0.7410441787518977,True
1466446021,1.0,1.0,0.7367385633823512,False
1466446045,1.0,0.5162869517496191,0.5162869517496191,True
1466446071,1.0,0.16942301366332957,0.16942301366332957,True
1466446120,1.0,1.0,0.27689624183017414,False
1466446168,1.0,0.45203485759796236,0.45203485759796236,True
1466446253,1.0,0.9444636481306673,0.9444636481306673,True
1466446302,1.0,0.9721234939995534,0.9721234939995534,True
1466446389,1.0,1.0,0.7222822575790341,False
1466446404,1.0,0.010083138676117542,0.010083138676117542,True
1466446494,1.0,0.24368242892982128,0.24368242892982128,True
1466446594,1.0,0.3854368592752101,0.3854368592752101,True
1466446643,1.0,0.2599710652846323,0.2599710652846323,True
1466446669,1.0,1.0,0.6785093710726985,False
1466446690,1.0,1.0,0.9281424078416143,False
1466446735,1.0,0.3505104075410884,0.3505104075410884,True
1466446766,1.0,1.0,0.2712958636081788,False
1466446852,1.0,1.0,0.6517763102309388,False
1466446902,1.0,0.6136141240703762,0.6136141240703762,True
1466446945,1.0,0.4107237863152312,0.4107237863152312,True
1466446987,1.0,1.0,0.8470951377003281,False
1466447036,1.0,0.21553039961514076,0.21553039961514076,True
1466447112,1.0,0.7164245099619037,0.7164245099619037,True
1466447129,1.0,1.0,0.2418099112116615,False
1466447189,1.0,1.0,0.07119542145060331,False
1466447224,1.0,0.8982644037336976,0.8982644037336976,True
1466447270,1.0,0.9173181627259944,0.9173181627259944,True
1466447272,1.0,1.0,0.3614336094725751,False
1466447348,1.0,1.0,0.29561280803171386,False
1466447359,1.0,0.13634765464022824,0.13634765464022824,True
1466447388,1.0,0.36786664480313613,0.36786664480313613,True
1466447390,1.0,0.53466989080956,0.53466989080956,True
1466447425,1.0,1.0,0.47207165082825797,False
1466447463,1.0,0.7959387662491456,0.7959387662491456,True
1466447485,1.0,1.0,0.9192241146039455,False
1466447545,1.0,0.3783392234824745,0.3783392234824745,True
1466447553,1.0,0.921177241427312,0.921177241427312,True
1466447554,1.0,1.0,0.817042485883721,False
1466447573,1.0,0.26767141684118745,0.26767141684118745,True
1466447634,1.0,1.0,0.2539427571893851,False
1466447695,1.0,0.9765860587377887,0.9765860587377887,True
1466447762,1.0,0.8477157415305763,0.8477157415305763,True
1466447844,1.0,0.2874276389834489,0.2874276389834489,True
1466447885,1.0,1.0,0.8385316595890289,False
1466447943,1.0,1.0,0.4673214056594318,False
1466447956,1.0,1.0,0.2599002764464937,False
1466448041,1.0,0.2998652512712091,0.2998652512712091,True
1466448140,1.0,1.0,0.16313994450715175,False
1466448215,1.0,1.0,0.2710040485140004,False
1466448270,1.0,1.0,0.887766592516799,False
1466448302,1.0,0.056288626183312096,0.056288626183312096,True
1466448368,1.0,1.0,0.9025820352334073,False
1466448422,1.0,0.5371448133849182,0.5371448133849182,True
1466448517,1.0,1.0,0.24393756269428346,False
1466448614,1.0,0.7292740741413897,0.7292740741413897,True
1466448701,1.0,0.4474036276615706,0.4474036276615706,True
1466448743,1.0,0.028629739768878726,0.028629739768878726,True
1466448805,1.0,1.0,0.9827743512735801,False
1466448844,1.0,1.0,0.11099097912368139,False
1466448896,1.0,1.0,0.45764469705257493,False
1466448984,1.0,1.0,0.3363499368064332,False
1466449031,1.0,1.0,0.4412103838948458,False
1466449045,1.0,1.0,0.545058265392074,False
1466449099,1.0,0.9312104179100488,0.9312104179100488,True
1466449171,1.0,1.0,0.7405196976222076,False
1466449261,1.0,1.0,0.8091605806676394,False
1466449280,1.0,0.9149849535856843,0.9149849535856843,True
1466449359,1.0,0.35382474369881334,0.35382474369881334,True
1466449442,1.0,1.0,0.1619834695927117,False
1466449496,1.0,1.0,0.8049337553190031,False
1466449537,1.0,0.37311142013498055,0.37311142013498055,True
1466449555,1.0,1.0,0.22475533809449377,False
1466449629,1.0,1.0,0.17944255979335788,False
1466449635,1.0,0.49048197398564697,0.49048197398564697,True
1466449721,1.0,0.04083885758583239,0.04083885758583239,True
1466449772,1.0,0.3363834681587763,0.3363834681587763,True
1466449872,1.0,0.47993720614025315,0.47993720614025315,True
1466449873,1.0,1.0,0.3296690398106029,False
1466449884,1.0,0.7805468947627104,0.7805468947627104,True
1466449937,1.0,1.0,0.5338454201182463,False
1466449953,1.0,1.0,0.08828085832005439,False
1466449959,1.0,1.0,0.961126427879128,False
1466449961,1.0,1.0,0.9533880228590084,False
1466450018,1.0,0.13936207902444997,0.13936207902444997,True
1466450075,1.0,1.0,0.7719443571172191,False
1466450150,1.0,0.9206319516519708,0.9206319516519708,True
1466450177,1.0,1.0,0.16184681562619307,False
1466450255,1.0,0.7349188425426342,0.7349188425426342,True
1466450343,1.0,1.0,0.060743417489013574,False
1466450348,1.0,0.16177556157094886,0.16177556157094886,True
1466450401,1.0,1.0,0.6031685075184893,False
1466450433,1.0,1.0,0.4805246886097386,False
1466450507,1.0,1.0,0.23433832613819683,False
1466450536,1.0,1.0,0.4197805412324658,False
1466450627,1.0,0.050196475598678125,0.050196475598678125,True
1466450723,1.0,0.8532885061408492,0.8532885061408492,True
1466450817,1.0,0.6191335874868023,0.6191335874868023,True
1466450900,1.0,1.0,0.6765164749015478,False
1466450902,1.0,1.0,0.06406159937472622,False
1466450971,1.0,0.84737081159421,0.84737081159421,True
1466451016,1.0,0.3854762533610355,0.3854762533610355,True
1466451023,1.0,0.08475767188432881,0.08475767188432881,True
1466451073,1.0,0.6154119915259756,0.6154119915259756,True
1466451166,1.0,1.0,0.673661617160126,False
1466451231,1.0,1.0,0.26089071258265994,False
1466451245,1.0,0.7700446447332772,0.7700446447332772,True
1466451293,1.0,0.6091844464751178,0.6091844464751178,True
1466451295,1.0,0.34548289571580193,0.34548289571580193,True
1466451378,1.0,0.5883847545028917,0.5883847545028917,True
1466451445,1.0,1.0,0.04278914678057577,False
1466451508,1.0,0.5256323426157602,0.5256323426157602,True
1466451599,1.0,1.0,0.8708590126018914,False
1466451686,1.0,0.6593551311744076,0.6593551311744076,True
1466451761,1.0,1.0,0.28822412346303816,False
1466451857,1.0,0.575788346103205,0.575788346103205,True
1466451909,1.0,1.0,0.502219466235154,False
1466451919,1.0,0.7920990069157758,0.7920990069157758,True
1466452006,1.0,1.0,0.35884087642074847,False
1466452035,1.0,1.0,0.9784589283605223,False
1466452039,1.0,1.0,0.3234081242594973,False
1466452104,1.0,1.0,0.5022059169285008,False
1466452167,1.0,0.8520102018079243,0.8520102018079243,True
1466452238,1.0,1.0,0.1221086577174253,False
1466452313,1.0,0.999790476930795,0.999790476930795,True
1466452339,1.0,0.512897887589443,0.512897887589443,True
1466452419,1.0,1.0,0.07818723161947772,False
1466452424,1.0,0.44639153774242946,0.44639153774242946,True
1466452435,1.0,0.39926774312175084,0.39926774312175084,True
1466452531,1.0,1.0,0.3072028193504811,False
1466452584,1.0,1.0,0.3431289842422862,False
1466452625,1.0,0.1578024756799199,0.1578024756799199,True
1466452676,1.0,0.4457957279901069,0.4457957279901069,True
1466452752,1.0,1.0,0.11413641204201486,False
1466452796,1.0,1.0,0.8838940514123645,False
1466452825,1.0,0.8467283183793204,0.8467283183793204,True
1466452860,1.0,1.0,0.3905441804380787,False
1466452960,1.0,0.07422528661607897,0.07422528661607897,True
1466452979,1.0,1.0,0.9943307639921058,False
1466453002,1.0,0.39201982343235287,0.39201982343235287,True
1466453016,1.0,1.0,0.8216028612681373,False
1466453025,1.0,1.0,0.5234708958934493,False
1466453089,1.0,1.0,0.7641394096664845,False
1466453141,1.0,1.0,0.07434021905146493,False
1466453154,1.0,0.17057813634378693,0.17057813634378693,True
1466453184,1.0,0.7979692745734573,0.7979692745734573,True
1466453202,1.0,1.0,0.18129483989088913,False
1466453203,1.0,0.1878805256326499,0.1878805256326499,True
1466453222,1.0,1.0,0.18568507252512267,False
1466453321,1.0,1.0,0.15103437868292147,False
1466453379,1.0,1.0,0.16620507807939744,False
1466453392,1.0,1.0,0.3401142091008109,False
1466453422,1.0,1.0,0.6609680492584833,False
1466453502,1.0,0.7930876925016281,0.7930876925016281,True
1466453518,1.0,0.18846959195676027,0.18846959195676027,True
1466453563,1.0,0.13957988682573763,0.13957988682573763,True
1466453604,1.0,0.5657723106156146,0.5657723106156146,True
1466453639,1.0,1.0,0.2957163561240852,False
1466453705,1.0,1.0,0.37109534996148885,False
1466453795,1.0,1.0,0.7066068742522297,False
1466453816,1.0,1.0,0.919305861667388,False
1466453870,1.0,0.7782548856258003,0.7782548856258003,True
1466453910,1.0,1.0,0.2910035193602516,False
1466454002,1.0,0.30695568933708717,0.30695568933708717,True
1466454051,1.0,1.0,0.8121566775316664,False
1466454087,1.0,0.03762895447772119,0.03762895447772119,True
1466454129,1.0,0.4171053122010808,0.4171053122010808,True
1466454227,1.0,1.0,0.22543287933483536,False
1466454259,1.0,1.0,0.13536412768486683,False
1466454262,1.0,0.9496342247153452,0.9496342247153452,True
1466454298,1.0,0.5081696786413451,0.5081696786413451,True
1466454388,1.0,0.3718438233846211,0.3718438233846211,True
1466454399,1.0,1.0,0.8970771477329422,False
1466454473,1.0,1.0,0.48353706322586343,False
1466454529,1.0,1.0,0.7912538830813429,False
1466454559,1.0,0.4470382891789836,0.4470382891789836,True
1466454648,1.0,1.0,0.047501675517565234,False
1466454745,1.0,0.25669732973603876,0.25669732973603876,True
1466454763,1.0,1.0,0.5399578550478948,False
1466454851,1.0,0.06454521449974959,0.06454521449974959,True
1466454936,1.0,1.0,0.1969845183606891,False
1466454949,1.0,1.0,0.32782866546180534,False
1466455032,1.0,1.0,0.8501190787663688,False
1466455065,1.0,1.0,0.1296351024122817,False
1466455119,1.0,0.7282340250680661,0.7282340250680661,True
1466455172,1.0,1.0,0.34027995690504353,False
1466455196,1.0,1.0,0.5053092204356616,False
1466455271,1.0,1.0,0.9650501825800076,False
1466455357,1.0,1.0,0.08341048246671723,False
1466455361,1.0,0.01802687192836283,0.01802687192836283,True
1466455394,1.0,1.0,0.3114520281184542,False
1466455475,0.1,0.3547709984860937,0.3547709984860937,True
1466455497,0.1,0.1,0.7600054763158827,False
1466455561,0.6,0.30422874466132455,0.30422874466132455,True
1466455575,0.6,0.3856732902482597,0.3856732902482597,True
1466455587,0.6,0.6,0.49073949134527795,False
1466455651,0.6,0.6,0.2460677174747894,False
1466455658,0.6,0.4608200185134028,0.4608200185134028,True
1466455732,0.6,0.058331260253861705,0.058331260253861705,True
1466455812,0.6,0.4146521853345695,0.4146521853345695,True
1466455910,0.6,0.6,0.6565463905635301,False
1466455951,0.6,0.6,0.7583666963056229,False
1466455999,0.6,0.6,0.9809883356872029,False
1466456054,0.6,0.18885628369545004,0.18885628369545004,True
1466456058,0.6,0.6,0.7863633762620541,False
1466456074,0.6,0.35644092453498144,0.35644092453498144,True
1466456088,0.6,0.8454014093783683,0.8454014093783683,True
1466456118,0.6,0.6854971489600751,0.6854971489600751,True
1466456218,0.6,0.43814176056671783,0.43814176056671783,True
1466456265,0.6,0.6,0.2860232000746342,False
1466456270,0.6,0.6,0.9448611488307982,False
1466456312,0.6,0.6,0.48692496784233563,False
1466456346,0.6,0.5584289430903333,0.5584289430903333,True
1466456374,0.6,0.3535391528834002,0.3535391528834002,True
1466456406,0.6,0.5499744591628224,0.5499744591628224,True
1466456482,0.6,0.659079593940613,0.659079593940613,True
1466456512,0.6,0.6,0.798017288139903,False
1466456610,0.6,0.7705287462828567,0.7705287462828567,True
1466456683,0.6,0.9493346456757512,0.9493346456757512,True
1466456768,0.6,0.6,0.8844714013374618,False
1466456856,0.6,0.6187612974532574,0.6187612974532574,True
1466456927,0.6,0.7892230032582516,0.7892230032582516,True
1466457014,0.6,0.36952823652955036,0.36952823652955036,True
1466457032,0.6,0.053525144960662074,0.053525144960662074,True
1466457067,0.6,0.6,0.796021739107371,False
1466457157,0.6,0.6,0.4528042751147605,False
1466457215,0.6,0.6,0.5338856600894027,False
1466457267,0.6,0.6,0.7553012593978127,False
1466457357,0.6,0.3889268170207638,0.3889268170207638,True
1466457434,0.6,0.6,0.07217177007903564,False
1466457487,0.6,0.010664782485446,0.010664782485446,True
1466457559,0.6,0.6,0.6479146490602459,False
1466457603,0.6,0.6,0.19582537735585503,False
1466457671,0.6,0.6,0.2666257843682247,False
1466457713,0.6,0.6,0.7060370303556819,False
1466457745,0.6,0.7334575433587145,0.7334575433587145,True
1466457782,0.6,0.6,0.2179798352828013,False
1466457802,0.6,0.704307644576424,0.704307644576424,True
1466457817,0.6,0.9792911658190877,0.9792911658190877,True
1466457865,0.6,0.6,0.5397857728268429,False
1466457884,0.6,0.4914760788749267,0.4914760788749267,True
1466457885,0.6,0.22919283472132368,0.22919283472132368,True
1466457917,0.6,0.6,0.6490545026648888,False
1466457973,0.6,0.2556271496787954,0.2556271496787954,True
1466458045,0.6,0.6,0.3338055440918568,False
1466458135,0.6,0.6,0.7786421750972337,False
1466458151,0.6,0.996189592685726,0.996189592685726,True
1466458230,0.6,0.21871676317254407,0.21871676317254407,True
1466458324,0.6,0.6,0.23172962857173884,False
1466458362,0.6,0.3064117797254684,0.3064117797254684,True
1466458438,0.6,0.6,0.5245392503237771,False
1466458454,0.6,0.10916262117983588,0.10916262117983588,True
1466458496,0.6,0.9494863297001948,0.9494863297001948,True
1466458509,0.6,0.6,0.17528958761900426,False
1466458580,0.6,0.6,0.6709333442188238,False
1466458590,0.6,0.978095747286461,0.978095747286461,True
1466458626,0.6,0.9295497755602553,0.9295497755602553,True
1466458642,0.6,0.14354977768895627,0.14354977768895627,True
1466458665,0.6,0.8639668281951185,0.8639668281951185,True
1466458694,0.6,0.8020239788919468,0.8020239788919468,True
1466458762,0.6,0.6,0.12354036559994841,False
1466458793,0.6,0.6,0.29473061308159354,False
1466458824,0.6,0.2878672358011468,0.2878672358011468,True
1466458906,0.6,0.6,0.6363100088537151,False
1466458982,0.6,0.6,0.7227151216334985,False
1466459068,0.6,0.8209195080249222,0.8209195080249222,True
1466459159,0.6,0.11035113652871231,0.11035113652871231,True
1466459184,0.6,0.6,0.7568265427280736,False
1466459273,0.6,0.6,0.05918164277381721,False
1466459372,0.6,0.9956201264051122,0.9956201264051122,True
1466459415,0.6,0.33757258668803647,0.33757258668803647,True
1466459483,0.6,0.49928059141737535,0.49928059141737535,True
1466459504,0.6,0.6,0.7254186312627645,False
1466459588,0.6,0.9746208918413016,0.9746208918413016,True
1466459595,0.6,0.6,0.9781390815225944,False
1466459673,0.6,0.2706228894793362,0.2706228894793362,True
1466459726,0.6,0.7543335680646912,0.7543335680646912,True
1466459800,0.6,0.6,0.7802463480250029,False
1466459857,0.6,0.12353561909160626,0.12353561909160626,True
1466459887,0.6,0.4764596785689875,0.4764596785689875,True
1466459913,0.6,0.6,0.6758455099224322,False
1466459974,0.6,0.6,0.8592053423206,False
1466459995,0.6,0.6,0.3606766007508474,False
1466460001,0.6,0.6,0.18029019195463714,False
1466460054,0.6,0.038283596269211295,0.038283596269211295,True
1466460130,0.6,0.48728835119339287,0.48728835119339287,True
1466460215,0.6,0.6,0.3410524905538257,False
1466460252,0.6,0.7959823849275669,0.7959823849275669,True
1466460272,0.6,0.6,0.6772407495767422,False
1466460346,0.6,0.5708184949396944,0.5708184949396944,True
1466460440,0.6,0.7566259958586835,0.7566259958586835,True
1466460461,0.6,0.32979971326221713,0.32979971326221713,True
1466460528,0.6,0.6,0.16409149450855098,False
1466460610,0.6,0.6712688582197813,0.6712688582197813,True
1466460630,0.6,0.005394507503013846,0.005394507503013846,True
1466460691,0.6,0.6068911911465972,0.6068911911465972,True
1466460706,0.6,0.3861783186162904,0.3861783186162904,True
1466460739,0.6,0.35091106111448034,0.35091106111448034,True
1466460765,0.6,0.45625157043355613,0.45625157043355613,True
1466460795,0.6,0.6736255678955153,0.6736255678955153,True
1466460877,0.6,0.8438288990163276,0.8438288990163276,True
1466460973,0.6,0.7672817114733048,0.7672817114733048,True
1466461009,0.6,0.6,0.9669842114210689,False
1466461027,0.6,0.6,0.35894944472156165,False
1466461032,0.6,0.6,0.11852562925548915,False
1466461096,0.6,0.166989248482998,0.166989248482998,True
1466461169,0.6,0.6938089498022644,0.6938089498022644,True
1466461256,0.6,0.7254304395604907,0.7254304395604907,True
1466461351,0.6,0.5474895293991193,0.5474895293991193,True
1466461451,0.6,0.9567889222479857,0.9567889222479857,True
1466461531,0.6,0.9112857022303673,0.9112857022303673,True
1466461568,0.6,0.1467140591894568,0.1467140591894568,True
1466461583,0.6,0.6,0.04237173119804194,False
1466461647,0.6,0.04350288119192203,0.04350288119192203,True
1466461703,0.6,0.6,0.7401978168510143,False
1466461794,0.6,0.1817463256789098,0.1817463256789098,True
1466461813,0.6,0.4585629768261801,0.4585629768261801,True
1466461910,0.6,0.6,0.8268587365369577,False
1466461988,0.6,0.31994995995373765,0.31994995995373765,True
1466462056,0.6,0.10130926364165316,0.10130926364165316,True
1466462101,0.6,0.2219654512822692,0.2219654512822692,True
1466462155,0.6,0.6,0.040585969904708974,False
1466462215,0.6,0.5044278337405391,0.5044278337405391,True
1466462278,0.6,0.18376773358368048,0.18376773358368048,True
1466462368,0.6,0.6,0.3376729723455967,False
1466462412,0.6,0.6,0.6247114750294813,False
1466462512,0.6,0.6,0.5700262451163861,False
1466462594,0.6,0.5214050196057325,0.5214050196057325,True
1466462671,0.6,0.7923500149961682,0.7923500149961682,True
1466462716,0.6,0.6,0.4876466775290308,False
1466462746,0.6,0.6,0.38786096514499924,False
1466462782,0.6,0.5717006703667381,0.5717006703667381,True
1466462820,0.6,0.14819539284530958,0.14819539284530958,True
1466462833,0.6,0.25203308298631455,0.25203308298631455,True
1466462842,0.6,0.2137968575142648,0.2137968575142648,True
1466462850,0.6,0.6,0.2563330462192015,False
1466462941,0.6,0.6,0.4727791790549949,False
1466463026,0.6,0.6,0.09162036878249724,False
1466463117,0.6,0.6,0.17287069382293296,False
1466463139,0.9,0.9,0.037792830760988605,False
