1466410104,65.5,11.836129477071227,11.836129477071227,True
1466410114,65.5,12.784757484434408,12.784757484434408,True
1466410130,65.5,85.11138733762697,85.11138733762697,True
1466410181,65.5,65.5,53.48109155860544,False
1466410203,65.5,65.5,4.656695115613793,False
1466410250,65.5,77.3446751123016,77.3446751123016,True
1466410309,65.5,42.16440993285693,42.16440993285693,True
1466410397,65.5,20.036620690601097,20.036620690601097,True
1466410430,65.5,65.5,82.62890286898252,False
1466410469,65.5,65.5,3.6744586422361194,False
1466410483,65.5,20.091667055612255,20.091667055612255,True
1466410498,65.2,65.2,3.1386980652537377,False
1466410502,65.2,22.50630206649226,22.50630206649226,True
1466410532,65.2,28.19392589440102,28.19392589440102,True
1466410541,61.3,1.3896256873484178,1.3896256873484178,True
1466410573,61.3,61.3,13.582937308990747,False
1466410630,61.3,61.3,0.15677346814151838,False
1466410653,61.3,49.85007897164743,49.85007897164743,True
1466410746,61.3,61.3,29.708667839706,False
1466410814,61.3,61.3,2.2820650119236423,False
1466410890,61.3,61.3,76.41628376635816,False
1466410902,61.3,87.8031182195843,87.8031182195843,True
1466410978,61.3,61.3,13.140019283949552,False
1466411008,62.9,41.909305208896676,41.909305208896676,True
1466411066,62.9,45.59584405301016,45.59584405301016,True
1466411094,62.9,62.9,67.47219145154848,False
1466411157,62.9,22.971753528851043,22.971753528851043,True
1466411223,60.7,14.79859154813479,14.79859154813479,True
1466411226,60.7,28.375526182810873,28.375526182810873,True
1466411272,60.7,60.7,17.039069874888014,False
1466411303,56.4,56.4,37.59755687314167,False
1466411318,56.4,24.390223072865723,24.390223072865723,True
1466411396,56.4,45.01664099945634,45.01664099945634,True
1466411493,56.4,56.4,18.873353627305395,False
1466411549,56.4,56.4,12.822090242343362,False
1466411560,56.4,64.56808961054418,64.56808961054418,True
1466411626,56.4,56.4,5.203484532240834,False
1466411723,56.4,35.36609723126454,35.36609723126454,True
1466411763,58.8,58.8,57.80394877083301,False
1466411785,58.8,18.168052736263412,18.168052736263412,True
1466411854,58.8,58.8,73.4171655044361,False
1466411889,58.8,58.8,5.1831244563518615,False
1466411988,58.8,58.8,5.512536839819205,False
1466412022,58.8,25.73165894207359,25.73165894207359,True
1466412046,61.4,61.4,35.274713100574154,False
1466412076,61.4,61.4,41.75411323659929,False
1466412152,61.4,51.34941109192021,51.34941109192021,True
1466412181,61.4,61.4,46.233598513379995,False
1466412201,63.7,63.7,85.18044430619138,False
1466412260,63.7,63.7,44.2199773136784,False
1466412347,63.7,66.89994878291671,66.89994878291671,True
1466412360,63.7,63.7,29.812310968659215,False
1466412438,63.7,63.7,49.785691273396694,False
1466412521,67.4,67.4,18.310575005755613,False
1466412599,67.4,27.024167147874547,27.024167147874547,True
1466412639,67.4,67.4,11.912068462031842,False
1466412691,67.4,67.4,20.623964985997222,False
1466412747,65.0,53.394986335238485,53.394986335238485,True
1466412794,65.0,82.29030919616346,82.29030919616346,True
1466412819,65.0,81.5767591082192,81.5767591082192,True
1466412832,63.1,29.350092425772868,29.350092425772868,True
1466412874,63.1,22.609414346957916,22.609414346957916,True
1466412943,63.1,63.1,14.905561167991921,False
1466412971,63.1,21.548788874212484,21.548788874212484,True
1466412990,63.1,63.1,7.887718552923561,False
1466413028,63.1,63.1,1.6607586681564483,False
1466413053,63.1,32.672770715648795,32.672770715648795,True
1466413125,63.1,63.1,27.81127430314382,False
1466413200,63.1,63.1,27.158800004630482,False
1466413264,63.1,18.946502922005386,18.946502922005386,True
1466413311,63.1,63.1,38.68454591246793,False
1466413342,63.1,42.99701631271106,42.99701631271106,True
1466413440,63.1,55.872304300696264,55.872304300696264,True
1466413458,63.1,19.340154787982726,19.340154787982726,True
1466413529,63.1,63.1,67.65815083442472,False
1466413542,63.1,70.19097644418835,70.19097644418835,True
1466413638,63.1,2.8787783844727497,2.8787783844727497,True
1466413672,63.1,63.1,85.12114117431346,False
1466413733,63.1,10.37748945645666,10.37748945645666,True
1466413779,63.1,54.645511364860226,54.645511364860226,True
1466413780,63.1,62.20327055614978,62.20327055614978,True
1466413864,63.6,84.43264077518683,84.43264077518683,True
1466413885,65.7,65.7,54.997269167459535,False
1466413946,64.3,64.3,50.27634490767037,False
1466414033,64.3,64.3,29.984184916775835,False
1466414071,63.2,63.2,67.94047606339248,False
1466414164,63.2,63.2,48.20105138807257,False
1466414225,63.2,63.2,10.027547483614454,False
1466414312,67.3,67.3,65.53801194685106,False
1466414325,67.3,67.3,4.201472726728928,False
1466414328,67.3,61.53075432407961,61.53075432407961,True
1466414329,67.3,67.3,26.628929203473806,False
1466414402,67.3,28.491898079473664,28.491898079473664,True
1466414407,67.3,67.3,78.21197073082426,False
1466414413,67.3,59.68050000332081,59.68050000332081,True
1466414460,67.3,67.3,67.35162206896811,False
1466414552,66.0,2.8971014641497064,2.8971014641497064,True
1466414602,66.0,66.0,83.57057295910153,False
1466414662,66.0,85.05064831222998,85.05064831222998,True
1466414746,66.0,58.21770641451043,58.21770641451043,True
1466414844,66.0,66.0,19.24669856922024,False
1466414943,66.0,66.0,34.27466689652126,False
1466414946,66.0,66.0,63.311228426226215,False
1466414966,66.0,7.4254116654927715,7.4254116654927715,True
1466415038,66.0,66.0,11.585099468471302,False
1466415106,66.0,66.0,86.74396398741402,False
1466415130,66.0,66.0,9.119065600082806,False
1466415145,66.0,66.0,4.782399667474305,False
1466415202,66.0,66.0,54.090788800215364,False
1466415239,66.0,13.49106346921325,13.49106346921325,True
1466415249,66.0,4.012041757845079,4.012041757845079,True
1466415308,66.0,66.0,78.2154903988906,False
1466415357,66.0,66.0,84.68462679502173,False
1466415404,66.0,51.03203086382982,51.03203086382982,True
1466415469,66.0,78.30676401449547,78.30676401449547,True
1466415548,66.0,66.0,79.44477668164203,False
1466415588,66.0,66.0,65.44056418441907,False
1466415627,66.0,66.0,22.889223182585454,False
1466415719,66.0,66.0,36.60646607606434,False
1466415767,66.0,66.0,4.470307858116806,False
1466415860,69.2,8.9398865231757,8.9398865231757,True
1466415872,69.2,88.64146735037315,88.64146735037315,True
1466415914,69.2,69.2,62.63380931573695,False
1466415934,69.2,69.2,74.62253061815474,False
1466415988,69.2,83.8119774733436,83.8119774733436,True
1466416004,69.2,69.2,5.231104717994706,False
1466416050,71.9,84.79281923979963,84.79281923979963,True
1466416150,71.9,33.18160011927099,33.18160011927099,True
1466416161,71.9,71.9,23.93446423630481,False
1466416215,72.0,72.0,9.545798573249717,False
1466416315,72.0,72.0,84.01614386068044,False
1466416321,72.0,14.796822119094397,14.796822119094397,True
1466416393,72.0,72.0,44.334564555763734,False
1466416440,74.6,29.36608799158249,29.36608799158249,True
1466416510,74.6,26.032652470117547,26.032652470117547,True
1466416541,74.6,84.00745257890961,84.00745257890961,True
1466416631,72.8,72.8,5.211257663472569,False
1466416671,72.8,47.60933941263781,47.60933941263781,True
1466416725,72.8,72.8,31.10703225118082,False
1466416815,72.8,72.8,31.026427753621235,False
1466416867,72.8,72.8,84.69580920481785,False
1466416933,72.8,72.8,7.367870115164766,False
1466416963,76.1,76.1,62.42255754540369,False
1466417034,76.1,7.499075399778934,7.499075399778934,True
1466417069,76.1,76.1,26.692723132097317,False
1466417095,76.1,76.1,47.90287283309697,False
1466417123,76.1,9.967797022711192,9.967797022711192,True
1466417219,74.1,35.785810593355706,35.785810593355706,True
1466417228,74.1,74.1,77.54233849042483,False
1466417235,74.1,78.90842166753936,78.90842166753936,True
1466417266,74.4,74.4,15.405525097589344,False
1466417298,74.4,21.104609997097374,21.104609997097374,True
1466417382,74.4,74.4,26.212923147385656,False
1466417429,74.4,62.29319653889328,62.29319653889328,True
1466417434,74.4,74.4,5.818748966003844,False
1466417513,74.4,76.65846662051466,76.65846662051466,True
1466417598,74.4,74.4,75.71605897796786,False
1466417615,74.4,14.485537775145087,14.485537775145087,True
1466417654,74.4,59.2603040443575,59.2603040443575,True
1466417749,73.9,73.9,19.67980726508133,False
1466417763,73.9,13.536203111383253,13.536203111383253,True
1466417822,73.9,73.9,22.70798253079727,False
1466417851,74.2,51.52738686080766,51.52738686080766,True
1466417855,74.2,39.22482276010432,39.22482276010432,True
1466417879,74.2,81.9703724250575,81.9703724250575,True
1466417895,74.2,33.616477470409144,33.616477470409144,True
1466417969,74.2,74.2,48.95388612743173,False
1466418049,74.2,81.93815595671023,81.93815595671023,True
1466418118,74.2,63.80675363615515,63.80675363615515,True
1466418129,74.2,74.2,23.41290966333024,False
1466418179,74.2,74.2,70.52807054090476,False
1466418254,74.2,9.81783334167127,9.81783334167127,True
1466418332,76.8,76.8,83.33549180566462,False
1466418428,75.0,57.657673282083714,57.657673282083714,True
1466418494,75.0,75.0,21.667698213347293,False
1466418554,75.0,75.0,17.726394469529676,False
1466418563,75.0,75.0,52.79298068478253,False
1466418564,75.0,81.52491770809229,81.52491770809229,True
1466418594,75.0,75.0,73.54840324776643,False
1466418674,75.0,75.0,68.9116424311332,False
1466418748,75.0,25.541552269693582,25.541552269693582,True
1466418847,75.0,85.25608249391914,85.25608249391914,True
1466418877,75.0,83.33307265280227,83.33307265280227,True
1466418917,75.0,75.0,75.7350559645142,False
1466418938,73.1,73.1,52.92485592244136,False
1466419031,73.1,73.1,5.535839132202894,False
1466419058,73.1,30.14615768442255,30.14615768442255,True
1466419104,73.1,49.764845221380824,49.764845221380824,True
1466419166,69.1,13.116543573013058,13.116543573013058,True
1466419261,69.1,69.1,54.87030780654117,False
1466419349,69.1,69.1,83.70098267761897,False
1466419442,68.5,22.998535711506808,22.998535711506808,True
1466419530,68.5,68.5,36.365742343461214,False
1466419595,68.5,42.923325004619784,42.923325004619784,True
1466419646,68.5,75.60644696873936,75.60644696873936,True
1466419737,68.5,46.38408574874713,46.38408574874713,True
1466419826,68.5,73.67590673276196,73.67590673276196,True
1466419880,68.5,68.5,55.71253758972055,False
1466419911,68.5,68.5,49.550270815930595,False
1466419938,68.5,56.38085581087395,56.38085581087395,True
1466420016,68.5,68.5,56.54371586236614,False
1466420019,68.5,28.335386529972077,28.335386529972077,True
1466420108,68.5,68.5,87.01555773580608,False
1466420205,72.6,72.6,4.286156243440509,False
1466420228,70.7,42.03605788817319,42.03605788817319,True
1466420257,70.7,70.7,87.13387837943377,False
1466420270,70.7,11.928434241317849,11.928434241317849,True
1466420296,70.7,70.7,51.57416669319618,False
1466420331,70.7,70.7,65.56229820928723,False
1466420407,70.7,10.57274049168776,10.57274049168776,True
1466420430,72.0,72.0,75.20711497613914,False
1466420453,74.8,74.8,5.729350656842236,False
1466420474,77.3,31.250493268672923,31.250493268672923,True
1466420566,77.3,77.3,14.929599317247082,False
1466420579,74.7,74.7,42.80430137504757,False
1466420618,74.7,21.235793240496317,21.235793240496317,True
1466420624,74.7,13.252034373999535,13.252034373999535,True
1466420643,74.7,78.26333042858195,78.26333042858195,True
1466420695,75.3,75.3,51.330255733877856,False
1466420788,75.3,80.61619913721549,80.61619913721549,True
1466420863,75.3,75.3,3.7317299170233773,False
1466420947,75.5,58.67978100084727,58.67978100084727,True
1466421003,75.5,75.5,29.459954943365066,False
1466421032,75.5,35.6425891728934,35.6425891728934,True
1466421050,75.5,75.5,78.53269682171563,False
1466421116,75.5,26.293084950093974,26.293084950093974,True
1466421208,79.0,63.663060307595366,63.663060307595366,True
1466421234,79.0,79.0,79.13438892747426,False
1466421262,79.0,39.45657806125032,39.45657806125032,True
1466421353,79.0,34.32217806594245,34.32217806594245,True
1466421360,79.0,79.0,45.022958402698336,False
1466421392,79.0,9.766584688962196,9.766584688962196,True
1466421480,79.0,79.0,17.890470763149395,False
1466421530,82.8,49.60049093287083,49.60049093287083,True
1466421547,84.9,84.9,61.74963414372008,False
1466421591,86.4,86.4,54.28718367077882,False
1466421633,86.4,86.4,30.798146756786366,False
1466421636,86.4,86.4,78.79516608518028,False
1466421670,83.9,83.9,13.361161286308102,False
1466421695,83.9,83.9,61.648104094145296,False
1466421721,83.9,25.88798063332394,25.88798063332394,True
1466421804,83.5,83.5,8.902124367794467,False
1466421819,83.5,83.5,6.628864477267932,False
1466421862,83.5,56.83510437117235,56.83510437117235,True
1466421885,83.5,51.86677901461882,51.86677901461882,True
1466421936,83.5,66.64087763999395,66.64087763999395,True
1466422012,83.5,61.89142428998955,61.89142428998955,True
1466422044,83.5,83.5,88.3620621277553,False
1466422045,83.5,11.689844568848066,11.689844568848066,True
1466422137,82.5,7.310923694614377,7.310923694614377,True
1466422162,82.5,82.5,68.60663012786172,False
1466422189,85.9,85.9,20.705447044048697,False
1466422197,87.6,87.6,44.55209116893888,False
1466422264,87.6,87.6,27.487714432202928,False
1466422330,87.6,36.73453724556384,36.73453724556384,True
1466422378,87.6,81.50078924939885,81.50078924939885,True
1466422432,91.6,69.01147151794883,69.01147151794883,True
1466422488,91.6,32.30297739607297,32.30297739607297,True
1466422577,91.6,91.6,11.611946885594318,False
1466422628,91.6,91.6,73.04987216021416,False
1466422638,91.6,53.73157343066793,53.73157343066793,True
1466422666,91.6,62.16126733162404,62.16126733162404,True
1466422706,91.6,21.02590706842049,21.02590706842049,True
1466422731,91.6,91.6,83.77442433422844,False
1466422804,91.6,91.6,33.499718775164744,False
1466422866,91.6,12.659212646632389,12.659212646632389,True
1466422873,92.3,6.074409382293666,6.074409382293666,True
1466422895,92.3,92.3,56.711960062239804,False
1466422953,92.3,9.793713210836671,9.793713210836671,True
1466422973,92.3,22.987478739177075,22.987478739177075,True
1466423017,92.3,92.3,49.60231238782423,False
1466423051,92.3,83.35700717301866,83.35700717301866,True
1466423099,92.3,4.388437044235163,4.388437044235163,True
1466423150,92.3,92.3,22.74579264297647,False
1466423155,92.3,92.3,83.41820376955532,False
1466423168,92.3,26.323130132338147,26.323130132338147,True
1466423205,93.4,93.4,69.84783914011494,False
1466423275,93.4,93.4,16.54930084286048,False
1466423287,97.5,97.5,46.718962958285836,False
1466423336,97.5,97.5,42.87429024109207,False
1466423340,97.5,1.570304888279913,1.570304888279913,True
1466423355,97.5,88.57081710534274,88.57081710534274,True
1466423443,100.7,63.33258630208243,63.33258630208243,True
1466423499,100.7,100.7,7.9834392559084275,False
1466423585,100.7,54.193780781356395,54.193780781356395,True
1466423612,97.7,60.43274766097658,60.43274766097658,True
1466423669,97.7,97.7,14.999901014697546,False
1466423705,97.7,97.7,79.27654339803453,False
1466423770,97.7,18.38367695208013,18.38367695208013,True
1466423844,97.7,97.7,10.484211589508977,False
1466423902,97.7,97.7,61.18187407717689,False
1466423913,97.7,74.95907784375517,74.95907784375517,True
1466423972,97.7,97.7,22.26116417238983,False
1466424014,97.7,6.846594987783831,6.846594987783831,True
1466424069,97.7,51.18824466382708,51.18824466382708,True
1466424154,97.7,97.7,63.988679047762645,False
1466424155,97.7,97.7,9.621196113841972,False
1466424169,97.7,15.256460970159232,15.256460970159232,True
1466424262,101.7,48.76146136857314,48.76146136857314,True
1466424339,101.7,101.7,27.08749350334997,False
1466424398,102.1,102.1,58.22917424328247,False
1466424497,102.1,102.1,32.22381725818497,False
1466424558,100.4,80.57628524004116,80.57628524004116,True
1466424613,99.2,10.55983651351727,10.55983651351727,True
1466424713,99.2,99.2,13.839509197507358,False
1466424804,99.2,99.2,26.06564722472894,False
1466424878,100.2,100.2,57.35067531229631,False
1466424924,100.2,21.42303838540028,21.42303838540028,True
1466425009,100.2,100.2,64.78586160910574,False
1466425106,100.2,100.2,5.54649229956038,False
1466425129,97.2,97.2,83.05993282570988,False
1466425179,97.2,47.907989297046505,47.907989297046505,True
1466425257,98.7,98.7,42.909996104159134,False
1466425262,98.7,55.38394624412938,55.38394624412938,True
1466425305,98.7,98.7,39.04883880115645,False
1466425331,98.7,98.7,71.30727255568225,False
1466425338,98.7,98.7,46.665340947598004,False
1466425377,98.7,98.7,81.17318584180693,False
1466425380,98.7,98.7,19.141226469426552,False
1466425417,99.2,99.2,38.03374036215753,False
1466425484,99.2,99.2,55.695000843760376,False
1466425517,97.2,97.2,36.67751443175368,False
1466425553,97.2,1.0263936908008553,1.0263936908008553,True
1466425640,97.2,27.779119943485775,27.779119943485775,True
1466425687,97.2,97.2,83.597922536375,False
1466425711,97.2,71.25538818976698,71.25538818976698,True
1466425768,98.4,12.834274331429983,12.834274331429983,True
1466425811,98.4,40.67301455880605,40.67301455880605,True
1466425856,98.4,98.4,1.7909101291212064,False
1466425869,98.4,85.45300881206799,85.45300881206799,True
1466425884,99.3,99.3,73.9556977846582,False
1466425962,99.3,99.3,49.58517245724622,False
1466425974,99.3,82.62484098479733,82.62484098479733,True
1466426016,99.3,99.3,39.541387697102685,False
1466426024,95.0,95.0,52.53370359473944,False
1466426034,95.0,95.0,29.324615419094087,False
1466426130,95.0,95.0,19.90994663340542,False
1466426189,95.0,27.840841498590645,27.840841498590645,True
1466426198,95.0,95.0,11.59549478334215,False
1466426280,95.0,39.69147317093724,39.69147317093724,True
1466426298,95.0,95.0,86.52832647596762,False
1466426380,95.0,31.70180462851512,31.70180462851512,True
1466426420,95.0,4.316684117480735,4.316684117480735,True
1466426509,95.0,95.0,2.85194343522917,False
1466426521,95.0,36.850130959947045,36.850130959947045,True
1466426535,92.1,92.1,81.0799122865032,False
1466426563,92.6,92.6,81.02538278187883,False
1466426620,92.6,14.915371571820298,14.915371571820298,True
1466426694,92.6,44.51122316211622,44.51122316211622,True
1466426764,96.4,24.482852051820053,24.482852051820053,True
1466426778,96.4,70.60355207848976,70.60355207848976,True
1466426866,96.4,72.30053336975851,72.30053336975851,True
1466426938,96.4,8.222530064769444,8.222530064769444,True
1466427022,96.4,73.37971843019365,73.37971843019365,True
1466427059,92.1,92.1,82.9197874428982,False
1466427125,92.1,92.1,63.47816590517142,False
1466427204,90.8,53.31372075276093,53.31372075276093,True
1466427240,90.8,90.8,23.34419181577959,False
1466427317,90.8,59.90308541896763,59.90308541896763,True
1466427319,90.8,90.8,40.80554419370494,False
1466427331,90.8,41.21984659986641,41.21984659986641,True
1466427425,90.8,46.919049730813214,46.919049730813214,True
1466427458,90.8,0.8184591382003137,0.8184591382003137,True
1466427495,90.8,90.8,53.43461023530397,False
1466427543,90.8,31.032137523801307,31.032137523801307,True
1466427625,90.8,84.51416743429637,84.51416743429637,True
1466427663,90.8,63.670589880137776,63.670589880137776,True
1466427672,93.8,93.8,76.3014095705964,False
1466427684,93.8,93.8,21.334186903408124,False
1466427739,93.8,93.8,29.276548480318745,False
1466427769,93.8,31.105686259842333,31.105686259842333,True
1466427775,93.7,93.7,13.13978620025669,False
1466427820,96.6,37.82478866731176,37.82478866731176,True
1466427837,96.6,30.914575813955075,30.914575813955075,True
1466427846,97.6,77.16783639479931,77.16783639479931,True
1466427904,97.6,97.6,53.45203507108257,False
1466427997,99.8,28.86050515602053,28.86050515602053,True
1466428027,99.8,8.5458912267848,8.5458912267848,True
1466428114,101.1,101.1,24.36126520384232,False
1466428212,101.1,63.70313677375382,63.70313677375382,True
1466428294,97.0,97.0,41.28936421048816,False
1466428321,97.0,97.0,42.56342249904739,False
1466428340,97.0,38.43020053890238,38.43020053890238,True
1466428378,97.0,97.0,80.68930260374961,False
1466428463,97.0,1.278640434346402,1.278640434346402,True
1466428551,97.0,70.14717825713741,70.14717825713741,True
1466428575,97.0,97.0,32.945760138225964,False
1466428593,97.0,97.0,80.29188624050664,False
1466428682,97.0,97.0,64.13912173481995,False
1466428699,97.0,97.0,37.35307455281631,False
1466428719,97.0,45.24094018699162,45.24094018699162,True
1466428819,97.0,80.21896201440475,80.21896201440475,True
1466428850,97.0,37.331579310441356,37.331579310441356,True
1466428884,97.0,31.621498735079147,31.621498735079147,True
1466428973,97.0,31.77491653820039,31.77491653820039,True
1466429006,97.0,8.890265614831016,8.890265614831016,True
1466429026,100.1,7.981746073367814,7.981746073367814,True
1466429066,100.1,100.1,32.421799498264754,False
1466429072,100.1,24.151446214911463,24.151446214911463,True
1466429103,100.1,100.1,29.026501490646833,False
1466429110,98.8,98.8,0.6821819056390872,False
1466429123,98.8,98.8,6.129935048161389,False
1466429168,98.8,98.8,85.42190568068628,False
1466429182,101.9,43.617517855134864,43.617517855134864,True
1466429184,101.9,101.9,58.141884319754084,False
1466429197,101.9,101.9,5.70304618709218,False
1466429280,101.9,101.9,60.402351906815106,False
1466429378,101.9,101.9,84.76923010294642,False
1466429450,101.9,101.9,26.244823617272214,False
1466429455,101.9,86.43629857095358,86.43629857095358,True
1466429510,101.9,101.9,59.874918564901996,False
1466429565,101.9,101.9,80.67277069326377,False
1466429566,101.9,87.78650861668798,87.78650861668798,True
1466429592,103.3,49.47375021009749,49.47375021009749,True
1466429623,103.3,103.3,47.66927123579042,False
1466429691,103.3,103.3,43.53339388883105,False
1466429733,103.3,103.3,5.691024717831747,False
1466429803,103.3,36.10188761706169,36.10188761706169,True
1466429832,104.2,83.44829778228664,83.44829778228664,True
1466429905,101.2,4.087858611198949,4.087858611198949,True
1466429997,101.2,45.06151581323724,45.06151581323724,True
1466430050,98.1,98.1,72.20826347015799,False
1466430088,98.1,10.811181264703965,10.811181264703965,True
1466430174,98.1,98.1,4.969849378350919,False
1466430247,98.1,98.1,69.66779412376235,False
1466430344,98.1,31.981115173473793,31.981115173473793,True
1466430375,98.1,65.05449363373222,65.05449363373222,True
1466430400,102.2,102.2,5.005395313989533,False
1466430457,102.2,11.690433838926106,11.690433838926106,True
1466430483,102.2,69.67705105859136,69.67705105859136,True
1466430517,102.1,102.1,81.87640183140775,False
1466430524,102.1,21.475213937742826,21.475213937742826,True
1466430592,102.1,102.1,19.305047161507357,False
1466430616,102.1,14.31496694521411,14.31496694521411,True
1466430631,102.1,85.22732909430509,85.22732909430509,True
1466430680,102.1,88.04617612751979,88.04617612751979,True
1466430734,99.6,73.581444376931,73.581444376931,True
1466430790,99.6,99.6,33.39399135532642,False
1466430815,99.6,87.72565096795189,87.72565096795189,True
1466430895,99.6,37.00225838490946,37.00225838490946,True
1466430916,99.6,99.6,36.50915867976517,False
1466430929,99.6,99.6,74.26219810093774,False
1466430936,99.6,5.181721770009565,5.181721770009565,True
1466431009,101.0,101.0,79.24482783292125,False
1466431036,98.4,45.2742380446518,45.2742380446518,True
1466431055,98.4,38.957164353672596,38.957164353672596,True
1466431145,98.4,31.75883896102651,31.75883896102651,True
1466431218,98.4,52.62358320000263,52.62358320000263,True
1466431290,95.4,86.07578666467177,86.07578666467177,True
1466431324,95.4,78.50574801642198,78.50574801642198,True
1466431400,95.1,85.55291642044476,85.55291642044476,True
1466431450,95.1,95.1,46.440212912497785,False
1466431526,97.4,97.4,43.57866220868567,False
1466431589,97.4,97.4,6.251210760882339,False
1466431661,97.4,15.915398589166506,15.915398589166506,True
1466431760,95.2,11.740654094822943,11.740654094822943,True
1466431796,95.2,95.2,14.627315937493606,False
1466431848,95.2,95.2,65.87211690584563,False
1466431879,95.2,95.2,22.86785738042269,False
1466431954,95.2,95.2,32.45215018948154,False
1466431958,96.9,96.9,85.63135566933414,False
1466432002,96.9,36.559009741767795,36.559009741767795,True
1466432101,96.9,96.9,79.04267849606615,False
1466432177,96.9,82.1518188116121,82.1518188116121,True
1466432194,96.9,76.51589865608952,76.51589865608952,True
1466432237,96.9,96.9,7.509231615284593,False
1466432280,96.9,7.201193728086239,7.201193728086239,True
1466432373,96.9,19.913115731271215,19.913115731271215,True
1466432389,96.9,23.875787920027143,23.875787920027143,True
1466432415,96.9,71.18448825279259,71.18448825279259,True
1466432417,93.6,93.6,73.77223655427935,False
1466432506,93.6,93.6,4.115198171217676,False
1466432569,90.9,90.9,84.27629189964853,False
1466432577,90.9,90.9,22.655544975916282,False
1466432670,90.9,90.9,23.9281125729102,False
1466432706,90.9,90.9,53.85058430108043,False
1466432804,91.1,86.66124122052243,86.66124122052243,True
1466432853,91.1,0.9783311622808168,0.9783311622808168,True
1466432947,91.1,91.1,25.335021295837507,False
1466433040,91.1,18.30696409204336,18.30696409204336,True
1466433128,91.1,71.19295767984485,71.19295767984485,True
1466433145,91.1,15.237941979286893,15.237941979286893,True
1466433195,91.1,33.15457616375153,33.15457616375153,True
1466433289,91.1,88.23062015749422,88.23062015749422,True
1466433375,93.7,24.42045378553353,24.42045378553353,True
1466433427,93.7,93.7,31.48401411084566,False
1466433478,93.7,35.45159836833864,35.45159836833864,True
1466433517,96.6,0.654031908832971,0.654031908832971,True
1466433615,96.6,96.6,5.416862221715256,False
1466433672,92.3,65.12790129842833,65.12790129842833,True
1466433762,92.3,92.3,75.73001008765601,False
1466433809,92.3,41.79816132916927,41.79816132916927,True
1466433873,92.3,78.168198338998,78.168198338998,True
1466433910,92.3,92.3,29.416884503174565,False
1466433994,92.3,92.3,10.543271266328267,False
1466434003,92.3,92.3,73.81711486706523,False
1466434045,92.3,92.3,64.82298410921551,False
1466434096,95.8,87.16418774233955,87.16418774233955,True
1466434173,95.8,19.05273957409854,19.05273957409854,True
1466434199,95.8,1.3296158141843628,1.3296158141843628,True
1466434224,95.8,95.8,8.938124958342927,False
1466434308,95.8,95.8,5.980203559189988,False
1466434359,95.8,95.8,23.010391115383097,False
1466434371,96.1,96.1,38.91955314731814,False
1466434457,96.1,61.533084506867986,61.533084506867986,True
1466434498,96.0,60.6521466155724,60.6521466155724,True
1466434552,96.0,96.0,83.9470276316996,False
1466434622,95.5,95.5,79.81898259109401,False
1466434691,95.5,95.5,7.33074683233762,False
1466434718,95.5,95.5,67.88800672806644,False
1466434727,95.5,95.5,36.22771882464669,False
1466434815,95.5,18.41564606747858,18.41564606747858,True
1466434892,95.5,95.5,17.256209808661634,False
1466434915,95.5,62.77554669500529,62.77554669500529,True
1466434946,95.5,95.5,87.04424190713668,False
1466434988,96.7,96.7,69.43412372983774,False
1466435020,96.7,96.7,51.53545208897435,False
1466435090,96.7,23.165080078204134,23.165080078204134,True
1466435099,96.7,67.55185112528855,67.55185112528855,True
1466435145,96.7,96.7,29.254223524566743,False
1466435186,96.7,96.7,37.72013020794723,False
1466435246,96.7,96.7,63.24875994499399,False
1466435284,100.3,100.3,44.23827561368305,False
1466435327,100.3,68.37704379092335,68.37704379092335,True
1466435369,100.3,100.3,74.18150156806308,False
1466435408,100.3,4.1758292673210065,4.1758292673210065,True
1466435468,100.3,100.3,9.175911267574113,False
1466435486,103.5,103.5,29.8541765763083,False
1466435555,103.5,57.20859249088531,57.20859249088531,True
1466435624,100.5,100.5,41.36684884615806,False
1466435659,100.5,47.44276917398442,47.44276917398442,True
1466435682,100.5,73.75194279327233,73.75194279327233,True
1466435712,100.5,51.65864166120822,51.65864166120822,True
1466435794,100.5,100.5,84.36797735224623,False
1466435878,100.5,100.5,37.88714747876321,False
1466435904,100.5,43.06761183303891,43.06761183303891,True
1466435971,103.2,13.835912600122485,13.835912600122485,True
1466436041,103.2,103.2,69.33562179927793,False
1466436059,103.2,72.43662536311234,72.43662536311234,True
1466436093,103.2,56.740241587250544,56.740241587250544,True
1466436178,101.4,101.4,76.44527377247836,False
1466436230,101.4,22.294866213208092,22.294866213208092,True
1466436280,101.4,101.4,52.93128472753951,False
1466436332,101.4,40.944179665485784,40.944179665485784,True
1466436333,101.4,101.4,55.80623943524062,False
1466436431,101.4,74.24245330841862,74.24245330841862,True
1466436520,102.0,78.4977063422352,78.4977063422352,True
1466436572,102.0,67.71496423573896,67.71496423573896,True
1466436647,102.0,102.0,42.41893726567194,False
1466436655,102.0,102.0,59.958409259049816,False
1466436727,102.0,2.6000130013497222,2.6000130013497222,True
1466436793,102.0,73.64640145233348,73.64640145233348,True
1466436879,102.0,30.571938690706425,30.571938690706425,True
1466436880,100.7,61.02386919923119,61.02386919923119,True
1466436939,100.7,80.70630134497976,80.70630134497976,True
1466437015,100.7,80.35008599406598,80.35008599406598,True
1466437048,100.7,100.7,33.07033348340178,False
1466437088,98.7,18.750613216359145,18.750613216359145,True
1466437105,98.7,98.7,81.97106130012897,False
1466437122,98.7,98.7,24.94623290537929,False
1466437160,98.7,98.7,64.26292794249494,False
1466437232,98.7,19.216551163023354,19.216551163023354,True
1466437321,98.7,68.2876295235861,68.2876295235861,True
1466437335,98.7,98.7,44.805106451203066,False
1466437358,99.3,99.3,62.2293895649322,False
1466437441,99.3,66.5282236863128,66.5282236863128,True
1466437480,99.3,99.3,52.43690912082901,False
1466437561,99.3,15.87401082976878,15.87401082976878,True
1466437653,99.3,99.3,1.234601562246381,False
1466437709,99.3,99.3,16.692314991697533,False
1466437798,99.3,99.3,77.775515392413,False
1466437869,99.3,99.3,38.919459233176866,False
1466437952,99.3,67.86069974096004,67.86069974096004,True
1466438037,99.3,39.00339466395173,39.00339466395173,True
1466438054,98.5,98.5,36.25361303267389,False
1466438056,98.5,98.5,70.73955590662943,False
1466438136,98.5,98.5,34.45065469035963,False
1466438234,98.5,41.322004223750135,41.322004223750135,True
1466438261,98.3,98.3,8.704016892414922,False
1466438348,98.3,98.3,54.44195978426638,False
1466438407,98.3,9.364909743724276,9.364909743724276,True
1466438422,98.3,98.3,84.33563022742844,False
1466438476,101.9,101.9,13.582756955771618,False
1466438571,101.9,36.940201423301154,36.940201423301154,True
1466438612,101.9,101.9,31.20230193516076,False
1466438620,101.9,101.9,51.30920373992676,False
1466438698,101.9,101.9,29.265314623481892,False
1466438747,101.9,101.9,83.64315701276558,False
1466438795,101.9,101.9,22.439176135676515,False
1466438810,101.9,101.9,6.055041909376124,False
1466438888,101.9,67.52835163279269,67.52835163279269,True
1466438975,103.5,103.5,23.75600411704013,False
1466439000,103.5,18.010696195765437,18.010696195765437,True
1466439092,103.5,82.19980546718222,82.19980546718222,True
1466439150,103.5,70.86738973374557,70.86738973374557,True
1466439229,103.5,103.5,82.21820051310223,False
1466439279,103.5,78.39047267110863,78.39047267110863,True
1466439328,103.5,9.633070847207884,9.633070847207884,True
1466439351,103.5,63.31703655389843,63.31703655389843,True
1466439447,103.5,71.04740126389984,71.04740126389984,True
1466439466,103.5,103.5,56.757758930942515,False
1466439480,103.5,44.895525012211,44.895525012211,True
1466439560,103.5,37.086699660430995,37.086699660430995,True
1466439600,103.5,72.63481682499715,72.63481682499715,True
1466439645,103.5,103.5,19.67462263606139,False
1466439729,103.5,103.5,73.60384494283889,False
1466439772,103.5,103.5,51.87342264904233,False
1466439827,101.5,87.85897662594708,87.85897662594708,True
1466439849,101.5,101.5,56.23015925460246,False
1466439910,101.5,101.5,80.59129561355199,False
1466439990,101.5,101.5,49.68178548401282,False
1466440005,101.5,28.82810565020859,28.82810565020859,True
1466440006,104.3,104.3,75.34415578714369,False
1466440045,100.7,100.7,51.653818254931466,False
1466440066,100.7,100.7,56.40877615856933,False
1466440154,100.7,21.612460868426513,21.612460868426513,True
1466440214,100.7,20.06587551737953,20.06587551737953,True
1466440226,100.7,81.15251417903883,81.15251417903883,True
1466440304,100.7,41.603831954454655,41.603831954454655,True
1466440385,100.7,8.33815326654071,8.33815326654071,True
1466440451,100.7,100.7,63.38643142541209,False
1466440521,100.7,4.8556873979505095,4.8556873979505095,True
1466440581,100.7,100.7,7.8560786782428815,False
1466440674,100.7,100.7,21.651717921832578,False
1466440727,100.7,7.1091139244274935,7.1091139244274935,True
1466440821,100.7,100.7,53.33136316468294,False
1466440827,100.7,86.14249876741556,86.14249876741556,True
1466440897,99.8,99.8,13.580601639877715,False
1466440923,99.8,72.8357919517701,72.8357919517701,True
1466441012,100.7,100.7,18.709026601485505,False
1466441049,100.7,100.7,19.179481492073062,False
1466441147,100.7,100.7,82.55438778163554,False
1466441213,100.7,100.7,76.6569447017792,False
1466441311,100.7,36.47749246674434,36.47749246674434,True
1466441318,100.7,100.7,80.5121406449434,False
1466441418,103.8,27.043186712751737,27.043186712751737,True
1466441510,103.8,1.739071958535948,1.739071958535948,True
1466441541,103.8,103.8,88.68784607414821,False
1466441579,103.8,68.32605909685597,68.32605909685597,True
1466441630,103.8,103.8,35.295749720823544,False
1466441714,104.7,104.7,25.187336162547158,False
1466441724,104.7,104.7,21.91816260937091,False
1466441741,104.7,104.7,63.71483955811475,False
1466441822,104.7,104.7,31.3114698197957,False
1466441883,104.0,37.54903808718367,37.54903808718367,True
1466441934,104.0,104.0,47.11911719634473,False
1466441947,104.0,3.3023624333200736,3.3023624333200736,True
1466442046,104.0,104.0,21.469145387406446,False
1466442137,104.0,21.91938289059791,21.91938289059791,True
1466442175,104.0,104.0,13.451558691330042,False
1466442216,104.0,104.0,40.90536247731246,False
1466442284,104.0,104.0,63.88188671373614,False
1466442332,104.0,57.67480456311797,57.67480456311797,True
1466442358,104.0,104.0,33.29370101279308,False
1466442362,104.0,104.0,59.29766830952471,False
1466442439,104.0,104.0,26.287004825120015,False
1466442490,104.0,71.34118847844799,71.34118847844799,True
1466442498,104.0,67.52349792385968,67.52349792385968,True
1466442508,104.0,104.0,16.67107858046645,False
1466442518,102.3,55.12309835104609,55.12309835104609,True
1466442556,102.3,102.3,76.03019942203274,False
1466442656,100.4,62.823918735209894,62.823918735209894,True
1466442662,103.2,103.2,86.38779125573728,False
1466442703,103.2,103.2,68.1275929931831,False
1466442768,103.2,103.2,46.47070555243611,False
1466442788,103.2,27.021220538637397,27.021220538637397,True
1466442886,103.2,103.2,69.70184613745846,False
1466442980,102.2,11.701183168260375,11.701183168260375,True
1466443000,102.2,10.2691594666144,10.2691594666144,True
1466443029,102.2,74.41808264959548,74.41808264959548,True
1466443038,102.2,47.232022472325454,47.232022472325454,True
1466443089,102.7,47.04356776693403,47.04356776693403,True
1466443162,98.8,27.165920265427733,27.165920265427733,True
1466443201,98.8,62.54038161846546,62.54038161846546,True
1466443219,98.8,98.8,20.174165275722125,False
1466443263,98.8,15.20762651252982,15.20762651252982,True
1466443350,98.8,98.8,37.92846021753795,False
1466443373,98.8,98.8,59.40249208345879,False
1466443392,98.8,29.716505834527943,29.716505834527943,True
1466443402,103.0,103.0,27.496897309665787,False
1466443486,102.0,81.09877459185854,81.09877459185854,True
1466443511,102.0,102.0,34.599111743660806,False
1466443584,102.0,86.93746180436325,86.93746180436325,True
1466443677,102.0,102.0,84.92578947852786,False
1466443725,97.7,97.7,20.124664071042336,False
1466443727,97.7,10.86306274614889,10.86306274614889,True
1466443750,97.7,73.18481355195848,73.18481355195848,True
1466443761,97.7,97.7,63.64380428645069,False
1466443808,97.7,97.7,5.202051897052972,False
1466443861,97.7,97.7,26.898936523845506,False
1466443929,95.1,95.1,35.37906019561235,False
1466443986,95.1,48.286023200834954,48.286023200834954,True
1466444043,95.1,24.845792186665037,24.845792186665037,True
1466444110,91.3,35.98704051937653,35.98704051937653,True
1466444192,91.3,56.495273350384046,56.495273350384046,True
1466444287,91.3,91.3,11.756850382977277,False
1466444294,92.2,46.12416441148106,46.12416441148106,True
1466444366,92.2,92.2,66.11598554969781,False
1466444466,91.1,91.1,79.54753675924925,False
1466444505,91.1,91.1,69.53657846483915,False
1466444556,91.1,91.1,31.809988468844978,False
1466444624,90.7,90.7,2.9036540306551917,False
1466444663,90.7,83.65567992280992,83.65567992280992,True
1466444685,90.7,90.7,14.435745684775352,False
1466444756,90.7,90.7,7.19357580332281,False
1466444781,90.7,24.362344283855304,24.362344283855304,True
1466444840,90.7,90.7,51.946890732019035,False
1466444854,90.7,90.7,83.87319805477088,False
1466444860,90.7,62.41978726668755,62.41978726668755,True
1466444959,90.7,43.63353067844346,43.63353067844346,True
1466445058,90.7,1.0382967563550531,1.0382967563550531,True
1466445107,90.7,9.623987574351013,9.623987574351013,True
1466445165,90.7,26.59256433825388,26.59256433825388,True
1466445170,90.7,65.7540239531259,65.7540239531259,True
1466445173,90.7,5.941919283203879,5.941919283203879,True
1466445247,90.7,20.812537012758675,20.812537012758675,True
1466445305,90.7,90.7,77.0475506303017,False
1466445333,90.7,83.46157658341195,83.46157658341195,True
1466445356,90.7,62.323233036279,62.323233036279,True
1466445430,90.7,90.7,75.72439442077423,False
1466445491,89.8,34.21926977953563,34.21926977953563,True
1466445497,89.8,89.8,55.16461873217121,False
1466445514,89.1,39.55124945883072,39.55124945883072,True
1466445549,89.1,89.1,59.83323811613178,False
1466445640,89.1,89.1,0.9165638604390018,False
1466445648,87.1,29.620539999701098,29.620539999701098,True
1466445739,87.1,87.1,59.19936268529403,False
1466445814,85.1,37.93835319864038,37.93835319864038,True
1466445879,85.1,85.1,48.015149088483454,False
1466445909,85.1,78.69501109835402,78.69501109835402,True
1466445965,86.4,85.53644400231549,85.53644400231549,True
1466446021,87.1,53.65082382814559,53.65082382814559,True
1466446045,87.1,87.1,37.4950888164377,False
1466446071,87.1,71.63746766578673,71.63746766578673,True
1466446120,87.1,82.73512989589571,82.73512989589571,True
1466446168,89.4,86.2820188611403,86.2820188611403,True
1466446253,90.9,77.55242769925343,77.55242769925343,True
1466446302,90.9,90.9,16.717084266041464,False
1466446389,90.9,90.9,59.30547171272262,False
1466446404,91.2,13.042443568962703,13.042443568962703,True
1466446494,90.8,90.8,58.27535895047446,False
1466446594,90.8,73.14234826462413,73.14234826462413,True
1466446643,90.8,62.18200059143854,62.18200059143854,True
1466446669,90.8,90.8,2.3407552212050606,False
1466446690,90.8,90.8,70.58014379213039,False
1466446735,90.8,90.8,59.19129143889214,False
1466446766,90.8,90.8,68.10058821440697,False
1466446852,90.8,90.8,34.71550136577473,False
1466446902,90.8,90.8,62.780683093866564,False
1466446945,90.8,42.738228481263526,42.738228481263526,True
1466446987,90.8,90.8,25.629777825214813,False
1466447036,90.0,90.0,25.951583137293543,False
1466447112,87.7,86.78891579082739,86.78891579082739,True
1466447129,87.7,87.7,66.24695724424521,False
1466447189,87.7,18.753477617062767,18.753477617062767,True
1466447224,87.7,87.7,12.03002631438626,False
1466447270,87.7,87.7,61.750462156138816,False
1466447272,87.7,46.24167477020023,46.24167477020023,True
1466447348,87.7,13.694357295912724,13.694357295912724,True
1466447359,87.7,87.7,36.78572160354901,False
1466447388,87.7,78.69006967818089,78.69006967818089,True
1466447390,91.9,91.9,17.681108603442336,False
1466447425,91.9,43.80712830635854,43.80712830635854,True
1466447463,91.9,86.24456598985155,86.24456598985155,True
1466447485,90.7,90.7,15.638415243750336,False
1466447545,90.7,15.65645557341077,15.65645557341077,True
1466447553,90.7,90.7,65.67114561497525,False
1466447554,90.7,90.7,84.70941785690029,False
1466447573,90.7,48.89883950089087,48.89883950089087,True
1466447634,90.7,90.7,21.06418729007047,False
1466447695,90.7,55.68191543202009,55.68191543202009,True
1466447762,93.7,51.688338413068536,51.688338413068536,True
1466447844,93.7,28.669668760701807,28.669668760701807,True
1466447885,93.7,54.94594152297801,54.94594152297801,True
1466447943,94.0,55.51674271375024,55.51674271375024,True
1466447956,94.0,53.54239657116773,53.54239657116773,True
1466448041,93.9,53.53255044361819,53.53255044361819,True
1466448140,93.9,93.9,64.3236742241596,False
1466448215,90.4,23.780175672506434,23.780175672506434,True
1466448270,90.4,58.644058735058564,58.644058735058564,True
1466448302,90.4,11.905883418900872,11.905883418900872,True
1466448368,90.4,90.4,57.78059353864694,False
1466448422,90.4,90.4,49.31226907779996,False
1466448517,90.4,90.4,46.59357994569083,False
1466448614,90.4,10.799759462565087,10.799759462565087,True
1466448701,90.4,7.203827245607786,7.203827245607786,True
1466448743,90.4,90.4,3.0201633259993423,False
1466448805,90.4,42.90443593850162,42.90443593850162,True
1466448844,90.4,90.4,10.718268386235728,False
1466448896,90.8,90.8,22.070374036916157,False
1466448984,90.8,46.05145812763163,46.05145812763163,True
1466449031,90.8,56.91389843042767,56.91389843042767,True
1466449045,92.6,51.90637268723584,51.90637268723584,True
1466449099,92.6,92.6,30.783221863985876,False
1466449171,92.6,92.6,16.4748987787141,False
1466449261,92.6,80.83694371614511,80.83694371614511,True
1466449280,93.6,5.578418961358309,5.578418961358309,True
1466449359,93.6,11.764057893429154,11.764057893429154,True
1466449442,94.8,94.8,69.50607672924654,False
1466449496,94.8,94.8,25.8278254632058,False
1466449537,94.8,94.8,66.87722769216214,False
1466449555,94.8,48.24547656462121,48.24547656462121,True
1466449629,94.8,76.65066110320761,76.65066110320761,True
1466449635,94.8,94.8,59.20267029898138,False
1466449721,94.8,94.8,29.213227850447883,False
1466449772,94.8,94.8,16.601910810478298,False
1466449872,94.8,48.770300376415406,48.770300376415406,True
1466449873,94.8,94.8,11.826222790804438,False
1466449884,94.8,94.8,8.20446812776121,False
1466449937,94.8,39.359096273071096,39.359096273071096,True
1466449953,94.8,94.8,54.92288302679847,False
1466449959,94.8,21.22578027608589,21.22578027608589,True
1466449961,94.8,94.8,14.746693617113777,False
1466450018,94.8,39.939155088418964,39.939155088418964,True
1466450075,94.8,6.1894981525216854,6.1894981525216854,True
1466450150,99.1,47.52912175081855,47.52912175081855,True
1466450177,99.1,99.1,13.854353988064966,False
1466450255,96.4,60.97280295007509,60.97280295007509,True
1466450343,96.4,96.4,65.20935309474537,False
1466450348,96.4,96.4,71.57579692617931,False
1466450401,96.4,44.49606121954488,44.49606121954488,True
1466450433,96.4,96.4,13.575860401988324,False
1466450507,92.5,92.5,43.61288047430561,False
1466450536,94.1,59.24140838421457,59.24140838421457,True
1466450627,95.6,38.834409570512136,38.834409570512136,True
1466450723,99.8,7.463692189616735,7.463692189616735,True
1466450817,99.8,99.8,59.50284534653085,False
1466450900,99.8,99.8,12.54316275423599,False
1466450902,99.8,35.67934375740688,35.67934375740688,True
1466450971,99.8,99.8,20.656533899372285,False
1466451016,99.8,99.8,33.2676293379506,False
1466451023,98.7,15.851462620313152,15.851462620313152,True
1466451073,98.7,45.49571301672084,45.49571301672084,True
1466451166,98.7,98.7,58.83294442126812,False
1466451231,98.7,98.7,87.23370902592453,False
1466451245,98.7,40.16654247030875,40.16654247030875,True
1466451293,98.7,98.7,31.21623579641807,False
1466451295,98.7,49.87413801221686,49.87413801221686,True
1466451378,98.7,98.7,86.92240261296274,False
1466451445,98.7,98.7,50.12364146898409,False
1466451508,98.7,49.50360710672044,49.50360710672044,True
1466451599,98.7,42.70744198999686,42.70744198999686,True
1466451686,98.7,98.7,18.447213147975624,False
1466451761,98.7,98.7,47.36170841505694,False
1466451857,98.7,18.085910160953766,18.085910160953766,True
1466451909,98.7,35.54129437705954,35.54129437705954,True
1466451919,98.7,16.26130568663083,16.26130568663083,True
1466452006,98.7,98.7,7.010710933844302,False
1466452035,98.7,98.7,44.10025241363247,False
1466452039,98.7,98.7,8.442970932470681,False
1466452104,98.7,30.77463075489869,30.77463075489869,True
1466452167,98.7,54.42093534065154,54.42093534065154,True
1466452238,98.7,98.7,42.5679083953076,False
1466452313,98.7,6.412082712785406,6.412082712785406,True
1466452339,98.7,98.7,87.49674074785254,False
1466452419,98.7,54.223714956628115,54.223714956628115,True
1466452424,98.7,55.76331711122947,55.76331711122947,True
1466452435,101.2,11.553815771386475,11.553815771386475,True
1466452531,101.2,76.78938129420439,76.78938129420439,True
1466452584,101.2,27.276582045179094,27.276582045179094,True
1466452625,101.9,101.9,0.13295536810528386,False
1466452676,101.9,101.9,24.68185379589464,False
1466452752,101.9,101.9,86.84445118402039,False
1466452796,101.9,101.9,32.08644972562787,False
1466452825,101.9,101.9,1.7521696140592709,False
1466452860,101.9,101.9,35.37784839824906,False
1466452960,101.9,101.9,31.830675293723488,False
1466452979,102.4,102.4,25.18695247469505,False
1466453002,102.4,102.4,66.63708930267427,False
1466453016,102.4,102.4,48.99767637732106,False
1466453025,103.1,103.1,45.532961051086595,False
1466453089,103.1,103.1,32.61834025146354,False
1466453141,100.2,59.041045297287084,59.041045297287084,True
1466453154,100.2,100.2,16.760183627907658,False
1466453184,100.2,100.2,66.82102928000275,False
1466453202,100.2,64.72329161711755,64.72329161711755,True
1466453203,100.2,75.22895696063111,75.22895696063111,True
1466453222,99.7,99.7,60.26689777399826,False
1466453321,99.7,13.656846226937752,13.656846226937752,True
1466453379,99.7,99.7,62.30324424034581,False
1466453392,101.5,28.66908253179895,28.66908253179895,True
1466453422,101.5,101.5,35.875853961130375,False
1466453502,101.5,101.5,17.540889597292466,False
1466453518,101.5,66.56693643129915,66.56693643129915,True
1466453563,101.5,77.21634212691391,77.21634212691391,True
1466453604,101.5,101.5,84.73210658920281,False
1466453639,101.5,43.30030794580942,43.30030794580942,True
1466453705,101.5,22.088121391245696,22.088121391245696,True
1466453795,101.5,101.5,61.14509884116859,False
1466453816,101.5,81.3104485531099,81.3104485531099,True
1466453870,101.5,30.347181104557645,30.347181104557645,True
1466453910,101.5,44.68190898110362,44.68190898110362,True
1466454002,101.5,1.8031658848666874,1.8031658848666874,True
1466454051,101.5,85.87595575534586,85.87595575534586,True
1466454087,101.5,101.5,26.945781911069357,False
1466454129,101.5,51.68846593761382,51.68846593761382,True
1466454227,101.5,39.06971143395047,39.06971143395047,True
1466454259,101.5,39.601581139433684,39.601581139433684,True
1466454262,101.7,47.54763599728587,47.54763599728587,True
1466454298,101.7,101.7,5.132531219091502,False
1466454388,102.7,69.5097203854739,69.5097203854739,True
1466454399,102.7,102.7,8.66700121975402,False
1466454473,102.7,45.183675660329406,45.183675660329406,True
1466454529,102.7,102.7,70.62894043648627,False
1466454559,102.7,102.7,72.51310532780836,False
1466454648,102.7,102.7,56.750929895499304,False
1466454745,102.7,10.26476471596608,10.26476471596608,True
1466454763,104.0,86.99753973256237,86.99753973256237,True
1466454851,100.0,100.0,6.80095606139876,False
1466454936,100.0,100.0,39.430936278059164,False
1466454949,100.0,6.860974733988484,6.860974733988484,True
1466455032,100.0,100.0,42.44890180029462,False
1466455065,100.0,100.0,79.45273250500199,False
1466455119,100.0,25.34593793218273,25.34593793218273,True
1466455172,100.0,61.14141066860773,61.14141066860773,True
1466455196,100.0,6.861953849332015,6.861953849332015,True
1466455271,100.0,100.0,41.262128367830975,False
1466455357,100.0,18.56091081578406,18.56091081578406,True
1466455361,100.0,2.1946251486592314,2.1946251486592314,True
1466455394,100.0,88.14250152140615,88.14250152140615,True
1466455475,100.0,56.4199183066644,56.4199183066644,True
1466455497,100.0,100.0,24.925360282149583,False
1466455561,98.2,23.8640257076256,23.8640257076256,True
1466455575,98.2,98.2,46.56667072106825,False
1466455587,98.2,98.2,0.6355333869266201,False
1466455651,98.2,84.75681619554571,84.75681619554571,True
1466455658,99.6,29.9500177462556,29.9500177462556,True
1466455732,99.6,99.6,7.645860368036299,False
1466455812,99.6,99.6,69.58894411782545,False
1466455910,99.6,88.69782909362752,88.69782909362752,True
1466455951,99.6,86.55582576854046,86.55582576854046,True
1466455999,99.6,99.6,76.78976380939123,False
1466456054,103.5,103.5,28.171844959541577,False
1466456058,103.5,103.5,80.22826346973488,False
1466456074,103.5,83.72485818428495,83.72485818428495,True
1466456088,103.5,103.5,12.7194737597804,False
1466456118,103.5,15.101976448883498,15.101976448883498,True
1466456218,101.3,55.607082525716805,55.607082525716805,True
1466456265,101.3,9.666741829706087,9.666741829706087,True
1466456270,101.3,4.946942516916108,4.946942516916108,True
1466456312,101.3,50.61758064580236,50.61758064580236,True
1466456346,101.3,74.03283051871786,74.03283051871786,True
1466456374,101.3,101.3,34.372264449091546,False
1466456406,101.3,101.3,23.705205163467777,False
1466456482,101.3,101.3,65.3777291474423,False
1466456512,101.3,17.75724300733802,17.75724300733802,True
1466456610,101.3,7.648537557732581,7.648537557732581,True
1466456683,101.3,52.68326266186971,52.68326266186971,True
1466456768,104.3,62.114148153756645,62.114148153756645,True
1466456856,103.9,34.274397300132556,34.274397300132556,True
1466456927,103.9,103.9,39.37089837220421,False
1466457014,103.9,25.56347203585277,25.56347203585277,True
1466457032,103.9,41.019009245181806,41.019009245181806,True
1466457067,103.9,103.9,23.726117968616553,False
1466457157,103.9,103.9,78.10025518827064,False
1466457215,103.9,77.02275359931099,77.02275359931099,True
1466457267,103.9,103.9,59.364413767076,False
1466457357,103.9,88.18154586149596,88.18154586149596,True
1466457434,104.9,104.9,33.98345105203465,False
1466457487,104.9,104.9,41.97347246891946,False
1466457559,104.9,104.9,69.41027231817421,False
1466457603,101.8,101.8,55.05892815316741,False
1466457671,101.8,101.8,56.00102404653553,False
1466457713,101.8,52.099060642133296,52.099060642133296,True
1466457745,103.0,103.0,20.235711554585798,False
1466457782,103.0,103.0,71.9718390188545,False
1466457802,103.0,44.535398261543044,44.535398261543044,True
1466457817,102.0,102.0,8.26313422362659,False
1466457865,102.0,18.440564805207472,18.440564805207472,True
1466457884,102.0,102.0,15.20170020409985,False
1466457885,102.0,58.90930595385869,58.90930595385869,True
1466457917,102.0,102.0,71.13969720259102,False
1466457973,102.0,102.0,0.9491585903428484,False
1466458045,102.0,102.0,78.19886525282273,False
1466458135,102.0,102.0,46.73171896200316,False
1466458151,102.0,71.21349458750905,71.21349458750905,True
1466458230,102.0,5.894198449871287,5.894198449871287,True
1466458324,102.8,102.8,60.23487022688288,False
1466458362,102.8,102.8,28.635227768155307,False
1466458438,99.4,59.111537211309226,59.111537211309226,True
1466458454,99.4,34.01303017549872,34.01303017549872,True
1466458496,99.4,45.67772804302797,45.67772804302797,True
1466458509,99.4,99.4,21.257843005765224,False
1466458580,99.4,99.4,74.16765899341758,False
1466458590,99.4,85.32582176865647,85.32582176865647,True
1466458626,99.4,75.14217075258011,75.14217075258011,True
1466458642,99.4,99.4,0.6478113843412582,False
1466458665,99.4,99.4,25.219788457586052,False
1466458694,99.4,99.4,61.72251585382318,False
1466458762,99.4,99.4,43.72076108085751,False
1466458793,99.4,3.6623604296271224,3.6623604296271224,True
1466458824,99.1,99.1,12.337764972125512,False
1466458906,99.1,99.1,72.20310105448334,False
1466458982,95.4,0.13062580521751221,0.13062580521751221,True
1466459068,95.4,87.10209201755814,87.10209201755814,True
1466459159,95.4,32.66890828725773,32.66890828725773,True
1466459184,95.4,95.4,27.277318915070126,False
1466459273,95.4,95.4,48.63499702805069,False
1466459372,95.4,74.57078945258837,74.57078945258837,True
1466459415,95.4,28.865646930744035,28.865646930744035,True
1466459483,95.4,95.4,10.296956889608886,False
1466459504,96.8,19.41423008444585,19.41423008444585,True
1466459588,96.8,96.8,9.582544482174516,False
1466459595,96.8,96.8,7.27785356333858,False
1466459673,96.4,96.4,10.439504467487906,False
1466459726,96.4,96.4,80.72468817299705,False
1466459800,96.4,96.4,31.96261050888842,False
1466459857,96.4,54.014963034760925,54.014963034760925,True
1466459887,100.3,100.3,85.80799387716978,False
1466459913,100.3,100.3,70.83021303551718,False
1466459974,100.3,100.3,66.31187380657957,False
1466459995,100.3,43.004879124329634,43.004879124329634,True
1466460001,97.5,42.887770702889576,42.887770702889576,True
1466460054,97.5,97.5,0.4622849105870577,False
1466460130,97.5,97.5,84.1304601557877,False
1466460215,97.5,30.48062001999771,30.48062001999771,True
1466460252,97.5,32.52504430479159,32.52504430479159,True
1466460272,98.1,98.1,40.418875875644254,False
1466460346,100.6,100.6,79.63002378823708,False
1466460440,100.6,4.034556167711442,4.034556167711442,True
1466460461,100.6,100.6,79.95792000299713,False
1466460528,103.8,103.8,17.011392666613112,False
1466460610,103.8,28.55199295560124,28.55199295560124,True
1466460630,104.3,30.40440022370825,30.40440022370825,True
1466460691,104.3,104.3,9.589727692887184,False
1466460706,104.3,83.92575717130266,83.92575717130266,True
1466460739,104.3,57.19610311077921,57.19610311077921,True
1466460765,104.3,104.3,9.506762736140105,False
1466460795,101.2,101.2,33.46538274621181,False
1466460877,98.7,98.7,15.858853113333149,False
1466460973,98.7,78.01341204979704,78.01341204979704,True
1466461009,98.7,98.7,85.07474540065448,False
1466461027,98.7,59.64178028190655,59.64178028190655,True
1466461032,98.7,18.83027969067671,18.83027969067671,True
1466461096,98.7,98.7,63.63637951159045,False
1466461169,98.7,98.7,82.20848983526578,False
1466461256,98.7,86.19199046169243,86.19199046169243,True
1466461351,98.7,98.7,65.33490859731506,False
1466461451,98.7,98.7,31.083518663855696,False
1466461531,98.7,56.67376480497958,56.67376480497958,True
1466461568,98.7,98.7,80.15860641205047,False
1466461583,98.7,98.7,83.8278137475528,False
1466461647,98.7,98.7,39.68146508306107,False
1466461703,98.7,98.7,5.7803772188221085,False
1466461794,98.7,98.7,56.125691940725815,False
1466461813,98.7,98.7,72.02374641950534,False
1466461910,98.7,98.7,55.369043644541215,False
1466461988,98.7,98.7,39.16645325456235,False
1466462056,98.7,98.7,39.533043014619764,False
1466462101,98.7,88.83905214925754,88.83905214925754,True
1466462155,101.7,101.7,58.01449381366594,False
1466462215,101.7,88.51755057511338,88.51755057511338,True
1466462278,101.7,54.470019968140434,54.470019968140434,True
1466462368,101.7,20.51173145428556,20.51173145428556,True
1466462412,101.7,1.4017204079551635,1.4017204079551635,True
1466462512,101.7,101.7,75.59108686127345,False
1466462594,101.7,54.87799079234458,54.87799079234458,True
1466462671,101.7,101.7,27.08390534263248,False
1466462716,101.7,101.7,51.14244314450293,False
1466462746,101.7,19.581484940250576,19.581484940250576,True
1466462782,101.7,101.7,7.9759767876819705,False
1466462820,101.7,65.29552553516066,65.29552553516066,True
1466462833,98.8,24.657175106111794,24.657175106111794,True
1466462842,98.6,70.32825989658323,70.32825989658323,True
1466462850,98.6,98.6,47.61086522704629,False
1466462941,98.6,67.27422906628543,67.27422906628543,True
1466463026,98.6,1.3968973658062132,1.3968973658062132,True
1466463117,98.6,17.77072143541489,17.77072143541489,True
1466463139,98.4,98.4,47.117908086384865,False
