1466410104,3.0,0.3300088311757696,0.3300088311757696,True
1466410114,2.2,4.760904567299407,4.760904567299407,True
1466410130,2.2,2.2,4.876584436242705,False
1466410181,2.2,4.93399618913743,4.93399618913743,True
1466410203,2.2,1.0214508074566713,1.0214508074566713,True
1466410250,2.2,1.319717164239413,1.319717164239413,True
1466410309,2.2,2.2,3.0294174253444788,False
1466410397,5.8,5.8,4.635470593617362,False
1466410430,3.8,3.8,3.1977951094964854,False
1466410469,3.8,4.217873415052647,4.217873415052647,True
1466410483,3.8,3.8,0.2417847029704463,False
1466410498,3.8,5.047752987968451,5.047752987968451,True
1466410502,3.8,0.9851596202297346,0.9851596202297346,True
1466410532,5.3,0.1427649855320472,0.1427649855320472,True
1466410541,5.3,5.3,5.194263529210431,False
1466410573,5.3,5.3,5.561100934398486,False
1466410630,5.3,0.06189669951751653,0.06189669951751653,True
1466410653,1.5,5.321916163007165,5.321916163007165,True
1466410746,1.5,0.9823444135470005,0.9823444135470005,True
1466410814,4.0,0.5357930609422759,0.5357930609422759,True
1466410890,4.0,4.959557958645918,4.959557958645918,True
1466410902,4.0,4.0,5.075617086969684,False
1466410978,4.0,4.0,4.899495288542524,False
1466411008,4.0,4.0,4.058007252812228,False
1466411066,4.0,4.0,3.6610779418572794,False
1466411094,1.8,1.8,1.9393637383158315,False
1466411157,1.8,1.8,3.3132347520360934,False
1466411223,1.8,4.61238872736693,4.61238872736693,True
1466411226,1.8,5.53465707905698,5.53465707905698,True
1466411272,1.1,2.375084877342424,2.375084877342424,True
1466411303,1.1,1.1,5.6132060998674245,False
1466411318,1.7,1.7,1.803584854355927,False
1466411396,1.7,1.7,1.771791935143287,False
1466411493,1.7,2.936695302487239,2.936695302487239,True
1466411549,1.7,1.7,0.3917423214543825,False
1466411560,4.6,5.049860279667287,5.049860279667287,True
1466411626,4.6,2.1157116477507723,2.1157116477507723,True
1466411723,4.6,4.6,3.1851117471481007,False
1466411763,4.5,1.836778208869353,1.836778208869353,True
1466411785,0.1,0.1,3.3121571612182956,False
1466411854,0.1,4.644671943122863,4.644671943122863,True
1466411889,0.1,0.22397244585565645,0.22397244585565645,True
1466411988,0.1,1.9333882789192023,1.9333882789192023,True
1466412022,3.7,3.7,2.953490496453006,False
1466412046,3.7,3.7,2.4733614094567717,False
1466412076,3.7,0.07605029079263459,0.07605029079263459,True
1466412152,3.7,3.202388216972298,3.202388216972298,True
1466412181,3.7,2.538524740369347,2.538524740369347,True
1466412201,3.7,3.7,4.861456220061664,False
1466412260,5.4,2.460310550251328,2.460310550251328,True
1466412347,5.4,5.4,1.7120753513112799,False
1466412360,3.7,3.7,3.287805057396747,False
1466412438,3.7,3.7,4.914957401009402,False
1466412521,2.0,5.9937534558613805,5.9937534558613805,True
1466412599,2.0,5.588633514501713,5.588633514501713,True
1466412639,2.0,4.421582107604971,4.421582107604971,True
1466412691,3.4,3.4,2.8615710909607364,False
1466412747,3.4,3.4,4.295345337348956,False
1466412794,3.4,3.4,3.595475951111076,False
1466412819,3.4,3.4,0.9016507852994937,False
1466412832,3.4,3.4,4.082566029387584,False
1466412874,5.9,2.416964067476858,2.416964067476858,True
1466412943,4.9,4.9,1.249228627376786,False
1466412971,2.0,2.0,2.148866998289316,False
1466412990,4.7,4.7,3.3063735722895906,False
1466413028,4.1,4.1,2.6162549560919643,False
1466413053,4.1,3.589797821604459,3.589797821604459,True
1466413125,4.1,4.1,4.707046036629116,False
1466413200,4.1,4.1,2.522864281513466,False
1466413264,4.1,2.4088310463588076,2.4088310463588076,True
1466413311,4.1,2.654849934841299,2.654849934841299,True
1466413342,4.1,4.274852241339723,4.274852241339723,True
1466413440,3.1,4.027658183291773,4.027658183291773,True
1466413458,3.1,5.15230706114908,5.15230706114908,True
1466413529,2.8,3.033547257236614,3.033547257236614,True
1466413542,2.8,1.2834521505088,1.2834521505088,True
1466413638,2.8,0.30625862687383587,0.30625862687383587,True
1466413672,2.8,2.8,1.7142970548941046,False
1466413733,2.8,2.8,5.154298582756264,False
1466413779,2.8,2.8,3.9035597634703203,False
1466413780,2.8,2.8,0.1763371456066658,False
1466413864,2.8,3.4572555876492768,3.4572555876492768,True
1466413885,2.8,4.667382277892742,4.667382277892742,True
1466413946,1.3,2.5792906950045436,2.5792906950045436,True
1466414033,5.0,5.0,4.008406532799196,False
1466414071,4.0,5.545965296231837,5.545965296231837,True
1466414164,4.0,3.8332475484263844,3.8332475484263844,True
1466414225,4.0,4.0,0.3102943245365646,False
1466414312,4.0,1.4231338272787493,1.4231338272787493,True
1466414325,1.6,1.6,3.130794697465535,False
1466414328,0.5,2.6714388656761563,2.6714388656761563,True
1466414329,0.5,1.2259072216890816,1.2259072216890816,True
1466414402,0.5,0.5,5.5317174411691905,False
1466414407,5.6,0.18777224040313545,0.18777224040313545,True
1466414413,5.6,5.6,2.34247680187642,False
1466414460,5.6,3.743416523003839,3.743416523003839,True
1466414552,5.6,5.6,0.4857523685791756,False
1466414602,5.6,0.32393896405346334,0.32393896405346334,True
1466414662,5.6,3.6064373597518933,3.6064373597518933,True
1466414746,5.6,2.062700555973915,2.062700555973915,True
1466414844,5.6,5.6,1.0300808982158034,False
1466414943,5.6,5.6,3.3508009160626733,False
1466414946,5.6,5.6,0.4440015104641748,False
1466414966,5.6,3.4406415839070292,3.4406415839070292,True
1466415038,5.6,1.5086999726002752,1.5086999726002752,True
1466415106,5.6,5.6,3.147759981948739,False
1466415130,5.6,5.6,0.9215838041309932,False
1466415145,5.5,5.5,3.0256800841882585,False
1466415202,5.5,5.5,5.637457597712861,False
1466415239,5.5,5.5,5.754774282864644,False
1466415249,5.5,0.8964334979727335,0.8964334979727335,True
1466415308,5.5,0.6434815955302702,0.6434815955302702,True
1466415357,3.5,2.140051860830029,2.140051860830029,True
1466415404,3.5,3.5,0.6162566686448787,False
1466415469,3.5,0.05062170431760493,0.05062170431760493,True
1466415548,4.2,4.2,5.4839788140183225,False
1466415588,3.1,4.7830093687567325,4.7830093687567325,True
1466415627,3.1,3.1,0.7613406679172972,False
1466415719,3.1,2.6751297804058147,2.6751297804058147,True
1466415767,3.1,3.918195636268959,3.918195636268959,True
1466415860,3.1,4.9446290889968285,4.9446290889968285,True
1466415872,3.1,5.068106822953786,5.068106822953786,True
1466415914,3.1,4.446488091757735,4.446488091757735,True
1466415934,3.1,4.250183887319877,4.250183887319877,True
1466415988,3.1,1.0468857923657875,1.0468857923657875,True
1466416004,4.8,4.8,5.823273253265332,False
1466416050,4.8,1.1712420514702462,1.1712420514702462,True
1466416150,1.7,1.1258243913717196,1.1258243913717196,True
1466416161,0.8,0.8,3.4001174965779333,False
1466416215,4.0,1.9465518358546827,1.9465518358546827,True
1466416315,4.0,3.962463657975526,3.962463657975526,True
1466416321,4.0,4.0,0.5333518172087484,False
1466416393,4.0,4.0,1.0534439702381724,False
1466416440,3.9,3.4928023895516116,3.4928023895516116,True
1466416510,5.0,5.0,2.2698652191140605,False
1466416541,5.0,4.083760679880289,4.083760679880289,True
1466416631,5.0,0.5069769837145379,0.5069769837145379,True
1466416671,0.2,5.313083788490491,5.313083788490491,True
1466416725,0.2,4.703988934959161,4.703988934959161,True
1466416815,0.2,0.2,5.212367727454532,False
1466416867,0.2,3.851192817382449,3.851192817382449,True
1466416933,0.2,0.2,2.7515827132652566,False
1466416963,0.2,0.2,2.6786568704219165,False
1466417034,4.6,2.6171919051938435,2.6171919051938435,True
1466417069,4.6,3.572770616375446,3.572770616375446,True
1466417095,4.6,5.2795812169313345,5.2795812169313345,True
1466417123,4.6,4.6,1.2583914806909364,False
1466417219,4.6,4.6,3.8893131907068605,False
1466417228,4.6,0.6247915957742165,0.6247915957742165,True
1466417235,4.4,4.4,3.4590161005763473,False
1466417266,4.4,4.4,5.432819225593249,False
1466417298,2.3,2.3,4.712820405967586,False
1466417382,2.3,1.0155048140820784,1.0155048140820784,True
1466417429,2.3,2.3,3.3992073262454077,False
1466417434,2.3,0.6043762296999338,0.6043762296999338,True
1466417513,2.3,0.5141139023359844,0.5141139023359844,True
1466417598,2.3,5.13904986488167,5.13904986488167,True
1466417615,4.5,4.271920454361245,4.271920454361245,True
1466417654,4.5,4.5,2.235888100525695,False
1466417749,4.5,2.5986168012349595,2.5986168012349595,True
1466417763,4.5,2.649660513611002,2.649660513611002,True
1466417822,4.5,2.4549604214281233,2.4549604214281233,True
1466417851,4.5,2.992643247470922,2.992643247470922,True
1466417855,4.5,2.8120273355636485,2.8120273355636485,True
1466417879,3.8,5.84491119744291,5.84491119744291,True
1466417895,3.8,1.3710128839227103,1.3710128839227103,True
1466417969,3.8,5.545692984741266,5.545692984741266,True
1466418049,3.8,3.8,4.06880053109605,False
1466418118,3.8,5.641934208115891,5.641934208115891,True
1466418129,3.5,2.603526730831997,2.603526730831997,True
1466418179,3.5,3.5,0.2838123713094849,False
1466418254,3.5,0.6268406403901974,0.6268406403901974,True
1466418332,0.2,1.680989581460471,1.680989581460471,True
1466418428,0.2,0.2,3.1806892157012014,False
1466418494,0.9,0.9,5.139417156516018,False
1466418554,0.9,0.9,1.992345862751908,False
1466418563,3.3,3.3,0.6611474293699726,False
1466418564,3.3,3.8642950997352763,3.8642950997352763,True
1466418594,3.3,5.885059479587041,5.885059479587041,True
1466418674,3.3,4.913445062462083,4.913445062462083,True
1466418748,4.8,4.8,5.138954337130046,False
1466418847,4.8,4.8,4.839877927666197,False
1466418877,4.8,4.8,5.979769381942275,False
1466418917,4.8,4.8,4.268076832227788,False
1466418938,4.8,1.8730926745100622,1.8730926745100622,True
1466419031,4.8,4.8,3.4567678199936562,False
1466419058,4.8,4.8,3.875556747045703,False
1466419104,4.8,0.9035515928167726,0.9035515928167726,True
1466419166,4.8,4.8,4.1461730183378975,False
1466419261,0.8,0.8,5.472399114076621,False
1466419349,0.8,0.8,4.534102477203674,False
1466419442,0.8,1.0114697898414038,1.0114697898414038,True
1466419530,3.2,3.005696834297167,3.005696834297167,True
1466419595,3.2,3.2,4.599965007210547,False
1466419646,3.2,4.351198458638113,4.351198458638113,True
1466419737,3.2,0.6893600227325376,0.6893600227325376,True
1466419826,5.7,3.8397495229636927,3.8397495229636927,True
1466419880,5.7,5.653244491564376,5.653244491564376,True
1466419911,3.4,3.4,1.8523996195533596,False
1466419938,3.4,0.8405236474162439,0.8405236474162439,True
1466420016,2.1,2.1,1.6889579370611552,False
1466420019,2.1,2.1,0.3995300374885864,False
1466420108,2.1,1.771573237449012,1.771573237449012,True
1466420205,2.1,3.620221703009396,3.620221703009396,True
1466420228,2.1,2.1,4.542651174462376,False
1466420257,2.1,4.054841297086201,4.054841297086201,True
1466420270,2.1,4.973123143040969,4.973123143040969,True
1466420296,2.1,2.1,0.9078876539108176,False
1466420331,2.1,0.15054793818096357,0.15054793818096357,True
1466420407,5.2,5.2,2.866360921179367,False
1466420430,5.2,5.2,3.113571485016153,False
1466420453,5.2,1.107435249035639,1.107435249035639,True
1466420474,5.2,5.2,5.208245010953263,False
1466420566,5.2,5.2,5.313398760894347,False
1466420579,0.5,4.668972800417304,4.668972800417304,True
1466420618,0.5,0.5,4.447116884755409,False
1466420624,1.3,1.3,1.0070460759597453,False
1466420643,1.1,2.7517613837577395,2.7517613837577395,True
1466420695,1.1,0.951764397723784,0.951764397723784,True
1466420788,1.1,1.1,3.6699501631607547,False
1466420863,1.1,1.1750233551492844,1.1750233551492844,True
1466420947,1.1,1.1,4.795390260003632,False
1466421003,1.1,1.1,1.64767951120962,False
1466421032,1.7,1.699650145688351,1.699650145688351,True
1466421050,1.7,3.294512019817276,3.294512019817276,True
1466421116,1.7,1.8053344034928622,1.8053344034928622,True
1466421208,1.2,1.2,0.06815384271392122,False
1466421234,5.1,3.0196607463469785,3.0196607463469785,True
1466421262,5.1,4.56157734080622,4.56157734080622,True
1466421353,5.1,0.5562779286286028,0.5562779286286028,True
1466421360,3.1,3.1,1.4449034687174227,False
1466421392,3.1,4.248162834357232,4.248162834357232,True
1466421480,1.8,0.07318191727824863,0.07318191727824863,True
1466421530,0.6,0.2244771446659526,0.2244771446659526,True
1466421547,0.6,0.6,0.9535807255052939,False
1466421591,0.6,0.6,0.0708061224955121,False
1466421633,0.6,2.2703223122300966,2.2703223122300966,True
1466421636,0.6,2.519758715664953,2.519758715664953,True
1466421670,0.6,0.6,3.7219848531995403,False
1466421695,4.0,4.0,4.402037080617811,False
1466421721,4.0,4.0,4.982672119777257,False
1466421804,4.0,4.0,1.0120682598424215,False
1466421819,4.0,2.239123517956041,2.239123517956041,True
1466421862,4.0,0.29566811642505186,0.29566811642505186,True
1466421885,4.0,4.471599034161116,4.471599034161116,True
1466421936,4.0,4.0,5.884516020457147,False
1466422012,4.0,4.0,2.4215233518178,False
1466422044,4.0,4.0,4.337860543952765,False
1466422045,4.0,4.687173035003756,4.687173035003756,True
1466422137,4.0,4.0,1.8525597715342699,False
1466422162,4.0,2.3907197706869554,2.3907197706869554,True
1466422189,1.9,5.021943810242893,5.021943810242893,True
1466422197,1.8,1.4438670292821116,1.4438670292821116,True
1466422264,2.7,2.7,0.6819455018644844,False
1466422330,2.7,2.3245350388566566,2.3245350388566566,True
1466422378,2.7,0.558865000882012,0.558865000882012,True
1466422432,2.7,0.6358821873228726,0.6358821873228726,True
1466422488,2.6,2.6,1.3835359009344441,False
1466422577,2.6,2.6,1.9146549857759187,False
1466422628,2.6,5.8790576458026935,5.8790576458026935,True
1466422638,0.2,0.2,5.1825896103244995,False
1466422666,0.2,0.2,1.9349860194653867,False
1466422706,0.2,0.2,0.21185167782159864,False
1466422731,0.2,1.3106598151180815,1.3106598151180815,True
1466422804,0.2,3.0763611229352996,3.0763611229352996,True
1466422866,0.2,0.2,4.335068717897558,False
1466422873,0.2,4.41738029254938,4.41738029254938,True
1466422895,2.6,2.6,2.818169588493774,False
1466422953,2.6,0.5070372720014213,0.5070372720014213,True
1466422973,2.6,2.6,1.0543972519261313,False
1466423017,2.6,4.09842830468846,4.09842830468846,True
1466423051,1.2,5.949922173170342,5.949922173170342,True
1466423099,1.2,1.2,4.973278648050867,False
1466423150,1.2,4.6600184084256435,4.6600184084256435,True
1466423155,1.2,4.248808796943323,4.248808796943323,True
1466423168,1.2,1.2,0.5512719329072253,False
1466423205,1.2,1.2,2.9944493917211634,False
1466423275,1.4,4.521356552987083,4.521356552987083,True
1466423287,3.2,1.652357727280068,1.652357727280068,True
1466423336,3.2,3.2,0.0003898140706672937,False
1466423340,2.2,1.8194491521967202,1.8194491521967202,True
1466423355,2.2,2.2,0.5652005028369698,False
1466423443,2.3,1.4114342308130379,1.4114342308130379,True
1466423499,2.3,2.3,3.7043627003054187,False
1466423585,1.9,3.370478763312689,3.370478763312689,True
1466423612,1.9,1.9,4.931935405712071,False
1466423669,1.1,1.1,1.3405230625324953,False
1466423705,1.1,1.1,2.435803124890877,False
1466423770,1.1,1.1,3.2128241062066802,False
1466423844,1.1,1.1,1.3924303792998582,False
1466423902,1.1,1.3842566807201075,1.3842566807201075,True
1466423913,1.1,1.1,4.171843547411231,False
1466423972,1.1,1.1,4.160067668075763,False
1466424014,1.1,5.852006967611063,5.852006967611063,True
1466424069,1.1,0.4098258256940781,0.4098258256940781,True
1466424154,1.1,5.665942462649793,5.665942462649793,True
1466424155,5.9,5.9,4.196431205311675,False
1466424169,5.9,5.9,5.5784988084649205,False
1466424262,5.9,5.9,4.849101456828404,False
1466424339,0.2,4.109719691039766,4.109719691039766,True
1466424398,0.2,3.4194809142168348,3.4194809142168348,True
1466424497,5.5,5.5,5.708738911005604,False
1466424558,5.5,2.6502489397567466,2.6502489397567466,True
1466424613,1.9,4.317193896471011,4.317193896471011,True
1466424713,1.9,1.9,1.6275279203596555,False
1466424804,1.9,1.5114580251093188,1.5114580251093188,True
1466424878,1.9,4.147267341719889,4.147267341719889,True
1466424924,1.9,1.1094886496912781,1.1094886496912781,True
1466425009,5.3,5.3,1.8129768774920259,False
1466425106,4.3,0.016740385601535124,0.016740385601535124,True
1466425129,5.6,5.6,5.562184326671845,False
1466425179,5.6,2.0596377660593754,2.0596377660593754,True
1466425257,3.9,3.9,3.4772125707504484,False
1466425262,3.9,2.4473360935771797,2.4473360935771797,True
1466425305,3.9,5.171574164523698,5.171574164523698,True
1466425331,3.9,1.6155763681707305,1.6155763681707305,True
1466425338,3.9,3.9,4.817144512211542,False
1466425377,3.9,3.9,5.153514571559793,False
1466425380,3.9,3.9,4.744447436194576,False
1466425417,3.9,3.9,5.173592729068844,False
1466425484,1.0,4.080449503818851,4.080449503818851,True
1466425517,1.0,5.588554255478272,5.588554255478272,True
1466425553,1.9,1.9,1.8791536790999999,False
1466425640,1.9,1.9,5.604295029027083,False
1466425687,1.9,1.9,3.779593107761343,False
1466425711,1.4,5.499192329305809,5.499192329305809,True
1466425768,1.4,1.4,3.236388696949694,False
1466425811,2.3,1.4077278185773812,1.4077278185773812,True
1466425856,5.1,5.1,4.12998996165035,False
1466425869,5.1,2.409575134405199,2.409575134405199,True
1466425884,5.4,0.0884471560367377,0.0884471560367377,True
1466425962,5.4,5.4,2.8334534052509293,False
1466425974,5.4,5.1672214611008105,5.1672214611008105,True
1466426016,5.4,5.4,4.659555172306539,False
1466426024,5.4,3.8646499344509055,3.8646499344509055,True
1466426034,5.4,5.4,5.23196168389554,False
1466426130,5.4,5.4,4.7492723751354795,False
1466426189,5.4,5.4,1.1758122181542834,False
1466426198,5.4,4.088521171273721,4.088521171273721,True
1466426280,5.4,0.9856437560305522,0.9856437560305522,True
1466426298,5.4,0.19611457825341616,0.19611457825341616,True
1466426380,4.4,0.329200751117001,0.329200751117001,True
1466426420,4.7,4.265525826048172,4.265525826048172,True
1466426509,1.3,1.8257108317165738,1.8257108317165738,True
1466426521,1.3,1.555814982670323,1.555814982670323,True
1466426535,1.7,1.0311716262687765,1.0311716262687765,True
1466426563,1.7,0.09793731614888013,0.09793731614888013,True
1466426620,5.2,0.5781616364111906,0.5781616364111906,True
1466426694,5.2,1.359764373642534,1.359764373642534,True
1466426764,5.2,5.2,5.970019333869624,False
1466426778,5.2,4.625759452939124,4.625759452939124,True
1466426866,5.2,0.9624661797342207,0.9624661797342207,True
1466426938,5.2,5.2,5.245177250568347,False
1466427022,5.2,5.2,1.8449900904306202,False
1466427059,5.2,5.2,3.2644207340830014,False
1466427125,5.2,5.2,0.49765551728639856,False
1466427204,5.2,3.7793806122532474,3.7793806122532474,True
1466427240,0.2,0.2,1.808350381541145,False
1466427317,5.1,5.1,0.21645948454604702,False
1466427319,5.1,5.1,0.6747221193333872,False
1466427331,2.9,2.9,5.332057013336675,False
1466427425,2.9,2.9,0.26144110032709356,False
1466427458,5.3,2.3607495684638993,2.3607495684638993,True
1466427495,5.3,2.887964024637722,2.887964024637722,True
1466427543,5.3,2.8950571842068076,2.8950571842068076,True
1466427625,3.6,3.6,4.655408941360459,False
1466427663,3.6,2.0679978080645194,2.0679978080645194,True
1466427672,1.8,1.8,1.238882798511683,False
1466427684,1.8,1.8,0.0067726198030622076,False
1466427739,1.8,1.8,4.769756322504836,False
1466427769,1.8,1.5604544729440342,1.5604544729440342,True
1466427775,1.8,1.8,1.5513783507973091,False
1466427820,1.8,1.8,0.48296784324740205,False
1466427837,1.8,1.8,2.3919626573619155,False
1466427846,1.8,0.8209803565247058,0.8209803565247058,True
1466427904,1.6,1.6,4.8730499855791045,False
1466427997,1.6,3.8791923334959844,3.8791923334959844,True
1466428027,1.6,1.7144153511562972,1.7144153511562972,True
1466428114,2.1,2.8001527914729722,2.8001527914729722,True
1466428212,1.6,2.681210569206054,2.681210569206054,True
1466428294,2.2,2.078145964765948,2.078145964765948,True
1466428321,2.2,2.2,4.364894035237786,False
1466428340,2.2,2.8121852402702716,2.8121852402702716,True
1466428378,1.1,2.770130633204198,2.770130633204198,True
1466428463,1.1,0.5083048877103611,0.5083048877103611,True
1466428551,1.1,2.4605535763404394,2.4605535763404394,True
1466428575,5.1,5.1,3.56103544599479,False
1466428593,5.1,5.1,0.08226172455468306,False
1466428682,5.1,5.1,3.159499171006793,False
1466428699,5.1,5.140886791459577,5.140886791459577,True
1466428719,5.1,5.1,5.836602481303443,False
1466428819,5.1,2.6711250322482263,2.6711250322482263,True
1466428850,5.1,5.1,5.060373175563661,False
1466428884,5.1,5.942206578739507,5.942206578739507,True
1466428973,5.1,2.203532189657807,2.203532189657807,True
1466429006,5.1,5.1,0.07259142619523251,False
1466429026,5.1,5.1,0.09794069570274089,False
1466429066,4.9,4.9,2.455583894064408,False
1466429072,4.9,1.1504993598379951,1.1504993598379951,True
1466429103,4.9,4.9,5.4330105519839105,False
1466429110,4.9,4.727814787116825,4.727814787116825,True
1466429123,4.9,2.6704783451894576,2.6704783451894576,True
1466429168,4.9,3.986270040194806,3.986270040194806,True
1466429182,4.9,4.9,2.4753226865611255,False
1466429184,4.9,0.41792993351327,0.41792993351327,True
1466429197,4.9,5.894365696324255,5.894365696324255,True
1466429280,4.9,1.3735196127715534,1.3735196127715534,True
1466429378,4.9,4.9,5.6897803846927015,False
1466429450,4.9,4.274412493419956,4.274412493419956,True
1466429455,4.9,2.5699221186321846,2.5699221186321846,True
1466429510,4.9,3.7982926265932324,3.7982926265932324,True
1466429565,1.4,4.1520954293644845,4.1520954293644845,True
1466429566,1.4,1.4,1.6403717354054637,False
1466429592,2.5,1.4455297795822561,1.4455297795822561,True
1466429623,2.5,5.569904225921635,5.569904225921635,True
1466429691,2.5,2.5,5.1252661279565155,False
1466429733,2.5,0.13585289972594006,0.13585289972594006,True
1466429803,2.5,2.5,1.2780150765692715,False
1466429832,2.4,4.340647824397076,4.340647824397076,True
1466429905,1.0,1.0,3.3644498479922262,False
1466429997,1.0,5.152302379713228,5.152302379713228,True
1466430050,1.0,0.9626054346687876,0.9626054346687876,True
1466430088,1.0,1.0,5.826837666918079,False
1466430174,1.0,4.422117416842479,4.422117416842479,True
1466430247,1.0,1.0,5.872787616995895,False
1466430344,1.0,1.0,2.772488879584637,False
1466430375,3.2,3.2,0.8607505659143435,False
1466430400,3.2,3.3647648850527183,3.3647648850527183,True
1466430457,1.5,0.04288254623407872,0.04288254623407872,True
1466430483,1.5,1.5,5.944184956280855,False
1466430517,1.5,1.5,4.140210942438414,False
1466430524,4.8,5.5750157408293415,5.5750157408293415,True
1466430592,4.8,4.8,1.578040019764607,False
1466430616,4.8,4.8,3.5692533287028594,False
1466430631,4.8,4.8,3.82297285747218,False
1466430680,0.5,1.2980520462093939,1.2980520462093939,True
1466430734,0.7,0.7,4.296522102060656,False
1466430790,4.0,4.0,1.5760566430363396,False
1466430815,1.1,1.1,4.058756327923526,False
1466430895,3.1,3.1,0.36830679330756455,False
1466430916,3.1,2.639809552499792,2.639809552499792,True
1466430929,3.1,3.7883140853086994,3.7883140853086994,True
1466430936,3.1,0.9111966124522253,0.9111966124522253,True
1466431009,3.1,4.241074131880417,4.241074131880417,True
1466431036,3.1,3.1,0.8149928578019425,False
1466431055,2.5,2.668746237529605,2.668746237529605,True
1466431145,3.7,1.5382500210679502,1.5382500210679502,True
1466431218,3.7,3.7,1.1724618180310016,False
1466431290,3.7,4.874997806342833,4.874997806342833,True
1466431324,3.7,3.7,5.305451731945276,False
1466431400,3.7,3.7,1.2193269392957384,False
1466431450,4.6,3.182028162773171,3.182028162773171,True
1466431526,4.6,2.6305801832428886,2.6305801832428886,True
1466431589,4.6,4.825489217470008,4.825489217470008,True
1466431661,4.6,4.6,0.8509576375155319,False
1466431760,0.5,0.5,0.45169209242878505,False
1466431796,0.5,5.784565386030184,5.784565386030184,True
1466431848,5.5,5.5,1.3384191285236409,False
1466431879,3.7,4.375414546858547,4.375414546858547,True
1466431954,2.8,2.3321158307591805,2.3321158307591805,True
1466431958,2.8,2.8,4.267111653814028,False
1466432002,2.8,1.7857235049358275,1.7857235049358275,True
1466432101,2.8,0.15381442684375668,0.15381442684375668,True
1466432177,2.8,5.746220629152735,5.746220629152735,True
1466432194,2.8,2.8,1.1016215482309648,False
1466432237,2.8,1.6209491233425783,1.6209491233425783,True
1466432280,2.8,2.8,0.5226084871417658,False
1466432373,2.8,5.999688345977344,5.999688345977344,True
1466432389,2.8,2.8,4.880708304260303,False
1466432415,2.0,2.6207297965384764,2.6207297965384764,True
1466432417,5.2,5.2,3.9139164418445533,False
1466432506,5.2,5.2,4.623540049095509,False
1466432569,3.7,3.7,4.543630448157234,False
1466432577,3.7,3.7,4.915857627950066,False
1466432670,3.7,3.7,4.09906088736136,False
1466432706,4.4,4.4,3.1724677527135103,False
1466432804,4.4,1.3861791958295855,1.3861791958295855,True
1466432853,2.4,3.7065599921739105,3.7065599921739105,True
1466432947,1.1,1.1,5.219744300032328,False
1466433040,1.1,1.1,2.3670289501559223,False
1466433128,4.9,5.661161043326106,5.661161043326106,True
1466433145,4.9,3.6858608430985553,3.6858608430985553,True
1466433195,2.4,2.4,4.692624808356218,False
1466433289,2.4,2.4,4.525596959196752,False
1466433375,2.4,5.771882320787684,5.771882320787684,True
1466433427,2.4,2.4,0.6306261664608332,False
1466433478,2.4,2.4,4.13025427475444,False
1466433517,2.4,0.11719743384658265,0.11719743384658265,True
1466433615,3.7,3.7,2.9145910279310363,False
1466433672,3.7,0.5880791829019132,0.5880791829019132,True
1466433762,4.5,1.8706027335080098,1.8706027335080098,True
1466433809,4.5,4.5,0.9496067952168445,False
1466433873,2.9,5.261979094850399,5.261979094850399,True
1466433910,2.2,0.056961651879005704,0.056961651879005704,True
1466433994,2.2,2.2,3.4094759702491477,False
1466434003,2.2,2.2,4.372000140727501,False
1466434045,2.2,2.2,1.215560400000589,False
1466434096,2.2,3.534936460167458,3.534936460167458,True
1466434173,2.2,2.2,0.8753955443261003,False
1466434199,2.2,0.17580819489503186,0.17580819489503186,True
1466434224,2.2,2.2,5.6822742101958275,False
1466434308,5.2,1.246264514179019,1.246264514179019,True
1466434359,5.2,5.2,0.5377507639585168,False
1466434371,5.2,5.2,5.53444695183329,False
1466434457,5.2,5.2,4.539092443769218,False
1466434498,5.2,5.8180459416925405,5.8180459416925405,True
1466434552,2.7,2.7,2.6585517234405716,False
1466434622,4.1,5.889996444033253,5.889996444033253,True
1466434691,4.1,4.1,2.865582216828899,False
1466434718,4.1,1.5064391640015438,1.5064391640015438,True
1466434727,4.1,4.1,4.596702365558416,False
1466434815,4.1,5.982671460854792,5.982671460854792,True
1466434892,4.1,4.1,5.446788773444226,False
1466434915,4.1,3.730131199715743,3.730131199715743,True
1466434946,4.1,4.1,4.611779216485759,False
1466434988,0.9,0.9,4.188342703304247,False
1466435020,0.3,0.3,2.807242290673079,False
1466435090,3.9,2.458197992832872,2.458197992832872,True
1466435099,3.2,3.2,2.409142927571635,False
1466435145,3.1,2.4045790113265997,2.4045790113265997,True
1466435186,3.8,3.9008144719115494,3.9008144719115494,True
1466435246,3.8,3.8,0.7438113505503989,False
1466435284,3.8,0.013719158987061997,0.013719158987061997,True
1466435327,3.8,3.8,0.38288511246141654,False
1466435369,3.8,0.26038941039792873,0.26038941039792873,True
1466435408,4.3,2.7897499445381753,2.7897499445381753,True
1466435468,4.3,0.25431573922689643,0.25431573922689643,True
1466435486,4.3,4.3,5.14516158295749,False
1466435555,4.3,0.4253865647639927,0.4253865647639927,True
1466435624,4.3,4.773555389717332,4.773555389717332,True
1466435659,4.3,3.504000663321194,3.504000663321194,True
1466435682,0.4,1.6997027914555234,1.6997027914555234,True
1466435712,0.4,0.5192605806780708,0.5192605806780708,True
1466435794,0.4,0.4,5.780012976354164,False
1466435878,3.4,3.971097062696341,3.971097062696341,True
1466435904,4.4,4.4,3.5837420758805507,False
1466435971,4.4,1.590498489169151,1.590498489169151,True
1466436041,4.4,4.4,5.305582697288965,False
1466436059,5.5,4.678897116035094,4.678897116035094,True
1466436093,5.2,5.2,2.2313521281541275,False
1466436178,2.1,2.1,5.221879514841115,False
1466436230,2.1,4.210114466935302,4.210114466935302,True
1466436280,2.4,2.4,0.22378267620905357,False
1466436332,2.4,2.0467987614007965,2.0467987614007965,True
1466436333,2.4,2.4,5.154550589778632,False
1466436431,2.4,1.5757981995239947,1.5757981995239947,True
1466436520,2.4,3.072509075252634,3.072509075252634,True
1466436572,2.4,2.4,4.5643417068185865,False
1466436647,2.4,2.8192908391826856,2.8192908391826856,True
1466436655,2.4,2.4,2.0583722825784005,False
1466436727,4.8,5.936718066981163,5.936718066981163,True
1466436793,2.9,0.520622339805987,0.520622339805987,True
1466436879,0.2,4.230872234878536,4.230872234878536,True
1466436880,0.2,0.2,5.104550854262141,False
1466436939,0.2,0.2,3.2521024819987563,False
1466437015,0.2,2.478267055720462,2.478267055720462,True
1466437048,0.2,0.2,2.1600561644789353,False
1466437088,4.3,4.3,5.811545242609408,False
1466437105,4.3,4.3,1.8208451657423061,False
1466437122,4.3,1.4699409581013565,1.4699409581013565,True
1466437160,4.3,4.3,3.641239010002688,False
1466437232,4.3,1.9133126174523754,1.9133126174523754,True
1466437321,4.3,4.3,0.3336156318851935,False
1466437335,4.3,4.3,0.15849799383378738,False
1466437358,4.3,4.3,2.4112466488708697,False
1466437441,4.3,4.3,3.240071498743765,False
1466437480,4.3,4.3,2.668502144458537,False
1466437561,1.3,1.3,5.288185392263988,False
1466437653,1.3,1.3,1.1222204270257172,False
1466437709,1.3,2.2621835602219664,2.2621835602219664,True
1466437798,1.3,5.801390144169049,5.801390144169049,True
1466437869,6.0,6.0,5.826221402522346,False
1466437952,6.0,0.15868763104854477,0.15868763104854477,True
1466438037,6.0,0.8923453451106487,0.8923453451106487,True
1466438054,6.0,3.6197187179062897,3.6197187179062897,True
1466438056,6.0,4.604836688106191,4.604836688106191,True
1466438136,6.0,1.8363317782155746,1.8363317782155746,True
1466438234,6.0,0.2792596581767106,0.2792596581767106,True
1466438261,6.0,6.0,3.838580944219528,False
1466438348,6.0,6.0,2.4387324308767084,False
1466438407,6.0,4.342888667223457,4.342888667223457,True
1466438422,1.2,1.4465164582609513,1.4465164582609513,True
1466438476,1.2,3.5869039996753043,3.5869039996753043,True
1466438571,1.2,1.0220821114191707,1.0220821114191707,True
1466438612,6.0,4.379771581339976,4.379771581339976,True
1466438620,6.0,6.0,1.973582100814486,False
1466438698,6.0,6.0,5.202358421264503,False
1466438747,6.0,6.0,0.10262209794383814,False
1466438795,5.6,5.6,0.9961801584293817,False
1466438810,5.6,3.0546808401878804,3.0546808401878804,True
1466438888,2.1,2.1,5.001745850805016,False
1466438975,2.1,1.6154356192265542,1.6154356192265542,True
1466439000,2.1,1.974876598166171,1.974876598166171,True
1466439092,2.1,3.6461664335171333,3.6461664335171333,True
1466439150,2.1,5.9837475157507445,5.9837475157507445,True
1466439229,2.1,2.1,4.716313845815676,False
1466439279,4.6,5.261855747274781,5.261855747274781,True
1466439328,4.6,4.6,2.227164036617448,False
1466439351,4.6,5.30960572494773,5.30960572494773,True
1466439447,4.6,4.6,2.4921159883587882,False
1466439466,4.2,2.0150251693717673,2.0150251693717673,True
1466439480,2.8,0.10380802076839135,0.10380802076839135,True
1466439560,2.7,1.8434323913254254,1.8434323913254254,True
1466439600,2.7,3.185944021945432,3.185944021945432,True
1466439645,0.4,0.4,5.43034025227754,False
1466439729,0.8,1.8741664116344898,1.8741664116344898,True
1466439772,0.8,1.4576159398956121,1.4576159398956121,True
1466439827,0.8,0.22551701631768206,0.22551701631768206,True
1466439849,6.0,4.180853072719231,4.180853072719231,True
1466439910,6.0,1.3255364185750476,1.3255364185750476,True
1466439990,4.3,1.4905321627465864,1.4905321627465864,True
1466440005,4.3,4.3,1.971600730082593,False
1466440006,4.3,0.8752940626431587,0.8752940626431587,True
1466440045,2.8,2.8,1.431485342057118,False
1466440066,5.4,2.7976725415651833,2.7976725415651833,True
1466440154,5.4,5.7661332611615945,5.7661332611615945,True
1466440214,5.4,3.8739556465356166,3.8739556465356166,True
1466440226,5.4,5.4,3.468473527932295,False
1466440304,4.9,4.9,1.4552709203531577,False
1466440385,4.9,4.9,3.3147785045394205,False
1466440451,2.1,2.1,5.533475121773081,False
1466440521,2.1,0.15758678904389223,0.15758678904389223,True
1466440581,2.1,2.5170056113251196,2.5170056113251196,True
1466440674,2.1,0.4543501805452157,0.4543501805452157,True
1466440727,2.1,1.9139084691689132,1.9139084691689132,True
1466440821,2.1,2.1,2.6868589427290646,False
1466440827,2.1,1.0658359119443501,1.0658359119443501,True
1466440897,2.1,1.2637534097093372,1.2637534097093372,True
1466440923,2.1,2.1,0.6577929971629359,False
1466441012,2.1,2.1,1.3950497747580954,False
1466441049,0.6,5.87207938391296,5.87207938391296,True
1466441147,5.3,5.688741540378727,5.688741540378727,True
1466441213,5.3,5.3,4.034999189728001,False
1466441311,1.4,1.4,3.6760005630541315,False
1466441318,1.4,1.0644561258193381,1.0644561258193381,True
1466441418,0.9,4.993783087811046,4.993783087811046,True
1466441510,1.1,2.1933464826261764,2.1933464826261764,True
1466441541,4.1,4.206296875139561,4.206296875139561,True
1466441579,1.9,4.004446058797599,4.004446058797599,True
1466441630,1.9,5.057181828210574,5.057181828210574,True
1466441714,1.9,4.587983250694548,4.587983250694548,True
1466441724,1.9,5.8534984817286055,5.8534984817286055,True
1466441741,4.6,1.5003814969749631,1.5003814969749631,True
1466441822,4.6,2.5933636720720976,2.5933636720720976,True
1466441883,4.6,4.065181987271895,4.065181987271895,True
1466441934,0.8,0.8,2.7267864422996047,False
1466441947,0.8,2.2982966940002414,2.2982966940002414,True
1466442046,4.0,2.5570853955719772,2.5570853955719772,True
1466442137,4.4,2.6239327953081197,2.6239327953081197,True
1466442175,4.4,4.15994460296259,4.15994460296259,True
1466442216,5.4,5.4,5.480661580961754,False
1466442284,5.4,2.489821628925225,2.489821628925225,True
1466442332,5.3,5.3,3.535059446401222,False
1466442358,5.3,0.4813633623781499,0.4813633623781499,True
1466442362,5.3,4.807480339310915,4.807480339310915,True
1466442439,5.3,2.728783022895021,2.728783022895021,True
1466442490,5.3,5.3,1.7062121255024973,False
1466442498,4.5,4.5,3.3292490052825787,False
1466442508,3.3,1.037522462857681,1.037522462857681,True
1466442518,3.3,2.7848776112291698,2.7848776112291698,True
1466442556,3.3,3.3,0.1696406544143989,False
1466442656,3.3,3.3,2.490565702850038,False
1466442662,3.3,4.073929514184981,4.073929514184981,True
1466442703,3.3,5.226593316249426,5.226593316249426,True
1466442768,3.3,3.3,0.4711829306689528,False
1466442788,3.3,3.3,0.49689371315525643,False
1466442886,3.3,3.3,3.4790655611724812,False
1466442980,3.3,2.2903920537515283,2.2903920537515283,True
1466443000,3.5,0.28131824499393665,0.28131824499393665,True
1466443029,3.5,3.5,5.5363805995707756,False
1466443038,3.6,1.9621540441916103,1.9621540441916103,True
1466443089,3.6,3.6,5.132413066204576,False
1466443162,3.6,3.8970864036907695,3.8970864036907695,True
1466443201,3.6,2.3266133076280555,2.3266133076280555,True
1466443219,1.3,5.518619477554414,5.518619477554414,True
1466443263,1.3,3.687126985812899,3.687126985812899,True
1466443350,1.3,1.3,4.25265891533434,False
1466443373,2.4,3.726971315378142,3.726971315378142,True
1466443392,2.5,1.1172112519920643,1.1172112519920643,True
1466443402,2.5,2.5,1.809532021430044,False
1466443486,2.5,5.924128642007335,5.924128642007335,True
1466443511,2.5,3.3894288763965976,3.3894288763965976,True
1466443584,2.5,2.071733995028446,2.071733995028446,True
1466443677,2.5,2.005223864209525,2.005223864209525,True
1466443725,2.5,2.600814684671402,2.600814684671402,True
1466443727,4.4,0.5741636310465286,0.5741636310465286,True
1466443750,3.5,4.470589302102889,4.470589302102889,True
1466443761,4.3,4.3,1.4599423693805145,False
1466443808,0.6,3.964643551207792,3.964643551207792,True
1466443861,1.2,1.2,0.34364562067934634,False
1466443929,1.8,1.6113141081804017,1.6113141081804017,True
1466443986,1.6,1.139608166131151,1.139608166131151,True
1466444043,0.5,0.04524442502734982,0.04524442502734982,True
1466444110,0.5,0.5,0.7860422511539789,False
1466444192,0.5,0.5,1.274809107250334,False
1466444287,0.5,0.5,1.5448028576787727,False
1466444294,0.5,0.5,2.0613786988597242,False
1466444366,2.8,2.8,2.929611173112467,False
1466444466,2.8,5.677837428764196,5.677837428764196,True
1466444505,2.8,2.8,2.5634897905093985,False
1466444556,2.8,0.842160262374144,0.842160262374144,True
1466444624,2.8,1.2629445435457707,1.2629445435457707,True
1466444663,2.8,5.761084712919914,5.761084712919914,True
1466444685,2.8,5.354269228352835,5.354269228352835,True
1466444756,2.3,2.3,3.436610630713909,False
1466444781,2.3,3.9574265123266334,3.9574265123266334,True
1466444840,2.3,2.3,1.993364503111653,False
1466444854,2.3,5.370924434831692,5.370924434831692,True
1466444860,2.3,2.3,5.13529124034099,False
1466444959,2.3,0.558123344682798,0.558123344682798,True
1466445058,2.3,1.0930716161144003,1.0930716161144003,True
1466445107,1.8,4.166103883123483,4.166103883123483,True
1466445165,1.8,1.8,0.38240184870391647,False
1466445170,2.2,2.2,5.260103067993465,False
1466445173,2.2,2.2,3.3643875103683865,False
1466445247,2.2,4.910938031834287,4.910938031834287,True
1466445305,2.2,3.1858912116102602,3.1858912116102602,True
1466445333,2.2,0.25212780882788066,0.25212780882788066,True
1466445356,2.2,3.8168463994346578,3.8168463994346578,True
1466445430,2.2,1.7869303304857327,1.7869303304857327,True
1466445491,2.2,3.2887593686164185,3.2887593686164185,True
1466445497,2.2,4.408278276704674,4.408278276704674,True
1466445514,2.2,3.8686089033495534,3.8686089033495534,True
1466445549,2.2,2.2,0.4598792018296187,False
1466445640,2.2,0.3904046926760727,0.3904046926760727,True
1466445648,2.2,1.2636270462974384,1.2636270462974384,True
1466445739,2.5,2.5,5.565801294149625,False
1466445814,0.6,0.6,0.017154292806417448,False
1466445879,0.6,5.129962422305984,5.129962422305984,True
1466445909,0.6,4.4618185879501855,4.4618185879501855,True
1466445965,0.6,0.6,1.9810772286240608,False
1466446021,5.4,5.4,4.162092493506124,False
1466446045,5.4,5.117372152435307,5.117372152435307,True
1466446071,5.4,5.4,5.772391389906953,False
1466446120,5.9,5.9,1.7066934181017261,False
1466446168,5.9,5.9,4.821363192656782,False
1466446253,5.9,5.9,0.41096685262847776,False
1466446302,2.0,4.621831984441748,4.621831984441748,True
1466446389,2.0,2.0,5.2934565291077185,False
1466446404,2.0,2.0,2.679407477002587,False
1466446494,2.0,2.0,3.993100587232365,False
1466446594,0.5,0.5,3.7193973821582142,False
1466446643,0.5,1.0800060589084866,1.0800060589084866,True
1466446669,0.5,3.54568260156955,3.54568260156955,True
1466446690,0.5,2.4563967297434877,2.4563967297434877,True
1466446735,4.2,2.8375177493346975,2.8375177493346975,True
1466446766,4.2,4.2,2.156965561868837,False
1466446852,4.2,4.2,2.148721987583804,False
1466446902,3.0,3.0,4.947444427356473,False
1466446945,3.0,3.0,3.371108447886459,False
1466446987,3.0,1.6329823859756576,1.6329823859756576,True
1466447036,3.0,3.0,1.439880020250172,False
1466447112,3.3,2.270563102039083,2.270563102039083,True
1466447129,3.3,3.3266277069797194,3.3266277069797194,True
1466447189,3.3,0.14540452926818848,0.14540452926818848,True
1466447224,0.3,0.3,4.596976363499888,False
1466447270,2.6,2.271501346338737,2.271501346338737,True
1466447272,2.6,2.1756172418218984,2.1756172418218984,True
1466447348,2.6,2.6,4.723792887713517,False
1466447359,2.6,5.621335968385248,5.621335968385248,True
1466447388,2.6,4.351989290443395,4.351989290443395,True
1466447390,5.6,5.6,5.494652201875473,False
1466447425,4.5,4.5,5.555885809545348,False
1466447463,4.5,4.5,2.2005237335959653,False
1466447485,4.5,5.930905747173445,5.930905747173445,True
1466447545,4.5,4.5,4.735533110111958,False
1466447553,0.2,0.2,4.900302721048363,False
1466447554,0.2,0.2,5.515064716066576,False
1466447573,0.2,0.2819929663438907,0.2819929663438907,True
1466447634,1.5,1.1273370649179926,1.1273370649179926,True
1466447695,1.5,1.5,3.795682332834893,False
1466447762,1.5,1.5,3.05471377035205,False
1466447844,1.5,3.575897404228461,3.575897404228461,True
1466447885,1.5,1.5,1.5163788551399127,False
1466447943,4.2,4.2,5.531583656614798,False
1466447956,4.2,4.2,5.3058280216494955,False
1466448041,4.2,4.73909873919521,4.73909873919521,True
1466448140,4.2,4.2,5.71118149292076,False
1466448215,2.4,2.4,4.000230262549,False
1466448270,5.1,5.1,3.336327439916764,False
1466448302,5.1,3.691959447722773,3.691959447722773,True
1466448368,5.1,5.1,1.1672096186738687,False
1466448422,4.3,0.07669984319479606,0.07669984319479606,True
1466448517,4.3,1.9094557108597723,1.9094557108597723,True
1466448614,2.0,3.929043093011811,3.929043093011811,True
1466448701,5.1,5.1,2.5950303901738963,False
1466448743,5.1,3.398010491824396,3.398010491824396,True
1466448805,1.6,1.6,3.893110370215629,False
1466448844,1.6,1.6,4.0802906190753205,False
1466448896,1.6,1.7293741757613232,1.7293741757613232,True
1466448984,1.6,5.219880881393777,5.219880881393777,True
1466449031,1.6,4.688363602986353,4.688363602986353,True
1466449045,1.6,4.132753860460291,4.132753860460291,True
1466449099,5.7,5.7,3.004047057563396,False
1466449171,5.7,0.46582410988313194,0.46582410988313194,True
1466449261,0.7,0.7,2.3402626183471216,False
1466449280,0.7,2.4289877047984927,2.4289877047984927,True
1466449359,1.4,4.289831434916138,4.289831434916138,True
1466449442,4.6,0.29486065009110085,0.29486065009110085,True
1466449496,2.5,2.5,4.01899705317612,False
1466449537,2.5,3.36794057795076,3.36794057795076,True
1466449555,2.5,2.5,1.77610503425393,False
1466449629,2.5,2.5,1.0101975387568833,False
1466449635,2.5,1.2292812405592743,1.2292812405592743,True
1466449721,2.5,1.1931379326237959,1.1931379326237959,True
1466449772,5.2,5.832461947706843,5.832461947706843,True
1466449872,5.8,5.8,2.8499927092094763,False
1466449873,5.8,0.18590078630663065,0.18590078630663065,True
1466449884,5.8,3.0558551003807395,3.0558551003807395,True
1466449937,5.8,0.8893782721494359,0.8893782721494359,True
1466449953,5.8,5.427376835207241,5.427376835207241,True
1466449959,5.8,2.9666296375640906,2.9666296375640906,True
1466449961,5.8,5.8,3.0208653906185905,False
1466450018,5.8,0.051592338275533445,0.051592338275533445,True
1466450075,0.1,0.1,1.2104980233316842,False
1466450150,0.1,2.9100847703597887,2.9100847703597887,True
1466450177,0.1,0.1,2.2465424654540476,False
1466450255,0.1,3.6655231200822427,3.6655231200822427,True
1466450343,0.1,1.4884844124204502,1.4884844124204502,True
1466450348,1.9,1.9,5.302570669056725,False
1466450401,1.9,3.151676045364073,3.151676045364073,True
1466450433,1.9,1.9,5.652937635278082,False
1466450507,1.9,1.9,2.1143746635518825,False
1466450536,1.9,1.9,2.535967231961839,False
1466450627,1.9,1.9,4.031898719633469,False
1466450723,6.0,5.77306849761807,5.77306849761807,True
1466450817,6.0,6.0,4.986648168662128,False
1466450900,5.0,0.7319804132435013,0.7319804132435013,True
1466450902,5.0,4.541145495718748,4.541145495718748,True
1466450971,5.0,5.0,3.155017397521605,False
1466451016,1.7,1.7,0.36899351908458033,False
1466451023,1.7,4.0640807606148925,4.0640807606148925,True
1466451073,1.7,1.7,3.518385514459105,False
1466451166,1.9,1.9,0.9213022157035025,False
1466451231,1.9,2.9506264504531607,2.9506264504531607,True
1466451245,1.9,0.4576075556709138,0.4576075556709138,True
1466451293,1.9,1.9,4.016932098750785,False
1466451295,1.9,1.9,3.631843467876914,False
1466451378,1.9,3.1109765897243418,3.1109765897243418,True
1466451445,1.9,2.503640501675908,2.503640501675908,True
1466451508,1.9,0.5859402410545,0.5859402410545,True
1466451599,1.9,1.9131097439626366,1.9131097439626366,True
1466451686,1.9,5.361230699247757,5.361230699247757,True
1466451761,3.4,5.568681909984193,5.568681909984193,True
1466451857,3.4,3.4,1.185762886962512,False
1466451909,3.4,5.177673705796512,5.177673705796512,True
1466451919,3.4,5.8112171687094385,5.8112171687094385,True
1466452006,5.1,5.1,5.04600293222205,False
1466452035,5.1,5.1,5.765210562136867,False
1466452039,5.1,0.12224282968621414,0.12224282968621414,True
1466452104,3.3,3.3,1.2901273213998123,False
1466452167,3.5,2.012426788448728,2.012426788448728,True
1466452238,3.5,1.3192289157556225,1.3192289157556225,True
1466452313,3.5,3.5,0.621825862628405,False
1466452339,2.5,2.5,4.874633417472783,False
1466452419,2.5,5.512502432420205,5.512502432420205,True
1466452424,1.5,2.0456104799177863,2.0456104799177863,True
1466452435,1.5,0.6052126157700266,0.6052126157700266,True
1466452531,1.5,5.772212626174529,5.772212626174529,True
1466452584,1.5,0.7518129901319552,0.7518129901319552,True
1466452625,1.5,5.344980624145536,5.344980624145536,True
1466452676,1.2,1.2,0.8754872515630534,False
1466452752,2.9,5.849883224707477,5.849883224707477,True
1466452796,2.9,2.9,3.6310358278164196,False
1466452825,5.2,5.994587674127246,5.994587674127246,True
1466452860,5.2,3.480362673756282,3.480362673756282,True
1466452960,5.2,0.4477839887426087,0.4477839887426087,True
1466452979,5.2,5.2,5.107712550203511,False
1466453002,5.2,1.8518082206270936,1.8518082206270936,True
1466453016,5.2,3.1125025439004377,3.1125025439004377,True
1466453025,5.2,5.2,2.2435684055117022,False
1466453089,5.2,4.8543292825387425,4.8543292825387425,True
1466453141,5.2,5.2,5.837403839346476,False
1466453154,5.2,3.314910837436928,3.314910837436928,True
1466453184,5.2,5.348420288633213,5.348420288633213,True
1466453202,5.2,5.2,0.42749920811886355,False
1466453203,4.8,3.616964564010677,3.616964564010677,True
1466453222,4.8,4.8,2.999941592047415,False
1466453321,4.8,4.228054404634573,4.228054404634573,True
1466453379,4.8,3.971458476440059,3.971458476440059,True
1466453392,3.9,5.744472769392237,5.744472769392237,True
1466453422,5.7,0.6036368835295727,0.6036368835295727,True
1466453502,5.7,1.1766452912810226,1.1766452912810226,True
1466453518,5.7,5.7,1.3013840398790524,False
1466453563,5.7,5.7,0.543458530950272,False
1466453604,5.7,5.7,1.0592316233055568,False
1466453639,5.7,5.7,0.906123379663921,False
1466453705,5.7,5.7,0.09039298006662078,False
1466453795,5.7,1.4200292756962274,1.4200292756962274,True
1466453816,5.7,3.630157371059666,3.630157371059666,True
1466453870,5.7,5.7,5.9058870526681995,False
1466453910,5.7,0.7155008026795346,0.7155008026795346,True
1466454002,5.7,0.9255863745999964,0.9255863745999964,True
1466454051,5.7,2.4379272242103083,2.4379272242103083,True
1466454087,5.7,5.7,2.4575166695198982,False
1466454129,5.7,5.657037459069484,5.657037459069484,True
1466454227,5.3,3.627473595578035,3.627473595578035,True
1466454259,5.3,1.1688078943637572,1.1688078943637572,True
1466454262,5.3,1.395646754872158,1.395646754872158,True
1466454298,5.3,1.9743627214269373,1.9743627214269373,True
1466454388,5.3,5.3,1.1430603011634013,False
1466454399,5.3,5.3,0.025265847427628385,False
1466454473,5.0,5.0,5.835052306540164,False
1466454529,2.1,2.1,3.376081445178945,False
1466454559,2.1,2.1,2.784519256452072,False
1466454648,2.1,2.1,5.538183633280672,False
1466454745,2.8,2.8,5.049375398258574,False
1466454763,0.4,1.2214429730843697,1.2214429730843697,True
1466454851,2.1,2.1,3.1193491850951376,False
1466454936,3.4,3.4,2.335240456086969,False
1466454949,3.4,0.6055249548051183,0.6055249548051183,True
1466455032,3.4,3.4,3.24990201392938,False
1466455065,3.4,3.4,0.8658934674123331,False
1466455119,3.4,3.4,2.72297125953048,False
1466455172,4.0,4.0,0.056962851486097366,False
1466455196,4.0,2.40578189077974,2.40578189077974,True
1466455271,4.0,4.111188670757217,4.111188670757217,True
1466455357,4.0,3.6966170910464893,3.6966170910464893,True
1466455361,4.0,4.0,0.9114851418471102,False
1466455394,5.2,5.2,2.986129226077162,False
1466455475,5.2,2.8029565474443907,2.8029565474443907,True
1466455497,3.0,4.8182884666143035,4.8182884666143035,True
1466455561,3.0,3.0,1.3797980328203834,False
1466455575,3.0,3.0,5.5435162244084655,False
1466455587,3.0,0.3366901373296778,0.3366901373296778,True
1466455651,3.0,3.7871288062440454,3.7871288062440454,True
1466455658,0.4,0.4,2.918214351829781,False
1466455732,3.6,3.3785055300960325,3.3785055300960325,True
1466455812,3.1,3.1,5.363242374657139,False
1466455910,3.1,3.1,5.00826645684642,False
1466455951,3.1,3.1,0.025005205140595788,False
1466455999,0.4,5.861005303413547,5.861005303413547,True
1466456054,0.4,2.7949192539114796,2.7949192539114796,True
1466456058,0.4,2.631285992676587,2.631285992676587,True
1466456074,0.4,5.818220741983565,5.818220741983565,True
1466456088,5.0,5.0,1.6501192153220157,False
1466456118,5.6,4.124020445481088,4.124020445481088,True
1466456218,4.3,4.3,1.0273162458744358,False
1466456265,4.3,4.3,3.644673486173885,False
1466456270,0.3,4.940069828941522,4.940069828941522,True
1466456312,0.3,0.3,3.0190108340129624,False
1466456346,0.3,0.3,4.720788441789136,False
1466456374,0.3,0.3,1.8298836964754066,False
1466456406,0.3,1.537697092395612,1.537697092395612,True
1466456482,0.3,0.3,2.8668967792935405,False
1466456512,1.9,1.9,5.340366933008336,False
1466456610,4.2,4.2,1.3151161635041861,False
1466456683,4.2,5.559090716548085,5.559090716548085,True
1466456768,4.2,4.2,2.276152069141311,False
1466456856,0.2,1.0267187476852404,1.0267187476852404,True
1466456927,0.2,0.2,0.7489782790875921,False
1466457014,0.2,3.0460815151104983,3.0460815151104983,True
1466457032,4.1,4.1,5.359900474045578,False
1466457067,4.1,4.1,3.936986091201418,False
1466457157,0.6,0.6,3.153728447012546,False
1466457215,0.6,0.6,1.0580215428537023,False
1466457267,3.6,3.6,5.572643321234084,False
1466457357,0.6,3.164991249800782,3.164991249800782,True
1466457434,3.6,5.748836247730846,5.748836247730846,True
1466457487,3.6,0.6255019643493249,0.6255019643493249,True
1466457559,3.6,3.6,2.9804472680624623,False
1466457603,5.6,5.6,1.17803802666614,False
1466457671,5.6,3.932887823480781,3.932887823480781,True
1466457713,5.6,0.04241994460041387,0.04241994460041387,True
1466457745,5.6,5.6,5.585428313050675,False
1466457782,5.6,5.6,2.971805931983009,False
1466457802,5.6,5.6,5.966082891976072,False
1466457817,4.0,4.0,2.614281856285568,False
1466457865,3.7,3.0193197906167537,3.0193197906167537,True
1466457884,3.9,3.9,0.4346500630531618,False
1466457885,3.4,3.818898208283753,3.818898208283753,True
1466457917,3.4,3.021459335101029,3.021459335101029,True
1466457973,3.4,3.4,5.165246107554788,False
1466458045,3.4,2.9693916284926036,2.9693916284926036,True
1466458135,0.3,0.3,3.8864273257397697,False
1466458151,0.3,1.5123879876082467,1.5123879876082467,True
1466458230,0.3,0.3,0.931048270569311,False
1466458324,3.7,4.443580235604076,4.443580235604076,True
1466458362,3.7,3.7,2.54734881018109,False
1466458438,3.7,5.692870423217501,5.692870423217501,True
1466458454,3.7,3.7,1.6214639147615546,False
1466458496,3.7,3.7,5.200131937366412,False
1466458509,3.7,3.7,4.350290861079994,False
1466458580,5.3,5.6699231272806525,5.6699231272806525,True
1466458590,5.3,5.3,3.61094143318198,False
1466458626,3.9,3.9,4.081443427819396,False
1466458642,3.9,2.7236688223575793,2.7236688223575793,True
1466458665,3.9,3.9,4.831617077422196,False
1466458694,3.9,3.9,5.087319804957589,False
1466458762,3.9,2.9270105292079296,2.9270105292079296,True
1466458793,3.9,3.9,4.709027601729022,False
1466458824,3.9,3.9,5.32872879277303,False
1466458906,3.9,4.376329906996078,4.376329906996078,True
1466458982,3.9,1.856949178918006,1.856949178918006,True
1466459068,3.9,1.8024693279910133,1.8024693279910133,True
1466459159,3.9,3.9,0.1730253510079225,False
1466459184,3.9,3.338274385837815,3.338274385837815,True
1466459273,3.9,3.9,0.6118893119754445,False
1466459372,3.9,5.673929553641269,5.673929553641269,True
1466459415,3.9,3.8010653892563235,3.8010653892563235,True
1466459483,3.9,1.3265605622926133,1.3265605622926133,True
1466459504,0.6,0.6,4.467425106732758,False
1466459588,0.6,0.4319518347741873,0.4319518347741873,True
1466459595,0.6,2.7001504290944247,2.7001504290944247,True
1466459673,3.3,3.5242682274359245,3.5242682274359245,True
1466459726,3.3,3.3,4.189755408907545,False
1466459800,4.5,4.5,1.1498351437945644,False
1466459857,4.5,4.5,2.171936234801449,False
1466459887,4.5,4.5,5.370879727075409,False
1466459913,4.5,2.603685349251266,2.603685349251266,True
1466459974,4.5,1.0456852043566796,1.0456852043566796,True
1466459995,4.5,4.5,2.3469555192331084,False
1466460001,4.5,4.5,5.702793326345362,False
1466460054,4.5,4.5,5.728510660541881,False
1466460130,5.3,5.3,4.51173005000113,False
1466460215,2.2,2.7780522274968398,2.7780522274968398,True
1466460252,5.7,5.579242567203668,5.579242567203668,True
1466460272,5.7,5.7,5.5198657760359495,False
1466460346,5.7,5.7,1.7437037664641977,False
1466460440,5.7,4.060028972837008,4.060028972837008,True
1466460461,2.8,4.250057653073565,4.250057653073565,True
1466460528,2.8,3.674443359526319,3.674443359526319,True
1466460610,2.8,3.602288437345951,3.602288437345951,True
1466460630,2.8,2.798597091978567,2.798597091978567,True
1466460691,2.8,5.655436131871789,5.655436131871789,True
1466460706,3.3,1.754845450247979,1.754845450247979,True
1466460739,3.3,3.3,2.12203761028565,False
1466460765,3.3,3.3,1.8805807072115632,False
1466460795,0.2,0.2,2.069975157036408,False
1466460877,0.2,0.4944268935649898,0.4944268935649898,True
1466460973,1.6,4.961265438898997,4.961265438898997,True
1466461009,1.6,1.5030246743749769,1.5030246743749769,True
1466461027,1.6,1.6,0.4151862003200495,False
1466461032,1.6,2.602518243119177,2.602518243119177,True
1466461096,1.6,0.15776919697434844,0.15776919697434844,True
1466461169,1.5,3.9873135978480874,3.9873135978480874,True
1466461256,5.9,5.9,2.617034843602129,False
1466461351,5.9,1.8480920990414322,1.8480920990414322,True
1466461451,5.9,5.9,4.680339661931607,False
1466461531,4.4,4.4,1.7324815980821768,False
1466461568,4.4,4.4,0.4045022630953805,False
1466461583,4.4,4.4,2.035616745010458,False
1466461647,4.4,2.1971279809776374,2.1971279809776374,True
1466461703,4.4,4.4,1.7159303320838175,False
1466461794,3.2,3.2,4.62017084419844,False
1466461813,3.2,3.2,5.712266706486083,False
1466461910,3.2,2.9568491976636024,2.9568491976636024,True
1466461988,3.2,2.707025100607596,2.707025100607596,True
1466462056,3.2,0.3482278786959587,0.3482278786959587,True
1466462101,3.2,3.2,3.4361197964500567,False
1466462155,3.2,3.2,4.0185334631891205,False
1466462215,4.8,4.9128741558804725,4.9128741558804725,True
1466462278,2.7,2.7,0.23018706398267397,False
1466462368,0.7,0.13789154114259694,0.13789154114259694,True
1466462412,0.7,1.128003903688776,1.128003903688776,True
1466462512,0.7,0.7,0.4197971740362294,False
1466462594,0.7,0.8301348569133782,0.8301348569133782,True
1466462671,0.7,4.077599766000323,4.077599766000323,True
1466462716,0.7,3.3915060030061204,3.3915060030061204,True
1466462746,0.7,3.069430249314107,3.069430249314107,True
1466462782,4.8,1.274135009481953,1.274135009481953,True
1466462820,4.8,4.8,3.3785989424166494,False
1466462833,4.8,5.795255434831999,5.795255434831999,True
1466462842,0.7,3.0918080054655936,3.0918080054655936,True
1466462850,0.7,0.7,2.7973832592325563,False
1466462941,0.7,2.25171652190119,2.25171652190119,True
1466463026,0.7,0.7,3.1804157429164186,False
1466463117,0.7,0.7,2.5817728906440833,False
1466463139,0.7,4.177614657375953,4.177614657375953,True
