1466410104,14.1,13.526680204518964,13.526680204518964,True
1466410114,14.1,11.057607043120457,11.057607043120457,True
1466410130,14.1,13.061707573089471,13.061707573089471,True
1466410181,14.1,14.1,13.568632584194113,False
1466410203,14.1,14.1,13.39502710817543,False
1466410250,14.1,13.145820274470651,13.145820274470651,True
1466410309,14.5,11.181824674815779,11.181824674815779,True
1466410397,14.5,14.465698156659508,14.465698156659508,True
1466410430,14.5,14.5,13.553335542367476,False
1466410469,14.5,14.5,13.4057069757004,False
1466410483,14.5,14.5,14.08850988815474,False
1466410498,14.5,12.78943056279866,12.78943056279866,True
1466410502,14.5,12.879477269816864,12.879477269816864,True
1466410532,13.8,13.8,12.959442268770335,False
1466410541,13.8,13.8,12.493429572217401,False
1466410573,13.8,12.5917210884581,12.5917210884581,True
1466410630,13.8,12.573400620282882,12.573400620282882,True
1466410653,13.9,13.9,11.054878442412713,False
1466410746,13.9,13.9,13.962846005605874,False
1466410814,13.9,13.9,12.160645821730759,False
1466410890,13.4,13.4,13.838059606727676,False
1466410902,13.4,13.4,13.468458484551658,False
1466410978,13.9,13.9,14.268896801582894,False
1466411008,13.9,13.9,14.063789210251665,False
1466411066,14.0,14.0,12.717799297828243,False
1466411094,14.0,12.99412047176644,12.99412047176644,True
1466411157,14.0,14.0,11.651757995977304,False
1466411223,14.0,11.919319380048075,11.919319380048075,True
1466411226,14.0,14.0,11.687763877122155,False
1466411272,14.0,14.0,12.313606704862762,False
1466411303,14.0,14.0,12.52491181111226,False
1466411318,14.0,14.0,11.024599831902146,False
1466411396,14.0,14.0,11.720753548515097,False
1466411493,14.0,14.0,11.179953179274037,False
1466411549,14.0,14.0,14.136571124437284,False
1466411560,14.0,14.0,11.148635454402738,False
1466411626,14.0,12.731469398569821,12.731469398569821,True
1466411723,14.3,13.900053165518193,13.900053165518193,True
1466411763,14.3,11.026322743257603,11.026322743257603,True
1466411785,14.2,14.2,13.872912341120232,False
1466411854,14.2,14.2,12.804960395791735,False
1466411889,14.2,11.393786525277514,11.393786525277514,True
1466411988,14.2,14.2,13.603432453381815,False
1466412022,14.2,14.2,12.638299263659018,False
1466412046,14.2,13.749912719372565,13.749912719372565,True
1466412076,13.5,11.499687810498536,11.499687810498536,True
1466412152,13.4,13.326216640610697,13.326216640610697,True
1466412181,13.4,13.852571646078198,13.852571646078198,True
1466412201,13.4,13.314796960960692,13.314796960960692,True
1466412260,13.4,13.4,11.497243953437623,False
1466412347,13.4,13.4,11.938941626608663,False
1466412360,13.4,13.4,12.426519967511672,False
1466412438,13.4,13.4,11.729851146601664,False
1466412521,13.4,13.4,11.781551062599076,False
1466412599,13.4,11.474212239691532,11.474212239691532,True
1466412639,13.4,12.419384129703815,12.419384129703815,True
1466412691,14.0,13.28280673199079,13.28280673199079,True
1466412747,14.0,12.707099557795196,12.707099557795196,True
1466412794,14.0,14.235548020502716,14.235548020502716,True
1466412819,14.0,12.399519140711327,12.399519140711327,True
1466412832,14.0,13.786282414475222,13.786282414475222,True
1466412874,14.0,14.0,13.542415907288573,False
1466412943,13.7,13.7,12.246738807505315,False
1466412971,13.7,13.7,14.14896502488275,False
1466412990,13.7,11.67004578153439,11.67004578153439,True
1466413028,13.7,14.084454881127126,14.084454881127126,True
1466413053,13.4,13.4,13.95920850050948,False
1466413125,13.4,13.4,13.355028899897341,False
1466413200,13.4,13.4,13.798414030506342,False
1466413264,13.4,13.4,12.598275239216967,False
1466413311,13.4,13.222544037347573,13.222544037347573,True
1466413342,13.0,13.148207937335311,13.148207937335311,True
1466413440,13.0,13.0,12.037823410948338,False
1466413458,13.0,11.759311170668116,11.759311170668116,True
1466413529,13.8,13.8,13.45139618954596,False
1466413542,13.8,12.134720611984482,12.134720611984482,True
1466413638,14.5,12.07725466049031,12.07725466049031,True
1466413672,14.5,12.872609661042533,12.872609661042533,True
1466413733,14.5,14.5,13.72736906076722,False
1466413779,14.5,14.380728442162676,14.380728442162676,True
1466413780,14.5,11.612560012317402,11.612560012317402,True
1466413864,14.0,14.249773975106717,14.249773975106717,True
1466413885,14.0,13.076673901906627,13.076673901906627,True
1466413946,14.0,13.43987542534588,13.43987542534588,True
1466414033,14.0,14.0,14.187269408693231,False
1466414071,14.0,14.0,12.054194642314286,False
1466414164,14.6,11.088584887983506,11.088584887983506,True
1466414225,14.6,14.6,13.46645616104701,False
1466414312,14.6,14.6,11.618455972461625,False
1466414325,14.6,14.6,12.04895703471565,False
1466414328,14.6,14.6,14.039160182349317,False
1466414329,14.6,12.259192620543487,12.259192620543487,True
1466414402,14.1,14.1,13.554171752885683,False
1466414407,14.1,11.105992276638085,11.105992276638085,True
1466414413,14.1,11.423548964361665,11.423548964361665,True
1466414460,14.1,11.67132758536605,11.67132758536605,True
1466414552,14.1,11.91869182083499,11.91869182083499,True
1466414602,14.1,14.1,11.543985068672237,False
1466414662,14.1,14.1,13.343072766879448,False
1466414746,14.1,14.1,12.091784724794703,False
1466414844,14.1,14.251660739912799,14.251660739912799,True
1466414943,14.1,14.1,14.147031254246096,False
1466414946,14.1,12.69175739838378,12.69175739838378,True
1466414966,14.5,14.5,11.571908568912956,False
1466415038,14.5,14.5,13.57191275301842,False
1466415106,14.5,14.5,11.449237183487565,False
1466415130,13.7,12.551493343715277,12.551493343715277,True
1466415145,13.5,13.02886091223767,13.02886091223767,True
1466415202,13.0,13.22080803663613,13.22080803663613,True
1466415239,13.0,13.0,13.075898459116015,False
1466415249,13.0,13.0,14.475582347596749,False
1466415308,12.7,13.762760134659898,13.762760134659898,True
1466415357,12.7,12.92598100949577,12.92598100949577,True
1466415404,12.7,12.7,13.378777547132655,False
1466415469,12.7,14.465574122467853,14.465574122467853,True
1466415548,12.3,12.3,13.936307882166108,False
1466415588,12.3,12.3,14.022316420028314,False
1466415627,12.3,12.3,12.62505013753297,False
1466415719,12.3,12.909220863231164,12.909220863231164,True
1466415767,12.3,12.3,14.255078564357525,False
1466415860,12.3,12.721730527223952,12.721730527223952,True
1466415872,12.8,12.8,11.69569005561897,False
1466415914,12.8,12.8,12.482370393867823,False
1466415934,12.8,12.8,14.422990188444627,False
1466415988,12.0,14.28557002192652,14.28557002192652,True
1466416004,12.0,13.573300039497164,13.573300039497164,True
1466416050,12.0,12.0,13.674736493893654,False
1466416150,11.6,11.6,12.275360818541653,False
1466416161,11.5,11.5,12.446127052352832,False
1466416215,12.4,13.129825414596176,13.129825414596176,True
1466416315,12.4,12.054721694361282,12.054721694361282,True
1466416321,12.4,13.528478027327234,13.528478027327234,True
1466416393,12.7,14.18920938865466,14.18920938865466,True
1466416440,12.7,13.892876771651217,13.892876771651217,True
1466416510,12.7,12.129938698671916,12.129938698671916,True
1466416541,12.7,13.455420429111149,13.455420429111149,True
1466416631,12.7,12.7,11.921402195897363,False
1466416671,12.7,12.321992558994815,12.321992558994815,True
1466416725,12.7,12.7,13.711819657031924,False
1466416815,12.7,11.953553770845986,11.953553770845986,True
1466416867,12.7,13.941560772273341,13.941560772273341,True
1466416933,12.7,12.7,13.696245712271958,False
1466416963,12.7,11.237741693761855,11.237741693761855,True
1466417034,12.7,13.058697827089182,13.058697827089182,True
1466417069,12.8,12.8,11.987391195363474,False
1466417095,12.2,14.198883923754074,14.198883923754074,True
1466417123,12.2,12.433756607436715,12.433756607436715,True
1466417219,12.2,12.2,11.366157876883412,False
1466417228,12.2,12.138826371786164,12.138826371786164,True
1466417235,12.2,11.096922389662199,11.096922389662199,True
1466417266,12.2,12.2,12.20770317239061,False
1466417298,12.2,12.2,11.398156517713355,False
1466417382,11.3,11.3,11.772937459005075,False
1466417429,11.3,11.438160653944728,11.438160653944728,True
1466417434,11.4,11.4,13.285514053487805,False
1466417513,11.4,14.491620518784815,14.491620518784815,True
1466417598,11.4,11.4,11.780534224741603,False
1466417615,11.4,14.406202249395154,14.406202249395154,True
1466417654,11.4,11.858666200308582,11.858666200308582,True
1466417749,11.4,11.4,13.814810504635727,False
1466417763,11.3,11.3,12.566967627364805,False
1466417822,11.3,11.3,13.882461422291188,False
1466417851,12.1,12.1,14.299766525738615,False
1466417855,12.8,12.8,13.035945307183672,False
1466417879,12.8,12.8,13.265257645688871,False
1466417895,12.8,13.888199386608179,13.888199386608179,True
1466417969,12.8,12.8,11.578273023626327,False
1466418049,12.8,13.965611890085992,13.965611890085992,True
1466418118,12.8,12.8,13.326714077595378,False
1466418129,12.8,14.08327196728386,14.08327196728386,True
1466418179,12.8,12.8,11.071694279302372,False
1466418254,13.6,13.6,11.073023115900478,False
1466418332,14.1,14.1,11.16118491772778,False
1466418428,14.1,13.21354282318476,13.21354282318476,True
1466418494,14.1,14.240044281738875,14.240044281738875,True
1466418554,13.6,13.600880919165819,13.600880919165819,True
1466418563,13.6,13.6,11.390786217642278,False
1466418564,13.6,13.6,13.590185311559402,False
1466418594,13.6,11.188175889288708,11.188175889288708,True
1466418674,13.6,14.203281757918486,14.203281757918486,True
1466418748,13.6,13.6,12.945929124461228,False
1466418847,13.6,13.6,12.138461609995039,False
1466418877,13.5,13.329454764619602,13.329454764619602,True
1466418917,13.5,13.5,11.984151358853435,False
1466418938,13.5,13.5,13.93489559174084,False
1466419031,13.5,13.5,11.203757493773802,False
1466419058,14.1,14.1,11.601561673631542,False
1466419104,13.4,14.391544325694948,14.391544325694948,True
1466419166,13.2,12.835846483220374,12.835846483220374,True
1466419261,13.2,11.268956890084318,11.268956890084318,True
1466419349,13.2,13.2,12.791179746080367,False
1466419442,13.2,12.241171962442497,12.241171962442497,True
1466419530,13.2,13.2,13.857280505014302,False
1466419595,13.2,12.882427013226563,12.882427013226563,True
1466419646,12.7,11.678010603083367,11.678010603083367,True
1466419737,12.7,12.7,12.51731024358083,False
1466419826,12.7,14.338833231691753,14.338833231691753,True
1466419880,12.7,11.929901135779255,11.929901135779255,True
1466419911,12.7,12.7,11.921649462500135,False
1466419938,12.7,11.667223499911204,11.667223499911204,True
1466420016,12.7,12.7,13.006915630775849,False
1466420019,12.7,12.7,11.792189734867312,False
1466420108,12.7,12.7,11.368291854188925,False
1466420205,12.7,12.7,13.249703744569969,False
1466420228,12.7,11.07737448482057,11.07737448482057,True
1466420257,12.7,12.7,11.5339637163874,False
1466420270,11.9,11.9,13.596820768347245,False
1466420296,11.9,11.9,13.034822611259198,False
1466420331,11.9,11.848179355372704,11.848179355372704,True
1466420407,11.9,11.9,13.664515717001464,False
1466420430,11.9,11.762906171501395,11.762906171501395,True
1466420453,11.9,11.9,14.363092836606697,False
1466420474,11.9,14.080643725470322,14.080643725470322,True
1466420566,11.9,11.9,14.084134455001138,False
1466420579,12.4,14.49782946961492,14.49782946961492,True
1466420618,12.5,12.278545760069251,12.278545760069251,True
1466420624,11.9,13.949919771681975,13.949919771681975,True
1466420643,11.9,13.84195654502135,13.84195654502135,True
1466420695,11.9,11.9,13.566528874703781,False
1466420788,11.9,11.9,11.620505537840176,False
1466420863,11.9,13.310335220348042,13.310335220348042,True
1466420947,11.9,13.642006818159762,13.642006818159762,True
1466421003,11.0,11.0,12.947919449772124,False
1466421032,11.0,12.644939615621842,12.644939615621842,True
1466421050,11.0,12.733524792159393,12.733524792159393,True
1466421116,11.0,11.0,12.573620429672905,False
1466421208,11.0,11.664221458784626,11.664221458784626,True
1466421234,11.0,11.0,12.38835297142035,False
1466421262,11.0,12.689559053671553,12.689559053671553,True
1466421353,11.0,11.0,12.695755843008142,False
1466421360,11.0,11.818841826284789,11.818841826284789,True
1466421392,11.0,12.420239989347454,12.420239989347454,True
1466421480,11.8,11.8,11.834017612969923,False
1466421530,12.6,12.6,12.274905439183303,False
1466421547,12.6,13.953340080647168,13.953340080647168,True
1466421591,12.6,13.632070664165633,13.632070664165633,True
1466421633,12.6,12.6,11.63582238440689,False
1466421636,12.6,13.052044643526951,13.052044643526951,True
1466421670,12.6,12.6,13.20749035205083,False
1466421695,12.6,12.6,14.377677625442404,False
1466421721,12.6,12.6,13.635623732905083,False
1466421804,12.6,12.6,13.629557519947,False
1466421819,11.8,11.8,12.351679922098752,False
1466421862,12.1,12.1,14.071438285637228,False
1466421885,12.1,12.1,12.089946826894604,False
1466421936,12.1,13.490392978264559,13.490392978264559,True
1466422012,12.1,12.1,14.368631455525376,False
1466422044,12.1,12.1,12.667250213828698,False
1466422045,12.1,13.678917961528454,13.678917961528454,True
1466422137,12.1,11.095508158096047,11.095508158096047,True
1466422162,12.1,14.415491311837659,14.415491311837659,True
1466422189,12.1,12.1,14.165605351421302,False
1466422197,12.1,12.1,12.787275212434986,False
1466422264,12.1,14.21901518789189,14.21901518789189,True
1466422330,12.1,14.171297426837619,14.171297426837619,True
1466422378,12.1,12.1,13.977803306117377,False
1466422432,12.1,12.1,13.015549191667457,False
1466422488,12.1,13.54505437123852,13.54505437123852,True
1466422577,12.1,12.1,11.02440560607329,False
1466422628,12.1,12.1,12.819377281596237,False
1466422638,12.1,12.1,11.33783665346409,False
1466422666,12.1,12.1,13.356628345116809,False
1466422706,12.0,12.0,13.320180405372959,False
1466422731,11.5,12.28499722580045,12.28499722580045,True
1466422804,11.5,11.719222620588024,11.719222620588024,True
1466422866,11.5,11.5,13.766601961074944,False
1466422873,11.5,11.5,11.30606922618314,False
1466422895,11.5,12.555787675646924,12.555787675646924,True
1466422953,11.5,11.323656575879566,11.323656575879566,True
1466422973,11.5,11.5,13.71410829638427,False
1466423017,11.5,13.32788804721722,13.32788804721722,True
1466423051,11.5,11.72159283180618,11.72159283180618,True
1466423099,12.0,14.210034935601104,14.210034935601104,True
1466423150,12.0,12.0,12.229833402770925,False
1466423155,12.0,12.0,13.482799289888593,False
1466423168,12.0,11.928668238104569,11.928668238104569,True
1466423205,12.0,12.84625793043292,12.84625793043292,True
1466423275,12.0,12.0,12.660877853833952,False
1466423287,12.0,12.0,11.872283675692216,False
1466423336,12.0,13.946530519047855,13.946530519047855,True
1466423340,11.6,13.94367887626042,13.94367887626042,True
1466423355,11.5,11.844227846455448,11.844227846455448,True
1466423443,11.5,11.5,11.203396898396429,False
1466423499,11.5,13.894628006871615,13.894628006871615,True
1466423585,11.4,12.246378127506603,12.246378127506603,True
1466423612,11.8,11.8,12.821980041578442,False
1466423669,11.8,12.508837522277304,12.508837522277304,True
1466423705,11.8,11.6028576511364,11.6028576511364,True
1466423770,11.8,11.8,11.578362813138074,False
1466423844,11.8,11.8,12.18422839091105,False
1466423902,11.8,14.39601549487259,14.39601549487259,True
1466423913,11.8,11.8,11.745919583017638,False
1466423972,12.4,14.226918402648796,14.226918402648796,True
1466424014,12.4,12.4,14.405886460541108,False
1466424069,12.4,12.4,11.639236812545128,False
1466424154,12.4,11.715447343539664,11.715447343539664,True
1466424155,12.4,13.680501748435264,13.680501748435264,True
1466424169,12.4,13.14707345550857,13.14707345550857,True
1466424262,12.4,12.4,13.105344600901855,False
1466424339,11.6,12.766538354113905,12.766538354113905,True
1466424398,11.6,11.6,12.015486659204903,False
1466424497,11.6,12.480147778816002,12.480147778816002,True
1466424558,10.8,10.8,14.354054807757732,False
1466424613,10.9,10.9,11.4759439868558,False
1466424713,10.9,10.9,12.692929334510474,False
1466424804,10.9,10.9,14.004127923473114,False
1466424878,10.9,10.9,11.934353168295258,False
1466424924,10.9,10.9,11.190904327754415,False
1466425009,10.9,13.247698481202722,13.247698481202722,True
1466425106,10.9,10.9,12.425912532860195,False
1466425129,10.9,11.154978654485662,11.154978654485662,True
1466425179,11.2,11.2,13.642128912280759,False
1466425257,10.8,14.220352777675373,14.220352777675373,True
1466425262,10.8,11.121080169893386,11.121080169893386,True
1466425305,10.8,11.971476482084544,11.971476482084544,True
1466425331,10.8,11.444336874482136,11.444336874482136,True
1466425338,10.8,11.115076456982914,11.115076456982914,True
1466425377,11.5,11.2913753152184,11.2913753152184,True
1466425380,11.5,12.628867049029502,12.628867049029502,True
1466425417,11.5,13.837267764425192,13.837267764425192,True
1466425484,11.5,14.308502738164206,14.308502738164206,True
1466425517,11.5,11.5,12.34126606686225,False
1466425553,11.5,11.5,12.610354578805135,False
1466425640,11.8,11.8,12.40177908193112,False
1466425687,11.8,11.8,14.1432178472078,False
1466425711,12.4,12.838446144718926,12.838446144718926,True
1466425768,12.9,13.703995957240814,13.703995957240814,True
1466425811,12.1,12.1,11.085261061470186,False
1466425856,12.2,11.39582980582422,11.39582980582422,True
1466425869,12.2,13.818950025181197,13.818950025181197,True
1466425884,12.2,13.174994397748595,13.174994397748595,True
1466425962,12.2,12.625610290610421,12.625610290610421,True
1466425974,12.2,12.2,13.026580714863455,False
1466426016,12.7,12.7,12.220347787687055,False
1466426024,12.7,11.0751644330274,11.0751644330274,True
1466426034,12.7,14.319111383223618,14.319111383223618,True
1466426130,12.5,12.978170482942472,12.978170482942472,True
1466426189,11.9,11.040874683307687,11.040874683307687,True
1466426198,11.9,11.9,13.325067926045548,False
1466426280,11.1,11.235834197748392,11.235834197748392,True
1466426298,11.1,11.1,12.582530895095914,False
1466426380,11.1,11.1,13.383809285123412,False
1466426420,11.1,11.373996344392612,11.373996344392612,True
1466426509,11.1,11.1,14.336020450076095,False
1466426521,11.1,11.1,12.123300572153854,False
1466426535,11.1,11.1,11.257099086981592,False
1466426563,11.1,11.1,11.512573199099911,False
1466426620,11.1,11.1,13.522334992950936,False
1466426694,11.1,13.516434781961438,13.516434781961438,True
1466426764,11.6,11.6,12.822356098691301,False
1466426778,11.6,11.6,11.662049634291527,False
1466426866,11.6,11.6,13.087813387114123,False
1466426938,11.6,11.6,14.197800317476682,False
1466427022,11.6,11.6,12.051395664806217,False
1466427059,11.6,13.579313447828717,13.579313447828717,True
1466427125,11.5,11.5,11.612392190065478,False
1466427204,11.5,13.6036299182636,13.6036299182636,True
1466427240,11.5,12.7504158324878,12.7504158324878,True
1466427317,11.5,11.5,12.01878518682911,False
1466427319,11.5,11.5,13.332907392485838,False
1466427331,11.5,11.5,11.36538974361273,False
1466427425,11.5,14.194814951561632,14.194814951561632,True
1466427458,11.5,11.5,13.2793699892751,False
1466427495,11.5,11.5,13.870679164394783,False
1466427543,11.5,11.748390492814009,11.748390492814009,True
1466427625,11.6,11.6,11.89389823322024,False
1466427663,11.6,11.6,12.74331169122616,False
1466427672,11.6,11.6,12.171774687827448,False
1466427684,11.6,13.470551623199812,13.470551623199812,True
1466427739,11.6,11.6,11.630542495279865,False
1466427769,11.6,11.6,13.157135154342951,False
1466427775,11.6,14.090592739207333,14.090592739207333,True
1466427820,10.8,10.8,11.880337347361255,False
1466427837,11.0,11.0,11.115710733093026,False
1466427846,11.0,11.019292724772388,11.019292724772388,True
1466427904,11.0,11.0,11.244210522017854,False
1466427997,11.0,11.0,11.913298352686942,False
1466428027,11.0,11.632943546292692,11.632943546292692,True
1466428114,11.0,11.0,14.227216986166482,False
1466428212,11.0,11.553155864478095,11.553155864478095,True
1466428294,11.0,11.0,14.347916559236223,False
1466428321,11.0,12.378809249430693,12.378809249430693,True
1466428340,11.0,11.0,12.032061180369347,False
1466428378,11.0,12.03924310860577,12.03924310860577,True
1466428463,11.0,11.575422371257064,11.575422371257064,True
1466428551,11.0,11.0,13.232931676292356,False
1466428575,11.0,11.0,13.873901019346402,False
1466428593,11.0,11.25970434922077,11.25970434922077,True
1466428682,11.1,11.1,13.101877478952861,False
1466428699,10.6,10.6,11.964760106042865,False
1466428719,10.6,11.956742063442743,11.956742063442743,True
1466428819,11.1,11.585343472712637,11.585343472712637,True
1466428850,11.1,11.1,12.155371202688357,False
1466428884,11.1,11.1,11.7084203910793,False
1466428973,11.1,13.02044251219296,13.02044251219296,True
1466429006,11.1,11.1,11.624319015408933,False
1466429026,10.6,10.6,13.794304512191818,False
1466429066,10.6,13.218579378319774,13.218579378319774,True
1466429072,10.9,14.235329733320825,14.235329733320825,True
1466429103,10.9,10.9,12.452448699715227,False
1466429110,10.9,11.309898994273796,11.309898994273796,True
1466429123,10.9,12.273590296407034,12.273590296407034,True
1466429168,10.9,10.9,12.86709197077899,False
1466429182,10.9,10.9,14.499328685512118,False
1466429184,10.9,10.9,11.531003124023188,False
1466429197,11.1,11.1,14.288478666022975,False
1466429280,11.2,11.2,11.95341446387879,False
1466429378,11.2,13.46508770684477,13.46508770684477,True
1466429450,10.6,14.197392650615903,14.197392650615903,True
1466429455,11.4,12.833870113623,12.833870113623,True
1466429510,11.4,11.4,13.868472043823369,False
1466429565,11.4,11.4,11.347857653902164,False
1466429566,11.4,11.916406373267133,11.916406373267133,True
1466429592,11.4,12.132636213433763,12.132636213433763,True
1466429623,11.4,11.4,14.065751317415431,False
1466429691,11.4,11.4,11.291417645376988,False
1466429733,11.4,11.4,11.750129801811111,False
1466429803,11.4,11.4,13.044371062052049,False
1466429832,11.4,11.4,11.47611391645813,False
1466429905,11.4,11.4,13.98349709732463,False
1466429997,11.4,11.4,12.580618495685147,False
1466430050,11.4,12.688515309022213,12.688515309022213,True
1466430088,11.4,11.4,13.518540827151615,False
1466430174,11.4,11.4,13.672596291255008,False
1466430247,11.4,11.4,12.802677365733595,False
1466430344,11.3,11.3,11.451198663290672,False
1466430375,11.3,11.3,12.535514247496106,False
1466430400,11.3,13.280839171315893,13.280839171315893,True
1466430457,11.3,13.584178062756948,13.584178062756948,True
1466430483,11.3,12.08922827823455,12.08922827823455,True
1466430517,11.3,11.3,11.001444270145301,False
1466430524,11.0,11.847928898489577,11.847928898489577,True
1466430592,11.0,11.0,13.9101281542639,False
1466430616,11.0,13.00953923335214,13.00953923335214,True
1466430631,11.0,11.0,13.166307154501702,False
1466430680,11.0,12.527667604972688,12.527667604972688,True
1466430734,11.0,13.514374142700955,13.514374142700955,True
1466430790,11.0,13.557079482086762,13.557079482086762,True
1466430815,11.6,11.6,14.139037899888748,False
1466430895,11.6,11.6,11.131157011692153,False
1466430916,11.6,11.6,13.614947820474224,False
1466430929,11.6,11.6,12.461828875201375,False
1466430936,11.6,11.6,12.907593894406473,False
1466431009,11.6,12.391824330530714,12.391824330530714,True
1466431036,11.6,11.6,13.440319649140902,False
1466431055,11.6,13.556384112291576,13.556384112291576,True
1466431145,11.4,13.648169137484716,13.648169137484716,True
1466431218,11.2,13.950813451197181,13.950813451197181,True
1466431290,11.1,11.1,14.104230568966011,False
1466431324,11.1,12.822044546819,12.822044546819,True
1466431400,11.1,12.127196696992883,12.127196696992883,True
1466431450,11.4,11.4,12.384344996123266,False
1466431526,11.4,11.4,12.261416872738717,False
1466431589,11.4,11.4,13.360914988466341,False
1466431661,10.7,13.247056696724588,13.247056696724588,True
1466431760,10.7,12.313826949348424,12.313826949348424,True
1466431796,10.7,10.7,12.243068428704698,False
1466431848,10.7,10.7,11.86156139277694,False
1466431879,11.0,11.0,11.459827798685295,False
1466431954,11.0,13.363122829468276,13.363122829468276,True
1466431958,11.0,11.0,11.666083109767653,False
1466432002,11.0,11.0,13.70843370151324,False
1466432101,11.0,11.0,11.021370353989742,False
1466432177,11.0,12.22497458413008,12.22497458413008,True
1466432194,11.0,11.0,12.005323380773637,False
1466432237,11.0,11.0,13.006166437373384,False
1466432280,11.9,11.9,14.41144462887456,False
1466432373,11.9,12.45825747628048,12.45825747628048,True
1466432389,11.9,11.610979681507146,11.610979681507146,True
1466432415,11.9,11.9,11.068602187942625,False
1466432417,11.9,11.9,13.905296071815574,False
1466432506,11.2,13.601670058493447,13.601670058493447,True
1466432569,11.2,11.2,11.759786369700826,False
1466432577,11.2,13.313026932324934,13.313026932324934,True
1466432670,11.2,13.269401212753387,13.269401212753387,True
1466432706,11.2,11.2,11.239347477421084,False
1466432804,11.2,12.320678795241374,12.320678795241374,True
1466432853,11.2,12.521276162030597,12.521276162030597,True
1466432947,11.2,13.083386122780759,13.083386122780759,True
1466433040,11.2,11.2,12.72266641984454,False
1466433128,11.2,13.243392759653025,13.243392759653025,True
1466433145,11.2,11.2,13.377685752198163,False
1466433195,11.2,13.722972359369717,13.722972359369717,True
1466433289,11.2,13.123885722854618,13.123885722854618,True
1466433375,11.8,11.8,14.32791088722794,False
1466433427,11.8,11.8,12.80094616571919,False
1466433478,11.8,11.420034893048655,11.420034893048655,True
1466433517,11.8,13.637153431538147,13.637153431538147,True
1466433615,10.9,10.9,14.04377983951683,False
1466433672,10.9,12.413839149666044,12.413839149666044,True
1466433762,10.9,10.9,13.879158408813444,False
1466433809,10.9,10.9,11.981313752864063,False
1466433873,10.9,10.9,14.09109636663505,False
1466433910,10.9,13.763255388616164,13.763255388616164,True
1466433994,10.9,10.9,14.098086005746392,False
1466434003,10.9,10.9,14.465929267614111,False
1466434045,10.9,10.9,12.190256905158556,False
1466434096,10.9,12.893927873723353,12.893927873723353,True
1466434173,10.9,13.375089019307097,13.375089019307097,True
1466434199,10.9,11.552864392389404,11.552864392389404,True
1466434224,10.8,10.8,13.41762652577217,False
1466434308,10.8,10.8,12.017748683823813,False
1466434359,10.8,12.070892855369333,12.070892855369333,True
1466434371,10.8,10.8,13.334705865238863,False
1466434457,10.8,10.8,12.658122171301459,False
1466434498,10.7,10.7,12.591149471784579,False
1466434552,10.7,11.78419457739727,11.78419457739727,True
1466434622,10.7,11.148259747087291,11.148259747087291,True
1466434691,10.7,10.7,13.646948970137036,False
1466434718,10.6,11.58708058054816,11.58708058054816,True
1466434727,10.6,10.6,11.106378155012958,False
1466434815,10.6,10.6,12.599544277864494,False
1466434892,10.6,10.6,13.634822806966607,False
1466434915,10.6,12.755484320252862,12.755484320252862,True
1466434946,10.6,13.189963978751178,13.189963978751178,True
1466434988,10.6,10.6,14.01254399324661,False
1466435020,10.6,10.6,12.9906084330554,False
1466435090,10.6,10.6,14.377431559458216,False
1466435099,10.6,13.549446458856533,13.549446458856533,True
1466435145,10.6,13.839337967087863,13.839337967087863,True
1466435186,10.6,13.190792910074745,13.190792910074745,True
1466435246,10.6,13.868056590895442,13.868056590895442,True
1466435284,10.6,10.6,13.078479410643338,False
1466435327,10.6,12.495277500501366,12.495277500501366,True
1466435369,10.6,12.63811562144819,12.63811562144819,True
1466435408,11.4,12.999496767554387,12.999496767554387,True
1466435468,11.7,13.274863054924442,13.274863054924442,True
1466435486,11.7,13.493935128834583,13.493935128834583,True
1466435555,11.7,11.7,11.096788221677198,False
1466435624,11.7,13.547332678311879,13.547332678311879,True
1466435659,11.7,12.923895933175789,12.923895933175789,True
1466435682,11.7,13.498528688624596,13.498528688624596,True
1466435712,11.7,11.7,13.46506769520737,False
1466435794,11.7,11.7,13.755561938372512,False
1466435878,11.7,11.7,12.371422730646753,False
1466435904,11.7,11.7,11.485634348455525,False
1466435971,11.7,11.7,12.425860006390346,False
1466436041,12.5,11.02293759666997,11.02293759666997,True
1466436059,12.5,13.92313085754748,13.92313085754748,True
1466436093,12.5,14.10520355126244,14.10520355126244,True
1466436178,12.5,13.670379281334405,13.670379281334405,True
1466436230,12.5,12.5,12.773361497417143,False
1466436280,12.9,12.800051303811491,12.800051303811491,True
1466436332,13.0,13.0,13.027124862001317,False
1466436333,13.4,11.362681846305273,11.362681846305273,True
1466436431,13.3,13.3,13.726069660692637,False
1466436520,13.3,11.121356964131932,11.121356964131932,True
1466436572,13.3,11.447526602074477,11.447526602074477,True
1466436647,13.3,13.3,11.498194709633644,False
1466436655,13.9,13.090374598656094,13.090374598656094,True
1466436727,13.9,11.650900743096287,11.650900743096287,True
1466436793,13.1,13.1,13.70926952021182,False
1466436879,13.1,14.185982883108256,14.185982883108256,True
1466436880,13.1,13.1,12.532337288562177,False
1466436939,13.1,11.105665845903797,11.105665845903797,True
1466437015,13.1,13.1,11.71568309757867,False
1466437048,13.1,13.1,11.548943452419474,False
1466437088,13.1,13.1,13.0988341221516,False
1466437105,13.5,13.698262075761651,13.698262075761651,True
1466437122,14.2,11.290305636266876,11.290305636266876,True
1466437160,14.2,11.807417660510659,11.807417660510659,True
1466437232,14.2,14.2,12.936370855515372,False
1466437321,14.2,14.2,14.3952799278043,False
1466437335,14.2,13.266227053335385,13.266227053335385,True
1466437358,14.2,14.2,12.501427108042005,False
1466437441,14.0,14.0,13.992765421573441,False
1466437480,14.0,11.999207467206759,11.999207467206759,True
1466437561,14.0,12.83195810657495,12.83195810657495,True
1466437653,14.0,14.0,12.457630397687534,False
1466437709,14.0,13.974795313893203,13.974795313893203,True
1466437798,13.9,13.9,14.060098633139827,False
1466437869,13.9,11.711180977728043,11.711180977728043,True
1466437952,13.9,13.9,12.229846978439415,False
1466438037,13.9,13.795341751308829,13.795341751308829,True
1466438054,14.6,14.267284714365566,14.267284714365566,True
1466438056,14.6,14.6,11.299924833332526,False
1466438136,14.6,11.768697349832163,11.768697349832163,True
1466438234,14.6,12.598390693893624,12.598390693893624,True
1466438261,14.6,11.844958273396532,11.844958273396532,True
1466438348,14.6,14.6,13.756493113579383,False
1466438407,14.6,14.6,12.590958682384539,False
1466438422,14.1,14.1,13.450584859278763,False
1466438476,14.1,12.27947275536766,12.27947275536766,True
1466438571,14.1,11.628629271090757,11.628629271090757,True
1466438612,14.1,13.744436079553719,13.744436079553719,True
1466438620,14.1,14.051684718517455,14.051684718517455,True
1466438698,14.1,13.94240875383673,13.94240875383673,True
1466438747,14.1,14.1,11.901087336238602,False
1466438795,14.1,13.006584724998119,13.006584724998119,True
1466438810,14.1,14.1,11.354733643103417,False
1466438888,14.1,14.1,11.101760882171034,False
1466438975,14.1,14.1,12.94759570722082,False
1466439000,14.1,11.32020156162257,11.32020156162257,True
1466439092,14.1,14.1,11.841622134413766,False
1466439150,14.1,14.207909297757313,14.207909297757313,True
1466439229,14.1,14.096495463166875,14.096495463166875,True
1466439279,14.1,13.088338532127134,13.088338532127134,True
1466439328,14.1,11.357902722312271,11.357902722312271,True
1466439351,14.1,11.354291226591988,11.354291226591988,True
1466439447,14.5,12.659331199127676,12.659331199127676,True
1466439466,14.4,13.435124925310234,13.435124925310234,True
1466439480,14.3,14.3,12.944906455097488,False
1466439560,14.3,12.464389950705035,12.464389950705035,True
1466439600,14.3,14.3,12.987906633096731,False
1466439645,14.3,13.791138359170429,13.791138359170429,True
1466439729,14.3,14.167661443787107,14.167661443787107,True
1466439772,14.3,14.3,12.775637154865812,False
1466439827,14.3,14.3,13.543123451445492,False
1466439849,14.3,13.680267120146098,13.680267120146098,True
1466439910,14.3,11.187952215447908,11.187952215447908,True
1466439990,14.1,14.1,12.858536565613296,False
1466440005,14.1,14.1,13.998748661834354,False
1466440006,14.1,14.321386825967526,14.321386825967526,True
1466440045,14.1,13.346961253460975,13.346961253460975,True
1466440066,14.1,13.543413524441414,13.543413524441414,True
1466440154,14.1,11.825240098684127,11.825240098684127,True
1466440214,14.1,14.1,11.875174043923208,False
1466440226,14.1,13.43525469119163,13.43525469119163,True
1466440304,13.7,11.01957726109326,11.01957726109326,True
1466440385,14.3,14.3,13.894582903884,False
1466440451,14.3,12.78083015948521,12.78083015948521,True
1466440521,14.3,11.167700925882274,11.167700925882274,True
1466440581,14.3,12.108154117897957,12.108154117897957,True
1466440674,14.3,13.357410434211166,13.357410434211166,True
1466440727,14.3,14.456174024181774,14.456174024181774,True
1466440821,14.3,12.563084022703416,12.563084022703416,True
1466440827,14.3,11.651613115303928,11.651613115303928,True
1466440897,14.3,14.3,11.054631416033665,False
1466440923,13.5,13.5,11.966095126347291,False
1466441012,13.8,12.349448968680733,12.349448968680733,True
1466441049,13.8,14.401867451739232,14.401867451739232,True
1466441147,13.8,13.737150932476615,13.737150932476615,True
1466441213,14.3,14.301187514423885,14.301187514423885,True
1466441311,14.3,14.3,14.039876343016292,False
1466441318,14.4,14.4,11.550817915214042,False
1466441418,14.4,14.4,12.602732952614431,False
1466441510,14.4,14.47374319353227,14.47374319353227,True
1466441541,13.9,13.716617886808816,13.716617886808816,True
1466441579,13.9,13.9,11.744336402287155,False
1466441630,13.9,11.192879578850807,11.192879578850807,True
1466441714,14.6,14.6,13.744074671466619,False
1466441724,13.8,14.201681014645025,14.201681014645025,True
1466441741,13.8,13.8,13.749708364228615,False
1466441822,13.8,12.89179670965722,12.89179670965722,True
1466441883,13.8,12.561167061696313,12.561167061696313,True
1466441934,13.8,13.8,13.586486350769968,False
1466441947,13.8,13.8,11.736461139523382,False
1466442046,13.8,11.526787031662522,11.526787031662522,True
1466442137,13.7,13.7,12.839794082109304,False
1466442175,13.7,11.260845403999571,11.260845403999571,True
1466442216,13.7,13.7,14.13158488065211,False
1466442284,13.7,11.764494359820512,11.764494359820512,True
1466442332,13.8,13.8,11.48128743730324,False
1466442358,13.8,13.8,13.783588369503406,False
1466442362,13.7,12.490393188736638,12.490393188736638,True
1466442439,13.5,13.5,12.760125120240284,False
1466442490,13.5,13.586680593100546,13.586680593100546,True
1466442498,13.0,13.365628610287857,13.365628610287857,True
1466442508,13.0,12.573180788296057,12.573180788296057,True
1466442518,13.0,13.0,13.450077529025851,False
1466442556,13.0,11.36452347659956,11.36452347659956,True
1466442656,12.8,13.579617920659903,13.579617920659903,True
1466442662,12.8,14.320948418133485,14.320948418133485,True
1466442703,13.1,13.1,13.766957951040107,False
1466442768,13.1,13.1,13.459202769537224,False
1466442788,13.1,11.012515634544489,11.012515634544489,True
1466442886,13.1,11.598117360000032,11.598117360000032,True
1466442980,13.1,13.1,13.995696576989832,False
1466443000,13.1,12.21260292354479,12.21260292354479,True
1466443029,13.1,13.1,13.936158503290656,False
1466443038,13.0,11.728626166417149,11.728626166417149,True
1466443089,13.7,13.092855677723264,13.092855677723264,True
1466443162,13.9,11.775693783297113,11.775693783297113,True
1466443201,13.9,13.0589459142379,13.0589459142379,True
1466443219,13.9,13.9,12.678402973433375,False
1466443263,13.9,13.9,11.937624337070066,False
1466443350,14.1,14.1,13.870076751226556,False
1466443373,14.1,14.1,12.894887588081344,False
1466443392,14.1,14.1,12.501571282306106,False
1466443402,14.1,14.1,11.585508190191305,False
1466443486,13.6,11.175024631175368,11.175024631175368,True
1466443511,13.6,13.6,12.399437641500477,False
1466443584,13.6,12.541078024526247,12.541078024526247,True
1466443677,13.6,13.6,13.093897197553726,False
1466443725,13.6,13.6,14.086761163837487,False
1466443727,13.6,12.349970221306512,12.349970221306512,True
1466443750,13.7,11.395441684828038,11.395441684828038,True
1466443761,13.7,13.7,12.726157707281484,False
1466443808,13.7,14.473426412814087,14.473426412814087,True
1466443861,13.9,13.9,12.527256338986756,False
1466443929,14.0,11.623819903264081,11.623819903264081,True
1466443986,14.0,14.401768042172169,14.401768042172169,True
1466444043,14.0,13.607810428758466,13.607810428758466,True
1466444110,14.0,14.433555556554763,14.433555556554763,True
1466444192,14.0,13.97058487044464,13.97058487044464,True
1466444287,14.0,11.990605377822064,11.990605377822064,True
1466444294,13.6,11.372078994569556,11.372078994569556,True
1466444366,13.6,12.381098890450865,12.381098890450865,True
1466444466,13.6,13.6,12.281157246597825,False
1466444505,13.6,12.347465749386195,12.347465749386195,True
1466444556,13.6,12.175545746912558,12.175545746912558,True
1466444624,13.6,13.6,11.51050370347373,False
1466444663,13.6,13.6,11.813562112914932,False
1466444685,13.4,11.648802292767124,11.648802292767124,True
1466444756,13.4,11.955656911302631,11.955656911302631,True
1466444781,13.4,11.181971027455564,11.181971027455564,True
1466444840,13.4,11.355022995249511,11.355022995249511,True
1466444854,13.4,13.4,13.145992765255814,False
1466444860,13.4,13.766910924895384,13.766910924895384,True
1466444959,13.4,13.4,11.637547875530377,False
1466445058,13.4,13.979528847444218,13.979528847444218,True
1466445107,13.1,12.022603649039173,12.022603649039173,True
1466445165,13.1,13.1,11.680133300223925,False
1466445170,13.5,11.828806557583626,11.828806557583626,True
1466445173,12.7,12.7,11.582217510905785,False
1466445247,13.2,13.2,13.43598445336236,False
1466445305,13.2,13.2,13.799905754710705,False
1466445333,13.2,14.257692899841906,14.257692899841906,True
1466445356,13.2,13.2,12.67010517302655,False
1466445430,13.5,13.5,11.243444950499196,False
1466445491,13.2,12.423881003714856,12.423881003714856,True
1466445497,13.2,13.2,13.509020203600919,False
1466445514,13.4,12.252262308369152,12.252262308369152,True
1466445549,13.4,12.028773021306474,12.028773021306474,True
1466445640,13.2,13.2,13.689745895463675,False
1466445648,13.2,13.086296310353944,13.086296310353944,True
1466445739,13.2,11.421512028092193,11.421512028092193,True
1466445814,13.2,13.2,11.159317627320604,False
1466445879,13.2,13.2,14.100833681099829,False
1466445909,12.9,12.9,12.962382825063969,False
1466445965,12.9,12.9,11.53927832864424,False
1466446021,12.9,12.9,12.024472799913301,False
1466446045,12.9,13.066896211245407,13.066896211245407,True
1466446071,12.9,11.40108586012361,11.40108586012361,True
1466446120,12.9,12.9,12.147101773336427,False
1466446168,12.4,13.959497273928088,13.959497273928088,True
1466446253,11.6,11.165118777084354,11.165118777084354,True
1466446302,11.6,11.6,11.220405128736674,False
1466446389,11.6,13.945960969679108,13.945960969679108,True
1466446404,11.6,13.299631508247515,13.299631508247515,True
1466446494,11.2,13.742442239575485,13.742442239575485,True
1466446594,11.2,11.2,13.611179714786537,False
1466446643,11.2,14.298144412962765,14.298144412962765,True
1466446669,11.3,11.3,11.69014741883761,False
1466446690,11.3,11.698710737649156,11.698710737649156,True
1466446735,11.3,11.3,11.295564473483068,False
1466446766,10.9,14.111807477085346,14.111807477085346,True
1466446852,10.9,14.280516777312332,14.280516777312332,True
1466446902,10.9,10.9,11.073039691484185,False
1466446945,10.9,10.9,12.038853356314831,False
1466446987,10.9,13.449366964305954,13.449366964305954,True
1466447036,10.9,12.362117603680158,12.362117603680158,True
1466447112,10.9,10.9,12.453309458491546,False
1466447129,10.9,10.9,13.821617954889662,False
1466447189,10.9,10.9,13.923539691094566,False
1466447224,10.9,10.9,11.8574407825203,False
1466447270,10.9,12.779535027442536,12.779535027442536,True
1466447272,10.9,10.9,11.240365997085508,False
1466447348,11.0,12.201655395676829,12.201655395676829,True
1466447359,11.0,11.964223242437654,11.964223242437654,True
1466447388,11.0,12.273139488867558,12.273139488867558,True
1466447390,11.0,14.46865835391091,14.46865835391091,True
1466447425,11.0,13.426684508923117,13.426684508923117,True
1466447463,11.0,11.916593076711452,11.916593076711452,True
1466447485,11.1,14.455388002983058,14.455388002983058,True
1466447545,10.7,12.561811243563735,12.561811243563735,True
1466447553,10.7,10.7,11.544824248323513,False
1466447554,11.0,11.0,12.854885592885543,False
1466447573,11.0,14.384501539757922,14.384501539757922,True
1466447634,11.0,14.484106344060308,14.484106344060308,True
1466447695,11.0,11.0,13.203134032074825,False
1466447762,11.0,11.0,12.326626360686994,False
1466447844,10.6,10.6,12.545094369271386,False
1466447885,11.4,13.855496743176976,13.855496743176976,True
1466447943,11.4,11.4,11.551282663008198,False
1466447956,11.8,11.8,14.477835806725775,False
1466448041,11.8,11.8,11.027389131208686,False
1466448140,11.8,11.97656596638965,11.97656596638965,True
1466448215,11.8,11.447477036566864,11.447477036566864,True
1466448270,11.8,11.8,11.237601327564592,False
1466448302,11.8,13.737938628339926,13.737938628339926,True
1466448368,12.5,12.5,12.094724156667414,False
1466448422,12.5,12.5,14.199475011088735,False
1466448517,12.5,12.5,12.540053618242354,False
1466448614,12.5,13.372065338305033,13.372065338305033,True
1466448701,12.5,11.49093818663282,11.49093818663282,True
1466448743,12.5,12.5,13.972714728218964,False
1466448805,12.5,12.5,11.641225669790613,False
1466448844,12.5,11.685313119832005,11.685313119832005,True
1466448896,12.5,12.5,11.742366675644954,False
1466448984,12.2,12.2,13.441269577816723,False
1466449031,11.6,11.097303276902673,11.097303276902673,True
1466449045,11.6,11.6,14.228534398336002,False
1466449099,11.6,11.388728692404662,11.388728692404662,True
1466449171,11.6,13.245055950018735,13.245055950018735,True
1466449261,11.6,12.309277935853054,12.309277935853054,True
1466449280,11.6,11.6,14.135140369824505,False
1466449359,11.6,11.6,12.004521839503298,False
1466449442,11.6,12.305626211000368,12.305626211000368,True
1466449496,11.6,11.6,13.043295219364335,False
1466449537,11.6,12.017570394083565,12.017570394083565,True
1466449555,11.1,13.946529736340157,13.946529736340157,True
1466449629,11.1,11.1,13.993234457351878,False
1466449635,11.1,11.1,12.696167250635327,False
1466449721,11.5,11.5,12.61170004191284,False
1466449772,11.5,11.5,12.939723210241127,False
1466449872,11.5,13.330280502425367,13.330280502425367,True
1466449873,11.5,11.5,13.29748106604252,False
1466449884,11.6,13.099323774264292,13.099323774264292,True
1466449937,12.0,12.0,14.422075166758564,False
1466449953,12.0,11.39636289801156,11.39636289801156,True
1466449959,12.0,12.780898693135338,12.780898693135338,True
1466449961,12.0,13.298776043559755,13.298776043559755,True
1466450018,12.0,12.508109935666946,12.508109935666946,True
1466450075,12.0,12.0,11.80898704855439,False
1466450150,12.0,12.0,13.774857294243505,False
1466450177,12.0,12.0,13.507198035501936,False
1466450255,12.0,12.0,13.876655949800405,False
1466450343,12.0,12.0,13.387218342229541,False
1466450348,12.0,11.972234290703945,11.972234290703945,True
1466450401,12.1,12.1,11.306940404533814,False
1466450433,12.1,12.1,13.01255021841946,False
1466450507,12.1,12.1,14.090931521506565,False
1466450536,12.1,11.593547011464086,11.593547011464086,True
1466450627,11.7,11.7,14.400253226954595,False
1466450723,11.7,13.506558796069152,13.506558796069152,True
1466450817,11.7,11.7,12.942422057660737,False
1466450900,11.7,13.94350583614882,13.94350583614882,True
1466450902,11.7,11.7,11.473700198302037,False
1466450971,11.7,11.7,11.851256019553395,False
1466451016,12.4,13.368933283109964,13.368933283109964,True
1466451023,13.2,13.2,14.403924969432294,False
1466451073,13.2,11.82264584968634,11.82264584968634,True
1466451166,13.2,14.42189354017748,14.42189354017748,True
1466451231,13.2,13.2,12.08832062523887,False
1466451245,12.6,14.204104709048181,14.204104709048181,True
1466451293,12.6,12.6,12.849222943398152,False
1466451295,12.6,12.6,13.241062499549866,False
1466451378,12.6,12.6,12.241409332522306,False
1466451445,12.6,14.074573437150828,14.074573437150828,True
1466451508,12.6,13.667997966717419,13.667997966717419,True
1466451599,12.6,13.40596060523183,13.40596060523183,True
1466451686,13.0,13.0,12.366601461423292,False
1466451761,13.0,13.094978540783307,13.094978540783307,True
1466451857,13.1,13.1,11.254671776668427,False
1466451909,13.1,13.451222762181821,13.451222762181821,True
1466451919,13.1,11.736418845681815,11.736418845681815,True
1466452006,13.1,13.1,12.719819216099786,False
1466452035,13.8,11.041811954377595,11.041811954377595,True
1466452039,13.8,13.8,13.579357059429997,False
1466452104,13.0,14.093016258116025,14.093016258116025,True
1466452167,13.0,13.0,12.356556942386074,False
1466452238,13.0,13.536981678154767,13.536981678154767,True
1466452313,13.0,13.0,11.323835644345367,False
1466452339,13.0,11.812441271043136,11.812441271043136,True
1466452419,13.0,13.0,13.082451437512104,False
1466452424,13.0,13.0,12.299505544547898,False
1466452435,13.3,13.609234158140858,13.609234158140858,True
1466452531,13.3,13.267909310351435,13.267909310351435,True
1466452584,13.3,11.562349759842082,11.562349759842082,True
1466452625,13.3,13.71766757430152,13.71766757430152,True
1466452676,13.3,12.807758719577395,12.807758719577395,True
1466452752,13.1,13.1,13.353575130691747,False
1466452796,13.1,12.374582498762862,12.374582498762862,True
1466452825,13.1,11.383456594678407,11.383456594678407,True
1466452860,13.1,11.393710574577605,11.393710574577605,True
1466452960,13.1,13.1,12.563604118770328,False
1466452979,13.1,11.480021912958888,11.480021912958888,True
1466453002,13.1,13.1,11.27886308599509,False
1466453016,13.1,13.1,13.29074214854175,False
1466453025,13.1,11.541009996369416,11.541009996369416,True
1466453089,13.1,13.1,12.844716612381786,False
1466453141,13.1,13.1,13.96567401998208,False
1466453154,13.1,13.1,14.331034392338932,False
1466453184,13.1,11.472018525897564,11.472018525897564,True
1466453202,13.1,13.399763829727295,13.399763829727295,True
1466453203,13.1,13.1,13.810827624451129,False
1466453222,13.1,11.863006145745679,11.863006145745679,True
1466453321,13.1,13.1,12.594134417740806,False
1466453379,13.1,14.32113374687251,14.32113374687251,True
1466453392,13.6,13.6,13.188621517678355,False
1466453422,13.6,13.597496444602768,13.597496444602768,True
1466453502,13.6,13.6,11.761792845805639,False
1466453518,13.6,12.052366418684773,12.052366418684773,True
1466453563,13.1,13.1,11.419113594959715,False
1466453604,13.1,13.1,12.016959574889833,False
1466453639,13.1,11.323293780805226,11.323293780805226,True
1466453705,13.1,12.142539032815433,12.142539032815433,True
1466453795,13.1,13.1,12.897350710305314,False
1466453816,13.8,13.8,11.659126770775066,False
1466453870,13.8,11.402278928663076,11.402278928663076,True
1466453910,13.8,12.328363339440218,12.328363339440218,True
1466454002,13.2,11.963486540948253,11.963486540948253,True
1466454051,13.4,13.4,12.427499783517494,False
1466454087,13.4,13.4,13.835732882646395,False
1466454129,13.4,12.833580864061746,12.833580864061746,True
1466454227,13.4,13.4,13.55876655000241,False
1466454259,13.4,13.836186417150772,13.836186417150772,True
1466454262,13.4,11.702461140216162,11.702461140216162,True
1466454298,13.4,11.707018962516633,11.707018962516633,True
1466454388,13.4,13.4,13.565841043550131,False
1466454399,13.8,13.393665485100474,13.393665485100474,True
1466454473,13.8,13.8,11.102074408339693,False
1466454529,13.5,13.5,12.962868189114726,False
1466454559,13.5,13.5,11.685764665160193,False
1466454648,13.5,11.435320507699268,11.435320507699268,True
1466454745,13.5,11.124846677202004,11.124846677202004,True
1466454763,13.5,11.647761992952779,11.647761992952779,True
1466454851,12.9,14.03835332461471,14.03835332461471,True
1466454936,12.9,12.9,13.715568481062116,False
1466454949,12.9,12.9,14.130519061514715,False
1466455032,12.9,12.9,13.663885002256793,False
1466455065,12.8,12.211860553798601,12.211860553798601,True
1466455119,12.5,12.5,11.038955521711546,False
1466455172,12.5,12.5,11.247899441174868,False
1466455196,12.5,12.5,11.883993174988172,False
1466455271,12.5,11.13440370631654,11.13440370631654,True
1466455357,12.5,12.5,13.311707093517029,False
1466455361,12.5,12.991044292400677,12.991044292400677,True
1466455394,12.5,14.057413227968903,14.057413227968903,True
1466455475,12.5,12.5,11.760622161331664,False
1466455497,12.5,12.237627038986492,12.237627038986492,True
1466455561,12.5,12.016818780377989,12.016818780377989,True
1466455575,12.5,12.5,11.673371378644397,False
1466455587,12.5,14.050208535722058,14.050208535722058,True
1466455651,12.5,13.05357059964271,13.05357059964271,True
1466455658,12.5,13.227685976930326,13.227685976930326,True
1466455732,12.5,13.105867573031524,13.105867573031524,True
1466455812,12.4,12.4,11.66954755580354,False
1466455910,12.4,12.878924426872459,12.878924426872459,True
1466455951,12.6,13.982402843765971,13.982402843765971,True
1466455999,12.1,11.17020964657402,11.17020964657402,True
1466456054,12.1,12.15302980907037,12.15302980907037,True
1466456058,12.1,13.042025751055547,13.042025751055547,True
1466456074,12.1,12.1,12.333597609277856,False
1466456088,12.1,11.88783180381065,11.88783180381065,True
1466456118,12.1,12.1,13.04090891788405,False
1466456218,12.1,12.1,11.809419720038921,False
1466456265,12.1,12.1,14.12119886600039,False
1466456270,12.1,11.675682065455486,11.675682065455486,True
1466456312,12.1,11.967455569108504,11.967455569108504,True
1466456346,12.2,12.2,14.256107558577485,False
1466456374,12.2,12.2,11.4185564229466,False
1466456406,12.2,11.21050063447763,11.21050063447763,True
1466456482,12.2,12.2,13.537015494968928,False
1466456512,12.2,14.48787860889219,14.48787860889219,True
1466456610,12.2,14.404091566487576,14.404091566487576,True
1466456683,12.2,12.2,11.134269816336511,False
1466456768,12.2,12.2,11.583806735817006,False
1466456856,12.2,13.307460377918982,13.307460377918982,True
1466456927,12.2,12.2,11.262687947229583,False
1466457014,12.2,12.834036536818637,12.834036536818637,True
1466457032,12.2,12.2,13.582005059853426,False
1466457067,12.2,12.2,14.272778567312306,False
1466457157,12.2,12.2,11.215175506613349,False
1466457215,12.2,13.821938707906433,13.821938707906433,True
1466457267,12.2,11.898753851358107,11.898753851358107,True
1466457357,12.2,12.934566554235282,12.934566554235282,True
1466457434,12.2,12.2,13.419032953994904,False
1466457487,11.9,11.9,12.286422472757728,False
1466457559,11.9,11.9,12.940173580041684,False
1466457603,11.6,12.983499388958943,12.983499388958943,True
1466457671,11.6,11.6,12.908598855452372,False
1466457713,11.6,11.6,12.482744956055651,False
1466457745,11.6,11.6,11.016688999605908,False
1466457782,11.6,11.6,12.970919120381685,False
1466457802,11.8,11.8,11.885890141133345,False
1466457817,11.8,14.481686906084224,14.481686906084224,True
1466457865,11.8,13.887535054545541,13.887535054545541,True
1466457884,11.8,11.8,11.583000039806056,False
1466457885,11.8,14.064066024052908,14.064066024052908,True
1466457917,11.0,11.0,11.48666983737903,False
1466457973,11.0,12.765207662780414,12.765207662780414,True
1466458045,11.8,12.85148149652795,12.85148149652795,True
1466458135,11.8,14.228208307078441,14.228208307078441,True
1466458151,11.8,11.8,13.320027702330883,False
1466458230,11.8,11.243042684982075,11.243042684982075,True
1466458324,11.8,11.8,12.539970880852678,False
1466458362,11.8,12.032335651784717,12.032335651784717,True
1466458438,12.0,12.0,11.66847744832694,False
1466458454,12.0,12.0,13.660539439501296,False
1466458496,12.0,12.0,11.439096818617978,False
1466458509,12.0,12.0,13.568097150825427,False
1466458580,12.0,12.519436687586534,12.519436687586534,True
1466458590,12.0,12.0,13.166307172810601,False
1466458626,12.0,13.343927426281054,13.343927426281054,True
1466458642,12.0,11.794128822538472,11.794128822538472,True
1466458665,12.0,12.0,11.346545041793195,False
1466458694,12.0,12.0,11.225156588987113,False
1466458762,12.0,12.0,11.670501739346596,False
1466458793,12.0,11.970154786671664,11.970154786671664,True
1466458824,12.0,12.0,11.022965415247192,False
1466458906,12.0,11.280636063716061,11.280636063716061,True
1466458982,12.0,14.16121413424782,14.16121413424782,True
1466459068,12.0,13.463647214792346,13.463647214792346,True
1466459159,12.4,12.322906201998736,12.322906201998736,True
1466459184,12.4,12.4,13.186321792804362,False
1466459273,12.4,12.4,13.356608274372597,False
1466459372,12.4,12.4,11.268960003153992,False
1466459415,12.4,12.4,12.868909374390165,False
1466459483,12.4,12.4,12.81437962056648,False
1466459504,12.4,12.4,12.037095079796265,False
1466459588,12.4,12.4,12.737240531066984,False
1466459595,11.6,11.6,12.141599814775237,False
1466459673,11.6,13.6113669513986,13.6113669513986,True
1466459726,11.6,13.5356777589016,13.5356777589016,True
1466459800,11.6,11.6,12.249157790687478,False
1466459857,11.6,12.859166523734181,12.859166523734181,True
1466459887,11.6,11.6,12.478124357667198,False
1466459913,11.6,11.416360511754224,11.416360511754224,True
1466459974,11.6,11.6,11.283892855470938,False
1466459995,11.6,11.6,11.832851268171304,False
1466460001,11.6,12.604520135756346,12.604520135756346,True
1466460054,11.6,11.6,14.264645159956638,False
1466460130,11.6,14.468489070991419,14.468489070991419,True
1466460215,11.6,11.163608463461784,11.163608463461784,True
1466460252,11.6,11.6,13.422878363936304,False
1466460272,11.6,11.6,14.439124571964411,False
1466460346,11.6,13.801212963767796,13.801212963767796,True
1466460440,12.1,12.1,13.105041012937413,False
1466460461,12.1,12.1,12.935956100719874,False
1466460528,12.4,12.4,14.353203693109158,False
1466460610,12.4,12.9649621876557,12.9649621876557,True
1466460630,12.4,12.4,13.527381790448649,False
1466460691,12.6,12.348509972132884,12.348509972132884,True
1466460706,13.0,13.0,13.007501261584517,False
1466460739,12.7,12.7,13.885776594338928,False
1466460765,12.7,12.7,14.167652622379798,False
1466460795,12.7,12.7,13.019602243962256,False
1466460877,12.7,12.7,11.146169446125452,False
1466460973,12.7,12.7,12.511934117747433,False
1466461009,12.7,14.247928720778255,14.247928720778255,True
1466461027,12.7,12.374507757710806,12.374507757710806,True
1466461032,12.7,12.447699484353953,12.447699484353953,True
1466461096,12.7,13.946458121728012,13.946458121728012,True
1466461169,12.7,12.7,14.192021510497748,False
1466461256,12.7,12.668513501444815,12.668513501444815,True
1466461351,12.7,12.7,12.129637158172613,False
1466461451,12.7,12.7,13.258320620792345,False
1466461531,12.7,12.858652052371518,12.858652052371518,True
1466461568,12.7,12.7,14.018683455926759,False
1466461583,12.7,14.429224003324435,14.429224003324435,True
1466461647,12.7,12.7,13.917524762557287,False
1466461703,12.8,13.402845132523204,13.402845132523204,True
1466461794,12.8,12.001302030353346,12.001302030353346,True
1466461813,12.8,12.8,13.40862672618665,False
1466461910,12.8,12.141317494609837,12.141317494609837,True
1466461988,12.8,12.8,13.503671000281926,False
1466462056,12.8,12.8,13.960583465865898,False
1466462101,12.8,12.8,12.254852624029903,False
1466462155,12.8,12.8,12.025307041960195,False
1466462215,12.8,12.071782402753229,12.071782402753229,True
1466462278,13.5,14.031297170897187,14.031297170897187,True
1466462368,13.5,13.5,11.924183987246867,False
1466462412,13.5,13.5,11.441174683762235,False
1466462512,13.5,13.783195141632895,13.783195141632895,True
1466462594,13.5,13.5,13.626068643018142,False
1466462671,13.5,12.594713591718,12.594713591718,True
1466462716,13.5,12.416380634899548,12.416380634899548,True
1466462746,13.5,13.5,12.297876544348563,False
1466462782,13.5,13.5,12.011084609840891,False
1466462820,13.7,13.7,13.52945888639411,False
1466462833,13.7,13.784015431882501,13.784015431882501,True
1466462842,13.7,11.641976715378563,11.641976715378563,True
1466462850,13.7,13.7,11.637790082755007,False
1466462941,13.7,11.582888704463606,11.582888704463606,True
1466463026,14.0,13.240134299293937,13.240134299293937,True
1466463117,14.0,14.0,13.980054435345513,False
1466463139,14.0,12.971049408684266,12.971049408684266,True
