1466410104,144.6,149.2248261765538,149.2248261765538,True
1466410114,148.7,148.7,121.89352239914655,False
1466410130,148.7,148.7,121.49029527483631,False
1466410181,147.8,132.85634811576043,132.85634811576043,True
1466410203,143.1,143.1,139.2818651980626,False
1466410250,143.1,143.1,129.4354779271595,False
1466410309,143.1,121.69912531980474,121.69912531980474,True
1466410397,143.1,143.6307471513892,143.6307471513892,True
1466410430,147.3,124.62136585995485,124.62136585995485,True
1466410469,147.3,151.6540621402419,151.6540621402419,True
1466410483,151.2,151.2,128.94283883218856,False
1466410498,151.2,122.9132772907175,122.9132772907175,True
1466410502,151.2,151.2,145.86768309177256,False
1466410532,151.2,130.3061781392446,130.3061781392446,True
1466410541,151.2,151.2,125.686746120709,False
1466410573,151.2,151.2,126.62735604657485,False
1466410630,151.2,151.2,122.48760830487973,False
1466410653,151.2,143.43165114882925,143.43165114882925,True
1466410746,142.6,142.6,125.34570496618109,False
1466410814,142.6,139.22965482992706,139.22965482992706,True
1466410890,141.0,141.0,151.48726321328948,False
1466410902,141.0,141.0,142.24669683009012,False
1466410978,141.0,153.41581377646065,153.41581377646065,True
1466411008,141.0,141.0,130.29232250393815,False
1466411066,131.3,141.83576899031058,141.83576899031058,True
1466411094,131.3,152.49549400607526,152.49549400607526,True
1466411157,131.3,122.32470552202707,122.32470552202707,True
1466411223,131.3,131.3,148.13701340471235,False
1466411226,131.3,131.3,151.65847926072567,False
1466411272,131.3,128.6217350119291,128.6217350119291,True
1466411303,131.3,131.3,146.2249118865527,False
1466411318,128.5,128.5,132.42090833784832,False
1466411396,128.5,128.5,125.96133432533382,False
1466411493,128.5,149.2059739258943,149.2059739258943,True
1466411549,128.5,128.5,150.1189154836918,False
1466411560,128.5,153.3072763765982,153.3072763765982,True
1466411626,128.5,141.26450160440754,141.26450160440754,True
1466411723,128.5,128.5,147.8421165877026,False
1466411763,128.5,128.5,134.1028328984884,False
1466411785,128.5,136.59275355542593,136.59275355542593,True
1466411854,131.9,150.3020341873997,150.3020341873997,True
1466411889,124.4,124.4,150.245655503501,False
1466411988,124.4,126.3748969094385,126.3748969094385,True
1466412022,124.4,124.4,159.43272279852977,False
1466412046,123.0,123.0,141.45402670265156,False
1466412076,123.0,123.0,128.94985112515747,False
1466412152,123.0,156.60700246274573,156.60700246274573,True
1466412181,123.0,135.30110510651377,135.30110510651377,True
1466412201,123.0,128.2522757622751,128.2522757622751,True
1466412260,123.0,141.53727858342785,141.53727858342785,True
1466412347,123.0,123.0,120.49353996380056,False
1466412360,123.0,132.6436288586889,132.6436288586889,True
1466412438,125.8,125.8,125.15139425257613,False
1466412521,125.8,156.9848326654621,156.9848326654621,True
1466412599,125.8,155.08354637835671,155.08354637835671,True
1466412639,125.8,125.8,138.07115351971075,False
1466412691,131.0,131.0,138.44991204440436,False
1466412747,131.0,131.0,148.37289681850416,False
1466412794,131.0,131.0,136.96191581018633,False
1466412819,138.2,146.91479320015773,146.91479320015773,True
1466412832,132.1,130.84155455043197,130.84155455043197,True
1466412874,132.1,143.7347382243755,143.7347382243755,True
1466412943,132.1,132.1,154.6498595439833,False
1466412971,132.1,132.1,154.23934189199417,False
1466412990,132.1,132.1,154.19747618437987,False
1466413028,132.1,132.1,150.9774058591154,False
1466413053,132.1,132.1,129.751493632051,False
1466413125,132.1,133.15428682586622,133.15428682586622,True
1466413200,132.1,132.1,125.39311390938035,False
1466413264,140.9,153.74450302662174,153.74450302662174,True
1466413311,147.1,142.9115526753651,142.9115526753651,True
1466413342,139.1,139.1,154.71073373670419,False
1466413440,139.1,139.1,154.98265824667283,False
1466413458,139.1,135.81584278587874,135.81584278587874,True
1466413529,139.1,139.1,127.67468637290415,False
1466413542,139.1,139.1,145.96502980817783,False
1466413638,139.1,148.75793179515966,148.75793179515966,True
1466413672,139.1,139.1,128.79938767556064,False
1466413733,134.5,134.5,148.07776931708383,False
1466413779,134.5,134.5,153.40156835135582,False
1466413780,134.5,134.5,134.76682740106378,False
1466413864,134.5,126.47840532549029,126.47840532549029,True
1466413885,131.5,131.5,128.24642024660074,False
1466413946,131.5,131.5,143.1322106950088,False
1466414033,131.5,131.5,124.90280906672812,False
1466414071,131.5,131.5,142.2678157518627,False
1466414164,131.5,131.5,153.07159271610365,False
1466414225,131.5,134.56285891877752,134.56285891877752,True
1466414312,131.5,158.1610390179863,158.1610390179863,True
1466414325,131.5,148.55620317637627,148.55620317637627,True
1466414328,131.5,131.59934875693435,131.59934875693435,True
1466414329,131.5,141.25400773079093,141.25400773079093,True
1466414402,127.2,129.4410009487027,129.4410009487027,True
1466414407,127.2,127.2,146.30930246030718,False
1466414413,127.2,133.41198048741364,133.41198048741364,True
1466414460,127.2,125.12032448050337,125.12032448050337,True
1466414552,127.2,127.2,130.72479786953434,False
1466414602,127.2,127.2,128.9145499924043,False
1466414662,127.2,142.15684949757215,142.15684949757215,True
1466414746,121.4,120.03579511222354,120.03579511222354,True
1466414844,121.4,121.4,152.1033324842534,False
1466414943,121.4,121.4,141.003587761982,False
1466414946,124.9,122.38795821986798,122.38795821986798,True
1466414966,124.9,155.08968018338464,155.08968018338464,True
1466415038,124.9,124.9,158.62554081718213,False
1466415106,124.9,124.9,134.28701820941708,False
1466415130,124.9,124.9,150.2413906102706,False
1466415145,124.9,146.27835913706122,146.27835913706122,True
1466415202,124.9,124.9,132.93065982709797,False
1466415239,124.9,124.9,141.46755210492478,False
1466415249,124.9,144.8283902859995,144.8283902859995,True
1466415308,124.9,124.9,121.73156686338514,False
1466415357,124.9,124.9,147.93795731102983,False
1466415404,124.9,124.9,138.9789686409081,False
1466415469,124.9,122.85999105849473,122.85999105849473,True
1466415548,124.9,136.68958628575382,136.68958628575382,True
1466415588,124.9,134.32756576372333,134.32756576372333,True
1466415627,124.9,150.06248376269895,150.06248376269895,True
1466415719,124.9,124.9,125.82304077576674,False
1466415767,124.9,126.8901586603088,126.8901586603088,True
1466415860,124.9,124.9,154.66842691153198,False
1466415872,124.9,122.02986427425823,122.02986427425823,True
1466415914,125.1,120.52200757370363,120.52200757370363,True
1466415934,125.1,125.1,126.85232482312217,False
1466415988,118.3,118.3,136.84442488761485,False
1466416004,118.3,129.73616556488395,129.73616556488395,True
1466416050,118.3,137.06914551094744,137.06914551094744,True
1466416150,118.3,148.60298386635614,148.60298386635614,True
1466416161,118.3,158.5119624044529,158.5119624044529,True
1466416215,118.3,149.36422831552858,149.36422831552858,True
1466416315,118.3,118.3,122.16466239985297,False
1466416321,118.3,149.52512983789,149.52512983789,True
1466416393,118.3,147.74781313332582,147.74781313332582,True
1466416440,118.3,118.3,125.52624576196699,False
1466416510,118.3,147.3229462909336,147.3229462909336,True
1466416541,118.3,118.3,121.27705789821725,False
1466416631,118.3,139.40953194155517,139.40953194155517,True
1466416671,118.3,148.42029202382506,148.42029202382506,True
1466416725,118.3,158.95580320251744,158.95580320251744,True
1466416815,118.3,118.3,134.8023932297565,False
1466416867,118.3,118.3,143.53863800533705,False
1466416933,118.3,118.3,153.61229830173448,False
1466416963,118.3,128.0040835314591,128.0040835314591,True
1466417034,118.3,118.3,128.0829363319146,False
1466417069,118.3,118.3,143.32536833409225,False
1466417095,118.3,154.38326145882678,154.38326145882678,True
1466417123,124.9,148.42888722925045,148.42888722925045,True
1466417219,124.9,124.9,143.19121474320195,False
1466417228,124.9,133.2265257085303,133.2265257085303,True
1466417235,124.9,158.1841861961012,158.1841861961012,True
1466417266,124.9,130.47597302284834,130.47597302284834,True
1466417298,124.9,128.2327045578501,128.2327045578501,True
1466417382,124.9,140.71017233682463,140.71017233682463,True
1466417429,122.3,122.3,147.86778646694583,False
1466417434,122.3,122.3,157.09788880119282,False
1466417513,122.3,122.3,150.44107718177278,False
1466417598,122.3,157.280225872817,157.280225872817,True
1466417615,122.3,122.23754486322368,122.23754486322368,True
1466417654,122.3,136.33929450677925,136.33929450677925,True
1466417749,122.3,122.5854448807415,122.5854448807415,True
1466417763,120.5,130.86672060897916,130.86672060897916,True
1466417822,120.5,120.5,123.51571217902602,False
1466417851,120.5,136.849595350042,136.849595350042,True
1466417855,120.5,120.5,151.3535577339386,False
1466417879,119.2,145.35637771930325,145.35637771930325,True
1466417895,119.2,119.2,147.65570133882224,False
1466417969,119.2,119.2,126.86314683429369,False
1466418049,119.2,119.2,130.3387866140125,False
1466418118,119.2,119.2,151.80857934389303,False
1466418129,118.3,118.3,127.4508387050493,False
1466418179,118.3,147.37649132594362,147.37649132594362,True
1466418254,118.3,145.72515824507053,145.72515824507053,True
1466418332,118.3,140.24295989852206,140.24295989852206,True
1466418428,122.9,138.4915577779479,138.4915577779479,True
1466418494,122.9,148.57867915637658,148.57867915637658,True
1466418554,117.9,138.88609328670464,138.88609328670464,True
1466418563,117.9,133.3915777301321,133.3915777301321,True
1466418564,117.9,152.90385102508338,152.90385102508338,True
1466418594,117.9,117.9,154.43809803542695,False
1466418674,127.2,127.2,145.27887642176256,False
1466418748,127.2,140.85356968069854,140.85356968069854,True
1466418847,127.2,127.2,137.1093512541998,False
1466418877,127.2,127.2,134.35177852768777,False
1466418917,127.2,127.2,158.50755835362492,False
1466418938,127.2,127.2,152.32766168039677,False
1466419031,128.5,128.5,148.5527541959815,False
1466419058,128.5,128.5,134.65546125972,False
1466419104,123.0,133.42172388568702,133.42172388568702,True
1466419166,123.0,123.0,155.8507146419545,False
1466419261,123.0,123.0,129.7624159717991,False
1466419349,123.0,123.0,142.07243662629654,False
1466419442,123.0,123.0,146.8106684996969,False
1466419530,123.0,123.0,159.42315331739704,False
1466419595,123.0,120.25461219820305,120.25461219820305,True
1466419646,123.0,123.0,142.7433017189953,False
1466419737,123.0,142.4592920278989,142.4592920278989,True
1466419826,123.0,123.0,146.09600090485745,False
1466419880,123.0,123.0,141.27055062799457,False
1466419911,123.0,132.8699665074656,132.8699665074656,True
1466419938,123.0,123.0,149.6361986579123,False
1466420016,130.5,131.64654327731765,131.64654327731765,True
1466420019,130.5,147.6374004138794,147.6374004138794,True
1466420108,130.5,142.88031107487024,142.88031107487024,True
1466420205,130.5,130.5,123.17388091012704,False
1466420228,130.5,130.2895699669068,130.2895699669068,True
1466420257,134.2,134.2,135.38278115079697,False
1466420270,128.8,155.68252949055008,155.68252949055008,True
1466420296,128.8,150.2712766865077,150.2712766865077,True
1466420331,128.8,128.8,129.06056793675796,False
1466420407,128.8,128.8,148.45906299105053,False
1466420430,132.4,132.4,148.96056666546,False
1466420453,132.5,133.6856473106778,133.6856473106778,True
1466420474,132.5,132.5,132.03351539337277,False
1466420566,123.7,146.63905246774948,146.63905246774948,True
1466420579,121.1,121.1,126.64349331813126,False
1466420618,121.1,140.4702373040277,140.4702373040277,True
1466420624,120.3,141.11409779791916,141.11409779791916,True
1466420643,120.3,145.9561459815434,145.9561459815434,True
1466420695,120.3,120.3,124.32078927539108,False
1466420788,120.1,120.1,131.46290002303854,False
1466420863,120.1,120.1,157.04552376621888,False
1466420947,120.1,120.1,134.5790153614243,False
1466421003,120.1,137.31591738350684,137.31591738350684,True
1466421032,120.1,120.1,132.34130290769943,False
1466421050,120.1,154.61092026611004,154.61092026611004,True
1466421116,120.1,153.05164676947518,153.05164676947518,True
1466421208,120.1,120.1,136.78216534417868,False
1466421234,120.1,120.1,123.1366904651529,False
1466421262,126.3,126.3,141.28716288660874,False
1466421353,121.2,122.24647984320949,122.24647984320949,True
1466421360,121.2,121.2,120.0547947972449,False
1466421392,121.2,121.2,124.35740730607853,False
1466421480,121.2,121.2,125.60525989212837,False
1466421530,130.7,130.7,159.524832157286,False
1466421547,130.7,130.7,122.20093193803471,False
1466421591,130.7,130.7,150.75659130859924,False
1466421633,124.5,124.5,129.418270503521,False
1466421636,124.5,124.5,122.87246280047485,False
1466421670,129.4,121.10739694289947,121.10739694289947,True
1466421695,129.4,129.4,149.06697323718694,False
1466421721,129.4,122.37096079172855,122.37096079172855,True
1466421804,129.4,144.06608935373254,144.06608935373254,True
1466421819,129.4,129.4,139.12570102150636,False
1466421862,129.4,128.05995404862148,128.05995404862148,True
1466421885,129.4,149.2549015155267,149.2549015155267,True
1466421936,129.4,131.62260479895235,131.62260479895235,True
1466422012,129.4,157.11151053064845,157.11151053064845,True
1466422044,132.0,132.0,124.76628506232271,False
1466422045,132.0,132.0,123.9640113123473,False
1466422137,132.0,137.12470485500228,137.12470485500228,True
1466422162,132.0,132.0,144.2592018162592,False
1466422189,132.0,132.0,135.4539218268597,False
1466422197,140.3,141.87714770679074,141.87714770679074,True
1466422264,140.3,137.2105537879898,137.2105537879898,True
1466422330,140.3,159.53260538133048,159.53260538133048,True
1466422378,140.3,140.3,158.1966919920695,False
1466422432,140.3,140.3,150.26185464434653,False
1466422488,140.3,152.89515076655448,152.89515076655448,True
1466422577,140.3,140.3,142.54071233552096,False
1466422628,140.3,140.3,151.53377420207522,False
1466422638,140.3,142.15060930882714,142.15060930882714,True
1466422666,140.3,143.52601578912044,143.52601578912044,True
1466422706,140.3,140.3,123.34859176199247,False
1466422731,140.3,132.743669758894,132.743669758894,True
1466422804,140.3,148.45511672611713,148.45511672611713,True
1466422866,140.3,140.3,135.57609589363906,False
1466422873,140.3,140.3,148.34749396522363,False
1466422895,140.3,140.3,136.5978224341619,False
1466422953,140.3,140.3,150.34811662101467,False
1466422973,148.9,148.9,131.74628390295945,False
1466423017,148.9,148.9,126.22610120168657,False
1466423051,148.9,156.83322611477448,156.83322611477448,True
1466423099,148.9,148.9,145.1241413467321,False
1466423150,148.9,143.77872476121132,143.77872476121132,True
1466423155,148.9,149.06646338893495,149.06646338893495,True
1466423168,148.9,148.9,122.6171348985655,False
1466423205,157.7,151.05285962650112,151.05285962650112,True
1466423275,157.7,157.7,158.67715423887756,False
1466423287,157.7,157.7,128.40683448242567,False
1466423336,150.4,123.16809840823106,123.16809840823106,True
1466423340,150.4,147.92623588904908,147.92623588904908,True
1466423355,150.4,149.6805877159366,149.6805877159366,True
1466423443,150.4,150.4,139.54268171741643,False
1466423499,142.4,150.19724313662223,150.19724313662223,True
1466423585,142.4,142.4,149.05892748301272,False
1466423612,142.4,159.72963860854512,159.72963860854512,True
1466423669,142.4,152.52061181562505,152.52061181562505,True
1466423705,142.4,154.4669385406846,154.4669385406846,True
1466423770,142.4,127.74786312394444,127.74786312394444,True
1466423844,142.4,142.4,123.3733723068097,False
1466423902,142.4,142.4,144.84031069963368,False
1466423913,147.6,147.6,137.758520541161,False
1466423972,147.6,147.6,122.5412735447301,False
1466424014,147.6,123.15595759045907,123.15595759045907,True
1466424069,147.6,151.57694182197125,151.57694182197125,True
1466424154,147.6,141.16742784693557,141.16742784693557,True
1466424155,147.6,147.6,140.29009331547957,False
1466424169,147.6,147.6,133.39265952242636,False
1466424262,147.6,147.6,141.2301252873856,False
1466424339,148.1,132.9566783904927,132.9566783904927,True
1466424398,148.1,145.11042702679256,145.11042702679256,True
1466424497,148.1,148.1,130.86296158175114,False
1466424558,153.9,153.9,149.91024961874436,False
1466424613,153.9,153.9,159.43516086183902,False
1466424713,153.9,144.884649578226,144.884649578226,True
1466424804,153.9,152.71730208911836,152.71730208911836,True
1466424878,153.9,152.19817022429203,152.19817022429203,True
1466424924,153.9,154.00127957391902,154.00127957391902,True
1466425009,151.6,151.6,138.79369002545164,False
1466425106,151.6,124.1130413443342,124.1130413443342,True
1466425129,151.6,151.6,131.53615412871517,False
1466425179,151.6,151.6,153.22053546821022,False
1466425257,151.6,156.92337063525088,156.92337063525088,True
1466425262,151.0,151.0,150.38792281465066,False
1466425305,151.0,151.0,152.6375693249188,False
1466425331,151.0,151.0,155.25944879449858,False
1466425338,151.0,151.0,156.39899146046764,False
1466425377,151.0,151.0,153.57328241015335,False
1466425380,150.1,138.129709770966,138.129709770966,True
1466425417,150.1,150.81017383427968,150.81017383427968,True
1466425484,150.1,150.1,131.4130267581817,False
1466425517,150.1,139.91351578110914,139.91351578110914,True
1466425553,150.1,149.77141531490224,149.77141531490224,True
1466425640,150.1,150.1,146.6019089710344,False
1466425687,150.1,155.76783414276167,155.76783414276167,True
1466425711,150.1,136.41257388846793,136.41257388846793,True
1466425768,150.1,150.1,151.3016352285148,False
1466425811,150.1,149.4509485404996,149.4509485404996,True
1466425856,150.1,131.29216135319407,131.29216135319407,True
1466425869,150.1,150.1,158.94147736731577,False
1466425884,150.1,158.52613221630924,158.52613221630924,True
1466425962,150.1,150.1,144.01260590045015,False
1466425974,150.1,126.88353055154141,126.88353055154141,True
1466426016,150.7,150.7,130.89387279926953,False
1466426024,150.7,143.0777374213048,143.0777374213048,True
1466426034,150.7,130.35016568961086,130.35016568961086,True
1466426130,150.7,139.42111298672282,139.42111298672282,True
1466426189,150.7,150.7,151.88657410305498,False
1466426198,150.7,150.7,140.04678124896773,False
1466426280,150.7,155.96739853153656,155.96739853153656,True
1466426298,150.7,142.9666469248817,142.9666469248817,True
1466426380,150.7,136.82578759854295,136.82578759854295,True
1466426420,150.7,150.7,142.35898889533274,False
1466426509,150.7,150.7,130.6573580641588,False
1466426521,150.7,150.7,139.5834693209861,False
1466426535,150.7,135.39046624872944,135.39046624872944,True
1466426563,150.7,150.7,122.26459468449627,False
1466426620,150.7,150.7,153.8544465060439,False
1466426694,160.4,145.0093442771378,145.0093442771378,True
1466426764,160.4,160.4,123.5982063025298,False
1466426778,160.4,160.4,128.03715534672924,False
1466426866,160.4,151.5964601473289,151.5964601473289,True
1466426938,155.1,134.98019030737723,134.98019030737723,True
1466427022,155.1,155.1,152.3242707135767,False
1466427059,155.1,134.34476942840303,134.34476942840303,True
1466427125,164.0,152.47690392142388,152.47690392142388,True
1466427204,164.0,164.0,141.5969760883482,False
1466427240,164.0,145.64365520372507,145.64365520372507,True
1466427317,164.0,164.0,132.88796724261763,False
1466427319,160.3,160.3,130.98534496526844,False
1466427331,160.3,138.92156905344677,138.92156905344677,True
1466427425,160.3,133.14221588224623,133.14221588224623,True
1466427458,160.3,159.4063315176583,159.4063315176583,True
1466427495,160.3,160.3,131.3898562723117,False
1466427543,160.3,141.98632018673592,141.98632018673592,True
1466427625,160.3,160.3,151.85567103239333,False
1466427663,160.3,160.3,137.26493098376443,False
1466427672,160.3,160.3,150.17900084878931,False
1466427684,160.3,121.10286926656464,121.10286926656464,True
1466427739,160.3,146.30787675604637,146.30787675604637,True
1466427769,160.3,149.5112628589503,149.5112628589503,True
1466427775,160.3,121.31501676141276,121.31501676141276,True
1466427820,160.3,160.3,132.4429179814493,False
1466427837,160.3,132.0168077396098,132.0168077396098,True
1466427846,160.3,160.3,142.63867941510318,False
1466427904,160.3,160.3,138.80423519701102,False
1466427997,160.3,160.3,132.01512199431764,False
1466428027,160.3,151.0551616711828,151.0551616711828,True
1466428114,160.3,160.3,159.4451669028462,False
1466428212,160.3,142.93915688118742,142.93915688118742,True
1466428294,160.3,158.17631835065583,158.17631835065583,True
1466428321,158.9,123.46153281046028,123.46153281046028,True
1466428340,158.9,126.13828214621495,126.13828214621495,True
1466428378,158.9,158.9,124.96051544273368,False
1466428463,158.9,146.45597461302108,146.45597461302108,True
1466428551,158.9,158.9,148.4261771901184,False
1466428575,158.9,158.9,156.24166683350472,False
1466428593,158.9,158.9,125.33434285771523,False
1466428682,156.6,156.6,126.18217034432737,False
1466428699,156.6,123.04211670526578,123.04211670526578,True
1466428719,156.6,155.02999752026332,155.02999752026332,True
1466428819,156.6,156.6,127.74030048202802,False
1466428850,156.6,122.86513038654181,122.86513038654181,True
1466428884,153.5,153.5,124.98037109676164,False
1466428973,146.6,126.21305373341852,126.21305373341852,True
1466429006,146.6,146.6,121.38050141829915,False
1466429026,139.0,127.83333617663293,127.83333617663293,True
1466429066,139.0,121.69454168480497,121.69454168480497,True
1466429072,139.0,127.87302790741131,127.87302790741131,True
1466429103,139.0,139.0,140.94829403687618,False
1466429110,139.0,120.83668871199787,120.83668871199787,True
1466429123,139.0,132.19338461988795,132.19338461988795,True
1466429168,140.3,140.3,134.76298805037146,False
1466429182,133.7,122.77995058237495,122.77995058237495,True
1466429184,133.7,133.7,121.71070827416911,False
1466429197,133.7,133.7,131.5371367283045,False
1466429280,133.7,120.33631186387734,120.33631186387734,True
1466429378,133.7,133.02124893954868,133.02124893954868,True
1466429450,133.7,122.67998941764388,122.67998941764388,True
1466429455,124.2,135.39425402790314,135.39425402790314,True
1466429510,124.2,124.2,158.57596412145827,False
1466429565,124.2,124.2,123.02882981126953,False
1466429566,124.2,148.54625093081046,148.54625093081046,True
1466429592,124.2,124.2,149.98583562797307,False
1466429623,124.2,135.32022131525054,135.32022131525054,True
1466429691,124.2,124.2,129.06263396944706,False
1466429733,127.8,127.8,140.01625674853858,False
1466429803,127.8,152.27689285997258,152.27689285997258,True
1466429832,127.8,127.8,121.34838597468442,False
1466429905,127.8,127.8,128.9271776548246,False
1466429997,127.8,127.8,152.1985530594602,False
1466430050,127.8,126.58830071944993,126.58830071944993,True
1466430088,127.8,127.8,125.37321865104377,False
1466430174,127.8,127.8,127.81660547875181,False
1466430247,135.1,135.1,130.91210058888288,False
1466430344,135.1,135.1,130.0586583760555,False
1466430375,143.7,143.7,155.29483751703773,False
1466430400,143.7,143.7,159.9715846784321,False
1466430457,143.7,143.7,120.99464159846113,False
1466430483,144.1,144.1,141.4940348714834,False
1466430517,144.1,127.90832523791546,127.90832523791546,True
1466430524,144.1,143.82116113988914,143.82116113988914,True
1466430592,144.1,144.1,150.5581700446366,False
1466430616,144.1,144.60713712080207,144.60713712080207,True
1466430631,144.1,120.49660785495149,120.49660785495149,True
1466430680,138.4,124.59598666867578,124.59598666867578,True
1466430734,138.4,138.4,122.27429395727893,False
1466430790,138.4,153.00334531440072,153.00334531440072,True
1466430815,138.4,144.29395382524348,144.29395382524348,True
1466430895,138.4,138.4,128.7484909381023,False
1466430916,138.4,139.0976362600067,139.0976362600067,True
1466430929,138.4,138.4,157.33045385182737,False
1466430936,135.6,135.6,146.74977404404865,False
1466431009,135.6,135.6,131.0198198217717,False
1466431036,126.1,126.1,138.79397931254942,False
1466431055,126.1,126.1,151.39409158952282,False
1466431145,126.1,126.1,132.70419315229913,False
1466431218,120.1,120.1,149.98889086392217,False
1466431290,120.1,120.1,155.26136546706192,False
1466431324,120.1,120.1,138.06726160698815,False
1466431400,115.4,144.20760021548466,144.20760021548466,True
1466431450,115.4,128.3118054855657,128.3118054855657,True
1466431526,115.4,115.4,127.94923609459413,False
1466431589,115.4,120.11403122634182,120.11403122634182,True
1466431661,115.4,115.4,122.46357417435637,False
1466431760,115.4,159.33511223679665,159.33511223679665,True
1466431796,115.4,115.4,152.131691573417,False
1466431848,115.4,115.4,159.99354126528914,False
1466431879,124.6,124.03222310550824,124.03222310550824,True
1466431954,124.6,124.6,147.14545451293577,False
1466431958,124.6,152.0947402597839,152.0947402597839,True
1466432002,124.6,125.1062715889834,125.1062715889834,True
1466432101,124.6,137.56371307210182,137.56371307210182,True
1466432177,124.6,124.6,150.676163453774,False
1466432194,124.6,147.40801867016748,147.40801867016748,True
1466432237,130.4,130.4,153.41456084137008,False
1466432280,130.4,124.87829182472976,124.87829182472976,True
1466432373,138.7,138.7,148.66219166993338,False
1466432389,138.7,159.52085066971895,159.52085066971895,True
1466432415,138.7,134.98971975844594,134.98971975844594,True
1466432417,147.5,147.5,135.99094434241564,False
1466432506,147.5,147.5,123.91002950335157,False
1466432569,147.5,147.5,154.59365577838477,False
1466432577,147.5,134.3248840253266,134.3248840253266,True
1466432670,154.5,130.91741380217354,130.91741380217354,True
1466432706,154.5,154.5,127.22284514559821,False
1466432804,154.5,140.3379756436617,140.3379756436617,True
1466432853,154.5,129.01024629923603,129.01024629923603,True
1466432947,154.7,154.7,150.62759088873372,False
1466433040,157.6,157.6,125.99329025334997,False
1466433128,157.6,148.81161204223076,148.81161204223076,True
1466433145,157.6,157.6,135.7014285246707,False
1466433195,160.5,160.5,132.21638018960442,False
1466433289,160.5,141.15174525603717,141.15174525603717,True
1466433375,160.5,132.66371476217967,132.66371476217967,True
1466433427,159.7,159.7,131.55167103658857,False
1466433478,159.7,159.7,157.20572469519047,False
1466433517,159.7,156.53624007445075,156.53624007445075,True
1466433615,155.4,155.4,143.74220775175422,False
1466433672,155.4,155.4,132.65971590634723,False
1466433762,155.4,155.4,159.89651693343478,False
1466433809,155.4,120.76348017632874,120.76348017632874,True
1466433873,155.4,127.84832542708725,127.84832542708725,True
1466433910,155.4,159.72977439422127,159.72977439422127,True
1466433994,155.4,155.4,128.75796476754073,False
1466434003,155.4,155.4,141.4421478391571,False
1466434045,157.7,128.29238334929107,128.29238334929107,True
1466434096,157.7,157.7,123.27354133787779,False
1466434173,157.7,144.75320810793926,144.75320810793926,True
1466434199,157.7,135.8573501895603,135.8573501895603,True
1466434224,157.7,157.7,149.06053926642255,False
1466434308,157.7,159.18211312522712,159.18211312522712,True
1466434359,148.8,121.18468612284244,121.18468612284244,True
1466434371,148.8,155.41201152119277,155.41201152119277,True
1466434457,148.8,148.8,125.79835876552158,False
1466434498,148.8,148.8,151.9400244143898,False
1466434552,148.8,128.52601459133504,128.52601459133504,True
1466434622,148.8,123.60710150459192,123.60710150459192,True
1466434691,148.8,142.9630316067713,142.9630316067713,True
1466434718,148.8,142.59407560959838,142.59407560959838,True
1466434727,148.8,134.05777315430896,134.05777315430896,True
1466434815,148.8,124.27340862757825,124.27340862757825,True
1466434892,139.2,139.2,148.03485979927382,False
1466434915,139.2,139.2,124.5373180685374,False
1466434946,139.2,139.2,141.78505732941602,False
1466434988,139.2,154.09999685904137,154.09999685904137,True
1466435020,139.2,139.2,139.7640608499897,False
1466435090,139.2,139.2,129.52106039152176,False
1466435099,139.2,145.90077108008913,145.90077108008913,True
1466435145,139.2,139.2,123.4520977318327,False
1466435186,139.2,132.99909476281877,132.99909476281877,True
1466435246,140.5,140.5,136.7617658567323,False
1466435284,132.7,149.06376859722212,149.06376859722212,True
1466435327,132.7,143.20967979751066,143.20967979751066,True
1466435369,132.7,120.09881832793884,120.09881832793884,True
1466435408,132.7,142.84560710462955,142.84560710462955,True
1466435468,125.9,125.9,130.7763841704712,False
1466435486,125.9,125.9,124.32754944339155,False
1466435555,123.5,136.3654878274531,136.3654878274531,True
1466435624,120.6,120.6,122.31470931936447,False
1466435659,120.6,120.6,148.2719343738798,False
1466435682,125.0,125.0,157.58256420969025,False
1466435712,125.0,125.0,149.04157075586429,False
1466435794,125.0,125.0,150.20646438035763,False
1466435878,129.4,129.4,124.088147253453,False
1466435904,135.7,135.7,135.60989018167538,False
1466435971,135.7,135.7,142.80556626107074,False
1466436041,135.7,135.7,128.61068625578488,False
1466436059,135.7,136.5313084186556,136.5313084186556,True
1466436093,135.7,135.7,148.2634072441289,False
1466436178,133.5,133.5,153.9572454156164,False
1466436230,133.5,133.5,156.1376060018529,False
1466436280,126.6,133.3946008593243,133.3946008593243,True
1466436332,126.6,126.6,158.9887658490721,False
1466436333,126.4,126.4,151.69053278905523,False
1466436431,126.4,142.9274243780641,142.9274243780641,True
1466436520,126.4,126.4,126.68961559765678,False
1466436572,126.4,129.42976494963466,129.42976494963466,True
1466436647,126.4,126.4,151.1080868754383,False
1466436655,126.4,126.4,148.96279875399318,False
1466436727,126.4,126.4,142.75989833134264,False
1466436793,126.4,137.0520414830338,137.0520414830338,True
1466436879,135.0,135.0,151.34825119109001,False
1466436880,131.4,131.4,152.78011434847886,False
1466436939,131.4,151.38344234909817,151.38344234909817,True
1466437015,131.4,131.4,148.8553067707753,False
1466437048,138.2,138.2,152.59137962250767,False
1466437088,138.2,138.2,129.89309366292815,False
1466437105,138.2,138.2,147.47401246691157,False
1466437122,138.2,126.97691674651436,126.97691674651436,True
1466437160,138.2,138.2,136.19428066913093,False
1466437232,138.2,123.40468263783907,123.40468263783907,True
1466437321,138.2,142.62392194015692,142.62392194015692,True
1466437335,138.2,138.2,149.0891078863367,False
1466437358,138.2,157.32938018933254,157.32938018933254,True
1466437441,138.2,138.2,125.02438890111738,False
1466437480,138.2,138.2,159.70216199612648,False
1466437561,138.2,138.2,146.8513752871287,False
1466437653,138.2,138.2,134.94652655099637,False
1466437709,138.2,150.01672160771702,150.01672160771702,True
1466437798,138.2,133.11344630702746,133.11344630702746,True
1466437869,138.2,138.2,133.45763723412443,False
1466437952,138.2,138.2,126.05371281356514,False
1466438037,138.2,138.2,130.90537366725337,False
1466438054,138.2,138.2,154.52378234665332,False
1466438056,138.2,138.2,156.92698238189692,False
1466438136,138.2,138.2,152.82523307396696,False
1466438234,138.2,138.2,121.9082299951795,False
1466438261,138.2,138.2,148.35135906172266,False
1466438348,138.2,142.46189541184287,142.46189541184287,True
1466438407,138.2,138.2,148.44737351910513,False
1466438422,136.6,136.6,123.3630816207629,False
1466438476,136.6,155.16913870704752,155.16913870704752,True
1466438571,136.6,129.4942393218262,129.4942393218262,True
1466438612,136.6,136.6,140.66654746273207,False
1466438620,136.6,136.6,143.37550836135136,False
1466438698,130.3,147.776638455642,147.776638455642,True
1466438747,121.4,120.0396866589661,120.0396866589661,True
1466438795,121.4,121.4,124.79305980680003,False
1466438810,121.4,121.4,123.52552272199793,False
1466438888,121.7,121.99104191965154,121.99104191965154,True
1466438975,121.7,134.7856002892376,134.7856002892376,True
1466439000,128.3,128.3,154.55832422123325,False
1466439092,128.3,123.50998541115786,123.50998541115786,True
1466439150,128.3,128.3,143.68996213201956,False
1466439229,128.3,123.56990123686957,123.56990123686957,True
1466439279,128.3,144.4376754448015,144.4376754448015,True
1466439328,133.2,133.2,146.00346057952902,False
1466439351,133.2,133.2,123.13285082398059,False
1466439447,133.2,133.2,142.99058888741746,False
1466439466,133.2,147.74135046042323,147.74135046042323,True
1466439480,133.2,133.2,130.86962240283523,False
1466439560,133.2,139.33785855049183,139.33785855049183,True
1466439600,133.2,133.2,131.53865644471043,False
1466439645,128.7,132.94277968461347,132.94277968461347,True
1466439729,128.7,147.9571276414925,147.9571276414925,True
1466439772,131.7,129.0575821178718,129.0575821178718,True
1466439827,131.7,131.7,125.87155099945092,False
1466439849,131.7,120.50957981011874,120.50957981011874,True
1466439910,131.7,124.94842604010675,124.94842604010675,True
1466439990,131.7,131.7,141.42764894682085,False
1466440005,131.7,131.7,132.7642203326231,False
1466440006,131.7,139.59135795546663,139.59135795546663,True
1466440045,131.7,131.7,149.1451775216728,False
1466440066,131.7,131.7,143.41799066294436,False
1466440154,131.7,131.7,150.41532174702644,False
1466440214,131.7,137.2588290482533,137.2588290482533,True
1466440226,131.7,129.7887525150036,129.7887525150036,True
1466440304,131.7,131.7,141.05753747223807,False
1466440385,131.7,131.2301595531966,131.2301595531966,True
1466440451,131.7,159.8203113181441,159.8203113181441,True
1466440521,131.6,131.17460238206374,131.17460238206374,True
1466440581,131.6,121.30982783935852,121.30982783935852,True
1466440674,131.6,131.85245652166066,131.85245652166066,True
1466440727,129.4,140.11629043416966,140.11629043416966,True
1466440821,129.4,129.4,152.82751420084452,False
1466440827,129.4,129.4,159.44853905279678,False
1466440897,129.4,129.4,134.92671766130815,False
1466440923,129.4,155.994017258519,155.994017258519,True
1466441012,123.5,123.5,156.32354746032289,False
1466441049,123.5,152.4944942708206,152.4944942708206,True
1466441147,123.5,155.4715282438531,155.4715282438531,True
1466441213,123.5,127.81975704103198,127.81975704103198,True
1466441311,123.5,123.5,123.10539792632703,False
1466441318,123.5,122.33608448524696,122.33608448524696,True
1466441418,123.5,122.64709660599632,122.64709660599632,True
1466441510,123.5,123.5,130.8774738211826,False
1466441541,123.5,123.5,128.43008893614902,False
1466441579,128.7,128.7,146.99731665506033,False
1466441630,128.7,128.7,152.91149734787538,False
1466441714,128.7,127.07088208816296,127.07088208816296,True
1466441724,128.7,158.15643375514443,158.15643375514443,True
1466441741,128.7,128.7,135.5927333013132,False
1466441822,128.7,128.7,152.37407985971643,False
1466441883,127.7,127.7,149.985272679444,False
1466441934,127.7,152.9450777804769,152.9450777804769,True
1466441947,127.7,129.9044778987741,129.9044778987741,True
1466442046,127.7,138.65848937307328,138.65848937307328,True
1466442137,127.7,127.7,128.8915706710421,False
1466442175,127.7,133.71859747354318,133.71859747354318,True
1466442216,127.7,139.21353972067595,139.21353972067595,True
1466442284,118.8,118.8,151.07857548662486,False
1466442332,127.5,136.82178072665255,136.82178072665255,True
1466442358,127.5,134.42555915715513,134.42555915715513,True
1466442362,127.5,127.5,127.81583767430314,False
1466442439,131.2,131.2,133.8623854516886,False
1466442490,131.2,153.2131862159572,153.2131862159572,True
1466442498,138.6,134.75193515354184,134.75193515354184,True
1466442508,141.8,154.1386970978309,154.1386970978309,True
1466442518,141.8,141.8,144.34890193888344,False
1466442556,141.8,147.41645094180802,147.41645094180802,True
1466442656,141.8,141.8,133.86113195404357,False
1466442662,141.8,141.8,136.22371725245225,False
1466442703,141.8,153.47289571414467,153.47289571414467,True
1466442768,141.8,141.8,136.2289533037969,False
1466442788,141.8,155.15803958845194,155.15803958845194,True
1466442886,141.8,145.99604709025067,145.99604709025067,True
1466442980,141.8,141.8,151.79345800984802,False
1466443000,141.8,143.6948341950723,143.6948341950723,True
1466443029,141.8,141.8,143.59585841116498,False
1466443038,148.0,147.0219572646427,147.0219572646427,True
1466443089,148.0,148.0,129.82969344127565,False
1466443162,148.0,148.0,138.30663976244645,False
1466443201,148.0,148.0,139.18176393172078,False
1466443219,148.0,148.0,120.61020600515377,False
1466443263,148.0,136.9261479934554,136.9261479934554,True
1466443350,148.0,135.23952930895132,135.23952930895132,True
1466443373,148.0,148.0,158.1365695159422,False
1466443392,148.0,141.11927713594173,141.11927713594173,True
1466443402,148.0,148.0,135.3212210757078,False
1466443486,148.0,151.89181603662342,151.89181603662342,True
1466443511,148.0,151.14626272366883,151.14626272366883,True
1466443584,148.0,148.96670004197142,148.96670004197142,True
1466443677,148.0,148.0,151.5758525364035,False
1466443725,148.0,130.9031463290356,130.9031463290356,True
1466443727,152.8,152.8,146.56124419063332,False
1466443750,152.8,144.66466082664508,144.66466082664508,True
1466443761,152.8,152.8,156.15846398050968,False
1466443808,152.8,143.6420029865921,143.6420029865921,True
1466443861,152.8,152.8,130.31058141502714,False
1466443929,152.8,152.8,120.38787360310359,False
1466443986,152.8,156.60301332422065,156.60301332422065,True
1466444043,152.8,152.8,123.10902546276654,False
1466444110,152.8,140.196861253283,140.196861253283,True
1466444192,156.1,143.5081988960075,143.5081988960075,True
1466444287,156.1,123.99514267637136,123.99514267637136,True
1466444294,156.1,156.1,142.6650542613371,False
1466444366,156.1,123.09770880041482,123.09770880041482,True
1466444466,156.1,155.75540292575295,155.75540292575295,True
1466444505,156.1,156.76659954311714,156.76659954311714,True
1466444556,156.1,132.3410605768035,132.3410605768035,True
1466444624,156.1,156.1,144.93853157238024,False
1466444663,164.1,127.97082476436526,127.97082476436526,True
1466444685,164.1,147.9106226238542,147.9106226238542,True
1466444756,164.1,154.97125508385324,154.97125508385324,True
1466444781,155.6,137.66416988230546,137.66416988230546,True
1466444840,155.6,155.6,139.44499825556005,False
1466444854,164.9,164.9,141.08152970346114,False
1466444860,164.9,159.90138685096312,159.90138685096312,True
1466444959,160.5,127.49071896201382,127.49071896201382,True
1466445058,156.9,145.3921553666689,145.3921553666689,True
1466445107,156.9,134.3667578176651,134.3667578176651,True
1466445165,156.9,143.2608330577037,143.2608330577037,True
1466445170,156.9,156.9,123.38343107891856,False
1466445173,156.9,156.9,123.44046972391371,False
1466445247,156.9,159.37148812711797,159.37148812711797,True
1466445305,156.9,136.53298945671065,136.53298945671065,True
1466445333,156.9,130.84731959930383,130.84731959930383,True
1466445356,156.9,122.1374117468077,122.1374117468077,True
1466445430,156.9,159.23162529852775,159.23162529852775,True
1466445491,156.9,156.9,154.3080460819657,False
1466445497,147.5,134.9079477169702,134.9079477169702,True
1466445514,149.7,149.7,145.1470651961252,False
1466445549,145.5,145.5,148.7807164368226,False
1466445640,145.5,145.5,147.09691201879076,False
1466445648,153.7,127.86533434118158,127.86533434118158,True
1466445739,153.7,153.7,148.95609311549347,False
1466445814,153.7,157.79786543384995,157.79786543384995,True
1466445879,153.7,153.7,154.98098079292754,False
1466445909,153.7,133.59574059997004,133.59574059997004,True
1466445965,153.7,124.12300213964497,124.12300213964497,True
1466446021,154.6,156.21204535922425,156.21204535922425,True
1466446045,154.6,132.78641763483557,132.78641763483557,True
1466446071,154.6,154.6,122.15609871496109,False
1466446120,154.6,154.6,124.34412386475674,False
1466446168,154.6,122.22535063181853,122.22535063181853,True
1466446253,154.6,132.4141069249373,132.4141069249373,True
1466446302,154.6,154.6,132.05403475245507,False
1466446389,154.6,154.6,129.26946685748823,False
1466446404,154.6,154.6,120.18329464938225,False
1466446494,154.6,131.28665820904757,131.28665820904757,True
1466446594,154.6,156.9983936113258,156.9983936113258,True
1466446643,154.6,124.70836084363506,124.70836084363506,True
1466446669,154.6,154.6,130.5427852480598,False
1466446690,154.6,135.75537379363914,135.75537379363914,True
1466446735,154.6,140.66405911610272,140.66405911610272,True
1466446766,154.6,154.6,151.52331998858955,False
1466446852,154.6,154.6,120.65212887002315,False
1466446902,154.6,154.6,137.59924930227535,False
1466446945,154.6,154.6,138.8195410765282,False
1466446987,154.6,151.2592475436519,151.2592475436519,True
1466447036,154.6,142.88456200082328,142.88456200082328,True
1466447112,154.6,154.6,128.834455453621,False
1466447129,163.5,163.5,143.88203433959563,False
1466447189,163.5,132.53168929075025,132.53168929075025,True
1466447224,163.5,163.5,152.5375309887325,False
1466447270,163.5,163.5,129.63538875433312,False
1466447272,163.5,163.5,121.70607269155153,False
1466447348,163.5,146.82835590080185,146.82835590080185,True
1466447359,163.5,163.5,150.4559605667842,False
1466447388,158.4,144.80929634838833,144.80929634838833,True
1466447390,158.4,139.5299415688355,139.5299415688355,True
1466447425,154.4,154.4,156.53728304079783,False
1466447463,154.4,154.4,125.91893559080714,False
1466447485,148.0,148.0,149.2175379535006,False
1466447545,148.0,144.45289545962464,144.45289545962464,True
1466447553,148.0,148.0,148.73188932948082,False
1466447554,148.0,148.0,122.1132115589085,False
1466447573,148.0,144.77318590285563,144.77318590285563,True
1466447634,148.0,148.0,153.26718718058362,False
1466447695,148.0,148.0,121.46640782088713,False
1466447762,156.6,156.6,129.6971308799663,False
1466447844,156.6,154.6339960120522,154.6339960120522,True
1466447885,156.6,156.6,120.49108714872155,False
1466447943,156.6,142.85055629589496,142.85055629589496,True
1466447956,156.6,156.6,136.89377621127215,False
1466448041,156.6,156.6,134.2089230273884,False
1466448140,156.6,156.6,127.59228303747932,False
1466448215,156.6,149.54722932265395,149.54722932265395,True
1466448270,156.6,127.90082164784504,127.90082164784504,True
1466448302,156.6,129.6826351178101,129.6826351178101,True
1466448368,156.6,156.6,158.18404578557863,False
1466448422,156.6,159.00868864261673,159.00868864261673,True
1466448517,156.6,153.9516996573466,153.9516996573466,True
1466448614,164.1,131.79246968377257,131.79246968377257,True
1466448701,164.1,143.28939248431917,143.28939248431917,True
1466448743,157.3,132.19507798641348,132.19507798641348,True
1466448805,157.3,155.57509295677568,155.57509295677568,True
1466448844,157.3,135.28315948103904,135.28315948103904,True
1466448896,157.1,154.93368166391377,154.93368166391377,True
1466448984,157.1,150.30055775030473,150.30055775030473,True
1466449031,157.8,157.8,141.22421963821478,False
1466449045,153.6,153.6,120.80412462420982,False
1466449099,153.8,133.58783782680078,133.58783782680078,True
1466449171,148.3,139.54184615246336,139.54184615246336,True
1466449261,148.3,125.26825676159456,125.26825676159456,True
1466449280,148.3,133.44112530875188,133.44112530875188,True
1466449359,148.3,134.46204014520845,134.46204014520845,True
1466449442,148.3,132.7461786399517,132.7461786399517,True
1466449496,148.3,148.3,142.444981883399,False
1466449537,148.3,158.92067827059537,158.92067827059537,True
1466449555,148.3,148.3,146.65668010973258,False
1466449629,148.3,143.27581343305948,143.27581343305948,True
1466449635,141.2,141.2,154.8192801522953,False
1466449721,141.2,133.3018252692702,133.3018252692702,True
1466449772,141.2,134.9688601557264,134.9688601557264,True
1466449872,141.2,141.2,159.55233468645412,False
1466449873,148.5,154.33067115720405,154.33067115720405,True
1466449884,148.5,148.5,147.02071398910402,False
1466449937,148.5,121.5535140947174,121.5535140947174,True
1466449953,148.5,146.84330098943514,146.84330098943514,True
1466449959,148.5,138.85608916419676,138.85608916419676,True
1466449961,148.5,148.5,152.09352086140714,False
1466450018,145.0,145.0,155.80448399409914,False
1466450075,139.0,139.0,133.50635664987965,False
1466450150,147.6,147.99564070165508,147.99564070165508,True
1466450177,147.6,147.6,120.8946094743245,False
1466450255,147.6,143.10873273018026,143.10873273018026,True
1466450343,147.6,149.96963772200021,149.96963772200021,True
1466450348,155.8,155.75087094920153,155.75087094920153,True
1466450401,155.8,155.8,127.47771224943881,False
1466450433,153.1,158.25617918609208,158.25617918609208,True
1466450507,153.1,122.52782382432775,122.52782382432775,True
1466450536,153.1,153.1,146.82988542259483,False
1466450627,153.1,153.1,136.54524123901814,False
1466450723,153.1,147.19517387240563,147.19517387240563,True
1466450817,153.1,123.8097267611738,123.8097267611738,True
1466450900,153.1,136.75432361002768,136.75432361002768,True
1466450902,153.1,153.1,152.16152845284836,False
1466450971,153.1,137.89876392526935,137.89876392526935,True
1466451016,160.4,160.4,147.2506496476467,False
1466451023,160.4,155.17697541829355,155.17697541829355,True
1466451073,160.4,160.4,127.03916221537835,False
1466451166,160.4,150.69359053216323,150.69359053216323,True
1466451231,160.4,139.78279907678643,139.78279907678643,True
1466451245,160.4,131.92346174138405,131.92346174138405,True
1466451293,160.4,160.4,127.38334395826419,False
1466451295,159.1,128.87290664651084,128.87290664651084,True
1466451378,159.1,159.1,129.53863219495517,False
1466451445,154.4,154.4,128.72676230827284,False
1466451508,154.4,126.112085433288,126.112085433288,True
1466451599,154.4,154.4,138.8583273267472,False
1466451686,154.4,148.55534557378252,148.55534557378252,True
1466451761,154.4,154.4,120.68940040010925,False
1466451857,154.4,154.4,145.41585988662308,False
1466451909,154.4,154.4,127.3275679652211,False
1466451919,158.3,140.19972577785398,140.19972577785398,True
1466452006,158.3,132.94766015665036,132.94766015665036,True
1466452035,158.3,140.36503268369714,140.36503268369714,True
1466452039,158.3,131.80915652778592,131.80915652778592,True
1466452104,158.3,158.3,120.4383519837195,False
1466452167,158.3,158.3,126.24044261716833,False
1466452238,158.3,158.3,153.4584381139659,False
1466452313,153.6,153.6,147.8597493939454,False
1466452339,153.7,153.7,123.72898418435969,False
1466452419,153.7,153.7,150.4552395159189,False
1466452424,149.7,149.7,146.14387879985375,False
1466452435,149.7,130.2430929507112,130.2430929507112,True
1466452531,149.7,149.7,125.92559785226169,False
1466452584,149.7,149.7,121.06434470773452,False
1466452625,149.7,149.7,130.04453264218813,False
1466452676,149.7,149.7,128.0941344420591,False
1466452752,149.7,149.7,126.00854097415733,False
1466452796,149.7,149.7,133.3556020383059,False
1466452825,149.7,134.59584632834444,134.59584632834444,True
1466452860,149.7,149.7,142.6129689341033,False
1466452960,149.7,132.79993056034306,132.79993056034306,True
1466452979,152.3,123.52209365050332,123.52209365050332,True
1466453002,152.3,120.82770528197123,120.82770528197123,True
1466453016,152.3,152.3,135.3276632607839,False
1466453025,161.4,143.6929394511277,143.6929394511277,True
1466453089,161.4,129.03335651223887,129.03335651223887,True
1466453141,161.4,150.68994271981495,150.68994271981495,True
1466453154,161.4,130.6541801004954,130.6541801004954,True
1466453184,161.4,161.4,152.2376726649165,False
1466453202,161.4,161.4,138.2324188898694,False
1466453203,161.4,137.97457893209855,137.97457893209855,True
1466453222,161.4,161.4,142.31224067932905,False
1466453321,158.1,139.41602115645938,139.41602115645938,True
1466453379,158.1,153.33573584490216,153.33573584490216,True
1466453392,158.1,145.31936253838688,145.31936253838688,True
1466453422,161.4,161.4,143.0150748364743,False
1466453502,161.4,161.4,136.89736801935737,False
1466453518,161.4,161.4,156.22081095552295,False
1466453563,161.4,134.922376100992,134.922376100992,True
1466453604,161.4,161.4,146.50953382824608,False
1466453639,161.4,161.4,159.81306025518873,False
1466453705,161.4,130.43294577746238,130.43294577746238,True
1466453795,161.4,161.4,121.94302205789259,False
1466453816,161.4,161.4,151.70402253081215,False
1466453870,161.4,131.81263980572865,131.81263980572865,True
1466453910,161.4,157.24656649972894,157.24656649972894,True
1466454002,161.4,125.58448959004886,125.58448959004886,True
1466454051,161.4,161.4,151.37296726165118,False
1466454087,156.5,156.5,128.28687775258544,False
1466454129,156.5,156.5,143.40173120259334,False
1466454227,156.5,156.5,140.45841671637956,False
1466454259,156.5,126.64757401605739,126.64757401605739,True
1466454262,156.5,143.4272577464114,143.4272577464114,True
1466454298,156.5,156.5,153.15054984858628,False
1466454388,156.5,156.5,122.77435821710596,False
1466454399,156.5,156.5,155.79521217277957,False
1466454473,156.5,156.5,140.81052193575675,False
1466454529,156.5,156.5,142.7831028867963,False
1466454559,156.5,156.5,144.47245214522115,False
1466454648,156.5,150.90965476917432,150.90965476917432,True
1466454745,156.5,156.5,129.75990915757518,False
1466454763,156.5,142.46521157060704,142.46521157060704,True
1466454851,156.5,156.5,120.35938706812489,False
1466454936,156.5,156.5,130.28438439937275,False
1466454949,156.5,156.5,133.4381540606513,False
1466455032,156.5,156.5,129.33551587282938,False
1466455065,156.5,151.42062604452482,151.42062604452482,True
1466455119,155.3,130.12036305888046,130.12036305888046,True
1466455172,155.3,155.3,153.14250497027004,False
1466455196,155.3,127.11297286128922,127.11297286128922,True
1466455271,155.3,122.22228985214454,122.22228985214454,True
1466455357,155.3,155.3,125.30619127713328,False
1466455361,163.4,132.50994244963852,132.50994244963852,True
1466455394,156.5,156.5,158.306914866792,False
1466455475,156.5,156.45569278831098,156.45569278831098,True
1466455497,156.5,128.05517020630143,128.05517020630143,True
1466455561,156.5,156.5,124.02902204353634,False
1466455575,156.5,158.86953219600628,158.86953219600628,True
1466455587,156.5,155.82419306810158,155.82419306810158,True
1466455651,156.5,156.5,126.20852832268166,False
1466455658,156.5,145.92935909543368,145.92935909543368,True
1466455732,156.5,156.5,121.61802414251962,False
1466455812,158.2,142.76083070123335,142.76083070123335,True
1466455910,158.2,155.51058633043283,155.51058633043283,True
1466455951,158.2,128.54476192137574,128.54476192137574,True
1466455999,158.2,158.2,130.33411131378193,False
1466456054,158.2,158.2,139.57472259013286,False
1466456058,158.2,155.00281347832404,155.00281347832404,True
1466456074,158.2,158.2,152.1484630695139,False
1466456088,158.2,158.2,129.80508458638602,False
1466456118,158.2,156.22567524242885,156.22567524242885,True
1466456218,158.2,136.6317993262569,136.6317993262569,True
1466456265,157.2,157.2,159.71916842821673,False
1466456270,157.2,157.2,129.27998670952297,False
1466456312,157.2,136.30877333142055,136.30877333142055,True
1466456346,157.2,152.77292566091634,152.77292566091634,True
1466456374,157.2,157.2,133.92667532113074,False
1466456406,157.2,157.2,129.09439115692433,False
1466456482,157.2,153.6834120446297,153.6834120446297,True
1466456512,157.2,153.06675162304904,153.06675162304904,True
1466456610,155.0,139.8498970170243,139.8498970170243,True
1466456683,155.0,140.09882723161573,140.09882723161573,True
1466456768,155.0,155.0,145.42887960200585,False
1466456856,155.0,143.57678920379584,143.57678920379584,True
1466456927,155.0,155.0,126.58941297515487,False
1466457014,155.0,158.35365079575803,158.35365079575803,True
1466457032,155.0,136.06624359136973,136.06624359136973,True
1466457067,152.1,133.52639505983404,133.52639505983404,True
1466457157,152.1,134.60671254809483,134.60671254809483,True
1466457215,152.1,152.1,142.7557155220349,False
1466457267,152.1,152.1,126.59892349097355,False
1466457357,159.4,159.4,123.2956696705149,False
1466457434,159.4,138.6805532527216,138.6805532527216,True
1466457487,159.4,131.80780110388687,131.80780110388687,True
1466457559,159.4,159.4,154.58459993251944,False
1466457603,159.4,159.4,147.27355984384158,False
1466457671,164.1,164.1,147.1238734328087,False
1466457713,164.1,144.4300631903825,144.4300631903825,True
1466457745,164.1,164.1,138.81955338477772,False
1466457782,164.1,164.1,144.26020078448485,False
1466457802,155.3,155.3,154.36150059630876,False
1466457817,155.3,138.69054928164712,138.69054928164712,True
1466457865,155.3,144.55643618977524,144.55643618977524,True
1466457884,155.3,155.3,137.65578137529414,False
1466457885,155.3,155.3,139.65019536263986,False
1466457917,155.3,155.3,147.82615893986383,False
1466457973,155.3,155.3,125.27627927277122,False
1466458045,155.3,150.18182375771642,150.18182375771642,True
1466458135,158.1,131.85562664774517,131.85562664774517,True
1466458151,158.1,123.84670667283653,123.84670667283653,True
1466458230,158.1,143.55889262194557,143.55889262194557,True
1466458324,158.1,131.31365950076295,131.31365950076295,True
1466458362,158.1,158.1,136.26417709125172,False
1466458438,158.1,158.1,152.8529389338733,False
1466458454,158.1,139.24330680109227,139.24330680109227,True
1466458496,158.1,145.44601896995988,145.44601896995988,True
1466458509,158.1,158.1,141.59138973694073,False
1466458580,153.1,137.72470122270752,137.72470122270752,True
1466458590,153.1,153.64204713926898,153.64204713926898,True
1466458626,153.1,123.29782122170232,123.29782122170232,True
1466458642,153.1,153.1,136.13122680011932,False
1466458665,153.1,153.1,141.14810522255002,False
1466458694,153.1,152.16602739222907,152.16602739222907,True
1466458762,153.1,133.68585943334648,133.68585943334648,True
1466458793,143.8,122.86095526330331,122.86095526330331,True
1466458824,143.8,143.8,128.72294950432098,False
1466458906,143.8,121.24895580286353,121.24895580286353,True
1466458982,142.4,147.17162166497246,147.17162166497246,True
1466459068,142.4,130.9835824773035,130.9835824773035,True
1466459159,142.4,140.02348053276566,140.02348053276566,True
1466459184,142.4,124.30487350452279,124.30487350452279,True
1466459273,142.4,129.38800596518504,129.38800596518504,True
1466459372,140.4,143.90049672737067,143.90049672737067,True
1466459415,134.9,134.9,143.23524169325978,False
1466459483,134.9,145.3387541556076,145.3387541556076,True
1466459504,134.9,149.3781517776506,149.3781517776506,True
1466459588,134.9,134.9,147.27779689327122,False
1466459595,134.9,134.9,144.4266483938587,False
1466459673,134.9,134.9,121.13940497152826,False
1466459726,134.9,121.84114162597028,121.84114162597028,True
1466459800,134.9,155.2076956909565,155.2076956909565,True
1466459857,134.9,159.38081303603252,159.38081303603252,True
1466459887,134.9,134.9,123.09876296180641,False
1466459913,134.9,122.87068475171777,122.87068475171777,True
1466459974,134.9,134.9,143.97901961193196,False
1466459995,134.9,153.27501329910217,153.27501329910217,True
1466460001,134.9,152.96324058042262,152.96324058042262,True
1466460054,133.3,133.3,156.90024558177458,False
1466460130,125.9,125.9,136.22912106090683,False
1466460215,129.3,138.826609386217,138.826609386217,True
1466460252,129.3,156.96719528940494,156.96719528940494,True
1466460272,129.3,129.3,153.89684967847876,False
1466460346,129.3,129.3,131.37376479669254,False
1466460440,122.3,122.3,145.69169330219776,False
1466460461,122.0,122.0,120.3783694938837,False
1466460528,122.0,122.0,152.29094150548943,False
1466460610,122.0,122.0,154.31010216219784,False
1466460630,122.0,143.16014836488864,143.16014836488864,True
1466460691,118.8,159.90800327523584,159.90800327523584,True
1466460706,118.8,118.8,145.98236655479934,False
1466460739,121.0,121.0,138.9651200146539,False
1466460765,121.0,131.7377334313701,131.7377334313701,True
1466460795,121.0,121.0,159.71998793214945,False
1466460877,124.4,159.89181872253994,159.89181872253994,True
1466460973,116.3,116.3,157.28641343871655,False
1466461009,116.3,147.22336851298155,147.22336851298155,True
1466461027,116.3,116.3,147.25623485177593,False
1466461032,116.3,143.87358528711044,143.87358528711044,True
1466461096,116.3,156.04311461390458,156.04311461390458,True
1466461169,116.3,116.3,150.7645967711504,False
1466461256,116.3,116.3,141.2830627843134,False
1466461351,116.3,123.99048620357333,123.99048620357333,True
1466461451,116.3,136.80394957826647,136.80394957826647,True
1466461531,117.2,117.2,141.98031735590828,False
1466461568,117.2,147.21333350057176,147.21333350057176,True
1466461583,117.2,127.55418374296309,127.55418374296309,True
1466461647,117.2,120.32541051883149,120.32541051883149,True
1466461703,117.2,143.50027397747888,143.50027397747888,True
1466461794,117.2,124.52619943388851,124.52619943388851,True
1466461813,117.2,117.2,149.22837637113787,False
1466461910,117.2,117.2,140.91810406722107,False
1466461988,117.2,144.23621509970934,144.23621509970934,True
1466462056,117.2,155.1940075107364,155.1940075107364,True
1466462101,117.2,150.84496983617322,150.84496983617322,True
1466462155,117.2,141.8340989918421,141.8340989918421,True
1466462215,120.8,144.65186707362832,144.65186707362832,True
1466462278,120.8,125.3610323503706,125.3610323503706,True
1466462368,120.8,141.5781225369444,141.5781225369444,True
1466462412,120.8,120.8,131.73741157928046,False
1466462512,120.8,146.25982953517726,146.25982953517726,True
1466462594,120.8,120.8,135.43041197942148,False
1466462671,124.4,133.68487590121129,133.68487590121129,True
1466462716,117.2,146.7128403654908,146.7128403654908,True
1466462746,117.2,117.2,123.58978807863352,False
1466462782,117.2,144.52196503491393,144.52196503491393,True
1466462820,117.2,117.2,134.3687784181332,False
1466462833,117.2,151.58805622886166,151.58805622886166,True
1466462842,117.2,117.2,153.59780961728194,False
1466462850,117.2,120.78077406067369,120.78077406067369,True
1466462941,117.2,117.2,124.17588869127324,False
1466463026,117.2,117.2,137.5784189874131,False
1466463117,117.2,153.18979016126573,153.18979016126573,True
1466463139,117.2,153.46297572448594,153.46297572448594,True
