1466410104,153.2,127.9592823182808,127.9592823182808,True
1466410114,144.8,147.48339313475208,147.48339313475208,True
1466410130,135.9,127.10864978468382,127.10864978468382,True
1466410181,139.7,139.7,149.6489474068133,False
1466410203,139.7,104.26307217813951,104.26307217813951,True
1466410250,131.5,138.10917410383672,138.10917410383672,True
1466410309,131.5,131.5,145.61274598240672,False
1466410397,135.9,107.20981067960085,107.20981067960085,True
1466410430,126.7,126.7,144.8564260340779,False
1466410469,123.7,103.68684478622754,103.68684478622754,True
1466410483,117.9,109.90446935909306,109.90446935909306,True
1466410498,117.9,117.9,155.05953103506664,False
1466410502,125.4,114.94763871184861,114.94763871184861,True
1466410532,125.4,119.83069092086109,119.83069092086109,True
1466410541,125.4,157.44643291371682,157.44643291371682,True
1466410573,127.2,127.2,105.8078559335715,False
1466410630,128.0,128.0,108.2004547505538,False
1466410653,125.6,138.63921506002987,138.63921506002987,True
1466410746,129.0,129.0,116.78781667895186,False
1466410814,121.4,108.07086279382725,108.07086279382725,True
1466410890,128.7,110.57984798771469,110.57984798771469,True
1466410902,123.5,151.37121805446677,151.37121805446677,True
1466410978,123.5,150.15830130365558,150.15830130365558,True
1466411008,123.5,101.08219207386381,101.08219207386381,True
1466411066,123.6,127.27097810128251,127.27097810128251,True
1466411094,123.6,124.5216088900894,124.5216088900894,True
1466411157,132.3,132.3,158.04127240313412,False
1466411223,132.3,132.3,131.47078889560996,False
1466411226,123.9,123.9,110.52415667494981,False
1466411272,122.0,119.19528192126027,119.19528192126027,True
1466411303,115.1,111.36891720525887,111.36891720525887,True
1466411318,115.1,136.09081890357842,136.09081890357842,True
1466411396,112.5,129.70057256568285,129.70057256568285,True
1466411493,115.2,115.2,113.82570090410566,False
1466411549,118.3,118.3,105.25905655095237,False
1466411560,112.2,147.42951945907356,147.42951945907356,True
1466411626,102.9,102.9,144.10830113453721,False
1466411723,95.5,112.88338150515155,112.88338150515155,True
1466411763,97.9,130.69807256456338,130.69807256456338,True
1466411785,103.6,126.65726888303347,126.65726888303347,True
1466411854,100.5,134.63148882141707,134.63148882141707,True
1466411889,96.3,101.5194589682198,101.5194589682198,True
1466411988,99.1,99.1,116.88248566100037,False
1466412022,99.1,118.518523864045,118.518523864045,True
1466412046,99.1,147.75742493425906,147.75742493425906,True
1466412076,104.6,130.13189410784585,130.13189410784585,True
1466412152,98.3,98.3,115.2127477142158,False
1466412181,98.3,98.3,117.3187152253301,False
1466412201,98.3,98.3,108.9601459159673,False
1466412260,97.1,149.33885397525546,149.33885397525546,True
1466412347,97.1,156.84044486589843,156.84044486589843,True
1466412360,99.0,99.0,130.67777247162783,False
1466412438,107.5,125.31117112988767,125.31117112988767,True
1466412521,107.5,107.5,141.6357189724513,False
1466412599,107.5,152.57295938893913,152.57295938893913,True
1466412639,102.9,118.50430432539524,118.50430432539524,True
1466412691,102.9,102.9,111.12835630730082,False
1466412747,109.0,109.0,125.23374019284904,False
1466412794,109.0,150.08112257291796,150.08112257291796,True
1466412819,109.0,151.9650761198432,151.9650761198432,True
1466412832,109.0,141.173245197676,141.173245197676,True
1466412874,109.0,109.0,152.20770183231565,False
1466412943,105.4,148.66180018633506,148.66180018633506,True
1466412971,114.4,114.4,138.540824596655,False
1466412990,114.4,114.4,136.8884150310613,False
1466413028,122.3,125.73571694674109,125.73571694674109,True
1466413053,117.4,133.79083452259033,133.79083452259033,True
1466413125,124.5,125.1972454497155,125.1972454497155,True
1466413200,133.1,133.1,102.15418519423204,False
1466413264,139.8,139.8,138.96313165027132,False
1466413311,139.8,139.8,125.75151094651295,False
1466413342,131.7,129.59655007406099,129.59655007406099,True
1466413440,141.0,124.12415249141651,124.12415249141651,True
1466413458,143.6,158.73778552383897,158.73778552383897,True
1466413529,146.3,146.3,138.62257231913892,False
1466413542,146.3,108.59845446620733,108.59845446620733,True
1466413638,146.3,125.14077640245458,125.14077640245458,True
1466413672,142.0,142.0,123.61039694417849,False
1466413733,137.3,130.6447122864507,130.6447122864507,True
1466413779,137.3,137.3,128.81762763081426,False
1466413780,142.8,107.53464968360969,107.53464968360969,True
1466413864,145.6,113.05050205171516,113.05050205171516,True
1466413885,154.0,134.93408769436658,134.93408769436658,True
1466413946,147.5,111.97813560624654,111.97813560624654,True
1466414033,147.5,149.30646368742978,149.30646368742978,True
1466414071,147.5,146.87774276048103,146.87774276048103,True
1466414164,153.8,106.0943573493235,106.0943573493235,True
1466414225,153.8,153.8,146.4410122182646,False
1466414312,153.8,123.39390941972708,123.39390941972708,True
1466414325,153.8,153.8,130.65150145090956,False
1466414328,153.8,116.61505216138355,116.61505216138355,True
1466414329,145.7,145.7,157.80088115521286,False
1466414402,142.8,142.8,145.77719323301875,False
1466414407,142.8,131.39124588384448,131.39124588384448,True
1466414413,145.9,145.9,130.61285210564384,False
1466414460,137.1,137.1,126.31013960991189,False
1466414552,136.2,104.34314610130312,104.34314610130312,True
1466414602,127.2,156.52399407072875,156.52399407072875,True
1466414662,119.9,123.7744470964108,123.7744470964108,True
1466414746,114.9,104.91975518476565,104.91975518476565,True
1466414844,106.1,109.95634378587752,109.95634378587752,True
1466414943,109.0,109.0,122.80843131887472,False
1466414946,100.2,100.2,105.26512635973677,False
1466414966,101.9,103.5083222566148,103.5083222566148,True
1466415038,102.8,137.44998194896087,137.44998194896087,True
1466415106,102.8,102.8,120.81118364425593,False
1466415130,102.8,102.8,125.03755203646506,False
1466415145,105.2,105.2,100.92212201273655,False
1466415202,104.4,107.2328120596177,107.2328120596177,True
1466415239,100.6,100.6,148.23453560157765,False
1466415249,100.6,128.45381480151178,128.45381480151178,True
1466415308,102.8,109.58060869079847,109.58060869079847,True
1466415357,102.8,107.00387174805975,107.00387174805975,True
1466415404,102.8,102.8,156.34605221107773,False
1466415469,111.4,111.4,132.8949448322643,False
1466415548,111.4,146.1187976440823,146.1187976440823,True
1466415588,106.7,106.7,144.55025756441907,False
1466415627,97.5,97.5,126.78822787470737,False
1466415719,106.6,106.6,141.7448382501891,False
1466415767,102.9,102.9,155.04148517681716,False
1466415860,96.6,96.6,117.81260164581364,False
1466415872,96.6,96.6,146.83203046547365,False
1466415914,96.6,123.81238816068768,123.81238816068768,True
1466415934,99.0,99.0,133.2281207006904,False
1466415988,99.0,122.40695641892374,122.40695641892374,True
1466416004,103.5,103.5,140.45809967826534,False
1466416050,109.8,101.14261573157421,101.14261573157421,True
1466416150,109.8,109.8,143.06664331163904,False
1466416161,114.3,114.3,111.56644467983213,False
1466416215,114.3,114.3,143.61002084453526,False
1466416315,114.3,108.8597784001852,108.8597784001852,True
1466416321,110.0,120.84778247269969,120.84778247269969,True
1466416393,106.4,124.69066107532171,124.69066107532171,True
1466416440,106.4,112.29986027538347,112.29986027538347,True
1466416510,107.9,115.03466265049653,115.03466265049653,True
1466416541,111.0,111.0,131.5543422019262,False
1466416631,119.6,119.6,117.88453274597138,False
1466416671,119.6,119.6,145.7166253516923,False
1466416725,115.5,115.5,106.00498782700427,False
1466416815,120.8,127.2441613938966,127.2441613938966,True
1466416867,125.3,125.3,100.44261837306782,False
1466416933,128.5,128.5,158.66764758068808,False
1466416963,126.1,126.1,155.2118710752752,False
1466417034,126.1,126.1,123.62313027096674,False
1466417069,118.2,118.2,100.57248064008608,False
1466417095,118.2,118.2,101.86454352319842,False
1466417123,127.6,127.6,150.59503872141974,False
1466417219,126.3,126.3,104.43249819991438,False
1466417228,126.3,119.30858573411658,119.30858573411658,True
1466417235,118.5,153.7772416762458,153.7772416762458,True
1466417266,118.5,118.5,127.12986415172861,False
1466417298,118.5,135.25960684244467,135.25960684244467,True
1466417382,118.5,139.6151716960703,139.6151716960703,True
1466417429,118.5,118.5,118.05569291557632,False
1466417434,118.5,118.5,111.10274129138841,False
1466417513,121.7,121.7,135.3070986735587,False
1466417598,121.7,121.7,100.23576541664983,False
1466417615,124.5,137.6752494753745,137.6752494753745,True
1466417654,119.0,119.0,146.13651605241296,False
1466417749,119.0,119.0,139.26389568885764,False
1466417763,119.0,140.7303347412943,140.7303347412943,True
1466417822,119.0,143.89100788090155,143.89100788090155,True
1466417851,119.0,119.0,118.51489722938456,False
1466417855,119.0,113.20950664535475,113.20950664535475,True
1466417879,116.5,157.85655017652059,157.85655017652059,True
1466417895,116.5,152.2509242308641,152.2509242308641,True
1466417969,111.8,112.28007252735026,112.28007252735026,True
1466418049,111.8,111.8,117.6315243905821,False
1466418118,119.6,110.82874450127444,110.82874450127444,True
1466418129,110.9,152.49392601038718,152.49392601038718,True
1466418179,110.1,157.3165947557733,157.3165947557733,True
1466418254,119.2,119.2,116.34856880084328,False
1466418332,119.2,118.23601697246279,118.23601697246279,True
1466418428,119.2,132.03525533400594,132.03525533400594,True
1466418494,125.0,110.43771350673444,110.43771350673444,True
1466418554,116.9,116.9,118.6963962596789,False
1466418563,116.9,157.27682363571506,157.27682363571506,True
1466418564,116.9,143.5347673232377,143.5347673232377,True
1466418594,114.8,114.8,129.26251500919813,False
1466418674,114.8,114.02815664401749,114.02815664401749,True
1466418748,114.8,125.6555877437269,125.6555877437269,True
1466418847,114.1,129.18608067269355,129.18608067269355,True
1466418877,114.1,106.64232323968926,106.64232323968926,True
1466418917,116.2,119.72883569086686,119.72883569086686,True
1466418938,117.1,117.1,156.85861916345073,False
1466419031,120.5,120.5,127.57953568565725,False
1466419058,129.0,129.0,109.86982954641068,False
1466419104,125.8,128.53603364457177,128.53603364457177,True
1466419166,125.8,125.8,146.80454994772083,False
1466419261,118.9,118.9,134.23248049398575,False
1466419349,123.9,114.83694575065971,114.83694575065971,True
1466419442,120.5,120.5,103.09037266574163,False
1466419530,121.8,121.8,146.03866515728134,False
1466419595,120.3,120.3,148.47970767086292,False
1466419646,120.7,120.7,154.92125663159138,False
1466419737,120.7,117.1698021444347,117.1698021444347,True
1466419826,116.0,150.70513390909542,150.70513390909542,True
1466419880,116.0,139.9831920324838,139.9831920324838,True
1466419911,118.6,118.6,129.34871125539385,False
1466419938,118.6,146.8493496706667,146.8493496706667,True
1466420016,118.6,118.6,121.59868000269886,False
1466420019,118.9,111.69724824777546,111.69724824777546,True
1466420108,118.9,118.9,106.63477890129921,False
1466420205,118.9,104.79613320069947,104.79613320069947,True
1466420228,118.9,118.9,101.10365616155879,False
1466420257,122.1,122.1,129.07638098338575,False
1466420270,129.2,129.2,102.18188845969588,False
1466420296,129.2,114.26727999477735,114.26727999477735,True
1466420331,129.2,151.44917128599678,151.44917128599678,True
1466420407,129.2,110.50881974582296,110.50881974582296,True
1466420430,129.2,129.2,130.8517277607767,False
1466420453,129.2,131.59669684603358,131.59669684603358,True
1466420474,129.2,136.37437665267404,136.37437665267404,True
1466420566,129.2,149.69941360911392,149.69941360911392,True
1466420579,129.2,129.2,127.0024204436272,False
1466420618,129.2,136.62153456886986,136.62153456886986,True
1466420624,129.2,115.81003146739762,115.81003146739762,True
1466420643,132.0,132.0,137.9790991755322,False
1466420695,132.0,132.0,138.33579819172667,False
1466420788,122.7,122.7,146.4623046427532,False
1466420863,126.0,156.3754966686666,156.3754966686666,True
1466420947,126.0,117.76747450855636,117.76747450855636,True
1466421003,126.0,126.0,102.43762912903982,False
1466421032,127.0,127.0,120.82301261359052,False
1466421050,127.0,131.2535399584345,131.2535399584345,True
1466421116,125.4,125.4,142.93473130819586,False
1466421208,123.3,124.12570134473532,124.12570134473532,True
1466421234,128.1,128.1,118.79872307687782,False
1466421262,128.1,128.1,127.80719765760104,False
1466421353,127.4,101.94078876738223,101.94078876738223,True
1466421360,127.4,127.4,151.22964855125906,False
1466421392,120.2,120.2,101.01754708086102,False
1466421480,122.8,122.14412923394339,122.14412923394339,True
1466421530,124.6,124.6,156.14489298525842,False
1466421547,127.4,106.85989192854109,106.85989192854109,True
1466421591,121.9,121.9,155.28238077959537,False
1466421633,120.9,120.9,137.10343825934223,False
1466421636,120.9,102.56254341208117,102.56254341208117,True
1466421670,120.9,120.9,158.4154268330887,False
1466421695,120.9,134.43717592469488,134.43717592469488,True
1466421721,120.9,144.26186566087338,144.26186566087338,True
1466421804,120.9,139.05657791022338,139.05657791022338,True
1466421819,128.7,134.47715382920435,134.47715382920435,True
1466421862,121.0,121.0,102.72838441878208,False
1466421885,125.0,125.0,155.87426710379154,False
1466421936,118.0,118.0,105.09487554795336,False
1466422012,122.7,122.7,122.46769458372383,False
1466422044,116.2,116.2,109.80705180663469,False
1466422045,116.2,125.99843170817779,125.99843170817779,True
1466422137,121.7,121.7,118.40206062645527,False
1466422162,121.7,113.2302321943913,113.2302321943913,True
1466422189,118.4,118.4,158.85989343545444,False
1466422197,116.7,148.1588027250701,148.1588027250701,True
1466422264,116.7,104.3707696754795,104.3707696754795,True
1466422330,119.8,117.61090991921901,117.61090991921901,True
1466422378,117.7,117.7,116.60316437780794,False
1466422432,110.2,149.7120180560854,149.7120180560854,True
1466422488,110.2,122.23079899879406,122.23079899879406,True
1466422577,109.9,122.7219193245705,122.7219193245705,True
1466422628,119.2,119.2,100.91732660463575,False
1466422638,119.2,119.2,153.84185533201494,False
1466422666,115.2,146.277199546822,146.277199546822,True
1466422706,115.2,118.65427952475997,118.65427952475997,True
1466422731,115.2,116.76519053029934,116.76519053029934,True
1466422804,110.0,125.61915491111198,125.61915491111198,True
1466422866,110.0,110.0,105.7069236132933,False
1466422873,110.0,110.0,132.11892069878434,False
1466422895,102.1,102.1,151.70180476824413,False
1466422953,102.1,102.1,153.6414431559925,False
1466422973,102.1,147.5138846933831,147.5138846933831,True
1466423017,107.3,135.94719126533477,135.94719126533477,True
1466423051,98.1,98.1,157.00888616265212,False
1466423099,98.1,98.1,125.37688021928399,False
1466423150,101.3,101.3,147.65036276626716,False
1466423155,101.3,142.89174368385918,142.89174368385918,True
1466423168,101.3,104.80784021654843,104.80784021654843,True
1466423205,99.3,99.3,145.6550724838785,False
1466423275,99.3,99.3,110.91092588208214,False
1466423287,99.3,99.3,142.09792581931438,False
1466423336,99.3,99.3,145.80167490812272,False
1466423340,99.3,156.0962951407058,156.0962951407058,True
1466423355,99.3,117.28618017597182,117.28618017597182,True
1466423443,100.8,100.8,118.24457915580248,False
1466423499,100.8,107.31496390810788,107.31496390810788,True
1466423585,100.8,147.96409851859227,147.96409851859227,True
1466423612,102.3,102.3,135.49872915439403,False
1466423669,105.6,105.6,118.54488995285183,False
1466423705,105.6,139.3721018597554,139.3721018597554,True
1466423770,105.6,144.16994418646289,144.16994418646289,True
1466423844,114.3,105.26794610954545,105.26794610954545,True
1466423902,114.3,110.94781018392466,110.94781018392466,True
1466423913,114.3,148.2781151421779,148.2781151421779,True
1466423972,107.2,107.2,100.16028143391785,False
1466424014,108.0,148.03439000258282,148.03439000258282,True
1466424069,116.3,157.46875956433732,157.46875956433732,True
1466424154,123.9,127.27001594729028,127.27001594729028,True
1466424155,116.1,108.00516104311262,108.00516104311262,True
1466424169,112.1,130.6251680291103,130.6251680291103,True
1466424262,112.4,112.4,140.28745073043467,False
1466424339,112.6,112.6,135.52590091376436,False
1466424398,108.7,108.7,118.43604555791855,False
1466424497,99.9,99.9,141.49619842753316,False
1466424558,99.9,99.9,103.48967063036227,False
1466424613,108.7,155.69939502068837,155.69939502068837,True
1466424713,108.7,111.34362161467496,111.34362161467496,True
1466424804,102.3,120.00532849028214,120.00532849028214,True
1466424878,108.2,139.4048852240601,139.4048852240601,True
1466424924,107.0,110.32890849444505,110.32890849444505,True
1466425009,112.7,112.7,107.94634390829215,False
1466425106,104.5,104.5,138.24059804029707,False
1466425129,108.0,108.0,131.19486902251583,False
1466425179,108.0,108.0,155.14709648225178,False
1466425257,108.0,126.3290714485768,126.3290714485768,True
1466425262,115.3,102.76347580013851,102.76347580013851,True
1466425305,110.6,133.83335399285826,133.83335399285826,True
1466425331,101.6,101.6,157.96210564040726,False
1466425338,106.8,106.8,147.6791046290308,False
1466425377,104.0,104.0,125.88960910801937,False
1466425380,97.3,156.98614116230075,156.98614116230075,True
1466425417,103.3,103.3,137.16438441379762,False
1466425484,103.3,103.3,115.80436907243518,False
1466425517,105.0,135.125256752817,135.125256752817,True
1466425553,102.9,102.9,113.83966460208237,False
1466425640,105.2,105.2,153.97710895358762,False
1466425687,112.0,112.0,133.4727933010363,False
1466425711,107.2,107.2,121.937327911967,False
1466425768,112.7,112.7,150.0630483968089,False
1466425811,112.7,112.7,152.21915921024856,False
1466425856,112.7,104.34414182725311,104.34414182725311,True
1466425869,112.7,122.48666893907101,122.48666893907101,True
1466425884,115.5,115.5,135.27842400381084,False
1466425962,119.2,102.44189038332021,102.44189038332021,True
1466425974,119.2,150.79995364911895,150.79995364911895,True
1466426016,119.2,117.0578369471359,117.0578369471359,True
1466426024,109.9,116.56100476628787,116.56100476628787,True
1466426034,109.9,127.02007430120443,127.02007430120443,True
1466426130,116.7,107.32894717640394,107.32894717640394,True
1466426189,116.7,116.7,105.38628884553411,False
1466426198,122.6,122.6,107.70761445107951,False
1466426280,122.6,122.6,140.64459256155658,False
1466426298,120.4,120.4,135.03258174231752,False
1466426380,123.0,123.0,134.76361390993327,False
1466426420,129.3,134.74609096065467,134.74609096065467,True
1466426509,129.3,146.4148484251939,146.4148484251939,True
1466426521,129.3,129.3,123.78251925125083,False
1466426535,129.3,129.3,107.18536159643033,False
1466426563,129.3,129.3,158.84035653337043,False
1466426620,129.3,125.09730429269997,125.09730429269997,True
1466426694,125.3,102.38900962314334,102.38900962314334,True
1466426764,118.0,118.0,101.98004903652662,False
1466426778,118.0,118.0,115.72797061488679,False
1466426866,119.0,119.0,124.15937939768978,False
1466426938,119.0,119.0,132.31887474315283,False
1466427022,119.0,119.0,129.3699160046409,False
1466427059,127.8,108.73970585995121,108.73970585995121,True
1466427125,122.2,146.25704078509702,146.25704078509702,True
1466427204,122.2,122.2,149.7419016629393,False
1466427240,122.2,136.33362820220466,136.33362820220466,True
1466427317,122.2,121.50014009438434,121.50014009438434,True
1466427319,122.2,118.81408186082434,118.81408186082434,True
1466427331,122.2,122.2,105.65872636499144,False
1466427425,122.5,122.5,124.51561816908897,False
1466427458,122.5,149.7138346130994,149.7138346130994,True
1466427495,122.5,122.5,131.7839406989919,False
1466427543,126.8,126.8,158.45263847850268,False
1466427625,119.3,104.63138591446446,104.63138591446446,True
1466427663,124.3,124.3,133.26217348211674,False
1466427672,124.3,142.58609493391685,142.58609493391685,True
1466427684,118.2,118.2,113.25672280355604,False
1466427739,122.8,122.8,129.1787890379575,False
1466427769,122.8,122.8,141.12235705800936,False
1466427775,124.6,125.3255644925287,125.3255644925287,True
1466427820,124.6,124.6,140.84650155415153,False
1466427837,126.9,126.9,113.50196930976288,False
1466427846,126.9,126.9,142.32042662892525,False
1466427904,126.9,126.9,114.84136507463401,False
1466427997,126.9,149.17612055723487,149.17612055723487,True
1466428027,130.1,106.46696718841132,106.46696718841132,True
1466428114,130.1,130.1,126.05638749539301,False
1466428212,130.3,158.61191088574571,158.61191088574571,True
1466428294,137.3,109.00723212979113,109.00723212979113,True
1466428321,135.8,135.8,104.98164750446136,False
1466428340,135.8,135.8,139.99760814909243,False
1466428378,135.8,135.8,143.02911609009607,False
1466428463,131.3,104.71023262845878,104.71023262845878,True
1466428551,138.4,138.4,158.92570904785902,False
1466428575,138.4,138.4,121.60385875017617,False
1466428593,140.3,112.80591474223667,112.80591474223667,True
1466428682,140.3,137.52652294715935,137.52652294715935,True
1466428699,142.4,142.4,153.70732959892564,False
1466428719,142.4,142.4,122.53054638509224,False
1466428819,133.5,133.5,102.52894316901272,False
1466428850,133.5,109.10495175422655,109.10495175422655,True
1466428884,140.7,140.7,116.19969422746635,False
1466428973,134.7,134.7,107.74728161037936,False
1466429006,134.7,134.7,153.51075606948814,False
1466429026,134.7,134.7,131.3473482071865,False
1466429066,131.0,102.17023107370625,102.17023107370625,True
1466429072,139.9,139.9,150.10337797670655,False
1466429103,139.9,111.9374896526185,111.9374896526185,True
1466429110,141.4,141.4,113.01196854213116,False
1466429123,139.5,104.32255042376944,104.32255042376944,True
1466429168,139.5,113.29432438303938,113.29432438303938,True
1466429182,131.7,148.35818357158854,148.35818357158854,True
1466429184,131.7,108.02218831727038,108.02218831727038,True
1466429197,131.7,128.73788139144972,128.73788139144972,True
1466429280,123.6,123.6,117.04272118761551,False
1466429378,123.6,118.26205337479081,118.26205337479081,True
1466429450,115.5,115.5,153.41159183718815,False
1466429455,115.5,115.5,132.14925651367582,False
1466429510,109.4,109.4,109.2275167594571,False
1466429565,109.4,154.70677162141635,154.70677162141635,True
1466429566,109.4,109.4,153.4752665551418,False
1466429592,109.4,109.4,149.69947425358782,False
1466429623,117.5,102.59578167775604,102.59578167775604,True
1466429691,117.5,122.97394349271224,122.97394349271224,True
1466429733,117.5,102.69078267770524,102.69078267770524,True
1466429803,117.5,140.8131981760304,140.8131981760304,True
1466429832,122.1,122.1,124.430783644705,False
1466429905,119.1,119.1,150.91675954802758,False
1466429997,112.6,121.87135461360967,121.87135461360967,True
1466430050,112.6,153.87359702390165,153.87359702390165,True
1466430088,112.6,141.25404681156363,141.25404681156363,True
1466430174,112.6,116.26988871909542,116.26988871909542,True
1466430247,112.6,112.6,139.20210167061967,False
1466430344,112.6,106.38958224302982,106.38958224302982,True
1466430375,112.3,128.01389014985887,128.01389014985887,True
1466430400,112.3,129.61375775434118,129.61375775434118,True
1466430457,112.3,152.9505269365439,152.9505269365439,True
1466430483,112.3,134.14184881177326,134.14184881177326,True
1466430517,112.3,121.04744801134564,121.04744801134564,True
1466430524,121.1,121.1,139.23575783788556,False
1466430592,121.1,102.53123240233107,102.53123240233107,True
1466430616,121.1,108.5871574605875,108.5871574605875,True
1466430631,114.8,149.0324700433961,149.0324700433961,True
1466430680,118.9,130.81633055738791,130.81633055738791,True
1466430734,116.3,103.79617848786052,103.79617848786052,True
1466430790,117.1,117.1,137.8869202484152,False
1466430815,117.1,117.1,145.4582492752525,False
1466430895,117.1,117.1,120.00655468877224,False
1466430916,111.2,111.2,121.30077262178915,False
1466430929,111.2,158.65337357041776,158.65337357041776,True
1466430936,109.9,137.27505876206888,137.27505876206888,True
1466431009,116.0,116.0,133.85026901142345,False
1466431036,120.1,103.18020899007347,103.18020899007347,True
1466431055,118.9,105.62008898023335,105.62008898023335,True
1466431145,118.9,118.9,120.97872929095936,False
1466431218,118.9,132.40844157118156,132.40844157118156,True
1466431290,123.6,121.64572789469604,121.64572789469604,True
1466431324,122.0,122.0,130.860735838985,False
1466431400,127.4,125.28329602491459,125.28329602491459,True
1466431450,122.1,133.3876807179273,133.3876807179273,True
1466431526,130.9,130.9,108.75514795438191,False
1466431589,130.9,130.9,143.06661042549945,False
1466431661,130.9,130.9,146.8615307923965,False
1466431760,137.1,105.89022149596772,105.89022149596772,True
1466431796,139.5,119.77723547093368,119.77723547093368,True
1466431848,139.5,139.5,100.52199299515769,False
1466431879,133.8,127.69937418264568,127.69937418264568,True
1466431954,133.8,141.56295838077835,141.56295838077835,True
1466431958,133.8,133.8,145.75780608573038,False
1466432002,124.6,129.86215486052635,129.86215486052635,True
1466432101,124.6,124.6,115.65099895145897,False
1466432177,120.9,120.9,139.20204183577067,False
1466432194,120.9,121.66497449586845,121.66497449586845,True
1466432237,115.1,115.1,120.8738320358373,False
1466432280,109.9,109.9,117.33712296435372,False
1466432373,108.8,108.8,117.40323691514583,False
1466432389,108.8,149.868382399531,149.868382399531,True
1466432415,108.8,104.82106692796155,104.82106692796155,True
1466432417,103.8,103.8,158.50025973235353,False
1466432506,100.7,100.7,133.54060805911962,False
1466432569,100.7,127.47462166123577,127.47462166123577,True
1466432577,99.8,112.58706052270654,112.58706052270654,True
1466432670,99.8,99.8,158.35217995533856,False
1466432706,99.8,125.90920145833172,125.90920145833172,True
1466432804,101.7,101.7,153.8579388743074,False
1466432853,110.4,110.4,153.12992675044762,False
1466432947,110.4,109.91284171555971,109.91284171555971,True
1466433040,102.1,118.56829472519607,118.56829472519607,True
1466433128,99.1,125.6753979595359,125.6753979595359,True
1466433145,99.1,99.1,135.69748689124765,False
1466433195,102.6,118.41677483346835,118.41677483346835,True
1466433289,99.1,99.1,111.69325834913789,False
1466433375,99.1,99.1,100.05505078762658,False
1466433427,99.1,128.73716184350596,128.73716184350596,True
1466433478,100.7,131.9930524809739,131.9930524809739,True
1466433517,100.7,150.9969395060166,150.9969395060166,True
1466433615,107.0,154.31656633401965,154.31656633401965,True
1466433672,107.0,142.23193251052663,142.23193251052663,True
1466433762,98.2,118.7087564342358,118.7087564342358,True
1466433809,100.5,100.5,153.0491386191977,False
1466433873,100.5,100.5,151.8831897958953,False
1466433910,103.1,103.93670245154811,103.93670245154811,True
1466433994,99.6,99.6,148.66257867705707,False
1466434003,101.9,116.66512571097805,116.66512571097805,True
1466434045,103.3,103.3,146.16353721344748,False
1466434096,105.7,105.7,118.6073768558197,False
1466434173,108.9,108.9,139.28040572169496,False
1466434199,104.9,152.6510302980111,152.6510302980111,True
1466434224,104.9,104.9,151.92711660656965,False
1466434308,100.7,144.56053633082672,144.56053633082672,True
1466434359,96.6,100.24962728081285,100.24962728081285,True
1466434371,95.6,148.2141485830197,148.2141485830197,True
1466434457,102.3,102.3,129.8375169737132,False
1466434498,111.1,111.1,150.9362042544683,False
1466434552,103.4,127.97055590876593,127.97055590876593,True
1466434622,108.8,108.8,105.58943690320565,False
1466434691,117.1,117.1,152.40488701316798,False
1466434718,117.1,155.9478985457229,155.9478985457229,True
1466434727,117.1,117.1,107.63648859390682,False
1466434815,113.6,113.6,129.233982446885,False
1466434892,113.3,127.64055926340406,127.64055926340406,True
1466434915,121.3,121.3,157.47883067844054,False
1466434946,116.6,144.85964234979951,144.85964234979951,True
1466434988,121.4,121.4,145.9796934421654,False
1466435020,121.4,121.4,108.93343180749585,False
1466435090,121.4,121.4,154.3086683969762,False
1466435099,118.0,107.53202921973984,107.53202921973984,True
1466435145,120.7,119.11225782763358,119.11225782763358,True
1466435186,120.7,125.14207308656549,125.14207308656549,True
1466435246,120.7,126.64534152946415,126.64534152946415,True
1466435284,115.5,115.5,141.0992027631205,False
1466435327,115.5,115.5,119.18520293106963,False
1466435369,115.5,137.55370294606746,137.55370294606746,True
1466435408,123.5,134.23902859029965,134.23902859029965,True
1466435468,124.2,112.13219336428698,112.13219336428698,True
1466435486,115.2,115.2,103.99535937602316,False
1466435555,122.6,150.09412379654083,150.09412379654083,True
1466435624,119.2,119.2,136.2393813024206,False
1466435659,119.2,119.2,108.94127376023523,False
1466435682,119.2,119.2,118.23563534915806,False
1466435712,119.2,101.90432276577428,101.90432276577428,True
1466435794,119.2,141.53175222706778,141.53175222706778,True
1466435878,114.2,154.18928713735693,154.18928713735693,True
1466435904,114.2,114.2,156.00988485026048,False
1466435971,106.0,135.50383096446944,135.50383096446944,True
1466436041,107.8,107.8,116.2007669179606,False
1466436059,107.8,149.04189851311958,149.04189851311958,True
1466436093,104.8,104.8,145.25229715438007,False
1466436178,105.9,114.50835597716508,114.50835597716508,True
1466436230,99.1,122.48788752751591,122.48788752751591,True
1466436280,99.8,99.8,151.3364750671111,False
1466436332,99.8,117.13617470714696,117.13617470714696,True
1466436333,99.8,115.43708253271437,115.43708253271437,True
1466436431,107.7,107.7,131.58997626519502,False
1466436520,113.5,113.5,119.65913716603049,False
1466436572,109.4,109.4,104.26164440732822,False
1466436647,108.3,156.28326190502233,156.28326190502233,True
1466436655,113.1,113.1,106.2386563717766,False
1466436727,114.9,101.76943574861825,101.76943574861825,True
1466436793,120.1,120.1,140.39832912463893,False
1466436879,120.1,133.984785961212,133.984785961212,True
1466436880,120.1,112.70817238505795,112.70817238505795,True
1466436939,121.4,121.4,102.1149803682584,False
1466437015,121.4,132.91349901401657,132.91349901401657,True
1466437048,112.2,142.47583711445705,142.47583711445705,True
1466437088,109.4,109.4,148.18522812807817,False
1466437105,100.3,100.3,113.31338835727138,False
1466437122,102.9,102.9,121.37340655085195,False
1466437160,104.0,105.66420010633865,105.66420010633865,True
1466437232,110.9,110.9,125.98199920972868,False
1466437321,110.9,131.07211346239086,131.07211346239086,True
1466437335,102.7,121.01600788285565,121.01600788285565,True
1466437358,101.4,119.3357899690614,119.3357899690614,True
1466437441,101.4,101.4,157.90926346943584,False
1466437480,107.5,107.5,126.39751018759023,False
1466437561,107.5,107.5,142.5799742657461,False
1466437653,105.3,148.27851675628386,148.27851675628386,True
1466437709,102.7,102.7,143.99140353734325,False
1466437798,102.7,102.7,147.24185107157933,False
1466437869,104.9,104.9,115.80202818921344,False
1466437952,109.2,158.32920326611222,158.32920326611222,True
1466438037,118.2,118.2,147.08995657275324,False
1466438054,118.2,118.2,140.88546854385243,False
1466438056,120.3,120.3,154.6783353717457,False
1466438136,111.8,111.8,120.70831252150671,False
1466438234,111.8,107.11547699191313,107.11547699191313,True
1466438261,108.5,111.9042994931796,111.9042994931796,True
1466438348,102.3,102.3,152.2247308580596,False
1466438407,110.4,110.4,110.66443913216962,False
1466438422,119.6,131.2437287122087,131.2437287122087,True
1466438476,128.0,105.9205180442621,105.9205180442621,True
1466438571,128.9,126.41178407665662,126.41178407665662,True
1466438612,131.4,101.64247557458073,101.64247557458073,True
1466438620,129.7,113.89647468549686,113.89647468549686,True
1466438698,129.7,129.7,157.48029094671716,False
1466438747,130.2,104.19843697951094,104.19843697951094,True
1466438795,130.2,116.52799455095612,116.52799455095612,True
1466438810,130.2,130.2,119.61055398136617,False
1466438888,132.4,132.4,140.94336877056992,False
1466438975,132.4,132.4,105.24311848057434,False
1466439000,134.4,136.91488653328818,136.91488653328818,True
1466439092,134.4,154.20508191763662,154.20508191763662,True
1466439150,142.5,114.92101170140415,114.92101170140415,True
1466439229,145.9,145.9,147.44052850253692,False
1466439279,147.2,147.2,123.11466176124586,False
1466439328,147.2,147.2,158.14785815406012,False
1466439351,138.6,138.6,142.7799030278442,False
1466439447,142.7,144.79973088879703,144.79973088879703,True
1466439466,142.7,142.7,120.39289089747203,False
1466439480,142.0,109.25748040426367,109.25748040426367,True
1466439560,136.0,136.0,119.67114426704829,False
1466439600,142.3,142.47064169238317,142.47064169238317,True
1466439645,141.5,141.5,137.99555614273902,False
1466439729,141.5,141.5,112.05212353836228,False
1466439772,141.5,141.5,136.7836303333544,False
1466439827,141.5,148.29964406204786,148.29964406204786,True
1466439849,141.5,141.5,158.36031654698132,False
1466439910,141.5,120.28212801259555,120.28212801259555,True
1466439990,137.6,108.37567534762483,108.37567534762483,True
1466440005,137.6,137.6,130.15791538684513,False
1466440006,137.6,137.6,135.0063357241063,False
1466440045,134.4,134.4,115.24501206053348,False
1466440066,131.2,131.2,128.31437343479138,False
1466440154,132.7,132.7,104.13567812644841,False
1466440214,131.8,133.51024021564953,133.51024021564953,True
1466440226,129.6,129.6,129.89043632772385,False
1466440304,133.0,133.0,107.90611064089016,False
1466440385,133.0,127.33248165977217,127.33248165977217,True
1466440451,136.0,136.0,151.65221905670705,False
1466440521,134.0,134.0,156.87850194175803,False
1466440581,134.0,134.0,134.77981493432537,False
1466440674,134.1,134.1,113.66936889274595,False
1466440727,134.1,134.1,138.97701922731167,False
1466440821,133.6,127.89178452141782,127.89178452141782,True
1466440827,124.3,124.3,136.00160763387396,False
1466440897,129.3,129.3,125.80832264246382,False
1466440923,134.0,118.0941983062902,118.0941983062902,True
1466441012,134.0,134.0,117.98891794336586,False
1466441049,134.0,134.0,151.7198429432206,False
1466441147,128.3,130.84623724260015,130.84623724260015,True
1466441213,135.9,135.9,124.23852265862851,False
1466441311,128.9,127.46250753459103,127.46250753459103,True
1466441318,137.0,137.0,144.90128378337306,False
1466441418,137.0,131.84464185335443,131.84464185335443,True
1466441510,136.2,136.2,152.4412949151857,False
1466441541,128.3,134.4416558950052,134.4416558950052,True
1466441579,132.5,109.2224392113427,109.2224392113427,True
1466441630,132.5,139.5225587394495,139.5225587394495,True
1466441714,134.6,126.70775224798777,126.70775224798777,True
1466441724,143.1,143.1,149.86027856126998,False
1466441741,143.1,150.05873477049528,150.05873477049528,True
1466441822,140.1,140.1,111.82025504629736,False
1466441883,148.5,148.5,146.82073019443783,False
1466441934,141.6,109.9691279544372,109.9691279544372,True
1466441947,145.0,145.0,120.50923279728877,False
1466442046,143.8,143.8,107.79304488100615,False
1466442137,142.4,155.69821810663476,155.69821810663476,True
1466442175,136.1,136.1,143.77356834988112,False
1466442216,136.1,156.18943654770143,156.18943654770143,True
1466442284,128.8,147.78220926857,147.78220926857,True
1466442332,128.8,101.83627224763951,101.83627224763951,True
1466442358,133.0,133.0,105.38907636910031,False
1466442362,130.4,118.45043422300262,118.45043422300262,True
1466442439,130.4,152.9027299993392,152.9027299993392,True
1466442490,137.2,137.2,137.60426780463578,False
1466442498,135.0,115.55430872329087,115.55430872329087,True
1466442508,132.7,132.7,145.62145418101832,False
1466442518,137.0,137.0,123.75704483049527,False
1466442556,143.2,138.60787448714564,138.60787448714564,True
1466442656,143.2,143.2,140.93268534906676,False
1466442662,143.2,142.6296180900241,142.6296180900241,True
1466442703,143.2,104.69903797036486,104.69903797036486,True
1466442768,136.1,136.1,158.0612136140475,False
1466442788,142.5,142.5,147.01117770474005,False
1466442886,149.0,118.64670750526771,118.64670750526771,True
1466442980,149.0,149.0,127.07414862889999,False
1466443000,156.2,155.44278757176556,155.44278757176556,True
1466443029,156.2,156.2,132.5770188428276,False
1466443038,154.1,154.1,111.13447116298425,False
1466443089,161.2,108.53884634217277,108.53884634217277,True
1466443162,164.5,164.5,127.2117229746307,False
1466443201,158.0,140.8680723592256,140.8680723592256,True
1466443219,160.4,160.4,102.93948915575363,False
1466443263,158.8,143.3462349826356,143.3462349826356,True
1466443350,158.8,158.8,133.54607417271257,False
1466443373,161.4,147.06274845192695,147.06274845192695,True
1466443392,161.4,161.4,112.4858266044927,False
1466443402,161.4,161.4,119.51754330982635,False
1466443486,163.3,163.3,108.26145807988368,False
1466443511,156.5,156.5,136.39405592481495,False
1466443584,164.0,158.99422067278243,158.99422067278243,True
1466443677,161.2,121.86873945390867,121.86873945390867,True
1466443725,157.2,157.2,118.92240673166762,False
1466443727,157.2,143.28953399652468,143.28953399652468,True
1466443750,157.2,157.2,131.58356409956485,False
1466443761,163.2,163.2,151.70388809738887,False
1466443808,163.9,130.74936854262637,130.74936854262637,True
1466443861,163.9,127.76161585504629,127.76161585504629,True
1466443929,163.9,147.61374520516364,147.61374520516364,True
1466443986,154.7,154.7,120.72200070605551,False
1466444043,154.7,141.0110083849606,141.0110083849606,True
1466444110,161.1,161.1,126.71598306567384,False
1466444192,158.2,158.2,116.24825954989181,False
1466444287,148.9,108.55298635114467,108.55298635114467,True
1466444294,149.5,113.3126620164273,113.3126620164273,True
1466444366,149.5,116.95036001023085,116.95036001023085,True
1466444466,156.4,156.4,125.58329902787403,False
1466444505,159.1,158.65900311693142,158.65900311693142,True
1466444556,158.5,158.5,138.92704437878422,False
1466444624,160.3,160.3,114.70794345952282,False
1466444663,152.9,107.67068737926138,107.67068737926138,True
1466444685,152.9,152.9,152.02383487723887,False
1466444756,144.1,144.1,150.80355155693996,False
1466444781,143.1,144.18241284251727,144.18241284251727,True
1466444840,140.0,118.08787418893398,118.08787418893398,True
1466444854,140.0,140.0,136.74849740763568,False
1466444860,140.0,128.59608048018953,128.59608048018953,True
1466444959,132.4,132.4,121.4566530056812,False
1466445058,132.4,132.4,122.51446830361888,False
1466445107,123.9,128.86539211592722,128.86539211592722,True
1466445165,123.9,123.9,102.58493960969622,False
1466445170,116.4,116.4,146.04149805724626,False
1466445173,116.4,116.4,152.30301402984628,False
1466445247,111.3,139.54780308609168,139.54780308609168,True
1466445305,111.3,111.3,141.68582364098555,False
1466445333,111.3,135.71881600590604,135.71881600590604,True
1466445356,111.3,132.6849169917814,132.6849169917814,True
1466445430,109.2,109.2,111.32621656363544,False
1466445491,109.2,109.2,156.58106397002229,False
1466445497,117.7,136.2638028274509,136.2638028274509,True
1466445514,117.7,153.00636592433767,153.00636592433767,True
1466445549,119.2,119.2,126.18792621094494,False
1466445640,126.7,110.44602853502097,110.44602853502097,True
1466445648,126.7,126.7,134.43652059144932,False
1466445739,118.7,122.34074631118952,122.34074631118952,True
1466445814,118.7,113.59792326905276,113.59792326905276,True
1466445879,117.6,117.6,107.85691060482353,False
1466445909,109.8,149.09716791106428,149.09716791106428,True
1466445965,117.0,157.27379916079767,157.27379916079767,True
1466446021,117.0,140.62315702339367,140.62315702339367,True
1466446045,112.5,112.5,102.36343248259342,False
1466446071,112.5,151.3148465434508,151.3148465434508,True
1466446120,106.9,106.9,137.93843331873984,False
1466446168,101.9,100.26490797392589,100.26490797392589,True
1466446253,101.9,149.8447811908501,149.8447811908501,True
1466446302,101.9,101.03751787843908,101.03751787843908,True
1466446389,101.1,101.1,153.10560758593482,False
1466446404,100.7,117.79181357293666,117.79181357293666,True
1466446494,101.1,149.1611846345311,149.1611846345311,True
1466446594,101.1,147.32427164523293,147.32427164523293,True
1466446643,101.1,101.1,107.15191742400505,False
1466446669,101.1,101.1,156.4822480606451,False
1466446690,97.5,97.5,137.62701448881666,False
1466446735,96.7,96.7,140.98851448403744,False
1466446766,99.5,99.5,155.67954355215034,False
1466446852,104.1,104.1,122.07787293187567,False
1466446902,96.0,96.0,149.671302607511,False
1466446945,101.6,146.41860043224307,146.41860043224307,True
1466446987,106.1,106.1,101.51133148357403,False
1466447036,106.1,106.1,116.93553546729848,False
1466447112,104.5,104.5,145.24153563270715,False
1466447129,98.2,98.2,130.01577505973805,False
1466447189,98.2,98.2,130.70939409900527,False
1466447224,104.2,104.2,137.57325540622372,False
1466447270,103.1,118.39961206801689,118.39961206801689,True
1466447272,103.1,104.10464713200574,104.10464713200574,True
1466447348,112.1,112.1,122.13085938990159,False
1466447359,112.1,112.1,147.49045863905025,False
1466447388,112.1,136.87700983468793,136.87700983468793,True
1466447390,119.0,139.88661758921677,139.88661758921677,True
1466447425,119.0,146.74064737405132,146.74064737405132,True
1466447463,119.0,119.0,136.2261176170876,False
1466447485,128.1,144.8149567628782,144.8149567628782,True
1466447545,128.1,138.63526251387523,138.63526251387523,True
1466447553,128.1,128.1,137.87979870408765,False
1466447554,128.1,128.1,138.4386976985725,False
1466447573,128.1,117.88542832721751,117.88542832721751,True
1466447634,123.8,138.6624994865655,138.6624994865655,True
1466447695,116.2,116.68004498769213,116.68004498769213,True
1466447762,125.3,125.3,113.07999026224891,False
1466447844,125.3,125.3,137.6190150427765,False
1466447885,128.8,128.8,145.8833523554994,False
1466447943,128.8,157.74847638422298,157.74847638422298,True
1466447956,128.8,128.8,117.46897882350854,False
1466448041,128.8,128.8,112.67453476006726,False
1466448140,122.6,102.29188289598652,102.29188289598652,True
1466448215,122.6,122.6,114.29854722433635,False
1466448270,122.6,151.16527746471803,151.16527746471803,True
1466448302,122.6,122.6,133.76288901979365,False
1466448368,120.8,153.5444448003812,153.5444448003812,True
1466448422,120.8,120.8,105.19554294259527,False
1466448517,123.6,138.92375181861675,138.92375181861675,True
1466448614,125.2,125.2,141.52760355792697,False
1466448701,130.0,130.0,136.27751807241475,False
1466448743,130.0,130.0,151.11580900002684,False
1466448805,123.2,128.11268934642897,128.11268934642897,True
1466448844,132.4,158.35457659476694,158.35457659476694,True
1466448896,140.0,140.0,103.481281820456,False
1466448984,139.6,139.6,108.56958238624304,False
1466449031,138.9,149.3353461839027,149.3353461839027,True
1466449045,146.2,112.35961623872322,112.35961623872322,True
1466449099,149.7,116.29259356492003,116.29259356492003,True
1466449171,149.7,135.59343592192198,135.59343592192198,True
1466449261,141.1,141.1,103.77069318045275,False
1466449280,137.6,137.6,111.04657266219857,False
1466449359,141.5,141.5,106.36998489362612,False
1466449442,144.6,144.6,139.38606804410898,False
1466449496,150.1,111.31787889771341,111.31787889771341,True
1466449537,150.1,121.96945142284864,121.96945142284864,True
1466449555,150.1,150.1,109.3817044980752,False
1466449629,150.1,150.1,149.74513568972253,False
1466449635,150.1,150.1,119.9933075499273,False
1466449721,150.1,117.88759399400769,117.88759399400769,True
1466449772,148.5,143.92667770179116,143.92667770179116,True
1466449872,140.4,140.4,116.09534577397397,False
1466449873,131.2,130.46993898712594,130.46993898712594,True
1466449884,132.5,132.5,115.41890154665568,False
1466449937,132.5,150.60123534479237,150.60123534479237,True
1466449953,132.5,141.2048900417523,141.2048900417523,True
1466449959,129.0,103.14102980581615,103.14102980581615,True
1466449961,130.1,130.1,152.84833363490358,False
1466450018,128.7,128.7,122.97262853173353,False
1466450075,128.7,128.7,105.796503015136,False
1466450150,130.2,134.68782802152498,134.68782802152498,True
1466450177,133.4,133.4,121.29094570548142,False
1466450255,131.7,131.7,144.9972184746431,False
1466450343,127.2,127.2,105.28392925015595,False
1466450348,127.2,109.13549882301874,109.13549882301874,True
1466450401,133.3,133.3,107.06895610870056,False
1466450433,133.3,149.89637451733915,149.89637451733915,True
1466450507,140.5,140.5,143.0488882872791,False
1466450536,140.5,140.5,134.35805081156633,False
1466450627,142.3,142.3,156.9244448448752,False
1466450723,142.3,111.36636304142523,111.36636304142523,True
1466450817,142.3,151.43762477456147,151.43762477456147,True
1466450900,147.2,147.2,129.38698574602267,False
1466450902,150.7,150.7,124.58751702298727,False
1466450971,143.3,143.3,109.8419767956638,False
1466451016,137.0,136.55874602918576,136.55874602918576,True
1466451023,145.3,132.84442328914767,132.84442328914767,True
1466451073,146.8,146.8,141.16430726256368,False
1466451166,146.8,113.20075252824788,113.20075252824788,True
1466451231,155.1,155.1,108.38165288028975,False
1466451245,161.0,161.0,149.72149581881746,False
1466451293,158.1,104.76212940599281,104.76212940599281,True
1466451295,158.1,158.1,123.11377571717094,False
1466451378,158.1,158.1,144.1449994516392,False
1466451445,149.5,149.5,150.2924933949329,False
1466451508,158.3,158.3,124.54987669711647,False
1466451599,157.9,138.2086094500446,138.2086094500446,True
1466451686,157.9,116.06220820122387,116.06220820122387,True
1466451761,160.2,134.44019832812324,134.44019832812324,True
1466451857,160.2,160.2,149.80113775321328,False
1466451909,160.2,147.91248512606688,147.91248512606688,True
1466451919,160.2,147.65685610876557,147.65685610876557,True
1466452006,160.2,144.4013122628395,144.4013122628395,True
1466452035,155.4,137.58280652243724,137.58280652243724,True
1466452039,148.7,116.96057993445571,116.96057993445571,True
1466452104,151.9,117.36809259498278,117.36809259498278,True
1466452167,156.2,124.66070932418874,124.66070932418874,True
1466452238,156.2,156.2,144.4606359420359,False
1466452313,152.8,130.27391951522935,130.27391951522935,True
1466452339,152.8,135.67958119798945,135.67958119798945,True
1466452419,152.8,152.8,115.74748833123745,False
1466452424,156.8,156.8,119.50866570886106,False
1466452435,156.8,102.10982951314007,102.10982951314007,True
1466452531,156.4,156.4,131.1649174088707,False
1466452584,160.1,160.1,153.713550350452,False
1466452625,160.1,123.47980088623622,123.47980088623622,True
1466452676,160.1,130.1935316771861,130.1935316771861,True
1466452752,159.0,159.0,131.04831117339228,False
1466452796,153.7,153.7,111.90733799250232,False
1466452825,148.1,143.74656070597823,143.74656070597823,True
1466452860,148.1,148.1,155.23292524495568,False
1466452960,141.8,109.67280323852123,109.67280323852123,True
1466452979,141.8,144.21317699542837,144.21317699542837,True
1466453002,141.8,101.67994516644582,101.67994516644582,True
1466453016,141.4,133.26034379467154,133.26034379467154,True
1466453025,141.4,141.4,155.46793850785048,False
1466453089,141.4,127.5517231155859,127.5517231155859,True
1466453141,136.4,136.4,130.16218782855944,False
1466453154,141.2,141.2,152.4646970344412,False
1466453184,139.5,130.3108421092968,130.3108421092968,True
1466453202,138.1,138.1,111.8793933789247,False
1466453203,139.2,139.2,147.3955451198514,False
1466453222,139.2,139.2,134.06211969625082,False
1466453321,146.3,154.67236933101591,154.67236933101591,True
1466453379,140.2,124.32681498876059,124.32681498876059,True
1466453392,140.2,140.2,100.5199971751806,False
1466453422,134.2,116.69853767691349,116.69853767691349,True
1466453502,140.6,140.6,110.16512297746011,False
1466453518,140.6,140.6,119.43061346075041,False
1466453563,131.3,131.3,103.72012374805485,False
1466453604,131.3,131.3,136.28697668123854,False
1466453639,126.9,126.9,111.02814141534336,False
1466453705,126.9,157.79940506296714,157.79940506296714,True
1466453795,128.5,134.00391511881745,134.00391511881745,True
1466453816,133.9,133.9,116.79162728548333,False
1466453870,131.5,158.39670687315117,158.39670687315117,True
1466453910,131.5,134.76483788002037,134.76483788002037,True
1466454002,135.8,110.43371347722899,110.43371347722899,True
1466454051,135.8,135.8,150.93779907954791,False
1466454087,139.1,134.168973074854,134.168973074854,True
1466454129,146.6,146.6,127.646813615927,False
1466454227,143.7,143.7,105.39200195171124,False
1466454259,143.7,143.7,132.15241589014533,False
1466454262,143.5,110.30286989399019,110.30286989399019,True
1466454298,143.5,143.5,131.57644687454408,False
1466454388,143.5,127.31953970939765,127.31953970939765,True
1466454399,141.8,141.8,127.2181666818837,False
1466454473,141.8,146.60242596795587,146.60242596795587,True
1466454529,141.8,141.8,133.39966796095067,False
1466454559,141.8,141.8,139.11373071842172,False
1466454648,150.6,120.62020627733011,120.62020627733011,True
1466454745,146.1,105.52641170628381,105.52641170628381,True
1466454763,137.9,141.65390722747583,141.65390722747583,True
1466454851,146.8,100.3275821938358,100.3275821938358,True
1466454936,137.7,125.10227257594406,125.10227257594406,True
1466454949,137.7,137.7,109.21278274393482,False
1466455032,137.7,137.7,105.9849974857968,False
1466455065,135.2,135.2,149.05446990414998,False
1466455119,135.2,135.2,157.04108801293933,False
1466455172,135.2,146.56816035019264,146.56816035019264,True
1466455196,126.3,154.1492343955247,154.1492343955247,True
1466455271,126.9,126.9,140.24851603539082,False
1466455357,132.8,117.52305583068235,117.52305583068235,True
1466455361,125.4,105.20433841564505,105.20433841564505,True
1466455394,121.9,121.9,116.11452113880065,False
1466455475,121.9,121.9,114.02807878403186,False
1466455497,126.9,149.7748900622737,149.7748900622737,True
1466455561,126.9,126.9,142.67286896526596,False
1466455575,126.9,126.9,137.1334853855581,False
1466455587,120.2,120.2,121.14071293972721,False
1466455651,120.2,117.75486780059197,117.75486780059197,True
1466455658,120.2,107.52049652184418,107.52049652184418,True
1466455732,127.6,111.62780263072881,111.62780263072881,True
1466455812,132.1,145.2606922292132,145.2606922292132,True
1466455910,127.6,127.6,106.63818653500674,False
1466455951,127.6,127.6,143.65277364834049,False
1466455999,130.5,118.01581765462974,118.01581765462974,True
1466456054,130.5,152.23356848922177,152.23356848922177,True
1466456058,125.7,125.7,111.07711824685441,False
1466456074,125.7,125.7,124.35654170761698,False
1466456088,117.5,117.5,116.88155610273827,False
1466456118,117.5,117.5,151.46989731922307,False
1466456218,110.6,110.6,101.97224799045004,False
1466456265,109.6,123.72366574562943,123.72366574562943,True
1466456270,111.5,111.02811780738548,111.02811780738548,True
1466456312,112.8,112.8,143.05682937388474,False
1466456346,112.8,112.8,127.03357492450444,False
1466456374,112.8,112.8,141.94847742874745,False
1466456406,114.4,115.14260517675767,115.14260517675767,True
1466456482,114.4,114.4,150.70278063826726,False
1466456512,114.4,114.4,104.6986605582259,False
1466456610,122.4,130.54334506831069,130.54334506831069,True
1466456683,127.9,127.9,115.61825289110854,False
1466456768,121.5,120.88872732375154,120.88872732375154,True
1466456856,121.5,101.38313539564459,101.38313539564459,True
1466456927,122.3,115.28147227614747,115.28147227614747,True
1466457014,125.4,100.54181946158896,100.54181946158896,True
1466457032,128.2,128.2,115.40533248116698,False
1466457067,131.3,131.3,105.04820321774122,False
1466457157,131.3,119.06084942620731,119.06084942620731,True
1466457215,129.2,129.2,115.04849911872647,False
1466457267,129.2,129.2,110.5623666380131,False
1466457357,129.2,129.2,107.45475678490087,False
1466457434,129.2,129.2,116.82202486950182,False
1466457487,120.7,152.31393973936719,152.31393973936719,True
1466457559,121.2,124.43821270062125,124.43821270062125,True
1466457603,123.1,123.1,156.98954794008802,False
1466457671,130.3,116.09966897862284,116.09966897862284,True
1466457713,139.3,139.3,105.57978427290875,False
1466457745,140.1,140.1,124.37550832380654,False
1466457782,140.2,140.2,129.15771166199383,False
1466457802,140.2,140.2,137.7711477547158,False
1466457817,140.2,140.2,150.18758779694068,False
1466457865,148.8,123.45132879015837,123.45132879015837,True
1466457884,148.8,148.8,131.69910134545157,False
1466457885,151.4,108.36969545708126,108.36969545708126,True
1466457917,151.4,151.4,119.86102010927483,False
1466457973,151.4,140.2271125790979,140.2271125790979,True
1466458045,148.8,148.8,141.7327860434533,False
1466458135,146.9,146.9,102.87470864919172,False
1466458151,146.9,123.96996862435753,123.96996862435753,True
1466458230,149.8,149.8,126.08518180591318,False
1466458324,144.4,144.4,127.30235148444231,False
1466458362,144.4,136.8648982267809,136.8648982267809,True
1466458438,144.4,144.4,104.94096872858896,False
1466458454,144.4,144.22838554852277,144.22838554852277,True
1466458496,150.0,150.0,156.17084886346242,False
1466458509,150.1,150.1,133.11532009481868,False
1466458580,156.3,144.54512240931265,144.54512240931265,True
1466458590,153.9,153.9,132.03484462870506,False
1466458626,160.3,160.3,143.11089692824694,False
1466458642,160.3,130.8807518254791,130.8807518254791,True
1466458665,157.9,151.8841694432503,151.8841694432503,True
1466458694,150.6,150.6,154.96972460105363,False
1466458762,150.6,114.49944156021203,114.49944156021203,True
1466458793,148.7,148.7,143.77424305796197,False
1466458824,148.7,148.0447354523335,148.0447354523335,True
1466458906,147.9,147.9,139.5048788822662,False
1466458982,150.8,150.8,105.93572939293561,False
1466459068,143.8,143.8,121.36682503571048,False
1466459159,137.8,137.8,118.1405268265973,False
1466459184,129.9,129.9,122.85588631840331,False
1466459273,137.4,123.3790548958747,123.3790548958747,True
1466459372,131.0,131.0,136.09160606617164,False
1466459415,125.5,125.5,101.55404206278102,False
1466459483,126.8,109.26380565458494,109.26380565458494,True
1466459504,132.0,107.97456267496607,107.97456267496607,True
1466459588,132.0,132.0,143.39161162330333,False
1466459595,132.0,121.22647787970598,121.22647787970598,True
1466459673,132.0,157.3099853680388,157.3099853680388,True
1466459726,127.8,157.965667334542,157.965667334542,True
1466459800,134.2,134.2,117.98031956428731,False
1466459857,130.0,117.01046672744212,117.01046672744212,True
1466459887,120.9,112.55850187602546,112.55850187602546,True
1466459913,126.3,126.3,132.9192040071555,False
1466459974,132.1,158.22105202019162,158.22105202019162,True
1466459995,131.7,131.7,103.41098445890907,False
1466460001,131.7,133.1305349010374,133.1305349010374,True
1466460054,139.7,139.7,131.0296575665489,False
1466460130,145.2,146.6678604361899,146.6678604361899,True
1466460215,138.5,138.5,126.21210370171643,False
1466460252,138.5,121.80961425265653,121.80961425265653,True
1466460272,136.1,108.24987217778502,108.24987217778502,True
1466460346,129.0,129.0,127.15755732498297,False
1466460440,122.7,122.7,103.64318223098812,False
1466460461,122.7,153.71129356538574,153.71129356538574,True
1466460528,122.9,122.9,139.92736608211015,False
1466460610,122.9,122.9,140.0069044254336,False
1466460630,122.9,122.9,115.37340619507516,False
1466460691,122.9,122.9,145.72813105311832,False
1466460706,122.9,122.9,131.57593743947342,False
1466460739,122.9,154.80445725689316,154.80445725689316,True
1466460765,118.4,103.75337274838202,103.75337274838202,True
1466460795,118.4,118.4,154.44354416806482,False
1466460877,118.4,118.4,120.5991732816515,False
1466460973,112.0,157.9585894045398,157.9585894045398,True
1466461009,115.6,115.6,140.05831141812905,False
1466461027,114.1,114.1,142.72764528589568,False
1466461032,114.1,152.86570967210451,152.86570967210451,True
1466461096,113.9,113.9,112.54559675753103,False
1466461169,122.4,130.1756170236077,130.1756170236077,True
1466461256,131.4,112.27011383258338,112.27011383258338,True
1466461351,131.4,150.4385659348542,150.4385659348542,True
1466461451,126.7,126.7,147.10554747886505,False
1466461531,126.7,127.92402052339253,127.92402052339253,True
1466461568,126.7,126.7,114.83037428402729,False
1466461583,121.3,121.3,148.42472794365204,False
1466461647,121.3,152.62601221405606,152.62601221405606,True
1466461703,121.3,149.0062465052561,149.0062465052561,True
1466461794,121.3,121.3,108.83341511980313,False
1466461813,130.4,130.4,132.68769057973685,False
1466461910,130.4,130.77575663407342,130.77575663407342,True
1466461988,130.4,122.03393343098725,122.03393343098725,True
1466462056,130.4,130.4,100.31015041252948,False
1466462101,139.1,139.1,153.70476055331113,False
1466462155,132.8,119.76418192987607,119.76418192987607,True
1466462215,132.8,132.8,138.3708910753183,False
1466462278,132.8,132.8,138.5435944178027,False
1466462368,136.7,141.1857310443686,141.1857310443686,True
1466462412,136.7,136.7,136.473614755473,False
1466462512,133.5,133.5,155.9144273408624,False
1466462594,133.7,133.7,102.3674348261392,False
1466462671,126.8,119.62329269001768,119.62329269001768,True
1466462716,117.7,149.2103699368301,149.2103699368301,True
1466462746,122.9,149.9884842431838,149.9884842431838,True
1466462782,131.5,134.65930531982383,134.65930531982383,True
1466462820,131.5,155.32563691246196,155.32563691246196,True
1466462833,136.9,136.9,108.3570373176263,False
1466462842,133.5,133.5,131.20203003494018,False
1466462850,133.5,141.95529558975485,141.95529558975485,True
1466462941,129.1,129.1,111.66166551375389,False
1466463026,123.3,123.3,100.7045780611565,False
1466463117,130.4,144.57371223562723,144.57371223562723,True
1466463139,129.3,157.24396129974238,157.24396129974238,True
