1466410104,123.6,11.66026449843325,11.66026449843325,True
1466410114,123.6,120.7574745354123,120.7574745354123,True
1466410130,122.7,112.60102097946631,112.60102097946631,True
1466410181,122.7,122.7,125.68185382199887,False
1466410203,122.7,99.53473467756098,99.53473467756098,True
1466410250,122.7,122.7,84.15546450682488,False
1466410309,122.7,122.7,130.06701665010434,False
1466410397,122.7,122.7,39.38996436569773,False
1466410430,122.7,129.96295875047088,129.96295875047088,True
1466410469,115.7,128.14185905482992,128.14185905482992,True
1466410483,115.7,115.7,66.5910590116928,False
1466410498,115.7,55.72981143949216,55.72981143949216,True
1466410502,115.7,115.7,45.026347174148306,False
1466410532,115.7,115.7,129.52837095712712,False
1466410541,115.7,115.7,77.05494248541825,False
1466410573,115.7,23.046318067307986,23.046318067307986,True
1466410630,115.7,115.7,101.86305411977638,False
1466410653,115.7,89.36564392731846,89.36564392731846,True
1466410746,115.7,115.7,7.07988065799033,False
1466410814,115.7,24.145146106735186,24.145146106735186,True
1466410890,120.4,120.4,98.14684273536164,False
1466410902,120.4,120.4,121.12850029012182,False
1466410978,120.4,120.4,17.683248499320054,False
1466411008,112.8,59.4529683889293,59.4529683889293,True
1466411066,112.8,112.8,102.01809607850505,False
1466411094,112.8,112.8,62.92181643567786,False
1466411157,112.8,112.8,119.57879396799598,False
1466411223,112.8,112.8,67.52388116135023,False
1466411226,111.2,111.2,129.93868247182036,False
1466411272,111.2,111.2,125.44650164106034,False
1466411303,111.2,86.1158933162835,86.1158933162835,True
1466411318,111.2,31.563407066901714,31.563407066901714,True
1466411396,111.2,111.2,89.75172999587382,False
1466411493,111.2,111.2,121.07195060175295,False
1466411549,111.2,111.2,96.64606014894159,False
1466411560,111.2,29.718091767799145,29.718091767799145,True
1466411626,111.2,111.2,105.68819680765836,False
1466411723,111.2,15.054056744451593,15.054056744451593,True
1466411763,111.2,111.2,38.17414775586272,False
1466411785,111.2,111.2,107.91515500102405,False
1466411854,111.7,111.7,70.43116702853145,False
1466411889,111.7,14.391792375809148,14.391792375809148,True
1466411988,112.6,112.6,112.91261486715912,False
1466412022,112.6,83.06642356871848,83.06642356871848,True
1466412046,112.6,112.6,126.65149106410713,False
1466412076,112.6,112.6,96.23989564149083,False
1466412152,112.6,112.6,114.16096494675106,False
1466412181,112.6,112.6,133.99746946025158,False
1466412201,109.7,137.77134459301325,137.77134459301325,True
1466412260,109.7,7.9982991033343565,7.9982991033343565,True
1466412347,109.7,116.8187671284173,116.8187671284173,True
1466412360,109.7,109.7,30.956193975767132,False
1466412438,109.7,60.420441324305706,60.420441324305706,True
1466412521,109.7,97.69447427369619,97.69447427369619,True
1466412599,109.7,9.086886264147864,9.086886264147864,True
1466412639,109.7,23.599031499801026,23.599031499801026,True
1466412691,109.7,109.7,87.7227277851121,False
1466412747,109.7,102.59305873642003,102.59305873642003,True
1466412794,109.7,36.05257970479398,36.05257970479398,True
1466412819,113.0,113.0,84.72202002410936,False
1466412832,113.0,113.0,6.928887324817472,False
1466412874,113.0,113.0,30.158318954623965,False
1466412943,113.0,113.0,86.94141792087395,False
1466412971,119.7,119.7,3.045272826495748,False
1466412990,119.7,44.276796675748635,44.276796675748635,True
1466413028,122.5,122.5,108.3322554256978,False
1466413053,128.0,128.54675167741337,128.54675167741337,True
1466413125,128.0,128.0,65.24769274090701,False
1466413200,128.0,128.0,23.562728038520472,False
1466413264,128.0,128.0,52.38836392680549,False
1466413311,128.0,128.0,3.663109966747855,False
1466413342,128.0,128.0,60.07145618626401,False
1466413440,128.0,128.0,52.64922016368495,False
1466413458,128.0,107.90585375113015,107.90585375113015,True
1466413529,128.0,138.45978515491007,138.45978515491007,True
1466413542,136.0,23.398887415159795,23.398887415159795,True
1466413638,128.7,128.7,125.51195992665112,False
1466413672,128.7,127.01696997780951,127.01696997780951,True
1466413733,123.1,71.17184537760653,71.17184537760653,True
1466413779,123.1,16.586667255644358,16.586667255644358,True
1466413780,123.1,123.1,119.8579015857648,False
1466413864,123.1,132.80389556091214,132.80389556091214,True
1466413885,123.1,123.1,77.30171398487381,False
1466413946,123.1,138.97039959577927,138.97039959577927,True
1466414033,123.1,23.30922967454179,23.30922967454179,True
1466414071,123.1,47.104082369205315,47.104082369205315,True
1466414164,123.1,123.1,88.81213249372199,False
1466414225,123.1,55.04233583347757,55.04233583347757,True
1466414312,123.1,123.1,0.5774757722354785,False
1466414325,123.1,123.1,118.12426211875088,False
1466414328,123.1,123.1,69.59006043825323,False
1466414329,123.1,122.06513345753122,122.06513345753122,True
1466414402,123.1,123.1,20.690478338442837,False
1466414407,123.1,123.1,135.2707630179019,False
1466414413,128.2,128.2,33.54798453957693,False
1466414460,128.2,128.2,111.37053363237519,False
1466414552,128.2,117.52391718634304,117.52391718634304,True
1466414602,128.2,128.2,111.80387014334922,False
1466414662,128.2,128.2,27.53152562675415,False
1466414746,128.2,81.38579588322787,81.38579588322787,True
1466414844,128.2,128.2,23.443333754362904,False
1466414943,128.2,128.2,34.4213637218133,False
1466414946,128.2,39.93964287897865,39.93964287897865,True
1466414966,128.2,128.2,64.51483668700095,False
1466415038,128.2,128.2,23.864422005160364,False
1466415106,128.2,128.2,32.755031100131305,False
1466415130,128.2,128.2,35.51274994577979,False
1466415145,128.2,46.15345089524833,46.15345089524833,True
1466415202,128.2,128.2,135.14408433085745,False
1466415239,128.2,105.47221237013606,105.47221237013606,True
1466415249,128.2,128.2,71.4500906224087,False
1466415308,128.2,57.56724835547482,57.56724835547482,True
1466415357,121.4,121.4,4.89945099197631,False
1466415404,121.4,121.4,11.415602099290982,False
1466415469,114.9,93.81252979517225,93.81252979517225,True
1466415548,117.3,126.38672226797237,126.38672226797237,True
1466415588,117.3,0.5567788987569314,0.5567788987569314,True
1466415627,117.3,128.84307409103775,128.84307409103775,True
1466415719,117.3,41.660826064369914,41.660826064369914,True
1466415767,117.3,87.45904846412215,87.45904846412215,True
1466415860,117.3,117.3,131.40967687342308,False
1466415872,115.8,115.8,78.77001778103275,False
1466415914,115.8,115.8,39.30454156389205,False
1466415934,115.8,115.8,41.89780124370932,False
1466415988,115.8,115.8,70.48305830226515,False
1466416004,115.8,62.65277875443908,62.65277875443908,True
1466416050,112.2,54.21006716260721,54.21006716260721,True
1466416150,112.2,109.93090544649557,109.93090544649557,True
1466416161,112.2,7.598551264562023,7.598551264562023,True
1466416215,112.2,15.93130476457566,15.93130476457566,True
1466416315,112.2,111.234842577677,111.234842577677,True
1466416321,112.2,132.562492639792,132.562492639792,True
1466416393,110.4,110.4,8.258288439376123,False
1466416440,110.4,34.64879620510639,34.64879620510639,True
1466416510,110.4,110.4,71.53160793675437,False
1466416541,110.4,121.483012407305,121.483012407305,True
1466416631,110.1,110.1,66.67120692256036,False
1466416671,110.1,72.28610078173155,72.28610078173155,True
1466416725,110.1,110.1,62.416424790573146,False
1466416815,110.1,104.6455799131916,104.6455799131916,True
1466416867,110.1,97.37572778240025,97.37572778240025,True
1466416933,110.1,138.13080677845568,138.13080677845568,True
1466416963,110.1,110.1,98.92862315387929,False
1466417034,110.1,128.9140417530576,128.9140417530576,True
1466417069,110.1,22.992347698805823,22.992347698805823,True
1466417095,110.1,77.41190054829643,77.41190054829643,True
1466417123,110.1,110.1,102.72958541206943,False
1466417219,110.1,110.1,54.65694683177397,False
1466417228,110.1,110.1,80.59176076154465,False
1466417235,110.1,38.74270993338332,38.74270993338332,True
1466417266,109.2,12.371263455327611,12.371263455327611,True
1466417298,109.2,112.02933044550366,112.02933044550366,True
1466417382,109.2,109.2,123.9060695153295,False
1466417429,109.2,109.2,28.882744141847287,False
1466417434,109.2,109.2,98.55614370571935,False
1466417513,109.2,109.2,113.49420110458378,False
1466417598,109.2,109.2,64.93375783396174,False
1466417615,108.8,108.8,130.71294895388883,False
1466417654,108.8,80.98678670945756,80.98678670945756,True
1466417749,108.8,81.17436936374216,81.17436936374216,True
1466417763,108.8,108.8,73.9276342232773,False
1466417822,108.8,108.8,41.493649916426556,False
1466417851,108.8,108.8,94.04888991711145,False
1466417855,101.7,22.622910268839455,22.622910268839455,True
1466417879,101.7,101.7,119.68042567076967,False
1466417895,101.7,101.7,122.2249184836898,False
1466417969,101.7,135.24172038576197,135.24172038576197,True
1466418049,101.7,61.57882098892265,61.57882098892265,True
1466418118,101.7,101.7,113.87111875942247,False
1466418129,101.7,89.53481047971759,89.53481047971759,True
1466418179,101.7,101.7,10.680601104581733,False
1466418254,99.6,85.90344092094244,85.90344092094244,True
1466418332,99.6,99.6,21.292279334886178,False
1466418428,99.6,94.7938964659267,94.7938964659267,True
1466418494,99.6,99.6,8.489325532623312,False
1466418554,99.6,99.6,120.62257893090336,False
1466418563,99.6,16.042725479769143,16.042725479769143,True
1466418564,99.6,99.6,40.5384320266685,False
1466418594,99.6,99.6,2.740170568099532,False
1466418674,99.6,65.65943749163073,65.65943749163073,True
1466418748,99.6,99.6,55.575931336619945,False
1466418847,105.4,105.4,133.67285482215308,False
1466418877,105.4,105.4,104.79152119793416,False
1466418917,105.4,35.57243398804971,35.57243398804971,True
1466418938,105.4,105.4,97.8898112397143,False
1466419031,105.4,105.4,27.787522329479316,False
1466419058,104.6,104.6,23.387920508890478,False
1466419104,97.8,97.8,99.46323226658538,False
1466419166,97.8,52.36117551007699,52.36117551007699,True
1466419261,97.8,81.04683130282191,81.04683130282191,True
1466419349,97.8,111.87906656112142,111.87906656112142,True
1466419442,97.8,97.8,123.01554367826104,False
1466419530,97.8,57.81346227225729,57.81346227225729,True
1466419595,97.8,97.8,62.3162096975892,False
1466419646,103.5,31.114823377036615,31.114823377036615,True
1466419737,103.5,136.83102678809962,136.83102678809962,True
1466419826,103.5,62.45797767480131,62.45797767480131,True
1466419880,103.5,51.99574992041657,51.99574992041657,True
1466419911,103.5,103.5,109.72474126698013,False
1466419938,103.5,103.5,70.34969848198627,False
1466420016,103.5,103.5,2.9414083061464966,False
1466420019,103.5,103.5,21.398259855246973,False
1466420108,110.5,22.089041328189275,22.089041328189275,True
1466420205,110.5,106.64894489126902,106.64894489126902,True
1466420228,110.5,110.5,133.24116471304276,False
1466420257,110.5,110.5,50.72312281317223,False
1466420270,110.5,110.5,78.1800274434193,False
1466420296,110.5,98.92722967454681,98.92722967454681,True
1466420331,110.5,110.5,75.27255659516376,False
1466420407,110.5,96.04605922822357,96.04605922822357,True
1466420430,114.0,21.616754338539113,21.616754338539113,True
1466420453,114.0,114.0,9.254543031044985,False
1466420474,114.0,114.0,27.82982575855632,False
1466420566,114.0,114.0,76.16507231759228,False
1466420579,114.0,81.71019884752498,81.71019884752498,True
1466420618,114.0,114.0,34.47079062116455,False
1466420624,114.0,114.0,87.191484121911,False
1466420643,116.7,1.47488593759476,1.47488593759476,True
1466420695,116.7,116.7,26.245147886260007,False
1466420788,116.7,116.7,103.21928299969997,False
1466420863,116.7,104.92843408098133,104.92843408098133,True
1466420947,116.7,3.9301858176500364,3.9301858176500364,True
1466421003,116.7,131.74955461822623,131.74955461822623,True
1466421032,116.7,74.84052454888426,74.84052454888426,True
1466421050,116.7,116.7,64.24133490021089,False
1466421116,116.7,88.56651122140097,88.56651122140097,True
1466421208,116.7,101.72718032202508,101.72718032202508,True
1466421234,116.7,1.632399637917717,1.632399637917717,True
1466421262,116.7,116.7,76.97331409332601,False
1466421353,116.7,116.7,2.102836230633926,False
1466421360,116.7,64.8918919939071,64.8918919939071,True
1466421392,116.7,98.1821788364247,98.1821788364247,True
1466421480,116.7,65.78063315110421,65.78063315110421,True
1466421530,124.5,77.55492679956446,77.55492679956446,True
1466421547,124.5,124.5,128.74950567456648,False
1466421591,124.5,124.5,127.76840970135162,False
1466421633,124.5,138.0991765827607,138.0991765827607,True
1466421636,124.5,124.5,61.19794622659423,False
1466421670,124.5,63.2684726818544,63.2684726818544,True
1466421695,124.5,124.5,76.49321319895012,False
1466421721,124.5,98.51549798060189,98.51549798060189,True
1466421804,124.5,124.5,74.283693157528,False
1466421819,124.5,124.5,90.06661500543854,False
1466421862,124.5,124.5,96.23949431109486,False
1466421885,124.5,124.5,36.995017088901896,False
1466421936,124.5,124.5,36.53590609341285,False
1466422012,124.5,21.061093408733587,21.061093408733587,True
1466422044,124.5,132.80346107671957,132.80346107671957,True
1466422045,124.5,124.5,119.15232877561758,False
1466422137,119.4,119.4,13.471151889107842,False
1466422162,119.4,119.4,66.40058030882611,False
1466422189,119.4,119.4,84.11862422802722,False
1466422197,119.3,3.885813373308737,3.885813373308737,True
1466422264,119.3,124.88096447503308,124.88096447503308,True
1466422330,119.3,119.3,49.90541573099013,False
1466422378,119.3,119.3,46.842628033919524,False
1466422432,119.3,119.3,92.37675779447993,False
1466422488,119.3,70.55642837874048,70.55642837874048,True
1466422577,117.1,117.1,134.24335236474687,False
1466422628,112.7,112.7,65.17958186504654,False
1466422638,112.7,112.7,6.439027519099411,False
1466422666,112.7,15.142111944691928,15.142111944691928,True
1466422706,112.7,27.53413565045941,27.53413565045941,True
1466422731,112.7,112.7,55.516933617312525,False
1466422804,116.8,116.8,133.54204278674266,False
1466422866,116.8,116.8,76.212442170155,False
1466422873,116.8,106.08214398546794,106.08214398546794,True
1466422895,114.4,114.4,33.293350940155044,False
1466422953,114.4,114.4,107.11187981842185,False
1466422973,114.4,114.4,64.47570281262502,False
1466423017,114.4,95.65765679651687,95.65765679651687,True
1466423051,114.4,114.4,36.76866485284185,False
1466423099,116.4,116.4,72.59812004996506,False
1466423150,116.4,116.4,130.78619178044227,False
1466423155,116.4,22.15635041287623,22.15635041287623,True
1466423168,116.4,116.4,109.97220783151519,False
1466423205,117.4,117.4,10.956936647904184,False
1466423275,117.4,117.4,15.121605481025508,False
1466423287,112.1,65.43294649761616,65.43294649761616,True
1466423336,112.1,112.1,85.70401224334151,False
1466423340,105.0,105.0,37.492235123478814,False
1466423355,111.1,8.79385156493935,8.79385156493935,True
1466423443,111.1,28.42063823831078,28.42063823831078,True
1466423499,111.1,102.65363028293987,102.65363028293987,True
1466423585,111.1,111.1,85.60933920256242,False
1466423612,104.2,104.2,6.103033604138843,False
1466423669,104.2,104.2,71.85722979311483,False
1466423705,104.2,35.885083090332664,35.885083090332664,True
1466423770,104.2,104.2,133.93171359149076,False
1466423844,104.2,104.2,33.947021623869254,False
1466423902,104.2,104.2,114.25200518573172,False
1466423913,102.7,84.26832400212474,84.26832400212474,True
1466423972,102.7,84.0863340526264,84.0863340526264,True
1466424014,102.7,102.7,119.3140829745102,False
1466424069,99.5,99.5,137.17156889025097,False
1466424154,99.5,53.20640064424892,53.20640064424892,True
1466424155,99.5,99.5,38.385690839508015,False
1466424169,99.5,99.5,123.57960453462454,False
1466424262,99.5,95.8529814597793,95.8529814597793,True
1466424339,99.5,6.499193845727595,6.499193845727595,True
1466424398,105.4,74.46905932843259,74.46905932843259,True
1466424497,105.4,105.4,49.119840716318755,False
1466424558,104.2,91.78853646014767,91.78853646014767,True
1466424613,104.2,121.92296337122222,121.92296337122222,True
1466424713,104.2,104.2,104.19311639478346,False
1466424804,104.2,104.2,58.2897402398448,False
1466424878,104.2,104.2,39.15330244877129,False
1466424924,104.2,137.8163739058928,137.8163739058928,True
1466425009,104.2,104.2,21.25743837059,False
1466425106,104.2,104.2,29.3106439088088,False
1466425129,109.1,109.1,11.698157854096214,False
1466425179,109.1,109.1,56.46480293081059,False
1466425257,109.1,109.1,120.21603450164132,False
1466425262,109.1,48.57486386796487,48.57486386796487,True
1466425305,105.6,105.6,96.64459794907476,False
1466425331,105.6,8.216320831135189,8.216320831135189,True
1466425338,105.6,105.6,62.83872088991339,False
1466425377,99.1,9.055651412264748,9.055651412264748,True
1466425380,99.2,99.2,107.7359416457413,False
1466425417,96.0,96.0,127.67202712093687,False
1466425484,96.0,123.98384922865628,123.98384922865628,True
1466425517,96.0,96.0,86.60248364357835,False
1466425553,96.0,79.43897377018669,79.43897377018669,True
1466425640,96.0,36.477120415635596,36.477120415635596,True
1466425687,95.9,95.9,75.27732196334152,False
1466425711,97.4,97.4,26.085690564219444,False
1466425768,104.5,80.57581324451364,80.57581324451364,True
1466425811,99.1,52.645342326301076,52.645342326301076,True
1466425856,99.1,133.22763264700893,133.22763264700893,True
1466425869,99.1,5.491802643399476,5.491802643399476,True
1466425884,99.1,99.1,1.7172521016255549,False
1466425962,99.1,13.272533810115005,13.272533810115005,True
1466425974,99.1,104.29555367545588,104.29555367545588,True
1466426016,95.7,58.75726189164609,58.75726189164609,True
1466426024,102.4,81.84450299901178,81.84450299901178,True
1466426034,108.6,130.52846464339814,130.52846464339814,True
1466426130,108.6,108.6,111.22817440304019,False
1466426189,108.6,26.72310810324414,26.72310810324414,True
1466426198,104.1,58.709321347204316,58.709321347204316,True
1466426280,102.1,106.58686000392133,106.58686000392133,True
1466426298,102.1,102.1,106.48797012100583,False
1466426380,102.1,102.1,132.24201906445083,False
1466426420,102.1,102.1,94.47355857158907,False
1466426509,102.1,55.89748443745138,55.89748443745138,True
1466426521,102.1,102.1,118.45120086069275,False
1466426535,102.1,102.1,86.28406628727406,False
1466426563,102.1,67.77713823056901,67.77713823056901,True
1466426620,102.1,102.1,44.049930428395896,False
1466426694,104.5,104.5,46.215726202546094,False
1466426764,104.5,104.5,61.694763061667516,False
1466426778,104.5,33.009769086789824,33.009769086789824,True
1466426866,104.5,18.878890286062877,18.878890286062877,True
1466426938,106.2,106.2,40.246210378056595,False
1466427022,106.2,106.2,3.733807161815067,False
1466427059,106.2,66.59566064669953,66.59566064669953,True
1466427125,106.2,93.04584349543407,93.04584349543407,True
1466427204,106.2,106.2,104.59805989878357,False
1466427240,106.2,106.2,4.947228481171397,False
1466427317,106.2,138.88197085323762,138.88197085323762,True
1466427319,106.2,106.2,80.59339768721556,False
1466427331,106.2,81.30351921823693,81.30351921823693,True
1466427425,106.2,106.2,21.054669871524123,False
1466427458,106.2,23.543041602982953,23.543041602982953,True
1466427495,106.2,60.87642631486919,60.87642631486919,True
1466427543,106.2,103.67987459447556,103.67987459447556,True
1466427625,106.2,117.52091700550135,117.52091700550135,True
1466427663,106.2,106.2,41.55870357885897,False
1466427672,106.2,106.2,88.87401876432989,False
1466427684,106.2,106.2,13.12438825506921,False
1466427739,106.2,106.2,110.84098523118338,False
1466427769,106.2,95.1643587329975,95.1643587329975,True
1466427775,106.2,104.1661598476634,104.1661598476634,True
1466427820,106.2,110.82887105798306,110.82887105798306,True
1466427837,106.2,125.31337225784746,125.31337225784746,True
1466427846,106.2,124.13573327804671,124.13573327804671,True
1466427904,106.2,110.49510393257273,110.49510393257273,True
1466427997,106.2,106.2,24.96096533021066,False
1466428027,106.2,106.2,65.66029908673441,False
1466428114,106.2,104.77236311015098,104.77236311015098,True
1466428212,106.2,106.2,48.153925130808766,False
1466428294,98.3,98.3,102.51873951060287,False
1466428321,98.3,130.90859870563176,130.90859870563176,True
1466428340,98.3,131.74744126166047,131.74744126166047,True
1466428378,98.3,88.31486750557686,88.31486750557686,True
1466428463,98.3,98.3,123.90792720441733,False
1466428551,98.3,84.92625315983709,84.92625315983709,True
1466428575,98.3,137.4530718707933,137.4530718707933,True
1466428593,98.3,98.3,96.23476644629687,False
1466428682,98.3,114.83418864204845,114.83418864204845,True
1466428699,98.3,91.2828731360743,91.2828731360743,True
1466428719,103.0,103.0,86.61137246132695,False
1466428819,103.0,75.0715424819602,75.0715424819602,True
1466428850,103.0,103.0,30.328605422086,False
1466428884,102.5,102.5,105.64707775046156,False
1466428973,102.5,98.17791690158515,98.17791690158515,True
1466429006,102.5,102.5,59.501936365764195,False
1466429026,104.5,44.99707604646061,44.99707604646061,True
1466429066,104.5,104.5,12.86133892842017,False
1466429072,104.5,104.5,106.2141059662695,False
1466429103,104.5,110.46552862088198,110.46552862088198,True
1466429110,104.5,113.63193964006162,113.63193964006162,True
1466429123,98.2,98.2,82.65492427453066,False
1466429168,98.2,98.2,92.25769282331953,False
1466429182,98.2,7.654275912300848,7.654275912300848,True
1466429184,98.2,98.2,23.08115451815739,False
1466429197,98.4,98.4,3.318518551038057,False
1466429280,98.4,48.90296761983691,48.90296761983691,True
1466429378,98.4,98.4,45.07499915499191,False
1466429450,98.4,98.4,58.3346444615144,False
1466429455,98.4,98.4,19.65771247101135,False
1466429510,98.4,101.44389034412285,101.44389034412285,True
1466429565,95.5,110.9183317112672,110.9183317112672,True
1466429566,95.5,95.5,136.85592728177596,False
1466429592,99.0,79.62952780536052,79.62952780536052,True
1466429623,99.0,99.0,22.057430062555213,False
1466429691,99.0,99.0,35.885791941546536,False
1466429733,99.0,99.0,89.21029637165655,False
1466429803,99.0,12.707318973280916,12.707318973280916,True
1466429832,99.0,48.02772434578971,48.02772434578971,True
1466429905,99.0,99.0,85.12192673265064,False
1466429997,99.0,99.0,57.08258864705811,False
1466430050,99.0,38.179459301322765,38.179459301322765,True
1466430088,99.0,31.177228143308866,31.177228143308866,True
1466430174,99.0,99.0,6.21334111451261,False
1466430247,99.0,29.34795104695517,29.34795104695517,True
1466430344,99.0,99.0,75.84057407179412,False
1466430375,99.0,64.39809379514958,64.39809379514958,True
1466430400,103.7,63.65639022361711,63.65639022361711,True
1466430457,103.7,103.7,14.782236302720516,False
1466430483,103.7,115.60491845305496,115.60491845305496,True
1466430517,103.7,103.7,32.96600394399798,False
1466430524,103.7,137.16779010010646,137.16779010010646,True
1466430592,103.7,72.02377527540622,72.02377527540622,True
1466430616,103.7,103.7,68.40497598686696,False
1466430631,103.7,103.7,63.1476872096026,False
1466430680,103.7,103.7,68.82409766232338,False
1466430734,103.7,103.7,55.4108282987545,False
1466430790,103.7,103.7,61.074942395150245,False
1466430815,97.4,97.4,53.850650507741726,False
1466430895,97.4,97.4,95.30022945640663,False
1466430916,97.4,107.6250819859743,107.6250819859743,True
1466430929,97.4,79.27537971064856,79.27537971064856,True
1466430936,97.4,114.8426800355192,114.8426800355192,True
1466431009,97.4,97.4,40.901974938386495,False
1466431036,97.4,97.4,44.84265366711087,False
1466431055,97.4,97.4,3.5187603236084333,False
1466431145,97.4,97.4,3.3974504911808276,False
1466431218,103.9,3.7689503255809735,3.7689503255809735,True
1466431290,103.9,130.08410852683,130.08410852683,True
1466431324,103.9,24.61689601504205,24.61689601504205,True
1466431400,103.9,103.9,78.48568070962347,False
1466431450,103.9,103.9,89.16354988849119,False
1466431526,111.9,34.06786065344528,34.06786065344528,True
1466431589,111.9,129.21037429468734,129.21037429468734,True
1466431661,111.9,89.06157176595322,89.06157176595322,True
1466431760,111.9,111.9,67.60300837668798,False
1466431796,111.9,111.9,57.49536925338063,False
1466431848,111.9,111.9,93.21519924917503,False
1466431879,111.9,111.9,95.08063074168619,False
1466431954,111.9,52.703678070108936,52.703678070108936,True
1466431958,111.9,59.044165184371515,59.044165184371515,True
1466432002,111.9,131.32514553956437,131.32514553956437,True
1466432101,111.9,127.18963547189944,127.18963547189944,True
1466432177,111.9,125.31224157892576,125.31224157892576,True
1466432194,111.9,91.39313697995058,91.39313697995058,True
1466432237,119.0,5.014609213828201,5.014609213828201,True
1466432280,121.2,121.2,43.91816743382927,False
1466432373,125.9,66.29808018977633,66.29808018977633,True
1466432389,125.9,121.1807170283081,121.1807170283081,True
1466432415,125.9,125.9,70.42271532045065,False
1466432417,125.9,125.9,115.40441968115186,False
1466432506,125.9,56.36428187102028,56.36428187102028,True
1466432569,125.9,125.9,100.97622765482555,False
1466432577,124.7,48.1725006490377,48.1725006490377,True
1466432670,124.7,124.7,39.32844770111251,False
1466432706,124.7,124.7,95.1594862253829,False
1466432804,124.7,67.31948431148267,67.31948431148267,True
1466432853,124.7,124.7,97.79781531328773,False
1466432947,124.7,95.68354966921711,95.68354966921711,True
1466433040,124.7,124.7,77.63043714950093,False
1466433128,124.7,112.2862663583688,112.2862663583688,True
1466433145,129.2,129.2,81.99215714621685,False
1466433195,129.2,129.2,109.4829849834889,False
1466433289,128.0,117.15258847076615,117.15258847076615,True
1466433375,128.0,128.0,37.92315272480364,False
1466433427,133.9,133.9,90.06702061675588,False
1466433478,128.2,128.2,133.49121257751085,False
1466433517,128.2,128.2,74.41239754381323,False
1466433615,133.7,94.52926473031907,94.52926473031907,True
1466433672,133.7,103.89906527894169,103.89906527894169,True
1466433762,134.7,126.42373638675356,126.42373638675356,True
1466433809,139.8,95.94427982456175,95.94427982456175,True
1466433873,143.9,33.422412095547436,33.422412095547436,True
1466433910,137.1,57.99259195942432,57.99259195942432,True
1466433994,137.1,62.10801805624463,62.10801805624463,True
1466434003,137.1,137.1,115.52548322954642,False
1466434045,137.1,95.04541666298785,95.04541666298785,True
1466434096,137.1,137.1,67.1330172635616,False
1466434173,137.1,55.072761056469055,55.072761056469055,True
1466434199,137.1,137.1,15.598836808146817,False
1466434224,137.1,137.1,125.60986768873221,False
1466434308,136.1,40.76830098797538,40.76830098797538,True
1466434359,136.1,136.1,3.3905120255599157,False
1466434371,136.1,111.25953968779638,111.25953968779638,True
1466434457,135.1,114.71356348294188,114.71356348294188,True
1466434498,135.1,135.1,122.83854014401201,False
1466434552,135.1,135.1,15.46317928096174,False
1466434622,135.1,129.58308185416647,129.58308185416647,True
1466434691,135.1,135.1,115.4320843118408,False
1466434718,135.1,102.92005572906345,102.92005572906345,True
1466434727,135.1,34.364496103473066,34.364496103473066,True
1466434815,135.1,120.30986941759723,120.30986941759723,True
1466434892,135.3,58.639844676174306,58.639844676174306,True
1466434915,135.3,9.969925255996296,9.969925255996296,True
1466434946,135.3,115.53216569167162,115.53216569167162,True
1466434988,135.3,95.60273151641033,95.60273151641033,True
1466435020,135.3,50.64168736724704,50.64168736724704,True
1466435090,136.4,136.4,6.004152830386177,False
1466435099,136.4,68.0497009633986,68.0497009633986,True
1466435145,132.3,46.14716153386857,46.14716153386857,True
1466435186,132.3,132.3,26.58192395882242,False
1466435246,139.1,52.641455340598675,52.641455340598675,True
1466435284,139.1,139.1,76.87372986846528,False
1466435327,139.1,139.1,120.7091842393355,False
1466435369,139.1,139.1,55.32971200995706,False
1466435408,139.1,139.1,86.1199040095204,False
1466435468,139.1,139.1,46.81949651346747,False
1466435486,139.1,18.477288840640757,18.477288840640757,True
1466435555,139.1,78.60838094695698,78.60838094695698,True
1466435624,139.1,139.1,57.852250372498204,False
1466435659,141.6,141.6,0.2959662176652045,False
1466435682,141.6,54.459010610845795,54.459010610845795,True
1466435712,141.6,141.6,99.09419436859491,False
1466435794,141.6,141.6,6.864311202048386,False
1466435878,141.6,10.296813919576177,10.296813919576177,True
1466435904,141.6,141.6,136.19806274200198,False
1466435971,141.6,141.6,87.48413869175224,False
1466436041,135.3,135.3,100.81263893080107,False
1466436059,135.3,135.3,125.78499851547289,False
1466436093,132.6,132.6,106.66515479752545,False
1466436178,132.6,132.6,135.1743827284892,False
1466436230,132.6,11.004634388996717,11.004634388996717,True
1466436280,132.6,132.6,90.44593242135433,False
1466436332,135.0,70.15911311188019,70.15911311188019,True
1466436333,135.0,135.0,100.46419950688443,False
1466436431,135.0,98.27761479315724,98.27761479315724,True
1466436520,135.0,101.59934815605108,101.59934815605108,True
1466436572,135.0,135.0,47.63954825385612,False
1466436647,135.0,92.15819276796702,92.15819276796702,True
1466436655,141.5,86.41894911938958,86.41894911938958,True
1466436727,141.5,141.5,5.401210916821985,False
1466436793,141.5,50.83113767919883,50.83113767919883,True
1466436879,141.5,141.5,87.50249211913581,False
1466436880,141.5,33.1355989251585,33.1355989251585,True
1466436939,141.5,141.5,128.04711187932216,False
1466437015,141.5,141.5,67.75310285015617,False
1466437048,141.5,141.5,86.45813040988494,False
1466437088,141.5,141.5,123.06571489690874,False
1466437105,138.9,10.073336890623816,10.073336890623816,True
1466437122,138.9,138.9,42.044414164572174,False
1466437160,138.9,138.9,22.26340115557439,False
1466437232,138.9,138.9,122.8695536229999,False
1466437321,138.9,126.50447436557026,126.50447436557026,True
1466437335,138.9,138.9,53.928979350073746,False
1466437358,138.9,105.67453035570148,105.67453035570148,True
1466437441,138.9,47.44025727805308,47.44025727805308,True
1466437480,138.9,86.0058591885989,86.0058591885989,True
1466437561,138.9,110.04319267762283,110.04319267762283,True
1466437653,138.9,85.03121363913829,85.03121363913829,True
1466437709,138.9,138.9,32.21039554875818,False
1466437798,138.0,17.42397890422332,17.42397890422332,True
1466437869,138.0,120.26533697559209,120.26533697559209,True
1466437952,138.0,119.57188923673117,119.57188923673117,True
1466438037,144.5,144.5,83.29860667659578,False
1466438054,142.5,8.195605501971134,8.195605501971134,True
1466438056,142.5,85.73416892839965,85.73416892839965,True
1466438136,142.5,142.5,60.89149113808926,False
1466438234,142.5,27.099636323084688,27.099636323084688,True
1466438261,142.5,142.5,97.5992225637114,False
1466438348,142.5,25.577428251592472,25.577428251592472,True
1466438407,142.5,142.5,38.51915145674536,False
1466438422,142.5,142.5,71.70591933450808,False
1466438476,142.5,142.5,119.1592836913247,False
1466438571,142.5,142.5,100.43841522217853,False
1466438612,142.5,142.5,89.76042243368452,False
1466438620,142.5,142.5,104.29273324917233,False
1466438698,142.5,19.130615682008397,19.130615682008397,True
1466438747,142.5,142.5,108.06328346712918,False
1466438795,142.5,142.5,94.34039995291538,False
1466438810,142.5,96.02224995650191,96.02224995650191,True
1466438888,142.5,72.56837639054021,72.56837639054021,True
1466438975,142.5,5.2164130805786275,5.2164130805786275,True
1466439000,142.5,142.5,87.68208873683002,False
1466439092,142.5,120.4800225496919,120.4800225496919,True
1466439150,142.1,138.06955313148595,138.06955313148595,True
1466439229,142.1,142.1,132.25653444724512,False
1466439279,142.1,101.8895344128684,101.8895344128684,True
1466439328,142.1,142.1,135.71414897889548,False
1466439351,135.0,135.0,11.259003457140219,False
1466439447,135.0,135.0,37.64203500599328,False
1466439466,135.0,135.0,18.847722974293017,False
1466439480,135.0,34.98777998904973,34.98777998904973,True
1466439560,135.0,135.0,33.57528248455141,False
1466439600,135.0,135.0,86.14279930019234,False
1466439645,134.7,64.91071360761526,64.91071360761526,True
1466439729,134.7,134.7,26.69487903333625,False
1466439772,134.7,134.7,102.15870865243063,False
1466439827,134.7,134.7,20.323295275183195,False
1466439849,134.7,134.7,76.12003488647395,False
1466439910,134.7,134.7,29.01024639602329,False
1466439990,126.6,126.6,106.95706860886429,False
1466440005,126.6,96.51288547535576,96.51288547535576,True
1466440006,126.6,126.6,4.125867475961519,False
1466440045,126.6,103.08084203410364,103.08084203410364,True
1466440066,126.6,117.93746268022068,117.93746268022068,True
1466440154,126.6,108.23328419015611,108.23328419015611,True
1466440214,119.2,111.77853032402605,111.77853032402605,True
1466440226,119.2,119.2,38.492160421293875,False
1466440304,119.2,119.2,66.0533498470975,False
1466440385,119.2,119.2,138.95509442585535,False
1466440451,122.9,122.9,5.821139108119389,False
1466440521,122.9,76.54037033317407,76.54037033317407,True
1466440581,122.9,60.061962796662144,60.061962796662144,True
1466440674,122.9,54.19438973827209,54.19438973827209,True
1466440727,122.9,66.16508270202968,66.16508270202968,True
1466440821,126.3,126.3,111.4486318178542,False
1466440827,126.3,126.3,17.81519201438515,False
1466440897,118.8,116.0664220552714,116.0664220552714,True
1466440923,112.8,128.4199493123614,128.4199493123614,True
1466441012,118.9,126.10110154070671,126.10110154070671,True
1466441049,118.9,84.94866016647576,84.94866016647576,True
1466441147,122.8,24.088838391564863,24.088838391564863,True
1466441213,122.8,132.73228403055967,132.73228403055967,True
1466441311,122.8,119.34869739910103,119.34869739910103,True
1466441318,122.8,112.86958415387537,112.86958415387537,True
1466441418,126.1,126.1,125.71785120800553,False
1466441510,126.1,7.146573159353615,7.146573159353615,True
1466441541,126.1,126.1,111.88532246521993,False
1466441579,121.5,32.83029141872969,32.83029141872969,True
1466441630,121.5,121.5,17.438392951618628,False
1466441714,121.5,84.92878894770598,84.92878894770598,True
1466441724,121.5,94.800552742371,94.800552742371,True
1466441741,121.5,23.09222461209193,23.09222461209193,True
1466441822,117.6,66.68069096894959,66.68069096894959,True
1466441883,117.6,56.17758212349069,56.17758212349069,True
1466441934,117.6,54.52732634505084,54.52732634505084,True
1466441947,117.6,117.6,135.25345562325967,False
1466442046,117.6,117.6,39.529703240510926,False
1466442137,124.3,61.81599906527554,61.81599906527554,True
1466442175,124.3,124.3,0.0018714735477785016,False
1466442216,124.3,124.3,128.40346064304137,False
1466442284,129.2,108.47484263287544,108.47484263287544,True
1466442332,129.2,129.2,113.03089500827767,False
1466442358,129.2,129.2,48.777352185227656,False
1466442362,130.0,130.0,91.36477412661385,False
1466442439,130.0,130.0,112.20876206651187,False
1466442490,130.0,130.0,105.8246615856382,False
1466442498,130.0,130.0,132.18724351519577,False
1466442508,130.0,130.0,118.000290421497,False
1466442518,124.2,124.2,101.70424007974609,False
1466442556,117.5,117.5,80.88089979246838,False
1466442656,117.5,121.30547111204936,121.30547111204936,True
1466442662,117.5,124.4264011321468,124.4264011321468,True
1466442703,117.5,104.85891676185041,104.85891676185041,True
1466442768,117.5,117.5,84.07949084080545,False
1466442788,117.5,117.5,68.74222839742156,False
1466442886,117.5,117.5,48.0338310440293,False
1466442980,109.9,16.767088864703048,16.767088864703048,True
1466443000,109.9,98.62847304662743,98.62847304662743,True
1466443029,109.9,109.9,36.22776689524347,False
1466443038,103.9,103.9,26.013501016720653,False
1466443089,103.9,103.9,2.296421014733023,False
1466443162,103.9,80.86622253299574,80.86622253299574,True
1466443201,103.9,103.9,53.01470266372125,False
1466443219,103.9,61.547799474185425,61.547799474185425,True
1466443263,106.9,106.9,26.500071443824297,False
1466443350,106.9,6.295779003078936,6.295779003078936,True
1466443373,107.2,97.35455383341181,97.35455383341181,True
1466443392,107.2,37.37112097265292,37.37112097265292,True
1466443402,105.8,58.880769007286254,58.880769007286254,True
1466443486,105.8,105.8,118.57848968477607,False
1466443511,110.3,110.3,75.8122140300742,False
1466443584,110.3,71.09493559593625,71.09493559593625,True
1466443677,110.3,85.3197885654471,85.3197885654471,True
1466443725,110.3,110.3,60.51921505709791,False
1466443727,110.3,110.3,75.74870059215053,False
1466443750,110.3,58.421489770977686,58.421489770977686,True
1466443761,110.3,110.3,52.44235990905517,False
1466443808,110.3,110.3,76.27575687174686,False
1466443861,106.6,10.414798347183991,10.414798347183991,True
1466443929,106.6,106.6,108.88701904308415,False
1466443986,106.6,106.6,33.99114386909595,False
1466444043,106.6,93.9598294222179,93.9598294222179,True
1466444110,106.6,106.6,133.67750829102687,False
1466444192,104.4,68.19774530639141,68.19774530639141,True
1466444287,103.2,42.350534113512644,42.350534113512644,True
1466444294,108.6,108.6,9.462517314393162,False
1466444366,108.6,108.6,48.50446176234721,False
1466444466,108.6,93.28632887313385,93.28632887313385,True
1466444505,108.6,137.93034016646376,137.93034016646376,True
1466444556,112.2,86.97155761373372,86.97155761373372,True
1466444624,112.2,133.03174673703526,133.03174673703526,True
1466444663,112.2,112.2,101.57184969707777,False
1466444685,112.2,67.12900069550574,67.12900069550574,True
1466444756,113.1,86.64619931438884,86.64619931438884,True
1466444781,113.1,113.1,7.464344764779626,False
1466444840,113.1,91.66444750563043,91.66444750563043,True
1466444854,113.1,113.1,129.59966354286038,False
1466444860,113.1,113.1,55.545069778749976,False
1466444959,113.1,113.1,54.31311870017967,False
1466445058,113.1,123.07204678878271,123.07204678878271,True
1466445107,120.3,120.3,67.44536428018036,False
1466445165,114.0,114.0,6.32892318280119,False
1466445170,114.0,114.0,73.52877041742592,False
1466445173,112.7,75.7248543802887,75.7248543802887,True
1466445247,112.7,112.7,87.39378074396342,False
1466445305,112.7,72.1903065638318,72.1903065638318,True
1466445333,112.7,112.7,65.6733338947017,False
1466445356,112.7,84.23308377184455,84.23308377184455,True
1466445430,112.7,133.7164124151568,133.7164124151568,True
1466445491,112.7,112.7,110.0831459844927,False
1466445497,112.7,35.21398700148122,35.21398700148122,True
1466445514,119.5,119.5,95.29431756725819,False
1466445549,119.5,119.5,115.98042584138003,False
1466445640,119.5,130.4581050441385,130.4581050441385,True
1466445648,119.5,119.5,16.289232285831194,False
1466445739,119.5,131.8080420595309,131.8080420595309,True
1466445814,119.5,119.5,33.73881666300133,False
1466445879,119.5,103.44488274929732,103.44488274929732,True
1466445909,119.5,119.5,105.85630731351446,False
1466445965,119.5,0.9641122150330945,0.9641122150330945,True
1466446021,119.5,106.34940814440986,106.34940814440986,True
1466446045,119.5,84.40866427170377,84.40866427170377,True
1466446071,119.5,119.5,133.6239148335561,False
1466446120,119.5,119.5,10.87439146056577,False
1466446168,119.5,76.98063426418041,76.98063426418041,True
1466446253,119.5,91.48505133577412,91.48505133577412,True
1466446302,119.5,119.5,73.04034299181953,False
1466446389,119.5,7.070631947660952,7.070631947660952,True
1466446404,119.5,100.43828670905685,100.43828670905685,True
1466446494,119.5,119.5,66.12092810878646,False
1466446594,126.3,21.435030929505473,21.435030929505473,True
1466446643,125.7,125.7,57.67133067046346,False
1466446669,125.7,58.58984225624669,58.58984225624669,True
1466446690,125.7,44.66668187560772,44.66668187560772,True
1466446735,125.7,125.7,6.110155902470444,False
1466446766,125.7,125.7,111.62644972349604,False
1466446852,131.9,52.493102397199614,52.493102397199614,True
1466446902,131.9,111.96712730220469,111.96712730220469,True
1466446945,131.9,2.17704219938661,2.17704219938661,True
1466446987,131.9,105.3338072763878,105.3338072763878,True
1466447036,131.9,131.9,93.28190876039443,False
1466447112,131.9,48.07231646274941,48.07231646274941,True
1466447129,131.9,131.9,52.39852034207503,False
1466447189,131.9,86.57369452228535,86.57369452228535,True
1466447224,131.9,90.40543783653891,90.40543783653891,True
1466447270,131.9,131.9,34.23606189771841,False
1466447272,131.9,120.12315079970622,120.12315079970622,True
1466447348,138.9,29.086103818408787,29.086103818408787,True
1466447359,136.7,71.1211611615627,71.1211611615627,True
1466447388,143.5,143.5,25.860472266940278,False
1466447390,143.5,92.37313236551789,92.37313236551789,True
1466447425,143.5,143.5,7.568990714972699,False
1466447463,143.5,143.5,12.116885893910752,False
1466447485,136.4,58.19408253694244,58.19408253694244,True
1466447545,136.4,136.4,88.27314814751517,False
1466447553,136.4,95.4437832663827,95.4437832663827,True
1466447554,136.4,114.44600294956396,114.44600294956396,True
1466447573,136.4,110.56802067886524,110.56802067886524,True
1466447634,136.4,136.4,8.194702274274023,False
1466447695,136.4,109.74814489059696,109.74814489059696,True
1466447762,132.6,132.6,9.079321700277418,False
1466447844,132.6,87.65336934861918,87.65336934861918,True
1466447885,132.6,113.98198468815933,113.98198468815933,True
1466447943,132.6,132.6,50.5527901744527,False
1466447956,132.6,132.6,51.16288285234064,False
1466448041,125.1,14.684736113610892,14.684736113610892,True
1466448140,125.1,131.27731085587277,131.27731085587277,True
1466448215,125.1,125.1,16.248772597464825,False
1466448270,125.1,125.1,7.129399733455951,False
1466448302,125.1,69.52690006636305,69.52690006636305,True
1466448368,125.1,110.50027099826866,110.50027099826866,True
1466448422,125.1,125.1,7.827892017138778,False
1466448517,125.1,92.14811010660853,92.14811010660853,True
1466448614,125.1,125.1,100.51105788874298,False
1466448701,125.1,25.936621172127055,25.936621172127055,True
1466448743,125.1,39.88631402559247,39.88631402559247,True
1466448805,125.1,66.78707993641436,66.78707993641436,True
1466448844,125.1,125.1,128.7245467574175,False
1466448896,125.1,42.36977428142981,42.36977428142981,True
1466448984,123.9,37.090020003007766,37.090020003007766,True
1466449031,117.5,117.5,97.13865049292181,False
1466449045,117.5,127.75722576560759,127.75722576560759,True
1466449099,117.5,21.82716907520946,21.82716907520946,True
1466449171,117.8,10.04819109737156,10.04819109737156,True
1466449261,117.8,96.3856444985038,96.3856444985038,True
1466449280,117.8,66.78774720321024,66.78774720321024,True
1466449359,114.5,15.179558186627588,15.179558186627588,True
1466449442,114.5,14.100061455386966,14.100061455386966,True
1466449496,114.5,41.21819099936829,41.21819099936829,True
1466449537,114.5,111.59546397451308,111.59546397451308,True
1466449555,114.5,114.5,65.82316332997235,False
1466449629,121.4,121.4,11.184966175216971,False
1466449635,121.4,30.930442057958924,30.930442057958924,True
1466449721,121.4,26.67990131118918,26.67990131118918,True
1466449772,121.4,121.4,67.17173949827449,False
1466449872,121.4,21.334154218423468,21.334154218423468,True
1466449873,121.4,121.4,112.3286808353116,False
1466449884,121.4,102.10979341015846,102.10979341015846,True
1466449937,121.4,27.7346128585353,27.7346128585353,True
1466449953,122.5,74.6990868898383,74.6990868898383,True
1466449959,122.5,122.5,95.42103109263039,False
1466449961,122.5,2.3045049167411316,2.3045049167411316,True
1466450018,122.5,117.01493125560188,117.01493125560188,True
1466450075,120.6,120.6,104.16010101716013,False
1466450150,120.6,4.8991361631566495,4.8991361631566495,True
1466450177,118.0,1.9960049134080746,1.9960049134080746,True
1466450255,118.0,14.311986747983548,14.311986747983548,True
1466450343,118.0,118.0,85.02277134480043,False
1466450348,122.9,125.47843328711414,125.47843328711414,True
1466450401,122.9,122.9,23.66953438168921,False
1466450433,122.9,122.9,131.60819057454373,False
1466450507,122.9,122.9,111.6185078179043,False
1466450536,122.9,52.21324352635255,52.21324352635255,True
1466450627,122.9,122.9,123.43960706643327,False
1466450723,122.9,81.77600331867461,81.77600331867461,True
1466450817,122.9,122.9,28.18974594808952,False
1466450900,122.9,122.9,52.866029287769344,False
1466450902,122.9,99.88981708290446,99.88981708290446,True
1466450971,122.9,122.9,17.819681896186353,False
1466451016,122.9,83.06098941014055,83.06098941014055,True
1466451023,122.9,122.9,105.47403921843153,False
1466451073,122.9,122.9,81.12989215546281,False
1466451166,116.1,116.1,4.836326793538021,False
1466451231,116.1,36.56024223597475,36.56024223597475,True
1466451245,116.1,116.1,34.49761080733784,False
1466451293,112.9,10.995669394371662,10.995669394371662,True
1466451295,109.9,20.87829525346991,20.87829525346991,True
1466451378,109.9,130.69169748080301,130.69169748080301,True
1466451445,108.3,48.449759557192785,48.449759557192785,True
1466451508,101.6,101.6,129.08905434215956,False
1466451599,100.0,100.0,100.94047698740219,False
1466451686,100.0,100.0,49.528095284780264,False
1466451761,100.0,100.0,112.526695969983,False
1466451857,100.0,2.186210177840743,2.186210177840743,True
1466451909,100.0,100.0,123.19665847563061,False
1466451919,100.0,89.0207972795221,89.0207972795221,True
1466452006,100.0,58.321872924992405,58.321872924992405,True
1466452035,100.0,100.0,68.97702899303883,False
1466452039,100.0,96.29028030210944,96.29028030210944,True
1466452104,100.0,60.78201803005553,60.78201803005553,True
1466452167,100.0,100.0,38.535999453127644,False
1466452238,103.7,103.7,87.3739456813048,False
1466452313,103.7,103.7,75.87991074604558,False
1466452339,103.7,102.40058162887173,102.40058162887173,True
1466452419,103.7,1.6590773769168177,1.6590773769168177,True
1466452424,103.7,103.7,108.2875704882815,False
1466452435,103.7,103.7,4.04482542182769,False
1466452531,103.7,115.31073331003945,115.31073331003945,True
1466452584,103.7,89.48907640814063,89.48907640814063,True
1466452625,95.8,95.8,99.0013648233644,False
1466452676,95.8,95.8,92.11224689696348,False
1466452752,95.8,34.6719308463361,34.6719308463361,True
1466452796,95.8,95.8,128.96253730416453,False
1466452825,95.8,42.821914141697995,42.821914141697995,True
1466452860,95.8,30.826860160722735,30.826860160722735,True
1466452960,95.8,95.8,90.2879530775057,False
1466452979,95.8,86.47168598662913,86.47168598662913,True
1466453002,95.8,12.023710769846964,12.023710769846964,True
1466453016,95.8,95.8,37.40626678406889,False
1466453025,95.8,44.887711559845464,44.887711559845464,True
1466453089,95.8,27.782117138240793,27.782117138240793,True
1466453141,95.8,133.43857996569514,133.43857996569514,True
1466453154,103.0,43.1730990251536,43.1730990251536,True
1466453184,103.0,103.0,21.649477139279867,False
1466453202,103.0,32.263663650095026,32.263663650095026,True
1466453203,103.9,103.9,24.65622568131458,False
1466453222,103.9,103.9,33.416900768957944,False
1466453321,103.9,103.9,122.62732026381231,False
1466453379,107.0,107.0,84.53750168714338,False
1466453392,107.0,12.61272821463637,12.61272821463637,True
1466453422,103.5,103.5,31.28774377355751,False
1466453502,110.1,107.25514423768264,107.25514423768264,True
1466453518,110.1,29.19784630881323,29.19784630881323,True
1466453563,110.1,1.980029506838671,1.980029506838671,True
1466453604,110.1,110.1,123.08622189810411,False
1466453639,110.1,110.1,35.97942874977216,False
1466453705,110.1,110.1,42.18792162182579,False
1466453795,110.1,85.88037511627222,85.88037511627222,True
1466453816,110.1,110.1,126.07585849438941,False
1466453870,110.1,98.04847109948876,98.04847109948876,True
1466453910,110.1,81.99400787402992,81.99400787402992,True
1466454002,110.1,110.1,87.35444049117807,False
1466454051,110.1,101.23909440759813,101.23909440759813,True
1466454087,110.1,110.1,80.67339050521257,False
1466454129,110.1,110.1,80.74350174220845,False
1466454227,110.1,110.1,126.05656306013452,False
1466454259,110.1,42.300727793040124,42.300727793040124,True
1466454262,110.1,110.1,132.98968481665972,False
1466454298,110.1,110.1,69.20586406177537,False
1466454388,110.1,110.1,131.1859005040126,False
1466454399,110.1,5.009396314920572,5.009396314920572,True
1466454473,110.1,110.1,107.51832155989182,False
1466454529,110.1,110.1,36.907354691560464,False
1466454559,110.1,12.97982861387428,12.97982861387428,True
1466454648,110.1,28.136241259702523,28.136241259702523,True
1466454745,106.7,42.780236902202795,42.780236902202795,True
1466454763,106.7,106.7,50.47228150601146,False
1466454851,101.4,101.4,61.62399747347946,False
1466454936,101.4,101.4,8.55782923062516,False
1466454949,101.4,101.4,63.662572516129494,False
1466455032,95.7,11.173736092673144,11.173736092673144,True
1466455065,95.7,95.7,109.88674633009909,False
1466455119,95.7,95.7,64.24187193658494,False
1466455172,95.7,80.55460925101573,80.55460925101573,True
1466455196,95.7,131.4471493939041,131.4471493939041,True
1466455271,101.8,58.20092711068148,58.20092711068148,True
1466455357,101.8,101.8,45.40956602784577,False
1466455361,100.3,29.735152661157297,29.735152661157297,True
1466455394,100.3,100.3,123.25314450473951,False
1466455475,100.3,92.64047353159789,92.64047353159789,True
1466455497,96.7,96.7,24.528511559692856,False
1466455561,96.7,38.12253155957702,38.12253155957702,True
1466455575,96.7,96.7,41.94340269860311,False
1466455587,96.7,43.118432048849044,43.118432048849044,True
1466455651,96.7,63.448570797718176,63.448570797718176,True
1466455658,96.7,127.91783248362843,127.91783248362843,True
1466455732,96.7,123.29975821994245,123.29975821994245,True
1466455812,96.7,96.7,90.04132951640284,False
1466455910,102.8,102.8,120.60439694187754,False
1466455951,102.8,102.8,30.894116650031805,False
1466455999,102.8,102.8,23.328271741344498,False
1466456054,102.8,41.44589937903844,41.44589937903844,True
1466456058,102.8,102.8,43.45734901527489,False
1466456074,110.1,64.93743394930095,64.93743394930095,True
1466456088,110.1,110.1,42.57874386262329,False
1466456118,103.2,19.21584643189573,19.21584643189573,True
1466456218,103.2,103.2,105.55280216447878,False
1466456265,103.2,103.2,133.7873124595159,False
1466456270,103.2,136.92094585317477,136.92094585317477,True
1466456312,103.2,19.87616156395745,19.87616156395745,True
1466456346,103.2,103.2,96.57680904472153,False
1466456374,103.2,138.14224293142522,138.14224293142522,True
1466456406,103.2,17.979863339015903,17.979863339015903,True
1466456482,103.2,4.971264641872765,4.971264641872765,True
1466456512,103.2,103.2,27.415565550858645,False
1466456610,101.5,126.63913696932246,126.63913696932246,True
1466456683,99.6,99.6,8.41399984983698,False
1466456768,99.6,99.6,96.80659350731554,False
1466456856,99.6,99.6,25.103049572670184,False
1466456927,97.5,111.33803839216283,111.33803839216283,True
1466457014,97.5,80.42797269640447,80.42797269640447,True
1466457032,97.5,97.5,131.34175691909005,False
1466457067,101.2,75.91616035905092,75.91616035905092,True
1466457157,101.2,101.2,12.603694571017334,False
1466457215,101.2,101.2,41.04785231228923,False
1466457267,101.2,72.85981010942515,72.85981010942515,True
1466457357,102.1,102.1,110.3305924672268,False
1466457434,102.1,102.1,123.13299889699142,False
1466457487,103.5,103.5,21.008650792553233,False
1466457559,103.5,103.5,67.77135312021005,False
1466457603,103.5,30.11002290655202,30.11002290655202,True
1466457671,103.5,115.83568320209598,115.83568320209598,True
1466457713,103.5,118.29180041522095,118.29180041522095,True
1466457745,103.5,80.2801740746112,80.2801740746112,True
1466457782,103.5,103.5,95.82244204025683,False
1466457802,104.7,125.90035470551862,125.90035470551862,True
1466457817,107.3,107.3,40.25925629996244,False
1466457865,107.3,107.3,73.40100060353245,False
1466457884,99.7,66.53666958973788,66.53666958973788,True
1466457885,99.7,105.46031062514892,105.46031062514892,True
1466457917,99.7,99.7,47.21321800547823,False
1466457973,100.8,100.8,39.06688261831302,False
1466458045,100.8,100.8,84.29567847763832,False
1466458135,100.8,100.8,90.95762537614897,False
1466458151,100.8,100.8,126.87261319895264,False
1466458230,100.8,93.80292322563332,93.80292322563332,True
1466458324,100.8,70.0380120747664,70.0380120747664,True
1466458362,100.8,100.8,128.51382045505608,False
1466458438,100.8,100.8,99.58879502788349,False
1466458454,100.8,100.8,84.08324161035347,False
1466458496,100.8,100.8,2.1280389098332018,False
1466458509,100.8,100.8,136.66861010383204,False
1466458580,100.8,100.8,35.44276228305783,False
1466458590,100.8,97.50821006766823,97.50821006766823,True
1466458626,104.2,104.2,10.230394485290763,False
1466458642,111.6,111.6,8.859008339700987,False
1466458665,111.6,111.6,126.9105265445211,False
1466458694,111.6,111.6,48.35533368251466,False
1466458762,111.6,89.93780748558906,89.93780748558906,True
1466458793,111.6,53.32078907709104,53.32078907709104,True
1466458824,107.7,116.29907631249165,116.29907631249165,True
1466458906,107.7,103.17421805637393,103.17421805637393,True
1466458982,107.7,23.681227408022885,23.681227408022885,True
1466459068,114.1,2.164492771376275,2.164492771376275,True
1466459159,114.1,15.897630611961702,15.897630611961702,True
1466459184,114.1,79.63145168814292,79.63145168814292,True
1466459273,111.6,111.6,132.60827552123962,False
1466459372,111.6,84.95947179070119,84.95947179070119,True
1466459415,111.6,111.6,70.73418393286698,False
1466459483,111.6,63.85662852150114,63.85662852150114,True
1466459504,118.4,71.77553235607294,71.77553235607294,True
1466459588,118.4,108.330838059319,108.330838059319,True
1466459595,118.4,12.941305595353322,12.941305595353322,True
1466459673,120.9,50.06388441363511,50.06388441363511,True
1466459726,120.9,120.9,83.32975954948417,False
1466459800,120.9,120.9,101.59949018966073,False
1466459857,120.9,90.45284267720874,90.45284267720874,True
1466459887,120.9,120.9,122.85888815917775,False
1466459913,120.9,120.9,7.852264117825751,False
1466459974,120.9,120.9,93.12979130407676,False
1466459995,120.9,120.9,69.18811360927192,False
1466460001,120.9,120.9,107.98834967929312,False
1466460054,120.9,120.9,109.64055391457946,False
1466460130,126.1,126.1,33.944794719856624,False
1466460215,126.1,126.1,102.8442700527047,False
1466460252,126.1,3.012913680433001,3.012913680433001,True
1466460272,126.1,29.70403887433815,29.70403887433815,True
1466460346,130.4,53.115557123643455,53.115557123643455,True
1466460440,130.4,68.26952144538171,68.26952144538171,True
1466460461,130.4,130.4,127.0890751916321,False
1466460528,130.4,117.24775435961638,117.24775435961638,True
1466460610,130.4,44.619918005682784,44.619918005682784,True
1466460630,130.4,130.4,0.5866669613351893,False
1466460691,130.4,130.4,122.27120204287874,False
1466460706,130.4,62.0926158509894,62.0926158509894,True
1466460739,130.4,124.18999038140281,124.18999038140281,True
1466460765,132.0,132.0,9.3291522887211,False
1466460795,132.0,132.0,123.18788105545046,False
1466460877,132.0,132.0,46.69780055388461,False
1466460973,132.0,66.60423517623383,66.60423517623383,True
1466461009,132.0,132.0,39.37149477274077,False
1466461027,132.0,52.80706413133812,52.80706413133812,True
1466461032,132.0,132.0,121.96263964228639,False
1466461096,125.6,27.439244613849542,27.439244613849542,True
1466461169,125.6,125.6,15.090819826601564,False
1466461256,125.6,48.57329225636274,48.57329225636274,True
1466461351,125.6,125.6,27.754520822005933,False
1466461451,125.6,125.6,10.493829402609222,False
1466461531,125.6,124.34738797587195,124.34738797587195,True
1466461568,130.4,5.664232843945442,5.664232843945442,True
1466461583,130.4,124.93659655013109,124.93659655013109,True
1466461647,130.4,130.4,23.772506227867552,False
1466461703,130.4,130.4,131.82007041693416,False
1466461794,130.4,56.242175361683934,56.242175361683934,True
1466461813,130.4,68.41060830188148,68.41060830188148,True
1466461910,130.4,120.24062939337286,120.24062939337286,True
1466461988,130.4,127.0125516065547,127.0125516065547,True
1466462056,130.4,130.4,120.47088382239808,False
1466462101,130.4,130.4,9.258840739085457,False
1466462155,130.4,130.4,43.817987343812696,False
1466462215,130.4,126.21013881829894,126.21013881829894,True
1466462278,130.4,130.4,46.42427735946672,False
1466462368,130.4,130.4,81.84380943402793,False
1466462412,130.4,114.90812391333287,114.90812391333287,True
1466462512,130.4,130.4,62.9649021699377,False
1466462594,130.4,130.4,100.27293529426127,False
1466462671,130.4,109.68090505878769,109.68090505878769,True
1466462716,136.4,136.4,33.8847752907971,False
1466462746,136.4,136.4,40.730841983566364,False
1466462782,136.4,17.862054930961524,17.862054930961524,True
1466462820,136.4,136.4,32.53330812252392,False
1466462833,136.4,60.840370269722094,60.840370269722094,True
1466462842,136.4,103.39989411262184,103.39989411262184,True
1466462850,136.4,136.4,94.59435412737697,False
1466462941,136.4,136.4,97.54394977488349,False
1466463026,136.4,97.13259568012988,97.13259568012988,True
1466463117,136.4,107.7703930128928,107.7703930128928,True
1466463139,136.4,136.4,125.06571210334266,False
