1466410104,4.3,5.420946814925922,5.420946814925922,True
1466410114,4.3,5.485307569941817,5.485307569941817,True
1466410130,4.3,7.5219094702218525,7.5219094702218525,True
1466410181,4.3,4.3,6.719641905146979,False
1466410203,7.0,7.0,6.517675520518335,False
1466410250,7.0,6.019698368208912,6.019698368208912,True
1466410309,7.0,3.740955690503484,3.740955690503484,True
1466410397,7.0,7.488788618878113,7.488788618878113,True
1466410430,7.0,7.0,5.225988363922036,False
1466410469,7.0,4.447401447888121,4.447401447888121,True
1466410483,7.0,4.995625790339818,4.995625790339818,True
1466410498,7.0,5.0857289680486115,5.0857289680486115,True
1466410502,7.0,7.0,4.028222971469296,False
1466410532,5.1,5.1,5.632714274382469,False
1466410541,5.1,5.1,3.713303439722063,False
1466410573,5.1,5.1,4.989762002213112,False
1466410630,5.1,6.687739231534187,6.687739231534187,True
1466410653,5.1,5.1,4.088502551938385,False
1466410746,5.1,5.1,7.5561346358391654,False
1466410814,4.7,6.42691160555148,6.42691160555148,True
1466410890,3.6,5.689314064803305,5.689314064803305,True
1466410902,3.6,3.6,4.450420954543297,False
1466410978,3.6,7.8530249700506864,7.8530249700506864,True
1466411008,3.6,3.6,4.634685110876129,False
1466411066,3.6,4.076294616866314,4.076294616866314,True
1466411094,5.2,5.2,4.536390764547369,False
1466411157,5.2,5.2,7.304762819264155,False
1466411223,5.2,4.13166255350511,4.13166255350511,True
1466411226,5.2,6.821451553924255,6.821451553924255,True
1466411272,5.2,5.440858150382449,5.440858150382449,True
1466411303,5.2,5.2,6.848140690080555,False
1466411318,5.2,5.2,7.642586666930332,False
1466411396,5.2,7.214864504063947,7.214864504063947,True
1466411493,3.6,3.6,5.077846229374456,False
1466411549,3.6,3.796312026769467,3.796312026769467,True
1466411560,3.6,5.117496255564339,5.117496255564339,True
1466411626,3.6,4.642551302745206,4.642551302745206,True
1466411723,3.6,5.812498504366019,5.812498504366019,True
1466411763,3.4,6.310701045632157,6.310701045632157,True
1466411785,3.4,6.568665507743256,6.568665507743256,True
1466411854,6.2,5.686930424393566,5.686930424393566,True
1466411889,6.2,4.3503305584457195,4.3503305584457195,True
1466411988,6.2,6.2,6.938865220306063,False
1466412022,6.2,6.2,3.2668919222680715,False
1466412046,6.2,5.355829153562896,5.355829153562896,True
1466412076,6.2,6.2,5.2872534061051475,False
1466412152,3.1,3.1,3.009662966915946,False
1466412181,3.1,3.1,7.732923940515212,False
1466412201,3.1,4.800466743292556,4.800466743292556,True
1466412260,3.1,3.1,4.573940882983909,False
1466412347,3.1,4.413414491608509,4.413414491608509,True
1466412360,3.1,3.1,3.442567426040696,False
1466412438,3.1,6.411653718579817,6.411653718579817,True
1466412521,3.1,3.1,7.120047312688953,False
1466412599,3.1,3.0843480617173324,3.0843480617173324,True
1466412639,3.1,3.1,3.249151372002591,False
1466412691,3.1,4.7748005626473145,4.7748005626473145,True
1466412747,3.1,3.1,4.436088504085289,False
1466412794,5.4,5.196434987207618,5.196434987207618,True
1466412819,5.0,5.0,4.607309605893374,False
1466412832,4.5,4.5,4.069310398597281,False
1466412874,4.5,4.5,3.438788560426131,False
1466412943,4.5,4.612832434465165,4.612832434465165,True
1466412971,4.5,4.354195552572726,4.354195552572726,True
1466412990,4.5,4.5,3.67917059462956,False
1466413028,4.6,4.2750715335671465,4.2750715335671465,True
1466413053,5.1,7.045174577558558,7.045174577558558,True
1466413125,4.4,4.123936797740411,4.123936797740411,True
1466413200,4.4,5.669292052059703,5.669292052059703,True
1466413264,4.4,4.4,7.315489427584642,False
1466413311,4.4,7.669243615109375,7.669243615109375,True
1466413342,4.2,4.2,6.225665360968271,False
1466413440,4.2,4.2,4.231511682755816,False
1466413458,4.2,4.2,5.275472162730384,False
1466413529,4.2,5.252895827545729,5.252895827545729,True
1466413542,4.7,4.7,4.781413093071009,False
1466413638,4.7,4.7,5.40036509176162,False
1466413672,4.7,4.7,4.314472577064565,False
1466413733,4.7,5.310706841793838,5.310706841793838,True
1466413779,4.7,3.3351045994133575,3.3351045994133575,True
1466413780,7.3,3.490434460972591,3.490434460972591,True
1466413864,7.3,7.990798296207527,7.990798296207527,True
1466413885,6.6,6.6,3.291115472820908,False
1466413946,6.9,6.07446458001394,6.07446458001394,True
1466414033,6.9,6.236728435753227,6.236728435753227,True
1466414071,6.9,6.9,5.143993490424169,False
1466414164,3.2,3.2,3.5761479877035884,False
1466414225,3.2,3.2,4.726183967973911,False
1466414312,3.2,3.2,7.855470689956135,False
1466414325,3.2,3.2,4.676916586624683,False
1466414328,3.2,3.2,4.996558385976835,False
1466414329,3.2,3.2,5.706728112899393,False
1466414402,3.2,3.2,3.413770644135905,False
1466414407,3.2,3.2,5.551988404089396,False
1466414413,3.2,6.849367312940058,6.849367312940058,True
1466414460,3.2,3.2,3.052295175540315,False
1466414552,3.2,3.2,5.606271555688215,False
1466414602,3.2,7.3538772784974125,7.3538772784974125,True
1466414662,3.2,3.2,6.951069104613673,False
1466414746,3.2,6.736050376400825,6.736050376400825,True
1466414844,3.2,3.598227562210147,3.598227562210147,True
1466414943,4.6,3.0608490461541695,3.0608490461541695,True
1466414946,4.6,4.6,5.444139676154807,False
1466414966,4.6,4.174056360803091,4.174056360803091,True
1466415038,4.6,4.6,6.39112311877266,False
1466415106,4.6,4.6,7.189884222213601,False
1466415130,4.6,4.6,5.004127755017738,False
1466415145,3.8,7.588228989081784,7.588228989081784,True
1466415202,4.8,7.52911607947753,7.52911607947753,True
1466415239,4.8,5.552827822656349,5.552827822656349,True
1466415249,4.8,5.594342578114308,5.594342578114308,True
1466415308,4.8,5.746904878398405,5.746904878398405,True
1466415357,4.8,4.8,5.119980123488837,False
1466415404,5.8,7.825902140303508,7.825902140303508,True
1466415469,5.8,5.8,5.397825799382712,False
1466415548,5.8,5.8,7.8715416803272475,False
1466415588,5.8,3.6990219825211734,3.6990219825211734,True
1466415627,5.8,6.426444969832092,6.426444969832092,True
1466415719,5.8,5.8,7.80731797051434,False
1466415767,5.8,5.8,4.817888209543203,False
1466415860,5.8,3.917982353573395,3.917982353573395,True
1466415872,5.8,5.109419103738771,5.109419103738771,True
1466415914,5.8,5.8,6.043346800415595,False
1466415934,5.8,5.8,7.982378185032546,False
1466415988,5.8,4.62099377424901,4.62099377424901,True
1466416004,4.5,6.971353911878808,6.971353911878808,True
1466416050,4.5,7.559535537384703,7.559535537384703,True
1466416150,4.5,4.5,6.353009404902909,False
1466416161,4.4,7.655314188101205,7.655314188101205,True
1466416215,4.4,4.4,5.8316585594624915,False
1466416315,5.5,5.5,3.049059776760367,False
1466416321,5.5,4.790044798108628,4.790044798108628,True
1466416393,5.5,5.5,6.784160100425208,False
1466416440,5.5,5.5,4.013066230515498,False
1466416510,5.5,5.5,7.9044682622312035,False
1466416541,5.5,5.5,7.836342409980688,False
1466416631,5.5,5.5,7.374357994359346,False
1466416671,5.5,5.5,7.549918059852604,False
1466416725,5.5,5.5,4.736827471474797,False
1466416815,5.5,3.9183324959667827,3.9183324959667827,True
1466416867,5.5,3.7785309088708936,3.7785309088708936,True
1466416933,6.8,6.788568612092034,6.788568612092034,True
1466416963,6.9,7.857397392838445,7.857397392838445,True
1466417034,6.9,6.9,3.1820729622096633,False
1466417069,6.9,3.5638377840630926,3.5638377840630926,True
1466417095,6.9,4.213375912770157,4.213375912770157,True
1466417123,4.6,7.816631192731436,7.816631192731436,True
1466417219,4.6,4.6,7.784744811509388,False
1466417228,6.1,7.427456978762797,7.427456978762797,True
1466417235,6.1,6.273848990051454,6.273848990051454,True
1466417266,4.6,5.159048331890382,5.159048331890382,True
1466417298,4.6,4.6,3.9998869381506648,False
1466417382,4.6,5.262759820063544,5.262759820063544,True
1466417429,4.6,4.6,3.3390500335485007,False
1466417434,4.6,3.931254432399497,3.931254432399497,True
1466417513,4.6,4.608385473584107,4.608385473584107,True
1466417598,4.6,7.0914844878367855,7.0914844878367855,True
1466417615,4.6,5.481267952210704,5.481267952210704,True
1466417654,4.6,5.936436591205043,5.936436591205043,True
1466417749,4.6,3.063381699979824,3.063381699979824,True
1466417763,4.6,4.6,7.4615724971174435,False
1466417822,4.6,4.6,3.4634671296205335,False
1466417851,4.6,7.537354494145095,7.537354494145095,True
1466417855,4.6,3.749788831849246,3.749788831849246,True
1466417879,4.6,4.6,7.824515328608456,False
1466417895,4.6,4.6,5.085983243024392,False
1466417969,4.6,3.9137451167006083,3.9137451167006083,True
1466418049,4.6,4.6,4.466058692855103,False
1466418118,4.6,4.6,4.755626174859262,False
1466418129,7.8,7.8,7.35900019828018,False
1466418179,7.8,6.880267340375173,6.880267340375173,True
1466418254,7.8,7.8,4.872133770086521,False
1466418332,6.1,7.551341361616586,7.551341361616586,True
1466418428,6.1,4.72759762288918,4.72759762288918,True
1466418494,6.1,6.790564764553602,6.790564764553602,True
1466418554,6.1,3.538342187486566,3.538342187486566,True
1466418563,6.1,6.1,5.7376447127611385,False
1466418564,4.5,3.354294750022501,3.354294750022501,True
1466418594,4.5,4.5,6.789532698712337,False
1466418674,4.5,4.5,6.5557964184439665,False
1466418748,4.5,4.5,4.25043675521692,False
1466418847,4.5,4.5,7.108463482267606,False
1466418877,4.5,7.513870922316347,7.513870922316347,True
1466418917,4.5,4.5,5.5006319389350615,False
1466418938,3.5,3.5,5.354802184119334,False
1466419031,3.5,3.5,6.691066608532251,False
1466419058,3.5,3.5,3.936049347064059,False
1466419104,3.5,4.341961446546266,4.341961446546266,True
1466419166,3.5,4.476033045138711,4.476033045138711,True
1466419261,3.5,3.6378644595942444,3.6378644595942444,True
1466419349,7.7,7.7,3.193410826776905,False
1466419442,5.0,5.0,6.667853215828812,False
1466419530,5.0,3.6211892660134195,3.6211892660134195,True
1466419595,3.7,5.826618920852005,5.826618920852005,True
1466419646,3.7,4.482383890603021,4.482383890603021,True
1466419737,3.7,5.777894756332403,5.777894756332403,True
1466419826,3.7,3.633899383462359,3.633899383462359,True
1466419880,6.7,6.7,4.07583394064164,False
1466419911,6.7,4.560913178014943,4.560913178014943,True
1466419938,6.7,6.7,5.293767314690251,False
1466420016,6.7,4.510173558449454,4.510173558449454,True
1466420019,7.9,7.9,4.011210141817619,False
1466420108,7.9,7.9,6.556952278935223,False
1466420205,7.9,7.9,4.162567398157013,False
1466420228,7.9,3.182967745976306,3.182967745976306,True
1466420257,7.9,5.566860681125611,5.566860681125611,True
1466420270,7.9,7.9,5.163320619366967,False
1466420296,6.4,6.4,7.619360359721109,False
1466420331,6.4,6.4,7.111215578818242,False
1466420407,6.4,6.4,5.825442846877745,False
1466420430,6.4,6.4,4.80301972697951,False
1466420453,6.4,6.4,5.8931833236117175,False
1466420474,3.7,7.831767294031037,7.831767294031037,True
1466420566,3.7,3.202037823924986,3.202037823924986,True
1466420579,7.9,7.9,6.061988600110224,False
1466420618,7.9,7.253229805499074,7.253229805499074,True
1466420624,7.9,7.9,4.532435337950782,False
1466420643,6.4,6.4,3.804189625731559,False
1466420695,6.1,6.1,7.241392753240117,False
1466420788,6.2,5.715307585797859,5.715307585797859,True
1466420863,3.4,7.9945765122460015,7.9945765122460015,True
1466420947,3.4,7.732191210470242,7.732191210470242,True
1466421003,3.4,4.232654004053154,4.232654004053154,True
1466421032,3.4,7.783486438894607,7.783486438894607,True
1466421050,6.1,6.1,3.4483372610684118,False
1466421116,5.1,5.1,5.09729772326531,False
1466421208,5.1,5.1,5.366907260703265,False
1466421234,6.1,6.1,5.681148230113797,False
1466421262,6.1,3.0625900308464713,3.0625900308464713,True
1466421353,6.1,6.1,3.9240796456469793,False
1466421360,6.1,6.1,7.498445702920486,False
1466421392,6.1,6.1,4.820641463072345,False
1466421480,6.1,6.1,6.804754769213785,False
1466421530,5.2,7.6420208724262375,7.6420208724262375,True
1466421547,5.2,5.2,7.248937882470621,False
1466421591,5.2,7.693716042362917,7.693716042362917,True
1466421633,5.2,5.2,4.481315082391241,False
1466421636,5.2,5.2,7.077025799530302,False
1466421670,5.2,6.84579072871958,6.84579072871958,True
1466421695,7.4,7.4,3.2639676884708235,False
1466421721,7.4,6.3079726861196415,6.3079726861196415,True
1466421804,6.6,6.6,7.936005629270945,False
1466421819,6.6,4.210999134379724,4.210999134379724,True
1466421862,6.6,3.5046891533584934,3.5046891533584934,True
1466421885,6.6,6.6,5.658456512562649,False
1466421936,5.8,4.676895531183475,4.676895531183475,True
1466422012,5.8,5.8,5.503550974836699,False
1466422044,5.8,5.311598267992888,5.311598267992888,True
1466422045,5.8,5.8,4.721095119952446,False
1466422137,5.8,3.491802643330173,3.491802643330173,True
1466422162,5.8,7.205879092223598,7.205879092223598,True
1466422189,4.3,4.874183390844166,4.874183390844166,True
1466422197,4.3,3.3699879551749152,3.3699879551749152,True
1466422264,4.3,4.3,3.0479732246820386,False
1466422330,4.3,6.100489329388903,6.100489329388903,True
1466422378,4.3,4.3,7.726808467241929,False
1466422432,4.3,4.3,3.5619075636874666,False
1466422488,4.3,4.3,7.13194694829922,False
1466422577,7.6,3.8160011846743838,3.8160011846743838,True
1466422628,7.6,3.25711706446034,3.25711706446034,True
1466422638,7.6,7.599377773758708,7.599377773758708,True
1466422666,7.6,7.6,3.6536164702194447,False
1466422706,7.6,7.6,4.180580241911556,False
1466422731,7.6,7.6,5.390314278613446,False
1466422804,7.6,7.6,3.2699642253905203,False
1466422866,7.6,7.6,5.19639440323361,False
1466422873,7.6,4.660247807902721,4.660247807902721,True
1466422895,7.6,7.6,5.641882581199035,False
1466422953,7.6,5.26406716760325,5.26406716760325,True
1466422973,7.6,3.209217612510419,3.209217612510419,True
1466423017,7.6,6.179999956255179,6.179999956255179,True
1466423051,7.6,4.5976821227615154,4.5976821227615154,True
1466423099,7.6,7.6,4.05729100635641,False
1466423150,7.6,7.6,5.103492576137471,False
1466423155,7.6,6.411087524405537,6.411087524405537,True
1466423168,7.6,4.561977031207498,4.561977031207498,True
1466423205,7.6,5.599215105161777,5.599215105161777,True
1466423275,7.6,7.6,7.421076677527015,False
1466423287,7.6,6.041148547327829,6.041148547327829,True
1466423336,6.1,5.581305727773674,5.581305727773674,True
1466423340,6.1,6.1,6.5996182284322895,False
1466423355,5.3,5.3,6.781908757748494,False
1466423443,5.3,6.5941098262558615,6.5941098262558615,True
1466423499,5.3,5.3,3.292614404574747,False
1466423585,3.7,3.791580120322592,3.791580120322592,True
1466423612,3.7,3.7,3.462825492227013,False
1466423669,3.7,3.7,4.317326431063904,False
1466423705,3.7,3.7,7.337979187497668,False
1466423770,3.7,3.7,4.312008239404282,False
1466423844,3.7,6.765243706246041,6.765243706246041,True
1466423902,4.0,5.52468629499251,5.52468629499251,True
1466423913,4.0,4.0,4.272552082440507,False
1466423972,4.0,7.785346417442993,7.785346417442993,True
1466424014,4.0,4.0,6.45309565275847,False
1466424069,4.0,4.0,4.9175839770109855,False
1466424154,4.0,3.4841737731448665,3.4841737731448665,True
1466424155,4.0,5.247689596735336,5.247689596735336,True
1466424169,4.0,4.0,6.008421217761308,False
1466424262,5.5,6.488833676204452,6.488833676204452,True
1466424339,5.5,5.5,3.4421767972230164,False
1466424398,5.5,3.291820268701774,3.291820268701774,True
1466424497,3.7,3.7,7.167280193061382,False
1466424558,3.7,3.974805109009357,3.974805109009357,True
1466424613,3.7,5.825243937559936,5.825243937559936,True
1466424713,3.7,3.5473616388553744,3.5473616388553744,True
1466424804,5.2,6.65348894396633,6.65348894396633,True
1466424878,6.3,6.264038517847872,6.264038517847872,True
1466424924,6.3,5.6516417091503275,5.6516417091503275,True
1466425009,6.3,7.75767125942098,7.75767125942098,True
1466425106,6.3,6.3,7.773906552644562,False
1466425129,6.3,3.1985062130881614,3.1985062130881614,True
1466425179,6.2,6.2,7.853238450340797,False
1466425257,6.2,6.2,3.4662729493875206,False
1466425262,6.2,5.449024800483178,5.449024800483178,True
1466425305,5.4,4.0107437927474905,4.0107437927474905,True
1466425331,5.4,5.4,4.9536178837008595,False
1466425338,5.4,5.4,5.215953376858266,False
1466425377,5.4,5.4,3.597755836378888,False
1466425380,7.2,7.280241344809976,7.280241344809976,True
1466425417,7.2,4.237580652695145,4.237580652695145,True
1466425484,7.2,3.139461297528793,3.139461297528793,True
1466425517,7.2,3.179614482167276,3.179614482167276,True
1466425553,7.2,7.2,5.052695979151272,False
1466425640,3.7,3.7,5.157051342326276,False
1466425687,3.7,4.285150664340528,4.285150664340528,True
1466425711,3.7,3.7,4.33105891643134,False
1466425768,3.7,3.7,4.32036942983493,False
1466425811,3.7,3.7,6.779204926019089,False
1466425856,3.7,3.7,6.451833653383146,False
1466425869,3.7,4.909149962407669,4.909149962407669,True
1466425884,3.7,3.7,6.68921359200851,False
1466425962,3.7,3.7,7.903486491261086,False
1466425974,3.7,7.681216608536035,7.681216608536035,True
1466426016,3.7,7.711401742583333,7.711401742583333,True
1466426024,3.7,6.833501825804312,6.833501825804312,True
1466426034,3.7,6.3750920699775655,6.3750920699775655,True
1466426130,3.7,5.975092059779688,5.975092059779688,True
1466426189,3.7,4.7178837467498,4.7178837467498,True
1466426198,3.7,4.632345421249071,4.632345421249071,True
1466426280,4.6,5.955787608646396,5.955787608646396,True
1466426298,4.6,3.4446591825132007,3.4446591825132007,True
1466426380,4.6,4.6,7.035270472721674,False
1466426420,4.6,4.6,6.349862680151269,False
1466426509,4.6,4.6,6.480232296593335,False
1466426521,4.6,3.2050650746471905,3.2050650746471905,True
1466426535,4.6,4.6,5.800431629218229,False
1466426563,4.6,4.6,4.3375518112486695,False
1466426620,4.6,4.6,7.109773910319632,False
1466426694,4.6,4.6,4.666060775390164,False
1466426764,4.6,4.6,7.407203478206344,False
1466426778,4.6,6.094319096705319,6.094319096705319,True
1466426866,4.6,4.6,7.671958309864563,False
1466426938,6.8,6.8,6.925934179266793,False
1466427022,6.8,3.803416422279239,3.803416422279239,True
1466427059,6.8,6.8,4.705907606532536,False
1466427125,6.8,6.8,6.108003551153127,False
1466427204,6.8,6.811367585090376,6.811367585090376,True
1466427240,6.8,6.8,3.5876570225334756,False
1466427317,6.8,7.3704577121123815,7.3704577121123815,True
1466427319,6.8,6.8,4.378967260106611,False
1466427331,6.8,6.8,7.862903197435625,False
1466427425,6.8,6.8,4.3272703627658355,False
1466427458,6.8,6.8,7.8456098875744145,False
1466427495,6.8,6.8,6.644459666249878,False
1466427543,6.7,3.8233192016610165,3.8233192016610165,True
1466427625,6.7,5.465710053199274,5.465710053199274,True
1466427663,6.7,5.233479228447221,5.233479228447221,True
1466427672,6.7,6.7,7.326216616026651,False
1466427684,6.7,5.408628534654026,5.408628534654026,True
1466427739,6.7,3.5942487954323674,3.5942487954323674,True
1466427769,6.7,6.7,4.984277366007331,False
1466427775,6.7,4.217624180513761,4.217624180513761,True
1466427820,6.7,7.672648579548325,7.672648579548325,True
1466427837,6.7,3.481183212874709,3.481183212874709,True
1466427846,6.7,3.389278897711811,3.389278897711811,True
1466427904,4.3,4.3,6.944641259881753,False
1466427997,6.9,6.9,5.439587580071297,False
1466428027,6.9,7.569710894929021,7.569710894929021,True
1466428114,6.9,6.9,3.627880176136804,False
1466428212,5.7,3.264268699670292,3.264268699670292,True
1466428294,5.7,7.978669703085457,7.978669703085457,True
1466428321,5.7,5.7,5.2971300354240185,False
1466428340,5.7,5.7,7.113020479982957,False
1466428378,5.7,5.511673685970876,5.511673685970876,True
1466428463,4.2,4.2,7.502168348057276,False
1466428551,7.4,3.6414429949712748,3.6414429949712748,True
1466428575,7.4,7.4,5.2053441985896605,False
1466428593,7.4,7.059313366310873,7.059313366310873,True
1466428682,7.4,7.4,6.721534179835012,False
1466428699,4.7,4.7,3.927389420355172,False
1466428719,4.7,4.7,3.293276083875649,False
1466428819,4.7,4.7,3.0017352508492436,False
1466428850,4.7,4.7,4.476686355400714,False
1466428884,6.6,6.6,6.562280046125599,False
1466428973,6.6,6.6,4.977392529497586,False
1466429006,7.4,4.303838390139871,4.303838390139871,True
1466429026,7.4,7.239031029099397,7.239031029099397,True
1466429066,7.4,6.267106760426304,6.267106760426304,True
1466429072,7.4,7.202177263204209,7.202177263204209,True
1466429103,6.7,6.7,4.504275550524442,False
1466429110,6.7,6.7,5.668016417585035,False
1466429123,6.7,6.7,4.799525455687703,False
1466429168,6.7,7.3908287476498264,7.3908287476498264,True
1466429182,6.7,5.080411868320912,5.080411868320912,True
1466429184,6.7,4.173984167031847,4.173984167031847,True
1466429197,6.7,6.7,3.538812232908517,False
1466429280,7.9,7.9,6.178527287247918,False
1466429378,5.4,6.070122025519676,6.070122025519676,True
1466429450,5.4,7.466102395311824,7.466102395311824,True
1466429455,5.4,3.7741656192620145,3.7741656192620145,True
1466429510,5.4,5.4,3.523788321695971,False
1466429565,5.4,5.4,6.932063531813101,False
1466429566,5.4,7.85677910003666,7.85677910003666,True
1466429592,5.4,5.13731987101073,5.13731987101073,True
1466429623,5.4,5.4,4.762853975405079,False
1466429691,5.4,5.4,6.2085876762802,False
1466429733,5.4,5.03110818314815,5.03110818314815,True
1466429803,5.4,5.4,7.060908402501068,False
1466429832,5.4,5.4,4.163054374729834,False
1466429905,5.4,4.615557488250335,4.615557488250335,True
1466429997,6.4,6.4,5.131071152487446,False
1466430050,6.4,6.4,4.332413092342052,False
1466430088,6.4,3.1169086691344883,3.1169086691344883,True
1466430174,6.4,6.4,7.997382565909789,False
1466430247,6.4,6.4,3.73320212493418,False
1466430344,5.1,5.1,6.407805145330981,False
1466430375,5.1,7.523679515590994,7.523679515590994,True
1466430400,5.1,5.966478996186452,5.966478996186452,True
1466430457,5.1,7.195921464435984,7.195921464435984,True
1466430483,5.1,5.1,4.43331502629218,False
1466430517,5.1,3.0112014444236372,3.0112014444236372,True
1466430524,5.1,4.997505831141278,4.997505831141278,True
1466430592,5.1,5.1,3.201256818288612,False
1466430616,5.1,5.1,3.009937362980649,False
1466430631,5.1,5.077524811771454,5.077524811771454,True
1466430680,5.1,5.1,4.010837436348849,False
1466430734,5.1,5.1,5.863851995368371,False
1466430790,5.1,5.1,5.582807060241661,False
1466430815,5.1,7.881946531123881,7.881946531123881,True
1466430895,5.1,5.1,7.439328931332504,False
1466430916,5.1,5.1,3.7467258538075656,False
1466430929,5.1,5.1,4.501856454400759,False
1466430936,5.1,7.325436357510069,7.325436357510069,True
1466431009,5.1,6.335135861220801,6.335135861220801,True
1466431036,5.1,5.1,5.08951565299147,False
1466431055,5.1,5.1,7.850154129231409,False
1466431145,5.1,3.3054146227753614,3.3054146227753614,True
1466431218,5.1,6.741652921669472,6.741652921669472,True
1466431290,5.1,6.880309117677485,6.880309117677485,True
1466431324,5.1,5.1,7.839333497969662,False
1466431400,5.1,5.1,3.8973298220067365,False
1466431450,5.1,4.356235820033665,4.356235820033665,True
1466431526,5.1,7.758832559183892,7.758832559183892,True
1466431589,5.1,3.0150655035063725,3.0150655035063725,True
1466431661,5.1,5.1,3.718944934049994,False
1466431760,3.0,3.0,3.1075084052398347,False
1466431796,3.0,3.0,5.95120327524911,False
1466431848,3.0,5.771401187792446,5.771401187792446,True
1466431879,3.0,7.195880867542893,7.195880867542893,True
1466431954,3.0,3.841087985597584,3.841087985597584,True
1466431958,3.0,3.0,7.839127807056142,False
1466432002,3.0,4.923380888376565,4.923380888376565,True
1466432101,3.0,4.153170806127982,4.153170806127982,True
1466432177,3.0,3.726572171400268,3.726572171400268,True
1466432194,3.0,6.339377324176733,6.339377324176733,True
1466432237,3.0,3.0,3.917962274481026,False
1466432280,3.0,3.0,3.5272591791342798,False
1466432373,3.0,3.0,3.4183422076949608,False
1466432389,3.0,3.0,3.8885572568217985,False
1466432415,3.0,4.885336104641078,4.885336104641078,True
1466432417,3.0,3.0,3.6995801315849857,False
1466432506,3.0,3.0,5.825217631426016,False
1466432569,3.0,3.0,5.7750180279766,False
1466432577,3.0,3.832177860706491,3.832177860706491,True
1466432670,3.0,6.927286080379551,6.927286080379551,True
1466432706,3.0,3.0,7.676108245879177,False
1466432804,3.0,3.0,4.747961477111948,False
1466432853,3.0,3.0,7.740798996696325,False
1466432947,3.0,7.849487793785472,7.849487793785472,True
1466433040,3.0,3.0,3.0754029038795787,False
1466433128,6.2,6.2,6.930461732790756,False
1466433145,6.2,6.2,5.1536857705089405,False
1466433195,3.4,3.5781589633713944,3.5781589633713944,True
1466433289,3.4,3.4164937558147046,3.4164937558147046,True
1466433375,3.4,3.4,4.30305671761476,False
1466433427,3.4,3.4,6.710463136084035,False
1466433478,3.5,3.5,4.95434723026967,False
1466433517,6.7,6.7,3.1305774059361924,False
1466433615,6.7,5.620262975608281,5.620262975608281,True
1466433672,6.7,6.7,3.049809146170861,False
1466433762,6.7,6.7,5.32725176178684,False
1466433809,6.7,6.7,3.956449773165474,False
1466433873,6.7,6.7,7.654089211094838,False
1466433910,6.7,6.7,3.380730429163465,False
1466433994,6.7,7.087549488189671,7.087549488189671,True
1466434003,6.7,5.025677022640382,5.025677022640382,True
1466434045,6.7,6.7,6.9392315540538165,False
1466434096,6.7,6.7,3.0182133700987968,False
1466434173,4.9,4.9,4.919594023322804,False
1466434199,7.4,6.017081290339667,6.017081290339667,True
1466434224,7.4,3.786565032646667,3.786565032646667,True
1466434308,7.4,7.4,7.1896979108025,False
1466434359,6.4,6.4,7.734980670609283,False
1466434371,6.4,6.29482205766385,6.29482205766385,True
1466434457,6.4,3.871517678356631,3.871517678356631,True
1466434498,6.4,6.4,4.438151063888736,False
1466434552,6.4,5.82070643583752,5.82070643583752,True
1466434622,6.4,5.310301146397142,5.310301146397142,True
1466434691,6.4,4.2585459726848285,4.2585459726848285,True
1466434718,5.0,4.9191073880752425,4.9191073880752425,True
1466434727,6.5,7.533832623531958,7.533832623531958,True
1466434815,7.5,7.5,4.862270967241479,False
1466434892,7.5,7.576129247554407,7.576129247554407,True
1466434915,7.5,7.5,7.011978192861357,False
1466434946,3.2,3.2,4.370727160218047,False
1466434988,4.0,4.0,6.068331176210174,False
1466435020,4.0,4.0,6.056964925814798,False
1466435090,4.0,4.0,4.800560260344325,False
1466435099,4.0,4.0,5.744545384684032,False
1466435145,4.0,4.0,3.0246641429662513,False
1466435186,4.0,4.0,6.230197813133092,False
1466435246,4.0,6.932599087658666,6.932599087658666,True
1466435284,4.0,5.269438656347774,5.269438656347774,True
1466435327,5.4,5.4,6.181122414178285,False
1466435369,5.4,5.4,4.257268624773206,False
1466435408,5.4,7.409521560523917,7.409521560523917,True
1466435468,5.4,5.4,5.809895482050945,False
1466435486,5.4,5.4,6.920635226487052,False
1466435555,4.9,7.806623155510196,7.806623155510196,True
1466435624,4.5,7.718227012881825,7.718227012881825,True
1466435659,4.5,6.023599173023195,6.023599173023195,True
1466435682,5.0,5.0,3.60328830267407,False
1466435712,5.0,7.1977789314671385,7.1977789314671385,True
1466435794,5.0,5.0,3.0460969026732987,False
1466435878,5.0,5.0,3.173708255020113,False
1466435904,5.0,4.822488024401266,4.822488024401266,True
1466435971,3.7,7.495298530611351,7.495298530611351,True
1466436041,3.7,3.7,5.649196146119077,False
1466436059,3.7,7.4453517542990815,7.4453517542990815,True
1466436093,3.7,3.7,7.183964595038639,False
1466436178,3.7,3.7,5.428889295284748,False
1466436230,3.7,5.650260065175473,5.650260065175473,True
1466436280,7.7,7.7,5.504625382966876,False
1466436332,7.7,6.026949298141394,6.026949298141394,True
1466436333,7.7,7.991971648285926,7.991971648285926,True
1466436431,7.7,7.7,5.964950481605888,False
1466436520,7.7,7.7,7.81983400691529,False
1466436572,7.7,7.7,5.591731500865473,False
1466436647,7.7,7.7,7.465383655277836,False
1466436655,7.7,5.873376737595108,5.873376737595108,True
1466436727,7.7,7.7,3.1624204482690708,False
1466436793,7.7,3.0830319830841733,3.0830319830841733,True
1466436879,7.7,7.7,4.78761626168837,False
1466436880,7.7,3.477927570254042,3.477927570254042,True
1466436939,7.7,7.7,3.6466226770241206,False
1466437015,5.2,5.2,7.635034005768767,False
1466437048,5.2,5.7116505373504385,5.7116505373504385,True
1466437088,5.2,4.495275958929645,4.495275958929645,True
1466437105,3.5,3.5,3.4796803231933806,False
1466437122,3.5,3.5,7.951173784761743,False
1466437160,3.5,4.706258868559471,4.706258868559471,True
1466437232,7.1,7.1,6.416267092736817,False
1466437321,6.2,6.2,3.0587169925616493,False
1466437335,3.9,3.4905764760731595,3.4905764760731595,True
1466437358,3.9,7.2214503716039955,7.2214503716039955,True
1466437441,5.0,5.0,6.182543049020164,False
1466437480,5.0,5.0,7.135583232475494,False
1466437561,5.2,5.2,4.8801003550495174,False
1466437653,5.2,6.812760470989855,6.812760470989855,True
1466437709,5.2,5.2,4.694557690388825,False
1466437798,5.2,5.2,7.441459585216207,False
1466437869,5.2,7.514561300641428,7.514561300641428,True
1466437952,5.2,7.687200332240555,7.687200332240555,True
1466438037,5.2,5.2,3.2305399440324756,False
1466438054,5.2,7.981849418085178,7.981849418085178,True
1466438056,5.2,7.403677050729254,7.403677050729254,True
1466438136,5.2,5.724845260288013,5.724845260288013,True
1466438234,5.2,5.2,6.165190990352101,False
1466438261,4.7,3.546331671622806,3.546331671622806,True
1466438348,4.7,6.737124490326909,6.737124490326909,True
1466438407,7.2,7.2,5.330489859708969,False
1466438422,3.4,4.327366558140852,4.327366558140852,True
1466438476,3.4,3.2654922488209586,3.2654922488209586,True
1466438571,3.4,3.4,5.254521071473668,False
1466438612,3.4,3.4,6.248446191545225,False
1466438620,3.4,3.4,7.663334214193927,False
1466438698,3.4,3.4,6.678440457480813,False
1466438747,3.6,3.6,6.066731532719631,False
1466438795,6.2,5.161183786850044,5.161183786850044,True
1466438810,6.2,3.0649283143024597,3.0649283143024597,True
1466438888,7.0,7.0,4.836956781998499,False
1466438975,7.0,7.0,4.562772605614114,False
1466439000,7.0,7.0,3.977203322870832,False
1466439092,7.0,7.996705270659731,7.996705270659731,True
1466439150,7.0,4.665245242251012,4.665245242251012,True
1466439229,7.0,5.97774898919454,5.97774898919454,True
1466439279,7.0,6.574181876099128,6.574181876099128,True
1466439328,7.0,5.1609025709699115,5.1609025709699115,True
1466439351,7.0,7.053771613381304,7.053771613381304,True
1466439447,7.0,7.0,7.789166619958573,False
1466439466,7.0,7.0,5.563457165231554,False
1466439480,7.0,3.1113276439214643,3.1113276439214643,True
1466439560,7.0,7.0,6.986117896838312,False
1466439600,7.0,7.0,3.521921876675186,False
1466439645,7.0,4.2759513114459935,4.2759513114459935,True
1466439729,7.0,7.0,4.252078914598091,False
1466439772,7.0,4.941538541143833,4.941538541143833,True
1466439827,7.0,7.0,5.559926933228162,False
1466439849,6.8,6.056058671935443,6.056058671935443,True
1466439910,6.8,4.98058864924991,4.98058864924991,True
1466439990,6.8,6.8,4.7043575534474495,False
1466440005,6.8,6.8,5.53321843071515,False
1466440006,7.8,7.564389565267746,7.564389565267746,True
1466440045,7.8,7.8,6.9277217793093175,False
1466440066,7.8,7.8,5.38826289477977,False
1466440154,3.9,4.382409675353777,4.382409675353777,True
1466440214,4.7,6.457722710739277,6.457722710739277,True
1466440226,6.9,6.9,6.273602505593347,False
1466440304,6.9,6.9,5.852669385444783,False
1466440385,6.9,6.9,6.1221795244991535,False
1466440451,6.9,6.9,6.636730613316667,False
1466440521,6.9,6.9,5.430810927966389,False
1466440581,6.9,7.938367919579595,7.938367919579595,True
1466440674,6.9,6.9,5.719049597687002,False
1466440727,6.9,5.16202779704541,5.16202779704541,True
1466440821,6.9,3.1111033903613285,3.1111033903613285,True
1466440827,6.9,6.9,4.993974872444186,False
1466440897,6.9,6.151381738457633,6.151381738457633,True
1466440923,6.9,3.090664675701379,3.090664675701379,True
1466441012,6.9,4.443626833891187,4.443626833891187,True
1466441049,6.9,6.9,3.180615423746577,False
1466441147,6.9,6.9,3.3042216183608204,False
1466441213,6.9,6.9,6.835150528160288,False
1466441311,4.4,7.555213443933816,7.555213443933816,True
1466441318,4.4,6.157314872527079,6.157314872527079,True
1466441418,4.4,4.4,5.330045662873757,False
1466441510,5.0,5.0,4.475316262211437,False
1466441541,5.0,5.0,3.605231494686281,False
1466441579,5.0,3.428621969757501,3.428621969757501,True
1466441630,5.0,5.605516225131949,5.605516225131949,True
1466441714,5.0,5.0,4.284665129364635,False
1466441724,3.8,5.848369617111647,5.848369617111647,True
1466441741,3.8,3.4649963731548006,3.4649963731548006,True
1466441822,3.8,3.8,3.0516077742923664,False
1466441883,3.8,6.171595770258415,6.171595770258415,True
1466441934,3.6,3.093051194750935,3.093051194750935,True
1466441947,3.6,7.685848988623155,7.685848988623155,True
1466442046,3.6,3.6,7.64646309941229,False
1466442137,3.6,3.6,6.106124133978335,False
1466442175,3.6,5.44271170039402,5.44271170039402,True
1466442216,4.1,4.762409066632102,4.762409066632102,True
1466442284,4.1,3.913780059892213,3.913780059892213,True
1466442332,4.1,4.76620189226472,4.76620189226472,True
1466442358,7.3,7.3,5.302269860517512,False
1466442362,7.3,4.756099644422081,4.756099644422081,True
1466442439,7.3,5.669560437749164,5.669560437749164,True
1466442490,7.3,7.14132173464108,7.14132173464108,True
1466442498,7.3,7.3,7.921359494678941,False
1466442508,7.7,7.7,3.9633704753085883,False
1466442518,7.7,7.7,4.500084924471905,False
1466442556,7.7,7.7,3.218736637124647,False
1466442656,3.9,4.647973231675012,4.647973231675012,True
1466442662,3.9,7.9517261699902635,7.9517261699902635,True
1466442703,3.9,3.9,3.0086900532695173,False
1466442768,3.9,3.9,5.277814663427947,False
1466442788,6.7,6.7,3.56897399233989,False
1466442886,6.7,6.5703275394428715,6.5703275394428715,True
1466442980,6.7,6.7,7.342441069785849,False
1466443000,6.7,6.7,4.176478740826923,False
1466443029,6.7,3.975590601697957,3.975590601697957,True
1466443038,6.7,6.7,6.857561462059265,False
1466443089,6.1,7.380768721602197,7.380768721602197,True
1466443162,6.1,6.1,6.620898037807816,False
1466443201,6.1,5.453863383732518,5.453863383732518,True
1466443219,6.1,5.573057290342836,5.573057290342836,True
1466443263,6.1,6.1,6.2534102143037975,False
1466443350,6.1,3.9613109999423406,3.9613109999423406,True
1466443373,6.1,6.1,5.281553142780268,False
1466443392,6.1,6.1,4.812068058451876,False
1466443402,6.1,6.1,5.89635350165007,False
1466443486,5.6,5.6,7.394225692191313,False
1466443511,3.0,3.0,5.00919175624354,False
1466443584,3.0,4.825551265282986,4.825551265282986,True
1466443677,3.0,6.330354024331266,6.330354024331266,True
1466443725,3.0,3.0,5.596966258157308,False
1466443727,3.0,3.0,5.1662035985245485,False
1466443750,3.0,4.995412245524031,4.995412245524031,True
1466443761,3.0,3.6875881381705624,3.6875881381705624,True
1466443808,3.0,4.187873577548517,4.187873577548517,True
1466443861,3.0,3.0,6.817423480839906,False
1466443929,3.0,3.0,6.436263833373982,False
1466443986,3.0,7.900764986961461,7.900764986961461,True
1466444043,3.0,3.0,5.368873099479023,False
1466444110,5.7,5.7,5.384979856073819,False
1466444192,5.7,5.7,5.69784439823638,False
1466444287,5.7,5.7,4.179865721301724,False
1466444294,5.7,5.7,6.914963921266759,False
1466444366,4.6,7.274534721209937,7.274534721209937,True
1466444466,4.3,7.995023953867349,7.995023953867349,True
1466444505,4.3,4.796436548000608,4.796436548000608,True
1466444556,4.3,4.3,6.7940464241195295,False
1466444624,4.3,3.2146909692083754,3.2146909692083754,True
1466444663,4.3,4.3,4.5584154578979295,False
1466444685,4.3,4.3,4.402738344862874,False
1466444756,4.3,4.3,6.481365420210577,False
1466444781,4.3,4.3,4.805322636386471,False
1466444840,7.1,5.724516432003597,5.724516432003597,True
1466444854,3.0,4.761531051613483,4.761531051613483,True
1466444860,3.0,3.0,6.295947499592248,False
1466444959,3.0,3.0,4.0381119382058515,False
1466445058,5.5,5.687182230918772,5.687182230918772,True
1466445107,5.5,5.5,4.2222561848405915,False
1466445165,5.5,5.5,6.556479944399191,False
1466445170,5.5,7.420005587093509,7.420005587093509,True
1466445173,5.5,5.5,4.6162804508207955,False
1466445247,5.5,5.5,4.631228081430526,False
1466445305,5.5,7.141749229343664,7.141749229343664,True
1466445333,5.5,7.043835078978942,7.043835078978942,True
1466445356,7.8,4.054376273134341,4.054376273134341,True
1466445430,7.8,4.353246787210065,4.353246787210065,True
1466445491,4.6,5.160241352496852,5.160241352496852,True
1466445497,6.4,5.377990596551495,5.377990596551495,True
1466445514,6.4,6.4,7.119085510476203,False
1466445549,4.5,6.5771123498461765,6.5771123498461765,True
1466445640,4.5,6.5539812698294755,6.5539812698294755,True
1466445648,4.4,5.234996722412159,5.234996722412159,True
1466445739,4.4,5.077098387322666,5.077098387322666,True
1466445814,4.4,4.4,3.1568630936688757,False
1466445879,4.4,7.643577789480906,7.643577789480906,True
1466445909,4.4,4.4,4.5783861176727365,False
1466445965,4.4,4.4,6.154410894656241,False
1466446021,4.4,4.4,4.617560302252937,False
1466446045,4.4,5.677930237109176,5.677930237109176,True
1466446071,4.4,4.4,5.685986370779618,False
1466446120,4.4,4.344066979063863,4.344066979063863,True
1466446168,4.4,4.192038003546881,4.192038003546881,True
1466446253,4.4,3.045295132718697,3.045295132718697,True
1466446302,4.4,3.086908459956489,3.086908459956489,True
1466446389,5.1,7.2805598539762375,7.2805598539762375,True
1466446404,4.2,4.2,7.791970165571859,False
1466446494,4.2,4.2,4.3662286040999545,False
1466446594,4.9,5.979034129297588,5.979034129297588,True
1466446643,4.9,4.9,5.378928872609562,False
1466446669,4.9,3.8991933057475467,3.8991933057475467,True
1466446690,4.9,4.9,6.435603586357754,False
1466446735,4.9,4.9,6.722562757134553,False
1466446766,4.9,4.9,4.192550792544541,False
1466446852,4.9,7.201804802382826,7.201804802382826,True
1466446902,4.9,3.9930434528429433,3.9930434528429433,True
1466446945,4.7,7.662201529223425,7.662201529223425,True
1466446987,4.7,4.7,4.377463506694071,False
1466447036,4.7,4.7,5.179901565082707,False
1466447112,4.7,5.073520775859939,5.073520775859939,True
1466447129,4.7,3.010324660165626,3.010324660165626,True
1466447189,4.7,4.7,4.9808741885403345,False
1466447224,4.7,3.4138669806252087,3.4138669806252087,True
1466447270,4.7,4.863160078247789,4.863160078247789,True
1466447272,6.0,6.0,5.094028596345844,False
1466447348,6.0,5.024624373230308,5.024624373230308,True
1466447359,4.3,4.3,3.6042786807103235,False
1466447388,4.3,7.050833744197292,7.050833744197292,True
1466447390,4.3,3.928752989772843,3.928752989772843,True
1466447425,4.3,7.5331540779240775,7.5331540779240775,True
1466447463,4.3,3.1542897599737025,3.1542897599737025,True
1466447485,4.3,5.891399791899768,5.891399791899768,True
1466447545,4.3,4.663770543277942,4.663770543277942,True
1466447553,4.3,4.3,3.6734016575166253,False
1466447554,4.3,7.716469976131576,7.716469976131576,True
1466447573,4.3,4.3,5.2132145372341405,False
1466447634,4.3,3.0767313351040757,3.0767313351040757,True
1466447695,4.3,4.3,3.3138130252811973,False
1466447762,7.1,7.1,7.813167205708979,False
1466447844,7.1,7.1,3.2174382361373923,False
1466447885,7.1,7.1,7.162916845896558,False
1466447943,7.1,4.536077820902957,4.536077820902957,True
1466447956,7.1,7.1,3.785945470153523,False
1466448041,7.1,4.313111682711258,4.313111682711258,True
1466448140,7.1,7.062753538748888,7.062753538748888,True
1466448215,7.1,5.1926511539086,5.1926511539086,True
1466448270,7.1,5.965061137181934,5.965061137181934,True
1466448302,7.1,6.1245034259502145,6.1245034259502145,True
1466448368,7.1,7.1,3.685439515427395,False
1466448422,7.1,7.1,6.529490286387258,False
1466448517,7.1,5.4612765710241415,5.4612765710241415,True
1466448614,7.1,3.278084644975363,3.278084644975363,True
1466448701,7.3,6.942427742794202,6.942427742794202,True
1466448743,7.3,6.668401356949127,6.668401356949127,True
1466448805,7.3,6.091080945785407,6.091080945785407,True
1466448844,7.3,4.423318589750608,4.423318589750608,True
1466448896,7.0,3.7941078365257215,3.7941078365257215,True
1466448984,7.0,3.7610516744515023,3.7610516744515023,True
1466449031,7.9,5.41797585160627,5.41797585160627,True
1466449045,7.9,3.163665567502594,3.163665567502594,True
1466449099,7.0,7.0,3.0206462419168436,False
1466449171,5.4,5.4,5.998581264258052,False
1466449261,5.4,5.110816794556358,5.110816794556358,True
1466449280,5.4,5.345605400515999,5.345605400515999,True
1466449359,5.4,6.51907733253625,6.51907733253625,True
1466449442,3.5,3.933984153314004,3.933984153314004,True
1466449496,3.5,3.5,6.565026127934822,False
1466449537,3.5,3.5,5.728475644188366,False
1466449555,3.5,3.5,3.83817416463015,False
1466449629,3.5,3.5,3.685787148836434,False
1466449635,4.8,7.861475714474111,7.861475714474111,True
1466449721,4.8,3.652075653489524,3.652075653489524,True
1466449772,4.8,3.5622258795313395,3.5622258795313395,True
1466449872,4.8,4.8,6.787434503673104,False
1466449873,4.8,5.515156498897877,5.515156498897877,True
1466449884,3.5,4.621651561075398,4.621651561075398,True
1466449937,3.5,5.4006443879025445,5.4006443879025445,True
1466449953,3.5,3.5,6.157470752828294,False
1466449959,3.5,4.4348964155782165,4.4348964155782165,True
1466449961,5.6,5.6,4.838351250395055,False
1466450018,5.6,5.6,3.575328699165449,False
1466450075,5.8,3.6313009405457586,3.6313009405457586,True
1466450150,5.8,5.8,5.903468151099867,False
1466450177,4.8,5.43465949290861,5.43465949290861,True
1466450255,4.8,4.8,7.167293532553458,False
1466450343,4.8,4.031037731858797,4.031037731858797,True
1466450348,7.0,7.0,4.893446843508391,False
1466450401,7.0,7.0,4.015620979318541,False
1466450433,7.0,7.0,3.502834177209082,False
1466450507,7.0,3.4618097253693456,3.4618097253693456,True
1466450536,7.0,6.595617564812144,6.595617564812144,True
1466450627,7.0,7.0,4.168220704035743,False
1466450723,7.0,7.0,6.653109223663934,False
1466450817,7.0,7.0,7.193858697130624,False
1466450900,5.8,4.12805297867482,4.12805297867482,True
1466450902,5.8,5.8,3.3262236493360513,False
1466450971,5.3,5.397108007297153,5.397108007297153,True
1466451016,5.3,5.3,7.739850938684694,False
1466451023,5.3,5.727404191249727,5.727404191249727,True
1466451073,5.3,3.8965726295581926,3.8965726295581926,True
1466451166,5.3,5.3,4.547244336436967,False
1466451231,5.3,6.632873138737542,6.632873138737542,True
1466451245,3.6,3.4745660365673054,3.4745660365673054,True
1466451293,3.6,3.6,4.19131333275026,False
1466451295,3.6,3.6,6.649939338216175,False
1466451378,3.6,7.5962853225210925,7.5962853225210925,True
1466451445,3.6,4.522699386605061,4.522699386605061,True
1466451508,3.6,6.041100668071227,6.041100668071227,True
1466451599,3.6,3.6,3.663066908479068,False
1466451686,3.6,3.6,3.9111463549626024,False
1466451761,3.6,3.7179598528859654,3.7179598528859654,True
1466451857,3.6,3.6,3.5496493086683096,False
1466451909,3.6,3.6,5.8463497748145095,False
1466451919,6.7,6.929001631681643,6.929001631681643,True
1466452006,6.7,6.7,5.04720983928709,False
1466452035,6.7,3.5518456912750476,3.5518456912750476,True
1466452039,6.7,7.196716870229441,7.196716870229441,True
1466452104,6.7,4.971066245414856,4.971066245414856,True
1466452167,6.7,6.7,6.936086789390025,False
1466452238,6.7,3.243105048028652,3.243105048028652,True
1466452313,6.7,6.7,7.275612710873931,False
1466452339,5.3,7.837586857255593,7.837586857255593,True
1466452419,5.3,5.3,5.633748595341935,False
1466452424,5.3,5.3,4.985872931621741,False
1466452435,5.3,7.89164500078688,7.89164500078688,True
1466452531,5.3,5.3,6.564109464007153,False
1466452584,5.3,5.3,7.7737390463744624,False
1466452625,5.3,5.3,7.560818616689535,False
1466452676,3.7,3.7,7.527680551412606,False
1466452752,5.8,5.443251944600362,5.443251944600362,True
1466452796,4.8,4.8,4.072761470230097,False
1466452825,4.8,4.8,6.386770269524188,False
1466452860,4.8,4.8,5.495737748777431,False
1466452960,4.8,4.5266472482222895,4.5266472482222895,True
1466452979,4.8,7.5204798090566936,7.5204798090566936,True
1466453002,4.4,7.9672812742062264,7.9672812742062264,True
1466453016,3.5,3.5,7.94502046060748,False
1466453025,3.5,3.744186959139695,3.744186959139695,True
1466453089,6.6,3.0844357891923453,3.0844357891923453,True
1466453141,6.6,4.044336301556266,4.044336301556266,True
1466453154,6.6,6.6,3.064121955206807,False
1466453184,6.6,6.6,6.771297921333387,False
1466453202,6.6,4.242639105486534,4.242639105486534,True
1466453203,6.6,6.6,5.309480989361961,False
1466453222,6.6,5.862177915940609,5.862177915940609,True
1466453321,7.3,5.194736892428775,5.194736892428775,True
1466453379,7.3,7.3,6.373500470713449,False
1466453392,7.3,7.3,3.660311115507791,False
1466453422,5.6,5.6,3.2613260727824187,False
1466453502,5.6,5.6,6.332948869699504,False
1466453518,5.6,3.376620053229641,3.376620053229641,True
1466453563,5.6,5.6,5.975752554005039,False
1466453604,5.6,5.272994272039176,5.272994272039176,True
1466453639,5.6,7.27222275589278,7.27222275589278,True
1466453705,5.6,5.6,6.299582219048235,False
1466453795,5.6,5.6,4.880057924869241,False
1466453816,5.6,4.1828547233534366,4.1828547233534366,True
1466453870,5.6,3.761986456926962,3.761986456926962,True
1466453910,5.6,3.802530902873741,3.802530902873741,True
1466454002,5.6,5.6,7.297604671204098,False
1466454051,4.9,4.9,4.961076961353715,False
1466454087,4.9,3.879788830651829,3.879788830651829,True
1466454129,3.7,6.043099559240949,6.043099559240949,True
1466454227,3.7,3.7,3.142932379117237,False
1466454259,4.8,3.9517893269942945,3.9517893269942945,True
1466454262,4.8,7.831660120366295,7.831660120366295,True
1466454298,4.8,6.575944637497747,6.575944637497747,True
1466454388,4.8,7.250432909705538,7.250432909705538,True
1466454399,4.8,3.0253114163561237,3.0253114163561237,True
1466454473,4.8,4.8,6.277450492986864,False
1466454529,4.8,7.402568949353468,7.402568949353468,True
1466454559,4.8,4.8,4.34629761351899,False
1466454648,4.8,4.8,4.428882478279192,False
1466454745,4.8,4.8,4.904713259780062,False
1466454763,4.8,4.8,6.103206151707711,False
1466454851,4.8,5.764387005276954,5.764387005276954,True
1466454936,4.8,5.924022164761627,5.924022164761627,True
1466454949,3.2,5.2065269316130225,5.2065269316130225,True
1466455032,3.2,3.2,6.788045311323533,False
1466455065,7.8,4.5804233746657745,4.5804233746657745,True
1466455119,7.8,7.8,5.4434929325360235,False
1466455172,7.8,3.927069463171279,3.927069463171279,True
1466455196,7.8,7.8,4.281312614980192,False
1466455271,7.8,4.687819528533897,4.687819528533897,True
1466455357,7.9,4.880415273781904,4.880415273781904,True
1466455361,7.9,7.9,7.673607194383299,False
1466455394,7.9,6.126765275832513,6.126765275832513,True
1466455475,7.9,7.9,3.4420644508798244,False
1466455497,7.9,6.438535676108902,6.438535676108902,True
1466455561,7.9,7.9,3.7332892344455417,False
1466455575,7.9,7.9,7.795239439063931,False
1466455587,7.9,7.836628898769007,7.836628898769007,True
1466455651,7.9,7.9,4.179933139082919,False
1466455658,6.1,6.1,3.757074598960325,False
1466455732,6.1,4.341212599866046,4.341212599866046,True
1466455812,6.1,5.80671275150665,5.80671275150665,True
1466455910,3.4,4.448900458067492,4.448900458067492,True
1466455951,3.4,3.4,6.117088382810409,False
1466455999,3.4,3.4,4.74956233415392,False
1466456054,3.4,3.4,5.43855775453323,False
1466456058,3.4,3.4,4.539316554392636,False
1466456074,3.4,3.4,4.179508366238673,False
1466456088,3.4,7.220322647908335,7.220322647908335,True
1466456118,5.3,5.3,3.5959118561571843,False
1466456218,5.3,5.295200287490897,5.295200287490897,True
1466456265,5.8,5.8,6.198494192720746,False
1466456270,5.8,5.8,5.87321481676456,False
1466456312,5.8,3.1339687295847374,3.1339687295847374,True
1466456346,5.8,7.391725214213752,7.391725214213752,True
1466456374,6.5,6.5,3.1622176115289706,False
1466456406,6.5,6.5,3.2340235142117395,False
1466456482,6.5,6.5,5.708629585474829,False
1466456512,6.5,6.5,7.914831912507266,False
1466456610,6.5,5.499068987442418,5.499068987442418,True
1466456683,6.5,3.240186585896462,3.240186585896462,True
1466456768,6.5,6.5,6.855402136492826,False
1466456856,5.8,7.943770753483275,7.943770753483275,True
1466456927,5.8,5.8,6.656520661745553,False
1466457014,7.1,7.268016859744072,7.268016859744072,True
1466457032,7.1,7.1,5.5210691087722825,False
1466457067,5.9,3.8786471877357442,3.8786471877357442,True
1466457157,5.9,5.9,6.224491345949774,False
1466457215,5.9,5.9,7.702918042953553,False
1466457267,5.9,5.9,7.529704990148124,False
1466457357,5.9,3.851253577693814,3.851253577693814,True
1466457434,5.9,4.195955758114936,4.195955758114936,True
1466457487,5.9,7.754935876909061,7.754935876909061,True
1466457559,5.9,5.9,5.435596740956014,False
1466457603,5.9,5.447248190284972,5.447248190284972,True
1466457671,5.9,5.9,5.460695920642166,False
1466457713,5.9,3.0751430095454135,3.0751430095454135,True
1466457745,5.9,5.9,6.375474220800978,False
1466457782,5.9,3.405872893556572,3.405872893556572,True
1466457802,5.9,5.9,5.726110252746468,False
1466457817,5.9,5.9,7.4013121260187456,False
1466457865,7.4,7.4,3.0186698909027854,False
1466457884,7.4,3.581637308908382,3.581637308908382,True
1466457885,4.4,4.4,7.1114281748361154,False
1466457917,4.4,5.6440636956466,5.6440636956466,True
1466457973,4.6,4.6,5.441434573529859,False
1466458045,4.6,4.2249990262274935,4.2249990262274935,True
1466458135,4.6,4.6,3.5511949990436094,False
1466458151,4.6,4.6,3.618149465930593,False
1466458230,6.4,7.5325533704378875,7.5325533704378875,True
1466458324,6.4,6.4,3.6815221027589673,False
1466458362,6.4,4.709057258015169,4.709057258015169,True
1466458438,6.4,6.202887762328652,6.202887762328652,True
1466458454,5.2,6.9635502930273425,6.9635502930273425,True
1466458496,3.3,6.120744298982201,6.120744298982201,True
1466458509,4.1,4.1,4.902160852574364,False
1466458580,6.7,6.7,3.015818922319797,False
1466458590,6.7,4.862432027133828,4.862432027133828,True
1466458626,6.7,6.7,6.699742586504783,False
1466458642,6.7,7.826789991150202,7.826789991150202,True
1466458665,6.7,6.7,7.444440697686433,False
1466458694,6.7,4.365185953072791,4.365185953072791,True
1466458762,6.7,6.7,4.26828771307259,False
1466458793,6.7,3.3523436456358753,3.3523436456358753,True
1466458824,6.7,5.1478241570000876,5.1478241570000876,True
1466458906,6.7,6.7,7.832606971811783,False
1466458982,6.7,6.7,3.550664042286044,False
1466459068,6.7,6.7,4.878709071017045,False
1466459159,6.7,6.7,6.10112311651875,False
1466459184,6.7,6.7,5.835522950930505,False
1466459273,6.7,6.7,5.103930622097364,False
1466459372,6.7,6.7,3.03498239628664,False
1466459415,6.7,6.7,5.503408513869461,False
1466459483,6.7,4.779779405911123,4.779779405911123,True
1466459504,6.7,3.3824376118143076,3.3824376118143076,True
1466459588,6.7,4.706513546221332,4.706513546221332,True
1466459595,6.7,6.7,6.000666378388893,False
1466459673,5.2,7.4958788275114765,7.4958788275114765,True
1466459726,5.3,7.422469300709758,7.422469300709758,True
1466459800,5.3,5.3,3.2839969252754178,False
1466459857,5.3,5.3,6.685063630504963,False
1466459887,5.3,6.603572920111646,6.603572920111646,True
1466459913,5.3,5.3,3.334608725002073,False
1466459974,5.3,5.3,6.090977727632383,False
1466459995,6.8,7.895873743486865,7.895873743486865,True
1466460001,3.0,4.268534249522699,4.268534249522699,True
1466460054,3.0,3.0,5.3846666075614475,False
1466460130,3.0,3.0,4.804418054817145,False
1466460215,3.0,3.0,5.94399852571896,False
1466460252,3.0,3.0,5.117545775349916,False
1466460272,3.0,3.322373468069057,3.322373468069057,True
1466460346,4.6,4.6,7.28878389197135,False
1466460440,4.6,4.6,4.264292153884082,False
1466460461,4.6,4.6,6.849885808124256,False
1466460528,4.6,7.3309477176542295,7.3309477176542295,True
1466460610,7.0,5.102367485798688,5.102367485798688,True
1466460630,7.0,7.0,3.5943170197552665,False
1466460691,7.0,7.0,5.698049022411668,False
1466460706,7.0,4.378778725742501,4.378778725742501,True
1466460739,7.5,5.47308839359729,5.47308839359729,True
1466460765,7.5,5.2379977548637235,5.2379977548637235,True
1466460795,7.5,7.5,7.392824759952793,False
1466460877,7.5,7.234836288313203,7.234836288313203,True
1466460973,7.5,5.914885147531251,5.914885147531251,True
1466461009,7.5,5.474555528207575,5.474555528207575,True
1466461027,7.5,7.352591425327065,7.352591425327065,True
1466461032,7.5,7.5,7.675232798763995,False
1466461096,6.3,6.3,7.693513278455523,False
1466461169,6.3,5.7151776662238865,5.7151776662238865,True
1466461256,6.3,7.605934809354595,7.605934809354595,True
1466461351,6.3,6.3,5.902484681431192,False
1466461451,6.3,3.1254793500263984,3.1254793500263984,True
1466461531,6.3,4.1914302355842015,4.1914302355842015,True
1466461568,6.3,6.3,6.645586994066186,False
1466461583,6.3,6.3,7.8615058312920105,False
1466461647,6.3,5.474152401627013,5.474152401627013,True
1466461703,6.3,6.3,5.03285843323702,False
1466461794,6.3,6.3,3.000502267233988,False
1466461813,6.3,4.876858718965122,4.876858718965122,True
1466461910,6.3,6.3,4.992773384662964,False
1466461988,6.3,5.414989365278259,5.414989365278259,True
1466462056,6.3,6.3,4.219718858808045,False
1466462101,6.3,4.979975855723724,4.979975855723724,True
1466462155,6.3,5.6464466892672585,5.6464466892672585,True
1466462215,6.9,6.121924906028301,6.121924906028301,True
1466462278,6.9,6.9,4.785508381014495,False
1466462368,6.9,4.9003593124309734,4.9003593124309734,True
1466462412,6.9,6.9,3.9702218925160966,False
1466462512,6.9,5.028409210983984,5.028409210983984,True
1466462594,6.9,4.844677596480578,4.844677596480578,True
1466462671,6.9,7.074224885683805,7.074224885683805,True
1466462716,6.9,6.9,5.571063826743675,False
1466462746,3.8,3.8,7.5621294318272945,False
1466462782,3.8,7.288053645526958,7.288053645526958,True
1466462820,3.8,3.8,4.218952140299855,False
1466462833,3.8,3.292070476773749,3.292070476773749,True
1466462842,3.8,5.743468528007888,5.743468528007888,True
1466462850,3.8,3.8,6.7105965050892245,False
1466462941,3.8,3.8,5.760800064058431,False
1466463026,3.8,3.8,4.536357511037631,False
1466463117,3.8,3.8,5.882036572225553,False
1466463139,3.8,4.718987921885322,4.718987921885322,True
