1466410104,1.8,3.4728392156596475,3.4728392156596475,True
1466410114,1.8,1.8,2.900634687718819,False
1466410130,1.8,1.0595621222521756,1.0595621222521756,True
1466410181,1.8,1.8,1.6971332594512383,False
1466410203,1.8,1.8,2.6081561970499827,False
1466410250,1.8,1.387145887029618,1.387145887029618,True
1466410309,1.8,1.081861038643183,1.081861038643183,True
1466410397,1.8,2.711088028495352,2.711088028495352,True
1466410430,1.8,1.8,2.3657168714474057,False
1466410469,1.8,1.8,2.4963432994294594,False
1466410483,1.8,2.223322358361586,2.223322358361586,True
1466410498,3.3,1.2841152370031885,1.2841152370031885,True
1466410502,3.3,3.3,2.968267703251154,False
1466410532,3.3,3.387784967693683,3.387784967693683,True
1466410541,1.3,1.3,2.394615821847225,False
1466410573,2.0,1.2819572168864304,1.2819572168864304,True
1466410630,1.7,2.45659589761888,2.45659589761888,True
1466410653,1.7,1.7,3.0656193772447007,False
1466410746,1.7,2.03714285961275,2.03714285961275,True
1466410814,1.7,1.7,3.0577584399536972,False
1466410890,1.7,2.255485260296334,2.255485260296334,True
1466410902,1.7,1.7,2.7868320217386047,False
1466410978,2.3,2.3,2.4176480803629783,False
1466411008,2.3,2.046698974719444,2.046698974719444,True
1466411066,2.3,2.106553381118074,2.106553381118074,True
1466411094,2.3,2.3,3.181816222611396,False
1466411157,2.6,2.2077833349664444,2.2077833349664444,True
1466411223,2.6,1.6285074610734709,1.6285074610734709,True
1466411226,2.6,2.6,3.478399897987391,False
1466411272,2.6,3.428832660743696,3.428832660743696,True
1466411303,2.6,2.3971078261070202,2.3971078261070202,True
1466411318,2.6,2.0485580909998617,2.0485580909998617,True
1466411396,2.6,2.6,2.3892881533042076,False
1466411493,2.6,3.1154593569425466,3.1154593569425466,True
1466411549,2.6,2.6,2.762874238023196,False
1466411560,2.6,2.6,2.829446400365023,False
1466411626,2.6,2.6,1.9778735756778865,False
1466411723,2.6,2.0652621173802337,2.0652621173802337,True
1466411763,2.6,2.0986837651949806,2.0986837651949806,True
1466411785,1.1,1.1,2.88876452528472,False
1466411854,1.1,2.289879596960511,2.289879596960511,True
1466411889,1.1,1.1,1.7539071951837886,False
1466411988,1.1,3.415771539652754,3.415771539652754,True
1466412022,1.1,1.1,2.920470383594105,False
1466412046,3.3,2.6381869869372094,2.6381869869372094,True
1466412076,3.3,3.1837010621503494,3.1837010621503494,True
1466412152,1.8,1.0807555495436985,1.0807555495436985,True
1466412181,1.8,3.187683946418313,3.187683946418313,True
1466412201,1.8,1.3988614852185457,1.3988614852185457,True
1466412260,1.8,2.186892692221376,2.186892692221376,True
1466412347,1.8,3.351591533949818,3.351591533949818,True
1466412360,1.4,1.4,3.3145448648455,False
1466412438,3.2,3.2,3.1316410107158124,False
1466412521,1.3,1.5189942525343456,1.5189942525343456,True
1466412599,1.3,1.3,2.9723415308570074,False
1466412639,1.3,2.9699675933602387,2.9699675933602387,True
1466412691,1.3,1.3,1.9589440109129082,False
1466412747,1.3,1.3,1.7173097015575978,False
1466412794,1.3,1.3,2.706147449384689,False
1466412819,1.3,1.2272771364203927,1.2272771364203927,True
1466412832,2.7,2.7,2.303124332371457,False
1466412874,2.7,2.7,2.309426931860508,False
1466412943,1.3,3.4474458076864405,3.4474458076864405,True
1466412971,1.3,1.3,1.7585112019416937,False
1466412990,1.3,2.794038180235314,2.794038180235314,True
1466413028,2.9,2.9,1.830278332296361,False
1466413053,2.9,2.9,2.8692079584645755,False
1466413125,2.7,2.9120788221282696,2.9120788221282696,True
1466413200,2.7,2.7,1.2699737905533843,False
1466413264,2.7,2.7,2.1978668347502825,False
1466413311,2.7,2.7,2.0101467464089704,False
1466413342,2.7,1.4559885303803348,1.4559885303803348,True
1466413440,2.2,3.475577921936142,3.475577921936142,True
1466413458,1.2,1.2,2.5929914164048107,False
1466413529,2.2,1.018109049847542,1.018109049847542,True
1466413542,2.2,2.5832835869010196,2.5832835869010196,True
1466413638,2.4,2.8982124604466155,2.8982124604466155,True
1466413672,2.1,1.9753601673787002,1.9753601673787002,True
1466413733,2.1,2.1,1.1555967870733426,False
1466413779,3.1,3.1,2.9928644093999788,False
1466413780,3.1,1.8251981521367142,1.8251981521367142,True
1466413864,3.1,2.3434023840951257,2.3434023840951257,True
1466413885,3.1,3.1,1.8778246627176354,False
1466413946,3.1,3.1,3.1762292303405957,False
1466414033,3.2,2.2417067703310303,2.2417067703310303,True
1466414071,2.7,2.75055340633995,2.75055340633995,True
1466414164,2.7,3.150443910849614,3.150443910849614,True
1466414225,2.7,2.7,2.3551686483189624,False
1466414312,2.7,1.2316165884137869,1.2316165884137869,True
1466414325,2.7,2.591529654893983,2.591529654893983,True
1466414328,2.7,2.7,1.2030122174911544,False
1466414329,2.7,2.7,3.260533216746692,False
1466414402,2.7,2.7,1.142765362669838,False
1466414407,2.7,2.7,2.175221221358461,False
1466414413,3.0,2.906961078872701,2.906961078872701,True
1466414460,3.0,3.0,2.9989854852710893,False
1466414552,3.0,3.0,2.276595750206358,False
1466414602,3.0,3.0,3.2602022468376606,False
1466414662,1.4,3.454164015316819,3.454164015316819,True
1466414746,1.4,2.6940943986069588,2.6940943986069588,True
1466414844,1.4,1.4,1.4116820105523222,False
1466414943,1.4,2.5158729712836783,2.5158729712836783,True
1466414946,1.4,1.7314774546200629,1.7314774546200629,True
1466414966,1.4,1.4,2.069691893996941,False
1466415038,1.4,2.8948484626173725,2.8948484626173725,True
1466415106,1.4,3.150643399838851,3.150643399838851,True
1466415130,1.4,2.9900674279794464,2.9900674279794464,True
1466415145,3.1,1.8018786932868998,1.8018786932868998,True
1466415202,3.1,3.1,2.389406776731383,False
1466415239,3.1,3.0828472004718894,3.0828472004718894,True
1466415249,2.8,2.8,2.3636099944999263,False
1466415308,2.8,2.8,1.5204613295564582,False
1466415357,2.8,2.8,3.382755072611607,False
1466415404,2.8,3.00910072160648,3.00910072160648,True
1466415469,3.2,3.2,1.9272896237954789,False
1466415548,3.2,2.832710114415556,2.832710114415556,True
1466415588,3.0,3.0,1.5617494217410606,False
1466415627,3.0,3.0,2.695085027380946,False
1466415719,3.0,3.0,2.8016319508550307,False
1466415767,3.0,2.6212694152388742,2.6212694152388742,True
1466415860,3.0,1.5828370599500365,1.5828370599500365,True
1466415872,3.0,3.0,1.4268710723253921,False
1466415914,3.0,2.8488197232041523,2.8488197232041523,True
1466415934,3.0,2.9952538425087107,2.9952538425087107,True
1466415988,3.0,1.8737553287306095,1.8737553287306095,True
1466416004,3.0,3.0,1.881481264192923,False
1466416050,1.5,1.4441309278257286,1.4441309278257286,True
1466416150,1.5,1.5,1.0915881465012627,False
1466416161,1.7,1.8770040088411828,1.8770040088411828,True
1466416215,1.7,1.7,3.0261229917179993,False
1466416315,2.9,2.9,1.4210691005720324,False
1466416321,2.3,3.2636805753791425,3.2636805753791425,True
1466416393,2.3,2.800121930493673,2.800121930493673,True
1466416440,1.5,2.762588425731657,2.762588425731657,True
1466416510,1.5,1.5,1.3520964331878316,False
1466416541,3.1,3.1,2.8693619975785833,False
1466416631,3.1,1.92052183677473,1.92052183677473,True
1466416671,2.3,2.8885694423737043,2.8885694423737043,True
1466416725,2.3,2.3,3.4570031264237286,False
1466416815,2.3,2.569070162971586,2.569070162971586,True
1466416867,2.3,2.3,2.6860339848330543,False
1466416933,2.5,2.5,2.6592176752471195,False
1466416963,2.5,2.5,2.6753618726816955,False
1466417034,1.0,2.6441285308526075,2.6441285308526075,True
1466417069,1.0,2.5039869711450917,2.5039869711450917,True
1466417095,2.9,2.9,2.35939655957051,False
1466417123,2.9,2.9,1.8647994923304947,False
1466417219,2.9,1.1889409870046173,1.1889409870046173,True
1466417228,2.9,2.9,2.4916646177376682,False
1466417235,2.9,1.74696776121562,1.74696776121562,True
1466417266,2.9,2.9,1.160567873657595,False
1466417298,2.9,2.591895005369207,2.591895005369207,True
1466417382,3.0,1.8419430852202106,1.8419430852202106,True
1466417429,3.0,1.1572942388461005,1.1572942388461005,True
1466417434,3.0,2.2672442860222293,2.2672442860222293,True
1466417513,3.0,3.0,1.5126357105386294,False
1466417598,3.0,3.0,1.9909717909888909,False
1466417615,2.2,2.2,1.905732029778596,False
1466417654,2.2,2.2,2.1798856361265875,False
1466417749,1.9,1.9,2.8113465005881406,False
1466417763,1.6,1.6,3.2010804825993957,False
1466417822,1.6,1.6,1.7884933780555676,False
1466417851,1.6,2.5373400589253636,2.5373400589253636,True
1466417855,1.6,2.9321824383565396,2.9321824383565396,True
1466417879,1.6,1.6,1.4357446515206165,False
1466417895,3.2,2.539268230288609,2.539268230288609,True
1466417969,3.2,3.2,1.0854184658250312,False
1466418049,3.2,1.2265880978445387,1.2265880978445387,True
1466418118,3.2,3.2,3.124435170877657,False
1466418129,3.2,3.2,3.348634779864929,False
1466418179,3.2,2.9817326560248536,2.9817326560248536,True
1466418254,3.2,3.2,1.5860892844206036,False
1466418332,2.3,2.3,2.844180589113032,False
1466418428,2.3,2.4445403766311165,2.4445403766311165,True
1466418494,2.3,1.3153449153461545,1.3153449153461545,True
1466418554,3.3,3.3,2.2639484054291774,False
1466418563,3.3,3.3,1.52210548013208,False
1466418564,3.3,3.3,3.4304628921107923,False
1466418594,1.0,1.0,1.158988954635503,False
1466418674,1.0,1.0,1.3304422116227705,False
1466418748,3.4,2.9804251437101144,2.9804251437101144,True
1466418847,3.4,3.4,2.0552376549903117,False
1466418877,2.0,2.0,3.465812206096571,False
1466418917,2.0,1.7540997851364635,1.7540997851364635,True
1466418938,1.9,2.5537179758276025,2.5537179758276025,True
1466419031,1.9,2.316383790364347,2.316383790364347,True
1466419058,1.9,1.9,2.365819125444254,False
1466419104,1.9,1.9,2.9124163683557116,False
1466419166,1.9,1.9,2.2020959421994215,False
1466419261,1.9,1.9,1.3232512289144251,False
1466419349,1.4,1.4,2.741685775729165,False
1466419442,1.4,1.4,1.6049596761530123,False
1466419530,1.4,1.3763253660247026,1.3763253660247026,True
1466419595,3.1,2.215687557408747,2.215687557408747,True
1466419646,3.1,3.1937512915798827,3.1937512915798827,True
1466419737,3.1,1.7917457567564143,1.7917457567564143,True
1466419826,3.1,3.1,1.3617915551998876,False
1466419880,3.1,3.1,2.8089187284364314,False
1466419911,3.1,3.1,2.581634564827289,False
1466419938,3.2,2.058539621415651,2.058539621415651,True
1466420016,3.2,2.059099837627378,2.059099837627378,True
1466420019,3.2,3.2,1.0119291069288394,False
1466420108,3.2,3.052018589664539,3.052018589664539,True
1466420205,3.2,1.008167686526659,1.008167686526659,True
1466420228,3.2,2.5822243549098913,2.5822243549098913,True
1466420257,3.2,3.2,1.4719851083593687,False
1466420270,3.2,3.2,1.6828046278831277,False
1466420296,3.2,2.1405669155882063,2.1405669155882063,True
1466420331,3.3,2.964344743574207,2.964344743574207,True
1466420407,3.3,3.3,1.0229568033979506,False
1466420430,3.3,3.3,1.6949605590036234,False
1466420453,3.3,3.3,2.9902458528228175,False
1466420474,1.9,2.0134515928465975,2.0134515928465975,True
1466420566,1.9,3.403343304457302,3.403343304457302,True
1466420579,1.9,1.9,1.4805143022367284,False
1466420618,1.9,1.9,1.0977871903681815,False
1466420624,1.9,1.8965000352720052,1.8965000352720052,True
1466420643,3.3,2.721865198048267,2.721865198048267,True
1466420695,3.2,2.310143442011374,2.310143442011374,True
1466420788,3.2,1.2364724550341686,1.2364724550341686,True
1466420863,3.2,1.8786624436519805,1.8786624436519805,True
1466420947,3.2,3.2,1.4443631932425693,False
1466421003,2.7,1.5147285579339305,1.5147285579339305,True
1466421032,2.7,2.7,1.3310600581735397,False
1466421050,2.7,2.2626053709513574,2.2626053709513574,True
1466421116,2.7,1.4634167326072025,1.4634167326072025,True
1466421208,1.7,1.7,2.097509939219674,False
1466421234,1.5,1.9494692223371675,1.9494692223371675,True
1466421262,1.5,1.4602886787556923,1.4602886787556923,True
1466421353,1.3,1.3,1.8480257720631132,False
1466421360,1.3,1.3,2.1800456301549644,False
1466421392,1.3,2.654929373980574,2.654929373980574,True
1466421480,1.3,2.4781909217834492,2.4781909217834492,True
1466421530,1.3,1.3,3.02572136114337,False
1466421547,1.9,1.9,2.9363938531622598,False
1466421591,1.9,1.9,2.1241234498262807,False
1466421633,1.9,1.9,3.020322768942061,False
1466421636,1.6,1.994774980363323,1.994774980363323,True
1466421670,1.4,3.3085214096056257,3.3085214096056257,True
1466421695,1.4,1.4,2.6243932415551425,False
1466421721,1.2,3.415191840129448,3.415191840129448,True
1466421804,1.2,3.1473461338942643,3.1473461338942643,True
1466421819,1.2,1.2,2.808019162892969,False
1466421862,2.8,2.115990224931783,2.115990224931783,True
1466421885,2.8,2.8503215206747807,2.8503215206747807,True
1466421936,2.8,2.8,1.806766228411207,False
1466422012,2.0,1.346631744480139,1.346631744480139,True
1466422044,2.0,2.0,2.2010922829339004,False
1466422045,2.0,2.0,1.2633797489765062,False
1466422137,2.0,1.7521656709160616,1.7521656709160616,True
1466422162,2.0,2.1562660785213854,2.1562660785213854,True
1466422189,2.0,2.0,2.688733646792366,False
1466422197,2.0,2.0,2.7821601597119345,False
1466422264,2.0,2.0,1.805975843391355,False
1466422330,3.2,3.2723935373578366,3.2723935373578366,True
1466422378,3.2,3.2,2.7140668284069487,False
1466422432,3.2,3.2,1.0329363969916026,False
1466422488,3.2,3.2,1.947323757472953,False
1466422577,2.8,2.8,2.56286945234034,False
1466422628,2.8,2.8,1.9009605918981733,False
1466422638,2.8,2.8,1.4261053982063925,False
1466422666,2.8,1.5485895777719003,1.5485895777719003,True
1466422706,2.1,2.4829027176454774,2.4829027176454774,True
1466422731,2.1,2.1,3.333051953775876,False
1466422804,1.9,1.9,1.0508394843682682,False
1466422866,3.0,2.9701677025037445,2.9701677025037445,True
1466422873,3.0,1.3528064619896543,1.3528064619896543,True
1466422895,2.9,2.9,2.439200851948276,False
1466422953,2.9,2.8859815248397354,2.8859815248397354,True
1466422973,3.4,2.71285086613845,2.71285086613845,True
1466423017,3.4,3.4,1.592253057067216,False
1466423051,3.4,3.4,2.3521244446339464,False
1466423099,2.6,3.3049316751133975,3.3049316751133975,True
1466423150,1.5,2.3265908587277124,2.3265908587277124,True
1466423155,1.5,1.5,1.1347379364705867,False
1466423168,1.5,1.5,2.6364175757742068,False
1466423205,1.4,1.4,2.6801677505872084,False
1466423275,1.4,1.4,2.877758284592796,False
1466423287,2.1,2.794086909242443,2.794086909242443,True
1466423336,2.1,2.5664619843423098,2.5664619843423098,True
1466423340,2.1,1.7509135465619843,1.7509135465619843,True
1466423355,2.1,1.9932193367334294,1.9932193367334294,True
1466423443,2.1,1.051426947206287,1.051426947206287,True
1466423499,2.8,2.5475272194947847,2.5475272194947847,True
1466423585,2.2,3.084956597425735,3.084956597425735,True
1466423612,2.2,2.882684048782473,2.882684048782473,True
1466423669,2.7,2.7,1.8394659758934675,False
1466423705,2.7,2.7,3.133731627245142,False
1466423770,2.7,2.7,1.7847729725344688,False
1466423844,2.7,3.4681860123972177,3.4681860123972177,True
1466423902,2.1,2.534273317133934,2.534273317133934,True
1466423913,2.1,2.1,1.6590391436207206,False
1466423972,2.1,1.174818385503111,1.174818385503111,True
1466424014,2.1,2.108804715691368,2.108804715691368,True
1466424069,2.1,2.1,1.3820530582260837,False
1466424154,2.1,3.275312412826954,3.275312412826954,True
1466424155,3.4,1.6757638656537337,1.6757638656537337,True
1466424169,1.4,1.4,3.260883221083703,False
1466424262,1.6,1.6,1.3985924033134065,False
1466424339,1.6,1.0697975263536317,1.0697975263536317,True
1466424398,1.6,3.1459489447580777,3.1459489447580777,True
1466424497,1.6,1.6,2.173689777939005,False
1466424558,1.6,2.1075903291891045,2.1075903291891045,True
1466424613,1.6,1.6657405092189073,1.6657405092189073,True
1466424713,1.6,1.1870520354773217,1.1870520354773217,True
1466424804,1.6,2.1576478239908905,2.1576478239908905,True
1466424878,1.6,1.6,1.925798070331711,False
1466424924,1.6,1.6,1.0131171746218501,False
1466425009,1.2,1.2,1.9250651558749232,False
1466425106,1.2,1.2,3.4053130713602635,False
1466425129,1.2,2.466104705196593,2.466104705196593,True
1466425179,1.2,1.1962615950693833,1.1962615950693833,True
1466425257,1.2,1.2,2.159134562867053,False
1466425262,1.2,1.2,3.318142275688521,False
1466425305,1.2,2.294838605212716,2.294838605212716,True
1466425331,2.1,2.1,2.519586584867962,False
1466425338,2.1,2.1,3.253094772768844,False
1466425377,1.3,2.3351849147427552,2.3351849147427552,True
1466425380,1.7,1.3287494917364684,1.3287494917364684,True
1466425417,3.1,2.5270344686597417,2.5270344686597417,True
1466425484,2.2,2.9770245577410965,2.9770245577410965,True
1466425517,2.2,1.8030683152290328,1.8030683152290328,True
1466425553,2.2,2.2,3.0750282621286416,False
1466425640,2.2,2.2,1.811484581325016,False
1466425687,1.9,1.9,2.1420178670524423,False
1466425711,2.5,2.5,2.1231545777635867,False
1466425768,2.5,2.695292763887959,2.695292763887959,True
1466425811,2.5,2.5,2.3256843739221256,False
1466425856,2.5,2.5,2.726684850400826,False
1466425869,2.5,2.5,3.1092246492343008,False
1466425884,2.5,1.3926609234684553,1.3926609234684553,True
1466425962,1.9,1.8379093872179568,1.8379093872179568,True
1466425974,1.9,1.9,1.943038813682516,False
1466426016,1.9,2.2138000640034416,2.2138000640034416,True
1466426024,1.9,1.0358543343070525,1.0358543343070525,True
1466426034,1.9,1.9,3.3853911174036475,False
1466426130,1.9,1.9,1.4199519122236595,False
1466426189,1.9,2.6192993497986397,2.6192993497986397,True
1466426198,2.1,2.1,2.915841256058677,False
1466426280,2.1,3.11768265566961,3.11768265566961,True
1466426298,2.5,2.341363091385771,2.341363091385771,True
1466426380,2.5,2.5,1.2573134175467537,False
1466426420,2.5,2.5,3.4644885464717317,False
1466426509,2.5,1.2540475797610087,1.2540475797610087,True
1466426521,1.5,1.5,3.43585557683287,False
1466426535,1.5,1.5,1.4676591401791352,False
1466426563,1.5,1.5,1.1518621606371409,False
1466426620,1.5,1.5,1.0995113716850198,False
1466426694,1.5,1.5,1.3725981979847104,False
1466426764,1.5,1.2707857154420994,1.2707857154420994,True
1466426778,1.5,1.5,2.451880180020273,False
1466426866,1.5,1.5,2.8757643731746887,False
1466426938,3.5,2.6073529803916573,2.6073529803916573,True
1466427022,3.5,3.5,3.0017321987516885,False
1466427059,3.5,3.5,1.7384057527494814,False
1466427125,3.2,3.2,2.244212243100164,False
1466427204,2.2,2.2,2.110681744545508,False
1466427240,2.2,2.2,2.194596447112693,False
1466427317,2.3,1.0126907889188557,1.0126907889188557,True
1466427319,2.3,2.6557751812920305,2.6557751812920305,True
1466427331,2.6,2.6,2.8408919941784374,False
1466427425,2.6,2.1055642740031,2.1055642740031,True
1466427458,2.6,2.6,1.076671405179539,False
1466427495,3.1,3.1,2.295227863160431,False
1466427543,3.3,3.4065536471094915,3.4065536471094915,True
1466427625,1.0,1.0,1.528476298244096,False
1466427663,1.0,1.0,2.9808324996666653,False
1466427672,1.0,1.5896627388583575,1.5896627388583575,True
1466427684,1.0,1.363469393839933,1.363469393839933,True
1466427739,1.0,1.0,2.504892742662651,False
1466427769,1.0,1.0,1.5902762432658397,False
1466427775,1.0,3.321582456374022,3.321582456374022,True
1466427820,1.0,1.0,1.39744398629638,False
1466427837,1.0,3.1997453445469635,3.1997453445469635,True
1466427846,1.0,1.0,1.3447051682125832,False
1466427904,1.0,3.1088789174058657,3.1088789174058657,True
1466427997,1.0,1.0,1.8745796448244563,False
1466428027,1.0,1.6907367391383068,1.6907367391383068,True
1466428114,1.0,3.46207459017546,3.46207459017546,True
1466428212,1.3,1.3,1.8939971781030256,False
1466428294,1.3,1.3,1.779579198333527,False
1466428321,1.3,1.8509390340878928,1.8509390340878928,True
1466428340,1.3,1.324839674529539,1.324839674529539,True
1466428378,2.2,2.2,3.03905225236203,False
1466428463,2.2,3.2409272856770177,3.2409272856770177,True
1466428551,2.2,2.2382522210013778,2.2382522210013778,True
1466428575,3.5,3.5,1.6426368141715424,False
1466428593,3.5,2.809875428177955,2.809875428177955,True
1466428682,3.1,3.1,1.3186129659409462,False
1466428699,3.1,2.5477050583511858,2.5477050583511858,True
1466428719,3.1,3.1,1.4512102919595078,False
1466428819,3.1,1.2747335012957097,1.2747335012957097,True
1466428850,3.1,3.1,2.649395377976646,False
1466428884,1.5,1.5,2.3139854515715803,False
1466428973,1.5,1.5,1.794439287680051,False
1466429006,1.5,2.33786519001924,2.33786519001924,True
1466429026,1.5,1.5,3.057940593715605,False
1466429066,1.5,1.5,1.9004256285885746,False
1466429072,2.8,3.1258308698438295,3.1258308698438295,True
1466429103,2.8,2.8,2.0529040718806235,False
1466429110,2.8,3.4142061618964803,3.4142061618964803,True
1466429123,2.8,2.8,2.6857058993698164,False
1466429168,2.8,2.8,1.3419006945058278,False
1466429182,2.8,2.8,1.8245509073742792,False
1466429184,3.4,2.0331468175633463,2.0331468175633463,True
1466429197,3.4,2.2993795857475696,2.2993795857475696,True
1466429280,1.8,1.8,1.380365625592248,False
1466429378,1.8,1.8,3.4876574990011697,False
1466429450,1.8,1.487253584968337,1.487253584968337,True
1466429455,1.8,2.401653909266608,2.401653909266608,True
1466429510,1.8,1.8,1.8398120720597042,False
1466429565,1.2,1.2,1.0992427099146536,False
1466429566,1.2,1.2,2.334960369874546,False
1466429592,2.7,1.4576114843565948,1.4576114843565948,True
1466429623,2.7,2.7,1.2956922249676899,False
1466429691,2.7,2.7,2.3441131715928614,False
1466429733,2.7,2.7,2.0405754681405113,False
1466429803,2.7,2.266806373360869,2.266806373360869,True
1466429832,2.7,1.6994035243059211,1.6994035243059211,True
1466429905,2.7,1.930446258564982,1.930446258564982,True
1466429997,2.7,1.5551262197341142,1.5551262197341142,True
1466430050,2.0,2.4529161537217803,2.4529161537217803,True
1466430088,2.0,1.1682819742295305,1.1682819742295305,True
1466430174,2.0,2.0,2.359006110689119,False
1466430247,2.0,1.7818138101309264,1.7818138101309264,True
1466430344,1.9,2.8013973499319595,2.8013973499319595,True
1466430375,1.4,1.4,2.646473288978909,False
1466430400,3.3,2.239845643172976,2.239845643172976,True
1466430457,1.1,1.1507513732726906,1.1507513732726906,True
1466430483,1.1,1.1,1.5997352299166896,False
1466430517,1.1,2.102542351838939,2.102542351838939,True
1466430524,1.1,2.7881960404678976,2.7881960404678976,True
1466430592,1.1,1.3796673428813504,1.3796673428813504,True
1466430616,3.2,3.113646690772196,3.113646690772196,True
1466430631,3.2,1.1062125115647448,1.1062125115647448,True
1466430680,2.5,1.8261577330414538,1.8261577330414538,True
1466430734,2.1,3.119156839648947,3.119156839648947,True
1466430790,2.1,2.1,2.5028167764735016,False
1466430815,2.1,2.643791858185202,2.643791858185202,True
1466430895,2.1,2.1,1.1572258225619168,False
1466430916,2.1,2.1,1.1731697364955989,False
1466430929,2.1,1.3807655633451974,1.3807655633451974,True
1466430936,2.1,2.1,1.5052285591208951,False
1466431009,2.1,2.512324805710758,2.512324805710758,True
1466431036,2.1,1.2312060007370074,1.2312060007370074,True
1466431055,2.1,2.6991693176250675,2.6991693176250675,True
1466431145,2.2,2.2,2.7520277884123416,False
1466431218,2.2,3.3373031909378854,3.3373031909378854,True
1466431290,1.2,1.2,1.7874819022680684,False
1466431324,1.2,1.2,2.891003213389689,False
1466431400,1.2,1.8729650767464425,1.8729650767464425,True
1466431450,1.2,2.224790230392655,2.224790230392655,True
1466431526,2.6,2.6,1.4625138330091658,False
1466431589,2.1,3.44762858673675,3.44762858673675,True
1466431661,2.1,1.4382406574455655,1.4382406574455655,True
1466431760,1.6,1.024442481237159,1.024442481237159,True
1466431796,1.6,1.5527126843959163,1.5527126843959163,True
1466431848,1.6,2.915571313706633,2.915571313706633,True
1466431879,1.6,1.6,1.178638182170615,False
1466431954,1.6,1.6,1.2959738705039725,False
1466431958,1.6,2.3359576337925874,2.3359576337925874,True
1466432002,1.4,1.9580717290087244,1.9580717290087244,True
1466432101,1.4,1.4,2.71209276068383,False
1466432177,1.4,3.286942581181933,3.286942581181933,True
1466432194,1.4,3.064465122642151,3.064465122642151,True
1466432237,1.4,1.4,2.051660947840551,False
1466432280,1.4,1.4,2.985459861736033,False
1466432373,1.4,1.4,2.0496222367468344,False
1466432389,1.4,1.4,2.0579720154422807,False
1466432415,1.4,3.3740344237823243,3.3740344237823243,True
1466432417,3.4,1.3782867676111703,1.3782867676111703,True
1466432506,1.6,1.6,3.4381919036692064,False
1466432569,1.6,1.6,2.2916744528261415,False
1466432577,1.6,2.400399555348815,2.400399555348815,True
1466432670,1.6,1.419092413702947,1.419092413702947,True
1466432706,1.6,3.1078700977688456,3.1078700977688456,True
1466432804,1.6,1.6,2.901784080395777,False
1466432853,1.6,1.6,2.6914163389714396,False
1466432947,1.6,1.6,2.498147659659139,False
1466433040,1.6,2.2755802690741995,2.2755802690741995,True
1466433128,1.6,2.579163976796302,2.579163976796302,True
1466433145,1.6,1.6,2.93086110081815,False
1466433195,1.6,1.6,2.2068782842190835,False
1466433289,2.5,2.3294691554140727,2.3294691554140727,True
1466433375,3.0,3.0,3.2486453476471304,False
1466433427,3.0,1.4003064462875074,1.4003064462875074,True
1466433478,3.0,3.0,1.470046508799765,False
1466433517,3.0,2.639620900508951,2.639620900508951,True
1466433615,3.0,3.0,3.3674493355262465,False
1466433672,3.0,3.0,3.445448712855671,False
1466433762,3.0,3.0,1.7692247432658705,False
1466433809,3.0,1.3726822718212943,1.3726822718212943,True
1466433873,3.0,1.3720740207994708,1.3720740207994708,True
1466433910,1.2,3.010844491178212,3.010844491178212,True
1466433994,1.2,1.3802715413434679,1.3802715413434679,True
1466434003,1.2,2.109596503177881,2.109596503177881,True
1466434045,1.2,1.2,3.105469741218075,False
1466434096,1.4,1.098175612345298,1.098175612345298,True
1466434173,1.4,1.4,3.4708585145093354,False
1466434199,1.4,1.4,2.4873576321048816,False
1466434224,1.4,1.4,3.161301753388388,False
1466434308,1.4,1.105389697608397,1.105389697608397,True
1466434359,1.4,2.221335516771494,2.221335516771494,True
1466434371,3.3,3.2819584094598317,3.2819584094598317,True
1466434457,3.3,3.3,3.4431878624366026,False
1466434498,3.3,3.3,3.136714631219068,False
1466434552,3.3,3.3,1.8397797716707678,False
1466434622,2.7,1.001191462361313,1.001191462361313,True
1466434691,2.7,2.7,3.05243121842127,False
1466434718,1.7,1.7,1.744670264348988,False
1466434727,1.7,2.393468210906798,2.393468210906798,True
1466434815,2.7,2.7,1.6578851416677116,False
1466434892,2.7,2.7,1.7494166620226639,False
1466434915,2.7,2.7,2.276209314866958,False
1466434946,2.7,2.7,3.096073046428212,False
1466434988,3.4,3.4,1.3337581493667003,False
1466435020,3.4,2.0021179842235313,2.0021179842235313,True
1466435090,3.0,1.557099718037517,1.557099718037517,True
1466435099,3.0,1.5015788131702617,1.5015788131702617,True
1466435145,1.7,1.0107551382915765,1.0107551382915765,True
1466435186,1.7,1.7,1.0431455206221574,False
1466435246,2.9,2.9,1.0080937249896837,False
1466435284,2.9,1.1976412072457292,1.1976412072457292,True
1466435327,1.4,1.4,1.4230137495512518,False
1466435369,1.4,3.4670334908828884,3.4670334908828884,True
1466435408,1.4,1.4,2.0802407619380263,False
1466435468,1.4,3.38279234045209,3.38279234045209,True
1466435486,1.1,1.1,3.2187105267797307,False
1466435555,1.1,1.1,3.3354939713401888,False
1466435624,1.1,2.849675334538005,2.849675334538005,True
1466435659,1.1,1.1,3.276811972452814,False
1466435682,1.1,1.8692599200232567,1.8692599200232567,True
1466435712,1.1,1.1,1.9919555565210036,False
1466435794,1.1,1.3990060957894626,1.3990060957894626,True
1466435878,1.1,1.1,2.3702930542898315,False
1466435904,1.1,3.1607386571023444,3.1607386571023444,True
1466435971,1.1,1.1,1.436166888463054,False
1466436041,1.1,1.1,2.130327400738933,False
1466436059,1.1,1.1,2.8168890616726374,False
1466436093,1.1,1.1,1.0568283700616474,False
1466436178,1.1,1.9544595375746527,1.9544595375746527,True
1466436230,2.4,2.4,3.1360852110738198,False
1466436280,3.0,3.2552513975780233,3.2552513975780233,True
1466436332,2.9,1.937354857380375,1.937354857380375,True
1466436333,2.9,3.3247995322067396,3.3247995322067396,True
1466436431,2.9,2.9,1.5422539246890183,False
1466436520,2.9,2.902758200904163,2.902758200904163,True
1466436572,1.1,1.4321620186595452,1.4321620186595452,True
1466436647,1.1,1.1,1.2720965664893455,False
1466436655,1.1,2.233342506598329,2.233342506598329,True
1466436727,1.1,1.1,1.507218566071237,False
1466436793,1.1,3.153326118079689,3.153326118079689,True
1466436879,1.1,1.1,1.3117051295932838,False
1466436880,1.1,1.5379549124165495,1.5379549124165495,True
1466436939,2.8,2.9981014447272734,2.9981014447272734,True
1466437015,2.8,2.9285879123692435,2.9285879123692435,True
1466437048,2.8,2.8,2.550314274238349,False
1466437088,2.8,2.8,3.40001517412676,False
1466437105,2.8,1.816339377758901,1.816339377758901,True
1466437122,2.8,2.8,2.093200990645406,False
1466437160,2.8,1.8193314509202039,1.8193314509202039,True
1466437232,1.8,1.8,1.7989036439440218,False
1466437321,1.8,1.8,2.1038241180050945,False
1466437335,1.8,1.8,1.4362682720430753,False
1466437358,1.8,1.8,1.9451149855816046,False
1466437441,1.8,1.8,1.2565866133291697,False
1466437480,1.8,2.16653723101758,2.16653723101758,True
1466437561,1.8,1.8,3.3064223848644287,False
1466437653,1.8,3.198574638230779,3.198574638230779,True
1466437709,1.8,1.8,3.4364645269335554,False
1466437798,1.8,2.4377610811310033,2.4377610811310033,True
1466437869,1.8,1.8,3.305468040393942,False
1466437952,1.8,1.8,1.1238013951718144,False
1466438037,1.8,1.8,1.4881879428850742,False
1466438054,2.6,2.7890618722669953,2.7890618722669953,True
1466438056,2.6,2.6,1.9517260425839016,False
1466438136,2.6,1.7011487429190255,1.7011487429190255,True
1466438234,1.4,1.4,1.1108798866623495,False
1466438261,1.4,2.493435025057492,2.493435025057492,True
1466438348,1.4,2.077738265032297,2.077738265032297,True
1466438407,1.4,1.9395996665002457,1.9395996665002457,True
1466438422,2.1,2.1,2.6822138820493353,False
1466438476,2.1,2.1,1.389747112650661,False
1466438571,1.5,1.5,2.833303132081128,False
1466438612,1.7,2.6209952273782355,2.6209952273782355,True
1466438620,1.7,1.7,1.8382951836648076,False
1466438698,1.7,1.7,1.466135151113474,False
1466438747,2.9,1.66719601172595,1.66719601172595,True
1466438795,1.1,1.3092251904040366,1.3092251904040366,True
1466438810,1.1,2.8287824329601152,2.8287824329601152,True
1466438888,1.1,1.1,2.79417194281116,False
1466438975,1.1,1.1,2.650475858122335,False
1466439000,1.1,2.356907776222207,2.356907776222207,True
1466439092,1.3,1.6542054346364639,1.6542054346364639,True
1466439150,1.3,1.8780965111009715,1.8780965111009715,True
1466439229,1.3,2.134520965345786,2.134520965345786,True
1466439279,1.9,3.007069395620753,3.007069395620753,True
1466439328,1.9,1.9,1.976815551932755,False
1466439351,1.9,1.3686028785676374,1.3686028785676374,True
1466439447,1.9,1.9,2.260348734673115,False
1466439466,1.4,2.5863864541674912,2.5863864541674912,True
1466439480,2.1,2.1,1.5677038011761164,False
1466439560,2.1,2.1,2.3971112754999,False
1466439600,2.1,2.915427474971188,2.915427474971188,True
1466439645,2.1,3.4623306793007584,3.4623306793007584,True
1466439729,2.1,2.1,2.4184051958648274,False
1466439772,1.3,1.3,3.224039047774384,False
1466439827,1.3,1.3,3.451213123200654,False
1466439849,2.9,2.9,3.441300424900952,False
1466439910,2.9,2.9,1.571672757106453,False
1466439990,2.9,1.549978631863681,1.549978631863681,True
1466440005,2.9,2.9,1.8564465604793607,False
1466440006,3.0,3.1646352408002008,3.1646352408002008,True
1466440045,3.0,3.0,3.283772942189642,False
1466440066,3.0,3.0,1.7460086790166738,False
1466440154,3.0,1.0851754248523835,1.0851754248523835,True
1466440214,3.0,3.0,1.939025241866522,False
1466440226,3.0,3.0,2.8624150592961284,False
1466440304,3.0,2.899865162070981,2.899865162070981,True
1466440385,3.4,3.4,2.3862509215393968,False
1466440451,3.4,3.4,1.3128919489202344,False
1466440521,3.4,1.722545862495155,1.722545862495155,True
1466440581,3.4,3.4,3.380566497246133,False
1466440674,3.4,3.4,2.3014771156950835,False
1466440727,3.4,3.4,1.972825000342032,False
1466440821,2.7,2.7,2.4653064772533497,False
1466440827,2.0,2.6565224231469564,2.6565224231469564,True
1466440897,2.0,1.5807565807288602,1.5807565807288602,True
1466440923,2.0,2.0,2.6831906231829876,False
1466441012,1.3,1.3,1.0218083236825761,False
1466441049,1.3,1.8269124083952013,1.8269124083952013,True
1466441147,1.9,1.9,3.3379601135660195,False
1466441213,1.9,1.9,1.2387159698360377,False
1466441311,1.9,1.6705741026887202,1.6705741026887202,True
1466441318,2.4,3.353595119772806,3.353595119772806,True
1466441418,2.4,1.7620337639246935,1.7620337639246935,True
1466441510,2.4,2.4,3.2080321097520925,False
1466441541,2.4,1.758381209205015,1.758381209205015,True
1466441579,2.4,3.4327219896582455,3.4327219896582455,True
1466441630,2.4,1.034359629761411,1.034359629761411,True
1466441714,3.3,1.9487266907632526,1.9487266907632526,True
1466441724,3.3,3.3,2.55060077977011,False
1466441741,1.3,2.826519448431938,2.826519448431938,True
1466441822,1.3,1.6245489407120595,1.6245489407120595,True
1466441883,2.5,1.3879521032298294,1.3879521032298294,True
1466441934,2.5,3.303282007728863,3.303282007728863,True
1466441947,2.5,2.5,1.8360214864104754,False
1466442046,3.1,3.1,1.9560924126169281,False
1466442137,3.1,3.1,1.9486428155407136,False
1466442175,3.1,3.1,1.4918205279372874,False
1466442216,3.1,3.066016137444443,3.066016137444443,True
1466442284,3.1,3.1,1.7198493559433818,False
1466442332,2.7,2.7,3.043099245195209,False
1466442358,1.0,1.0,3.1028254934537407,False
1466442362,2.9,2.9,1.7379082221891458,False
1466442439,2.9,2.9,2.909187518188129,False
1466442490,2.9,1.3638721371152758,1.3638721371152758,True
1466442498,2.7,2.7,2.373475825917109,False
1466442508,2.7,2.7,2.691961007491998,False
1466442518,2.0,2.0,1.2444102955294682,False
1466442556,2.0,2.1420271980326326,2.1420271980326326,True
1466442656,2.0,3.2028660053011437,3.2028660053011437,True
1466442662,3.2,3.2,3.1385871708287207,False
1466442703,3.2,3.2,1.182253021896125,False
1466442768,3.5,3.5,1.6022077661326033,False
1466442788,3.5,2.5807570236620334,2.5807570236620334,True
1466442886,2.0,2.0,1.7058146699047785,False
1466442980,1.2,1.2,1.9012880823756468,False
1466443000,1.2,1.2,1.578444840257988,False
1466443029,3.4,3.4,2.149773881529579,False
1466443038,3.4,1.9704095726526245,1.9704095726526245,True
1466443089,3.4,2.082677010271355,2.082677010271355,True
1466443162,3.4,1.3632330930858807,1.3632330930858807,True
1466443201,3.4,1.3369420288858913,1.3369420288858913,True
1466443219,1.3,1.3,1.697777827279134,False
1466443263,1.3,1.3,2.3627348970057667,False
1466443350,1.3,1.3,2.6175476898569383,False
1466443373,3.2,2.9247915993418556,2.9247915993418556,True
1466443392,3.2,3.2434899575195906,3.2434899575195906,True
1466443402,3.2,3.2,2.784459979458902,False
1466443486,3.2,2.727389349381275,2.727389349381275,True
1466443511,3.2,3.2,1.5165945712010267,False
1466443584,3.2,3.2,2.2341430923737025,False
1466443677,3.2,3.2,1.2268672456808953,False
1466443725,3.2,2.896078237710958,2.896078237710958,True
1466443727,3.2,3.2,1.0553295325629928,False
1466443750,3.1,2.9888123511422604,2.9888123511422604,True
1466443761,1.2,2.431960984993958,2.431960984993958,True
1466443808,1.2,2.978876176973354,2.978876176973354,True
1466443861,1.2,2.8757261775039957,2.8757261775039957,True
1466443929,1.2,1.2,2.999147206753591,False
1466443986,1.2,1.2,1.8683784220336825,False
1466444043,2.1,2.1,2.021169820120711,False
1466444110,2.1,1.0138783075268099,1.0138783075268099,True
1466444192,2.6,2.6,1.561044586792994,False
1466444287,2.6,2.6,2.8880805219574586,False
1466444294,2.6,2.325101555271595,2.325101555271595,True
1466444366,2.6,2.7802278749077844,2.7802278749077844,True
1466444466,2.6,2.1412808937454777,2.1412808937454777,True
1466444505,2.6,1.6272394259088196,1.6272394259088196,True
1466444556,2.6,2.088057627720563,2.088057627720563,True
1466444624,2.6,2.6,1.6856423457469862,False
1466444663,2.6,2.6,1.2379022669444408,False
1466444685,2.6,2.1084376929363997,2.1084376929363997,True
1466444756,2.6,2.6,3.1787569354385656,False
1466444781,1.6,1.6,3.165175179134622,False
1466444840,1.5,2.725772081058146,2.725772081058146,True
1466444854,1.5,1.5,3.312313144631611,False
1466444860,1.5,1.5,2.7448403971746185,False
1466444959,3.4,2.6872700808364005,2.6872700808364005,True
1466445058,3.3,3.3,2.331226874584954,False
1466445107,3.3,3.3,1.8814464150573458,False
1466445165,1.1,1.1,2.1124752070121584,False
1466445170,3.1,3.1,1.5912082786917814,False
1466445173,3.1,1.2183402017358715,1.2183402017358715,True
1466445247,2.3,3.256912473107829,3.256912473107829,True
1466445305,2.3,2.867928489304863,2.867928489304863,True
1466445333,1.8,3.3037584930045205,3.3037584930045205,True
1466445356,1.8,1.8,2.580321948563357,False
1466445430,2.3,2.7103369336451126,2.7103369336451126,True
1466445491,2.3,2.576031142583883,2.576031142583883,True
1466445497,2.3,2.667190638716977,2.667190638716977,True
1466445514,1.7,1.7,2.6304766302582534,False
1466445549,1.7,1.6173689146310124,1.6173689146310124,True
1466445640,1.7,1.7,2.5683251659833535,False
1466445648,2.1,2.1,3.069178777700666,False
1466445739,2.1,2.8254470287597755,2.8254470287597755,True
1466445814,2.1,3.210281279771295,3.210281279771295,True
1466445879,2.1,2.1,2.6956523375100323,False
1466445909,2.1,2.1,3.418802066098131,False
1466445965,2.1,3.1607253494379783,3.1607253494379783,True
1466446021,2.1,3.362903329408489,3.362903329408489,True
1466446045,2.1,2.1,1.2179653520470688,False
1466446071,3.1,3.1,2.099630825205347,False
1466446120,3.1,1.3920498786466555,1.3920498786466555,True
1466446168,3.1,3.1,2.013349058959308,False
1466446253,3.1,3.1,2.4255479494451206,False
1466446302,3.1,3.1,2.635473879341606,False
1466446389,2.6,2.6,1.7841775578745545,False
1466446404,2.6,3.157426162491916,3.157426162491916,True
1466446494,1.4,1.3027884206136355,1.3027884206136355,True
1466446594,1.4,1.8469676147682879,1.8469676147682879,True
1466446643,3.2,3.2,1.086645447744286,False
1466446669,3.2,3.2,1.2354670036313131,False
1466446690,1.5,1.5,2.224747381599509,False
1466446735,1.5,1.179728089917951,1.179728089917951,True
1466446766,1.5,1.5,1.8471843441373819,False
1466446852,1.5,1.5,3.2627852928992684,False
1466446902,1.5,3.05630551340201,3.05630551340201,True
1466446945,1.5,1.4887770462578198,1.4887770462578198,True
1466446987,1.5,3.4829735956760635,3.4829735956760635,True
1466447036,1.5,1.5,3.301548218642629,False
1466447112,2.3,2.3,2.5575589165782127,False
1466447129,2.3,3.432934194190144,3.432934194190144,True
1466447189,2.3,2.3,1.7636587921968863,False
1466447224,2.3,2.3,1.2459170464207943,False
1466447270,2.3,2.3,1.2058647103986715,False
1466447272,2.3,2.3,1.6283729401640579,False
1466447348,2.3,2.3,3.039806857950509,False
1466447359,3.1,3.1,1.8319738190656052,False
1466447388,3.1,3.1255156615200086,3.1255156615200086,True
1466447390,3.1,1.1447850812577436,1.1447850812577436,True
1466447425,3.0,3.0,2.2861419641817284,False
1466447463,3.0,3.0,1.2114318384632936,False
1466447485,3.0,1.7209445931002947,1.7209445931002947,True
1466447545,3.0,1.9032552382856374,1.9032552382856374,True
1466447553,2.5,1.681289309544248,1.681289309544248,True
1466447554,2.5,1.4468514089520805,1.4468514089520805,True
1466447573,1.7,1.7,3.3287222488568853,False
1466447634,1.7,1.7,1.4709092908633894,False
1466447695,1.7,1.7,2.2383957280656066,False
1466447762,1.7,1.7,2.0581778019755705,False
1466447844,1.7,1.7,2.3013937774885034,False
1466447885,1.7,1.7,1.551426836364203,False
1466447943,1.7,2.9951620362719114,2.9951620362719114,True
1466447956,1.7,2.5161155120710896,2.5161155120710896,True
1466448041,3.4,3.4,1.0380381894812971,False
1466448140,1.3,1.3,2.21756273682683,False
1466448215,1.3,1.3,2.5666643666937388,False
1466448270,1.3,2.3151330779695485,2.3151330779695485,True
1466448302,1.3,3.2848372440895908,3.2848372440895908,True
1466448368,1.3,1.3,1.029528543705947,False
1466448422,1.3,1.3,3.2988135008217836,False
1466448517,1.3,1.3,3.0330559685498937,False
1466448614,1.3,1.3564192429121742,1.3564192429121742,True
1466448701,1.3,1.3,2.770184470185403,False
1466448743,2.9,2.9,2.20916296858014,False
1466448805,2.9,2.9,2.404207142547377,False
1466448844,2.9,2.9,3.0679275578899152,False
1466448896,1.4,1.0310735259068793,1.0310735259068793,True
1466448984,2.4,2.4,1.0251297302328854,False
1466449031,2.4,1.8049683817573667,1.8049683817573667,True
1466449045,2.4,2.4,1.2344314858437182,False
1466449099,2.4,2.4,1.8927104813594036,False
1466449171,2.4,2.4,2.529030213931788,False
1466449261,3.3,3.3,3.1966293616726293,False
1466449280,1.8,2.6654238730638267,2.6654238730638267,True
1466449359,1.8,2.8875041878275254,2.8875041878275254,True
1466449442,1.8,1.8,2.0784860521618826,False
1466449496,1.8,1.8,2.745621519009272,False
1466449537,1.8,1.8,3.1584162267521765,False
1466449555,2.5,1.6749083924590962,1.6749083924590962,True
1466449629,2.5,3.08516052169083,3.08516052169083,True
1466449635,3.4,3.4,3.3893645135561545,False
1466449721,3.4,2.6772020705086343,2.6772020705086343,True
1466449772,3.4,1.669142044671545,1.669142044671545,True
1466449872,1.9,2.5585245862753414,2.5585245862753414,True
1466449873,2.3,3.4630611544176566,3.4630611544176566,True
1466449884,2.3,2.3,3.284361094270703,False
1466449937,2.4,1.9451985891451444,1.9451985891451444,True
1466449953,2.4,2.4,2.447376658523636,False
1466449959,2.4,2.4,2.2180046621383167,False
1466449961,2.4,2.4,3.1973800494089213,False
1466450018,3.0,3.0,1.0345945264601968,False
1466450075,3.0,1.0242450055753218,1.0242450055753218,True
1466450150,3.0,3.0,3.3329869831857755,False
1466450177,3.0,1.8753781460520562,1.8753781460520562,True
1466450255,1.5,1.5,2.9830740332075814,False
1466450343,1.5,1.7553675397209048,1.7553675397209048,True
1466450348,1.5,3.333473698144042,3.333473698144042,True
1466450401,1.5,1.3904115702519648,1.3904115702519648,True
1466450433,1.5,1.5,1.1566222086066806,False
1466450507,1.5,1.5,2.955474192922999,False
1466450536,1.5,1.5,1.0136976734969039,False
1466450627,1.5,2.313740394546567,2.313740394546567,True
1466450723,1.5,1.5,1.2990411944419056,False
1466450817,1.5,1.5,1.3528597758282985,False
1466450900,1.5,1.2269382695166247,1.2269382695166247,True
1466450902,1.5,1.5,3.0865207128060863,False
1466450971,3.1,1.5811884954110569,1.5811884954110569,True
1466451016,3.1,1.3067808980197575,1.3067808980197575,True
1466451023,3.1,3.1,2.8293981374465718,False
1466451073,3.1,3.1,3.128350204584258,False
1466451166,3.1,1.9221742159628912,1.9221742159628912,True
1466451231,3.1,3.1,1.5260784312791382,False
1466451245,3.1,2.908530426976015,2.908530426976015,True
1466451293,3.1,3.1,2.3091524298421295,False
1466451295,3.1,3.1,2.2615343098255805,False
1466451378,2.2,2.319634917828036,2.319634917828036,True
1466451445,2.2,3.3575776523034055,3.3575776523034055,True
1466451508,2.2,1.7775401367551347,1.7775401367551347,True
1466451599,2.2,3.250723622306136,3.250723622306136,True
1466451686,2.2,2.2,1.196954408814585,False
1466451761,2.2,2.2,2.0681289555996476,False
1466451857,2.2,2.2,2.780632032705293,False
1466451909,2.2,2.7890592509853875,2.7890592509853875,True
1466451919,2.2,3.3670770290581435,3.3670770290581435,True
1466452006,2.2,1.009858893066475,1.009858893066475,True
1466452035,1.9,1.9,2.7722118250672225,False
1466452039,1.9,1.9,2.7777645919294605,False
1466452104,1.9,1.9,1.6140293403595496,False
1466452167,2.8,2.972580766348549,2.972580766348549,True
1466452238,2.8,2.9377062218261507,2.9377062218261507,True
1466452313,2.1,2.1,3.481614311111431,False
1466452339,2.1,2.3941012970400863,2.3941012970400863,True
1466452419,2.1,2.1,1.284955480667427,False
1466452424,2.1,2.1,1.1397289198836937,False
1466452435,2.1,2.8249007512928386,2.8249007512928386,True
1466452531,2.1,2.1,1.8176366246529865,False
1466452584,2.1,2.1,2.935438968675042,False
1466452625,2.1,2.466974419759091,2.466974419759091,True
1466452676,2.1,3.0745709291044365,3.0745709291044365,True
1466452752,2.1,2.1,2.0631248057314364,False
1466452796,2.2,2.8073799617215958,2.8073799617215958,True
1466452825,3.5,1.7055182418894286,1.7055182418894286,True
1466452860,3.5,3.4299132868494704,3.4299132868494704,True
1466452960,1.7,1.7541382791848443,1.7541382791848443,True
1466452979,2.9,2.9,3.0340986838180046,False
1466453002,2.9,2.5545265189076036,2.5545265189076036,True
1466453016,2.9,2.9,3.055564765876349,False
1466453025,3.2,3.2,3.1959431581142024,False
1466453089,3.2,2.9077964636052784,2.9077964636052784,True
1466453141,3.2,3.2,1.798556512562107,False
1466453154,3.2,1.7282526776303966,1.7282526776303966,True
1466453184,3.2,3.2,1.3379685864189494,False
1466453202,1.4,1.4,3.02786675943845,False
1466453203,1.4,1.4,2.3815504305376347,False
1466453222,1.4,1.4,3.227429484723386,False
1466453321,1.4,2.779327007739374,2.779327007739374,True
1466453379,1.7,2.2666379548083793,2.2666379548083793,True
1466453392,1.7,1.7,1.069889974599495,False
1466453422,1.7,1.7,1.249679117494086,False
1466453502,1.7,1.7,1.00040089319501,False
1466453518,1.7,1.7,2.939531020127621,False
1466453563,1.7,1.7,3.3518088055929103,False
1466453604,1.7,3.248467114944676,3.248467114944676,True
1466453639,1.7,1.7,1.2930260413855643,False
1466453705,1.7,2.4362543053203884,2.4362543053203884,True
1466453795,1.6,1.6,2.279228740728546,False
1466453816,1.6,1.6,1.6257905424428458,False
1466453870,3.3,2.4330778746591863,2.4330778746591863,True
1466453910,1.7,2.4802856967605065,2.4802856967605065,True
1466454002,1.3,1.3,2.5174071999044836,False
1466454051,1.2,1.3418114449119396,1.3418114449119396,True
1466454087,1.2,1.2,2.6197116912744614,False
1466454129,3.3,1.6197245503178783,1.6197245503178783,True
1466454227,3.2,3.1161405529213355,3.1161405529213355,True
1466454259,3.2,3.062735618611913,3.062735618611913,True
1466454262,3.2,3.2,1.2281717416859352,False
1466454298,1.9,1.9,1.9734454130530146,False
1466454388,2.9,3.188681308314347,3.188681308314347,True
1466454399,2.9,2.533771011538361,2.533771011538361,True
1466454473,2.0,1.1268656742391077,1.1268656742391077,True
1466454529,2.0,2.0,1.674845790585539,False
1466454559,2.0,2.0,2.9511241163728887,False
1466454648,2.0,2.939238676198343,2.939238676198343,True
1466454745,3.1,2.8821859304269437,2.8821859304269437,True
1466454763,3.1,3.1,3.2841493979167184,False
1466454851,3.1,2.195613388362797,2.195613388362797,True
1466454936,3.1,1.1991191511582568,1.1991191511582568,True
1466454949,1.3,1.3,2.7760283477386185,False
1466455032,1.3,1.3,3.366950633182082,False
1466455065,1.3,1.3,1.3490353631827545,False
1466455119,1.3,1.3,1.517463684101438,False
1466455172,1.3,1.3,1.5584129114482637,False
1466455196,1.4,1.0072943656353899,1.0072943656353899,True
1466455271,1.4,1.4,1.2913285948211597,False
1466455357,1.4,2.1172346724592312,2.1172346724592312,True
1466455361,1.4,1.4,3.0964343472433726,False
1466455394,1.4,1.4,1.4857545990584327,False
1466455475,1.4,1.4,1.1132131228676934,False
1466455497,2.9,3.3044901920750047,3.3044901920750047,True
1466455561,2.9,2.9,3.10221999532119,False
1466455575,2.9,2.299498498969477,2.299498498969477,True
1466455587,3.0,3.0231914734673264,3.0231914734673264,True
1466455651,3.0,3.0,2.9368553929818635,False
1466455658,3.0,3.0,1.5788211336385507,False
1466455732,1.8,2.8107310230993896,2.8107310230993896,True
1466455812,1.8,1.8,2.251069594159815,False
1466455910,2.4,2.4,2.8687916094389707,False
1466455951,2.2,1.770397172984803,1.770397172984803,True
1466455999,2.2,2.2,3.285903632587988,False
1466456054,2.2,2.0540145609892253,2.0540145609892253,True
1466456058,2.2,2.2,2.729586794061872,False
1466456074,2.2,3.2398380667962408,3.2398380667962408,True
1466456088,2.2,2.2,1.1031534356971378,False
1466456118,2.2,2.2,2.822463990410628,False
1466456218,2.8,1.037073367485363,1.037073367485363,True
1466456265,2.8,3.3235031874678835,3.3235031874678835,True
1466456270,2.8,2.8,1.573821398999432,False
1466456312,3.3,3.3,1.855666128491226,False
1466456346,1.8,1.9165635924800148,1.9165635924800148,True
1466456374,1.8,1.8,2.322676213015863,False
1466456406,1.8,1.8862128780142435,1.8862128780142435,True
1466456482,1.1,1.1,1.1023017615870558,False
1466456512,1.1,1.9983434810287237,1.9983434810287237,True
1466456610,1.1,1.1,2.1244845943524515,False
1466456683,1.1,1.9824816639777325,1.9824816639777325,True
1466456768,1.1,1.7714986400130242,1.7714986400130242,True
1466456856,1.1,2.7665332174462782,2.7665332174462782,True
1466456927,2.5,2.5,2.8206613283901207,False
1466457014,2.5,1.3416176765895833,1.3416176765895833,True
1466457032,2.5,2.5,1.3027427985945008,False
1466457067,2.5,1.7476558946727352,1.7476558946727352,True
1466457157,2.0,2.0,2.8369344889383656,False
1466457215,2.0,2.0,1.6281976986449813,False
1466457267,1.0,1.1632536055838605,1.1632536055838605,True
1466457357,1.0,1.0,2.60967852570937,False
1466457434,1.0,1.0,2.5652336271775535,False
1466457487,1.0,1.0,2.4044807560582533,False
1466457559,1.0,1.0,1.9450397729401805,False
1466457603,1.0,1.0,1.9997509335212085,False
1466457671,1.0,1.317568577457127,1.317568577457127,True
1466457713,1.0,1.0,1.4352695633108814,False
1466457745,1.0,1.0,1.6168552759456192,False
1466457782,1.0,1.0,1.286311840942205,False
1466457802,1.0,2.2626651983296595,2.2626651983296595,True
1466457817,1.0,1.5011646450642644,1.5011646450642644,True
1466457865,1.0,1.6583746109169366,1.6583746109169366,True
1466457884,1.0,1.0,3.0125062168623384,False
1466457885,1.0,1.0,2.5134620104788157,False
1466457917,1.0,1.0,1.0129502571591056,False
1466457973,1.0,1.1366509305121497,1.1366509305121497,True
1466458045,1.0,1.966228129185922,1.966228129185922,True
1466458135,1.7,1.7,1.2375726988063322,False
1466458151,1.7,1.7,2.345623915138808,False
1466458230,1.9,1.9,2.2201886571684843,False
1466458324,1.7,1.7,1.8030401387432793,False
1466458362,1.7,1.3626379949076348,1.3626379949076348,True
1466458438,1.7,2.8824691160564146,2.8824691160564146,True
1466458454,2.6,2.6,1.8064124989991315,False
1466458496,2.6,2.549308114660966,2.549308114660966,True
1466458509,2.6,2.6967329999647074,2.6967329999647074,True
1466458580,2.6,2.6,2.2612831684239953,False
1466458590,2.6,2.6,3.0195342780266814,False
1466458626,3.3,3.3,1.7292882999925185,False
1466458642,2.3,2.0459009035134814,2.0459009035134814,True
1466458665,2.3,2.3,1.9302779551621678,False
1466458694,1.9,1.9,2.6349658231654964,False
1466458762,1.9,3.231215502237279,3.231215502237279,True
1466458793,1.9,1.9,2.3984695271505676,False
1466458824,1.9,1.8864291241509568,1.8864291241509568,True
1466458906,1.6,1.6,2.2462486803216857,False
1466458982,1.6,1.6,2.2361838512674392,False
1466459068,1.6,1.5352708635082055,1.5352708635082055,True
1466459159,1.6,1.6,1.828968694190786,False
1466459184,1.6,1.6,2.0788123474922404,False
1466459273,2.5,1.5418011166743648,1.5418011166743648,True
1466459372,2.5,2.5,3.0761862929974066,False
1466459415,2.5,2.5,1.5181969429262039,False
1466459483,2.5,2.5,2.6605705861458415,False
1466459504,2.5,2.7443383547196145,2.7443383547196145,True
1466459588,1.1,1.1,1.6943199527315178,False
1466459595,1.3,1.3,1.9296534015435398,False
1466459673,2.7,2.185357739404904,2.185357739404904,True
1466459726,2.7,2.7,3.027056942499777,False
1466459800,2.7,1.9802229904910749,1.9802229904910749,True
1466459857,2.5,2.498755230827207,2.498755230827207,True
1466459887,2.5,2.7012777677647506,2.7012777677647506,True
1466459913,2.5,2.5,3.382473590719239,False
1466459974,2.5,2.5,1.767412644545239,False
1466459995,1.4,1.4,2.456506155546849,False
1466460001,1.4,2.126615038162677,2.126615038162677,True
1466460054,1.4,2.230108808772951,2.230108808772951,True
1466460130,1.4,1.4,1.1576294500598743,False
1466460215,1.4,1.4,3.320497371280981,False
1466460252,2.9,3.101686060869211,3.101686060869211,True
1466460272,2.9,2.9,2.5479019293395244,False
1466460346,2.9,2.9,1.0462356336649665,False
1466460440,1.1,1.9364825399317243,1.9364825399317243,True
1466460461,3.1,2.5108300317067105,2.5108300317067105,True
1466460528,3.1,3.1,2.39748428856682,False
1466460610,3.1,1.111442625321661,1.111442625321661,True
1466460630,2.1,2.1,3.4088612845651367,False
1466460691,2.1,2.1,1.467146066180608,False
1466460706,1.8,1.8,1.8921288462925856,False
1466460739,1.8,1.824095254801833,1.824095254801833,True
1466460765,1.8,1.8,2.0013459427928066,False
1466460795,1.8,2.341252646688156,2.341252646688156,True
1466460877,3.4,2.6505186279857207,2.6505186279857207,True
1466460973,3.4,2.1950989043076037,2.1950989043076037,True
1466461009,3.4,1.8511212860310058,1.8511212860310058,True
1466461027,3.4,2.2319062394913893,2.2319062394913893,True
1466461032,3.4,1.5575573890744665,1.5575573890744665,True
1466461096,3.4,3.4,2.681143931835105,False
1466461169,3.4,3.4,3.143987720650218,False
1466461256,3.4,3.4,2.5665562240030724,False
1466461351,3.4,3.4,1.4314234082948696,False
1466461451,3.4,3.4,2.7444899676069925,False
1466461531,3.4,3.4,2.772563576134672,False
1466461568,3.4,3.4,2.1557470713208655,False
1466461583,3.4,1.5747910371353493,1.5747910371353493,True
1466461647,1.2,1.700204654357188,1.700204654357188,True
1466461703,3.1,3.1,2.2814552563982184,False
1466461794,3.2,2.9219372770481025,2.9219372770481025,True
1466461813,3.2,2.5270439173442414,2.5270439173442414,True
1466461910,3.2,3.2,2.647505246791112,False
1466461988,3.2,3.2,3.189106871638013,False
1466462056,1.1,1.6361793633792852,1.6361793633792852,True
1466462101,1.1,1.1,1.4980278596564975,False
1466462155,1.1,3.1385066352919204,3.1385066352919204,True
1466462215,1.1,1.2722610782531467,1.2722610782531467,True
1466462278,2.8,2.8,1.1673298103231478,False
1466462368,2.8,2.8,1.7412616324436931,False
1466462412,2.8,2.7707743739934356,2.7707743739934356,True
1466462512,2.8,2.8,1.3147167844264653,False
1466462594,2.8,1.2661678043647724,1.2661678043647724,True
1466462671,2.8,2.937220897346241,2.937220897346241,True
1466462716,2.8,2.622661069932153,2.622661069932153,True
1466462746,2.8,2.8,3.2502828519697298,False
1466462782,1.5,1.5,2.9633663639640533,False
1466462820,2.8,2.8,1.3748956745526464,False
1466462833,2.8,2.06481638964906,2.06481638964906,True
1466462842,2.9,2.9,2.146574091419425,False
1466462850,2.9,2.03826620099716,2.03826620099716,True
1466462941,3.1,1.0684311653777494,1.0684311653777494,True
1466463026,3.1,3.1,1.781063691086108,False
1466463117,3.1,1.5805919209585335,1.5805919209585335,True
1466463139,3.1,3.1,1.1989328253805067,False
