1466410104,131.2,31.179389459839793,31.179389459839793,True
1466410114,127.5,127.5,98.95561659964753,False
1466410130,119.6,134.11824618309743,134.11824618309743,True
1466410181,119.6,26.80458169636383,26.80458169636383,True
1466410203,119.6,10.486792496869102,10.486792496869102,True
1466410250,119.6,119.6,18.311821983234672,False
1466410309,109.8,71.8871117592103,71.8871117592103,True
1466410397,109.8,134.4902527354656,134.4902527354656,True
1466410430,109.8,81.36596246849867,81.36596246849867,True
1466410469,109.8,109.8,122.36027163256267,False
1466410483,109.8,60.85899031591252,60.85899031591252,True
1466410498,109.8,109.8,110.4829744166132,False
1466410502,114.0,99.92534914931868,99.92534914931868,True
1466410532,114.0,114.0,80.46568899533263,False
1466410541,114.0,98.34891795505706,98.34891795505706,True
1466410573,119.0,97.46885090744463,97.46885090744463,True
1466410630,119.0,70.72668864574237,70.72668864574237,True
1466410653,119.1,34.54086444043321,34.54086444043321,True
1466410746,123.6,123.6,67.64439339535339,False
1466410814,123.6,123.6,63.4637726412993,False
1466410890,123.6,123.6,0.5562922597016359,False
1466410902,123.6,123.6,48.24603710140164,False
1466410978,123.6,5.660771566426847,5.660771566426847,True
1466411008,123.6,123.6,134.84465754709314,False
1466411066,123.6,127.84497321044664,127.84497321044664,True
1466411094,123.6,123.6,112.62413248313102,False
1466411157,123.6,123.6,20.273053536434123,False
1466411223,123.6,41.13113253592998,41.13113253592998,True
1466411226,123.6,129.6562647155785,129.6562647155785,True
1466411272,134.5,134.5,92.56441343030303,False
1466411303,134.5,92.17995861748216,92.17995861748216,True
1466411318,139.5,44.23124371587839,44.23124371587839,True
1466411396,139.5,139.5,75.5509937926207,False
1466411493,139.5,139.5,1.964354272146573,False
1466411549,138.4,19.057072015595253,19.057072015595253,True
1466411560,138.4,60.77908707119582,60.77908707119582,True
1466411626,138.4,77.67099586690196,77.67099586690196,True
1466411723,138.4,138.4,65.4507221499584,False
1466411763,138.4,131.46901892505895,131.46901892505895,True
1466411785,138.4,138.4,29.422287472773743,False
1466411854,136.2,136.2,118.16559432335998,False
1466411889,136.2,68.01384768157438,68.01384768157438,True
1466411988,136.2,136.66897100913303,136.66897100913303,True
1466412022,130.0,110.16156006654481,110.16156006654481,True
1466412046,131.9,13.666082860122522,13.666082860122522,True
1466412076,131.9,75.975552114055,75.975552114055,True
1466412152,131.9,107.5746347164088,107.5746347164088,True
1466412181,131.9,101.80697004197658,101.80697004197658,True
1466412201,131.9,131.9,96.14650233050142,False
1466412260,126.1,2.0748771660994567,2.0748771660994567,True
1466412347,126.1,126.1,57.70517041643314,False
1466412360,126.1,126.1,59.85144974347351,False
1466412438,126.1,126.1,129.03324246110634,False
1466412521,126.1,126.1,18.877808569626584,False
1466412599,126.1,137.10487210351576,137.10487210351576,True
1466412639,126.1,51.33427250259064,51.33427250259064,True
1466412691,126.1,126.1,90.05212567621354,False
1466412747,121.1,121.1,80.164868950267,False
1466412794,121.1,121.1,124.38513210995417,False
1466412819,121.1,121.1,100.91164321476126,False
1466412832,118.7,5.234804431662341,5.234804431662341,True
1466412874,128.3,27.177896730378826,27.177896730378826,True
1466412943,128.3,13.368626376061512,13.368626376061512,True
1466412971,132.3,132.3,14.029493045364577,False
1466412990,132.3,20.40249816671488,20.40249816671488,True
1466413028,135.2,111.22419420069075,111.22419420069075,True
1466413053,135.2,12.946457128867232,12.946457128867232,True
1466413125,138.7,138.7,10.046881129266831,False
1466413200,138.7,138.7,21.479534098686834,False
1466413264,138.7,37.63371827537745,37.63371827537745,True
1466413311,138.7,138.7,24.844724633369466,False
1466413342,138.7,40.89254696532231,40.89254696532231,True
1466413440,136.5,136.5,114.4435394983597,False
1466413458,136.5,136.5,25.40051854443817,False
1466413529,136.5,136.5,127.23300012154995,False
1466413542,136.5,136.5,75.14373019766577,False
1466413638,137.6,130.216429670233,130.216429670233,True
1466413672,137.6,137.6,101.0459323695452,False
1466413733,137.6,26.883396654072214,26.883396654072214,True
1466413779,137.6,137.6,77.95511028997556,False
1466413780,136.6,4.497754462071058,4.497754462071058,True
1466413864,136.6,136.6,43.374264585064424,False
1466413885,136.6,99.90321510323884,99.90321510323884,True
1466413946,136.6,136.6,109.73719242378914,False
1466414033,136.6,32.0296990608506,32.0296990608506,True
1466414071,136.6,21.60567365212123,21.60567365212123,True
1466414164,136.6,79.68171149670982,79.68171149670982,True
1466414225,130.0,67.6252147977468,67.6252147977468,True
1466414312,130.0,130.0,90.19893886415268,False
1466414325,130.0,130.0,119.11562893086624,False
1466414328,130.0,130.0,107.10992975378663,False
1466414329,130.0,109.08286583567968,109.08286583567968,True
1466414402,130.0,131.61358952677492,131.61358952677492,True
1466414407,130.0,127.63748391757639,127.63748391757639,True
1466414413,130.0,130.0,106.33430449495536,False
1466414460,130.0,110.34516918807864,110.34516918807864,True
1466414552,121.8,121.8,58.62267810961416,False
1466414602,126.1,126.1,112.40231782896556,False
1466414662,126.1,106.7556470761946,106.7556470761946,True
1466414746,126.1,94.00583320085688,94.00583320085688,True
1466414844,126.1,8.75258986696414,8.75258986696414,True
1466414943,126.1,126.1,125.33586810407454,False
1466414946,115.8,115.8,14.989348704054633,False
1466414966,115.8,31.55317031304869,31.55317031304869,True
1466415038,115.8,113.7518757053647,113.7518757053647,True
1466415106,115.8,115.8,22.622062904117183,False
1466415130,115.8,110.2880946250991,110.2880946250991,True
1466415145,116.7,54.122342622476566,54.122342622476566,True
1466415202,116.7,108.8756982302751,108.8756982302751,True
1466415239,116.7,116.7,10.672721926584899,False
1466415249,116.7,116.7,93.47086557047895,False
1466415308,116.7,130.0376323110722,130.0376323110722,True
1466415357,114.3,54.62274278735486,54.62274278735486,True
1466415404,114.3,114.3,55.470795150922775,False
1466415469,114.7,127.9802887583883,127.9802887583883,True
1466415548,114.7,114.7,111.89912835016548,False
1466415588,114.7,128.2721243043499,128.2721243043499,True
1466415627,114.7,96.30622033364178,96.30622033364178,True
1466415719,120.9,133.79074065651238,133.79074065651238,True
1466415767,120.9,61.011463162332404,61.011463162332404,True
1466415860,124.5,124.5,70.13111006986148,False
1466415872,124.5,107.30327392581232,107.30327392581232,True
1466415914,124.5,51.565127767440245,51.565127767440245,True
1466415934,124.5,124.5,11.030975793623435,False
1466415988,124.5,43.19358516356204,43.19358516356204,True
1466416004,124.5,124.5,125.55066023709806,False
1466416050,124.5,14.822514265924472,14.822514265924472,True
1466416150,132.0,132.0,117.39335246717404,False
1466416161,132.0,50.97857992293938,50.97857992293938,True
1466416215,132.0,132.0,115.27550393422396,False
1466416315,132.0,51.88736564033424,51.88736564033424,True
1466416321,132.0,54.077669943690424,54.077669943690424,True
1466416393,132.0,8.316693296293485,8.316693296293485,True
1466416440,132.0,18.158160118879493,18.158160118879493,True
1466416510,132.0,132.0,78.14084932277035,False
1466416541,132.0,132.0,16.707611973151938,False
1466416631,132.0,76.49773185264134,76.49773185264134,True
1466416671,132.0,132.0,104.54688404803944,False
1466416725,132.0,134.08677977898498,134.08677977898498,True
1466416815,127.8,47.928587478528904,47.928587478528904,True
1466416867,127.8,9.392778809345442,9.392778809345442,True
1466416933,127.8,113.41563257303454,113.41563257303454,True
1466416963,127.8,18.982095706366252,18.982095706366252,True
1466417034,127.8,1.2038776532771305,1.2038776532771305,True
1466417069,127.8,37.24588320925118,37.24588320925118,True
1466417095,127.8,127.8,74.14220905748344,False
1466417123,129.7,129.7,1.2650081779551077,False
1466417219,129.7,129.7,7.956691622254408,False
1466417228,129.7,137.12962212076707,137.12962212076707,True
1466417235,129.7,68.03770537455414,68.03770537455414,True
1466417266,129.2,129.2,10.562195799002087,False
1466417298,129.2,26.52452796877009,26.52452796877009,True
1466417382,129.2,129.2,81.42222025671698,False
1466417429,129.2,129.2,7.622336705680532,False
1466417434,129.2,85.97087201753384,85.97087201753384,True
1466417513,129.2,129.2,132.03496728595618,False
1466417598,129.2,110.88171987932246,110.88171987932246,True
1466417615,122.5,27.234215062143363,27.234215062143363,True
1466417654,117.3,36.01979539703636,36.01979539703636,True
1466417749,117.3,49.471728794642516,49.471728794642516,True
1466417763,117.3,117.3,60.880613837195334,False
1466417822,123.0,9.378079154154435,9.378079154154435,True
1466417851,115.3,115.3,92.81649602446004,False
1466417855,115.3,115.3,116.00469627899744,False
1466417879,115.3,115.3,5.171218116673208,False
1466417895,106.5,76.58224920587558,76.58224920587558,True
1466417969,106.5,106.5,123.48376623862688,False
1466418049,106.5,80.74017976903288,80.74017976903288,True
1466418118,106.5,80.37530453805351,80.37530453805351,True
1466418129,106.5,106.5,58.06421723690715,False
1466418179,106.5,106.5,131.9216836123991,False
1466418254,106.5,106.5,96.61814382178261,False
1466418332,107.7,107.7,10.13097785456075,False
1466418428,107.7,43.77100633661426,43.77100633661426,True
1466418494,107.7,16.171145177800483,16.171145177800483,True
1466418554,107.7,106.21178752634279,106.21178752634279,True
1466418563,107.7,107.7,66.73853028834026,False
1466418564,107.7,107.7,105.63390479293555,False
1466418594,107.7,24.34969020820705,24.34969020820705,True
1466418674,107.7,18.095821035592337,18.095821035592337,True
1466418748,109.7,109.7,138.85893517178354,False
1466418847,109.7,2.39233196596873,2.39233196596873,True
1466418877,109.7,109.7,7.188889531046215,False
1466418917,109.7,46.09666896911406,46.09666896911406,True
1466418938,109.7,109.7,118.0239817935399,False
1466419031,109.7,109.7,73.24060490422139,False
1466419058,99.9,10.640324586162727,10.640324586162727,True
1466419104,99.9,31.526385853276977,31.526385853276977,True
1466419166,99.9,99.9,95.67678297492311,False
1466419261,109.3,28.243184165468673,28.243184165468673,True
1466419349,109.3,109.3,37.88430925228037,False
1466419442,109.3,62.83997937073653,62.83997937073653,True
1466419530,109.3,109.3,12.35728036818898,False
1466419595,107.2,107.2,70.56119048680719,False
1466419646,107.2,56.908320327977584,56.908320327977584,True
1466419737,99.5,94.50417340963882,94.50417340963882,True
1466419826,99.5,130.68930871272875,130.68930871272875,True
1466419880,99.5,99.5,135.97171542648348,False
1466419911,107.9,107.9,131.1224854829683,False
1466419938,107.9,107.9,75.4210664343407,False
1466420016,107.9,88.27575562605402,88.27575562605402,True
1466420019,107.9,107.9,46.08163986485268,False
1466420108,107.9,107.9,89.12889811402289,False
1466420205,107.9,107.9,52.48936000229415,False
1466420228,107.9,108.86442866234266,108.86442866234266,True
1466420257,107.9,20.40590182872374,20.40590182872374,True
1466420270,107.9,18.245358065022725,18.245358065022725,True
1466420296,112.6,112.6,135.54334473490297,False
1466420331,119.3,124.4971250401576,124.4971250401576,True
1466420407,119.3,46.52652353427346,46.52652353427346,True
1466420430,119.3,119.3,118.03321219998588,False
1466420453,119.3,106.77597014858357,106.77597014858357,True
1466420474,119.3,119.3,17.638605161184522,False
1466420566,119.3,50.906230579446444,50.906230579446444,True
1466420579,119.3,4.2683503577098785,4.2683503577098785,True
1466420618,119.3,97.68550424394553,97.68550424394553,True
1466420624,119.3,19.48804725408939,19.48804725408939,True
1466420643,119.3,25.123297864283547,25.123297864283547,True
1466420695,119.3,119.3,43.34765942848321,False
1466420788,119.3,51.059674220260916,51.059674220260916,True
1466420863,119.3,38.44173628514061,38.44173628514061,True
1466420947,119.3,119.3,105.73187162343778,False
1466421003,119.3,119.3,111.3070404835597,False
1466421032,125.9,125.9,131.0356309954996,False
1466421050,125.9,125.9,36.70417299480607,False
1466421116,131.5,131.5,107.05820345246373,False
1466421208,131.5,103.02452026982745,103.02452026982745,True
1466421234,131.5,76.58620742398064,76.58620742398064,True
1466421262,131.5,101.60600423184552,101.60600423184552,True
1466421353,131.5,136.99737424715894,136.99737424715894,True
1466421360,131.5,60.74097314077664,60.74097314077664,True
1466421392,131.5,131.5,3.6617924608553567,False
1466421480,131.5,131.5,5.888593740947693,False
1466421530,131.5,31.210443029131138,31.210443029131138,True
1466421547,131.5,131.5,89.87450887299656,False
1466421591,121.7,16.860451337593002,16.860451337593002,True
1466421633,120.1,120.1,99.7761239240331,False
1466421636,120.0,131.52330609385822,131.52330609385822,True
1466421670,120.0,120.0,82.0336170904527,False
1466421695,120.0,59.85670207929514,59.85670207929514,True
1466421721,120.0,112.51186910407093,112.51186910407093,True
1466421804,120.0,4.095218441539325,4.095218441539325,True
1466421819,120.0,61.31264192885001,61.31264192885001,True
1466421862,120.0,120.0,87.16622516257924,False
1466421885,120.0,50.271715804636244,50.271715804636244,True
1466421936,126.8,38.38431489593437,38.38431489593437,True
1466422012,127.3,60.09041805981798,60.09041805981798,True
1466422044,127.3,127.3,80.18984130929394,False
1466422045,127.3,129.40940814395904,129.40940814395904,True
1466422137,127.3,126.94018875035222,126.94018875035222,True
1466422162,127.3,107.52884529741002,107.52884529741002,True
1466422189,127.3,127.3,85.09854667789556,False
1466422197,132.2,132.2,114.00218050379715,False
1466422264,132.2,82.09664172415869,82.09664172415869,True
1466422330,131.5,131.5,4.784510247783355,False
1466422378,131.5,131.5,55.55464641841399,False
1466422432,131.5,44.24350899059738,44.24350899059738,True
1466422488,131.5,131.5,30.84527074914495,False
1466422577,131.5,51.82904709805005,51.82904709805005,True
1466422628,131.5,122.34740511365861,122.34740511365861,True
1466422638,131.5,131.5,37.74346619985423,False
1466422666,131.5,23.793792053637823,23.793792053637823,True
1466422706,131.5,131.5,132.01004600482378,False
1466422731,138.7,138.7,47.80042071875335,False
1466422804,133.8,133.8,37.19020675977961,False
1466422866,133.8,133.8,11.811371554433233,False
1466422873,133.8,133.8,7.820547818518015,False
1466422895,133.8,133.8,96.58286065204116,False
1466422953,133.8,122.40218402374506,122.40218402374506,True
1466422973,133.8,105.62360214089485,105.62360214089485,True
1466423017,133.8,133.8,138.10621434035633,False
1466423051,136.9,136.9,51.07444050400293,False
1466423099,136.9,136.9,108.12424787412212,False
1466423150,136.9,18.57632824702616,18.57632824702616,True
1466423155,136.9,96.93522092366287,96.93522092366287,True
1466423168,136.9,72.40956851027424,72.40956851027424,True
1466423205,136.9,136.9,63.38158511485957,False
1466423275,128.1,120.86229621059698,120.86229621059698,True
1466423287,128.1,82.52301378627325,82.52301378627325,True
1466423336,136.2,9.385754478316036,9.385754478316036,True
1466423340,136.2,53.21924591844071,53.21924591844071,True
1466423355,136.2,136.2,125.68632604561118,False
1466423443,136.8,127.01214821286462,127.01214821286462,True
1466423499,136.8,136.8,50.380397247381055,False
1466423585,130.6,130.6,78.01140982858252,False
1466423612,130.6,62.96658656277613,62.96658656277613,True
1466423669,130.3,74.67646441766608,74.67646441766608,True
1466423705,121.3,3.5332394814981725,3.5332394814981725,True
1466423770,121.3,113.27522798612381,113.27522798612381,True
1466423844,121.3,19.00205367395337,19.00205367395337,True
1466423902,121.3,121.3,72.25635481068896,False
1466423913,121.3,121.3,80.56119647450093,False
1466423972,115.8,124.43381370747255,124.43381370747255,True
1466424014,115.8,115.8,128.47556058697847,False
1466424069,115.8,115.8,79.54321745453642,False
1466424154,115.8,115.8,91.72993494395945,False
1466424155,114.3,114.3,115.66961179812404,False
1466424169,115.9,115.9,21.482303503703754,False
1466424262,115.9,115.80418218472376,115.80418218472376,True
1466424339,121.1,121.1,108.30140331180017,False
1466424398,121.1,27.84454185604835,27.84454185604835,True
1466424497,121.1,120.81335955588447,120.81335955588447,True
1466424558,121.1,121.1,90.39013676478656,False
1466424613,121.1,121.1,107.01083954979943,False
1466424713,121.1,92.34036537640247,92.34036537640247,True
1466424804,121.1,103.05352525263059,103.05352525263059,True
1466424878,127.1,127.1,40.28205904395244,False
1466424924,127.1,127.1,100.14956407117309,False
1466425009,127.1,127.1,98.16748913747341,False
1466425106,122.3,122.3,58.80151469723015,False
1466425129,124.7,130.47896270498023,130.47896270498023,True
1466425179,124.7,103.45413033597234,103.45413033597234,True
1466425257,120.3,120.3,18.854444817358846,False
1466425262,120.3,120.3,124.98712583216648,False
1466425305,120.3,14.256307694361627,14.256307694361627,True
1466425331,120.3,120.3,9.625377077406387,False
1466425338,120.3,71.09802799442645,71.09802799442645,True
1466425377,120.3,120.3,34.08829819816083,False
1466425380,120.3,44.108162649693064,44.108162649693064,True
1466425417,122.2,122.2,18.477541855000116,False
1466425484,122.2,122.2,68.43711593008875,False
1466425517,122.2,114.55097573533953,114.55097573533953,True
1466425553,122.2,32.7899889533039,32.7899889533039,True
1466425640,129.2,101.8735395505396,101.8735395505396,True
1466425687,129.2,114.08723981819745,114.08723981819745,True
1466425711,129.2,75.27764956081758,75.27764956081758,True
1466425768,138.0,125.69590339070916,125.69590339070916,True
1466425811,138.0,138.0,126.82016126106939,False
1466425856,138.0,138.0,37.24304384905514,False
1466425869,138.0,114.11328879385349,114.11328879385349,True
1466425884,138.0,138.0,20.48136009373476,False
1466425962,138.0,83.70894483893525,83.70894483893525,True
1466425974,135.2,104.79746677793705,104.79746677793705,True
1466426016,135.2,135.2,17.98707220189479,False
1466426024,135.2,33.814866712862546,33.814866712862546,True
1466426034,128.3,52.90531698735643,52.90531698735643,True
1466426130,128.3,128.3,115.56342980727258,False
1466426189,130.4,76.24810881195181,76.24810881195181,True
1466426198,125.1,101.74704312615583,101.74704312615583,True
1466426280,120.4,120.4,51.76722924578591,False
1466426298,122.3,119.77624396357483,119.77624396357483,True
1466426380,122.3,122.3,11.967606038099683,False
1466426420,114.2,54.31593260434708,54.31593260434708,True
1466426509,114.2,75.34474068395984,75.34474068395984,True
1466426521,114.2,114.2,123.0974953600128,False
1466426535,114.2,47.333967677422436,47.333967677422436,True
1466426563,124.1,124.1,103.0068614531641,False
1466426620,124.1,69.841394158897,69.841394158897,True
1466426694,123.2,75.9560848600435,75.9560848600435,True
1466426764,123.2,123.2,38.86117479016854,False
1466426778,123.2,123.2,28.07904883660838,False
1466426866,123.2,28.135545863707133,28.135545863707133,True
1466426938,123.2,123.2,14.80981754016059,False
1466427022,123.2,123.2,131.4571373653283,False
1466427059,123.2,123.2,87.1777386232429,False
1466427125,123.2,123.2,13.519312553030451,False
1466427204,123.2,123.2,82.43169050414049,False
1466427240,123.2,123.2,110.69252623591377,False
1466427317,123.2,123.2,22.33092073986336,False
1466427319,112.4,8.205828649493435,8.205828649493435,True
1466427331,112.4,16.241900780990182,16.241900780990182,True
1466427425,112.4,136.17167276176855,136.17167276176855,True
1466427458,112.4,18.82544874143234,18.82544874143234,True
1466427495,123.1,27.96731948516686,27.96731948516686,True
1466427543,127.1,127.1,26.952725151238234,False
1466427625,137.0,0.2813735982455836,0.2813735982455836,True
1466427663,137.0,137.0,126.38075284592672,False
1466427672,137.0,137.0,67.8237350746553,False
1466427684,137.0,137.0,48.92152525796375,False
1466427739,137.0,101.55400321325614,101.55400321325614,True
1466427769,137.0,137.0,91.58490556817773,False
1466427775,137.0,76.12814377928666,76.12814377928666,True
1466427820,137.0,23.374582657846727,23.374582657846727,True
1466427837,137.0,137.0,131.5101678091573,False
1466427846,137.0,119.36212637032607,119.36212637032607,True
1466427904,137.0,42.91127431588753,42.91127431588753,True
1466427997,137.0,59.53876528349531,59.53876528349531,True
1466428027,137.0,137.0,64.24179826515908,False
1466428114,137.0,56.592127126254134,56.592127126254134,True
1466428212,137.0,69.45968809735456,69.45968809735456,True
1466428294,137.0,73.12048251701098,73.12048251701098,True
1466428321,137.0,53.52026717327413,53.52026717327413,True
1466428340,137.0,137.0,68.99159806273327,False
1466428378,137.0,88.86002703555204,88.86002703555204,True
1466428463,137.0,137.0,129.0336055942509,False
1466428551,137.0,137.0,82.31745244094793,False
1466428575,137.0,137.0,91.87534836115937,False
1466428593,131.5,131.5,134.20274153449625,False
1466428682,131.5,131.5,43.89153788799715,False
1466428699,131.5,87.23204133902716,87.23204133902716,True
1466428719,131.5,42.574233951599766,42.574233951599766,True
1466428819,131.5,71.11981549717284,71.11981549717284,True
1466428850,131.5,131.5,13.060205054747433,False
1466428884,131.5,113.93998118102218,113.93998118102218,True
1466428973,131.5,20.829730391655204,20.829730391655204,True
1466429006,131.5,116.37954954831035,116.37954954831035,True
1466429026,131.5,131.5,36.53081151020632,False
1466429066,131.5,80.85525778204553,80.85525778204553,True
1466429072,131.5,131.5,33.91144035776275,False
1466429103,124.0,78.23596565220456,78.23596565220456,True
1466429110,124.0,31.42056805352725,31.42056805352725,True
1466429123,124.0,5.016407559638061,5.016407559638061,True
1466429168,124.0,111.83634513914924,111.83634513914924,True
1466429182,124.0,124.0,9.889536990529663,False
1466429184,124.0,124.0,66.404310169129,False
1466429197,124.0,124.77806571721041,124.77806571721041,True
1466429280,125.9,101.06213845107621,101.06213845107621,True
1466429378,124.4,104.78233297055435,104.78233297055435,True
1466429450,124.4,124.4,6.228780404721204,False
1466429455,124.4,124.4,102.1818237666903,False
1466429510,124.4,124.4,27.223878757422607,False
1466429565,124.4,124.4,134.92682163598977,False
1466429566,124.4,124.4,128.28107548605104,False
1466429592,124.4,124.4,129.79161012305008,False
1466429623,124.4,69.9569821428414,69.9569821428414,True
1466429691,124.4,70.84086851066975,70.84086851066975,True
1466429733,124.4,123.75927457866462,123.75927457866462,True
1466429803,124.4,85.36965657131837,85.36965657131837,True
1466429832,124.4,127.05318324824881,127.05318324824881,True
1466429905,124.4,124.4,43.95054529655243,False
1466429997,124.4,94.82040973175002,94.82040973175002,True
1466430050,124.4,124.53697705708369,124.53697705708369,True
1466430088,124.4,124.4,2.360495485030494,False
1466430174,117.3,117.3,102.12760712074099,False
1466430247,126.9,126.9,63.80184216322565,False
1466430344,126.9,126.9,68.58405363538643,False
1466430375,135.7,69.71654024917083,69.71654024917083,True
1466430400,127.8,127.8,73.79702907199226,False
1466430457,127.8,11.238762727281388,11.238762727281388,True
1466430483,127.8,3.892166872366496,3.892166872366496,True
1466430517,127.8,63.854042237987215,63.854042237987215,True
1466430524,127.8,127.8,24.563824098688887,False
1466430592,127.8,127.8,52.95201648185445,False
1466430616,127.8,84.21702007578357,84.21702007578357,True
1466430631,127.8,0.08764220097539022,0.08764220097539022,True
1466430680,135.9,48.04087027582791,48.04087027582791,True
1466430734,135.9,128.78955254659573,128.78955254659573,True
1466430790,135.9,125.93640218645936,125.93640218645936,True
1466430815,144.8,144.8,103.94848635770764,False
1466430895,144.8,144.8,96.22555479095884,False
1466430916,144.8,144.8,0.33988940173010374,False
1466430929,138.0,109.65370139599956,109.65370139599956,True
1466430936,138.0,59.57110597546786,59.57110597546786,True
1466431009,138.0,138.0,39.21551416561009,False
1466431036,138.0,138.0,123.22438362902406,False
1466431055,138.0,79.05497538552216,79.05497538552216,True
1466431145,138.0,138.0,71.67272160597074,False
1466431218,138.0,138.0,20.629440845538312,False
1466431290,138.0,138.0,26.93338614314827,False
1466431324,138.0,125.99284434722398,125.99284434722398,True
1466431400,138.0,52.55989380993349,52.55989380993349,True
1466431450,138.0,138.0,99.31058836994217,False
1466431526,131.8,131.8,46.88296529405422,False
1466431589,131.8,31.355515788193166,31.355515788193166,True
1466431661,131.8,49.133388585439725,49.133388585439725,True
1466431760,131.8,136.28066013457715,136.28066013457715,True
1466431796,131.8,131.8,79.18503858370052,False
1466431848,131.8,37.97137517844882,37.97137517844882,True
1466431879,131.8,131.8,127.22289031288574,False
1466431954,131.8,131.8,130.07023714889638,False
1466431958,131.8,131.8,24.84728785399022,False
1466432002,131.8,105.77520048394683,105.77520048394683,True
1466432101,131.8,124.53576700646437,124.53576700646437,True
1466432177,131.8,131.8,134.79351875712024,False
1466432194,131.8,38.04230761862898,38.04230761862898,True
1466432237,131.8,114.32168395679092,114.32168395679092,True
1466432280,138.5,102.59969876437954,102.59969876437954,True
1466432373,138.5,138.5,11.071482927086894,False
1466432389,138.5,98.09595080203721,98.09595080203721,True
1466432415,144.1,104.42939265369857,104.42939265369857,True
1466432417,133.0,49.82468368954358,49.82468368954358,True
1466432506,133.0,133.0,82.33847151459774,False
1466432569,133.0,133.0,89.73120279289313,False
1466432577,133.0,64.17798095106126,64.17798095106126,True
1466432670,133.0,133.0,41.652864858119656,False
1466432706,143.1,143.1,0.6304529420661591,False
1466432804,134.5,134.5,5.117707324121693,False
1466432853,134.5,134.5,92.90048473030089,False
1466432947,134.5,134.5,44.36108041080624,False
1466433040,134.5,134.5,127.46016796107233,False
1466433128,143.2,36.369571329378445,36.369571329378445,True
1466433145,143.2,1.2196228877799122,1.2196228877799122,True
1466433195,141.8,141.8,137.7057473528813,False
1466433289,141.8,141.8,113.15134198177095,False
1466433375,141.8,71.63080975288867,71.63080975288867,True
1466433427,142.3,142.3,33.297521908686065,False
1466433478,142.3,114.08674835053378,114.08674835053378,True
1466433517,142.3,9.398948089474903,9.398948089474903,True
1466433615,142.3,58.232129229117824,58.232129229117824,True
1466433672,142.3,56.64478292046085,56.64478292046085,True
1466433762,142.3,105.9645523242652,105.9645523242652,True
1466433809,142.3,142.3,68.2694049557194,False
1466433873,142.3,38.91146586635722,38.91146586635722,True
1466433910,142.3,99.66002694187335,99.66002694187335,True
1466433994,142.3,103.31831348826381,103.31831348826381,True
1466434003,142.3,142.3,31.969139433325505,False
1466434045,142.3,142.3,84.74359268859868,False
1466434096,142.3,83.42046830561488,83.42046830561488,True
1466434173,142.3,33.543746197070945,33.543746197070945,True
1466434199,142.3,74.21984067066175,74.21984067066175,True
1466434224,142.3,142.3,90.38063500582898,False
1466434308,142.3,142.3,133.444683219184,False
1466434359,142.3,37.54477617815197,37.54477617815197,True
1466434371,142.3,96.3787116458677,96.3787116458677,True
1466434457,142.3,108.30086988062489,108.30086988062489,True
1466434498,142.3,95.23320386013937,95.23320386013937,True
1466434552,142.3,137.6213832437489,137.6213832437489,True
1466434622,139.9,50.33831042532226,50.33831042532226,True
1466434691,139.9,116.74023148096502,116.74023148096502,True
1466434718,139.9,139.9,23.617860871757724,False
1466434727,139.9,139.9,88.15867794845951,False
1466434815,139.9,139.9,48.25716588776168,False
1466434892,139.9,48.85932871860407,48.85932871860407,True
1466434915,139.9,139.9,109.20827891461639,False
1466434946,139.9,139.9,80.87058049380623,False
1466434988,139.9,113.47241569125381,113.47241569125381,True
1466435020,139.9,139.9,127.58127957000188,False
1466435090,130.9,14.519046657569495,14.519046657569495,True
1466435099,130.9,11.58668111298924,11.58668111298924,True
1466435145,130.9,130.9,43.43516102642317,False
1466435186,130.9,100.09203365806809,100.09203365806809,True
1466435246,127.4,33.73488982032648,33.73488982032648,True
1466435284,131.0,26.912868722376174,26.912868722376174,True
1466435327,131.0,131.0,83.63070787928422,False
1466435369,131.0,26.639312975540378,26.639312975540378,True
1466435408,131.0,31.982945377021366,31.982945377021366,True
1466435468,131.0,131.0,37.90767558376121,False
1466435486,131.0,131.0,112.59404088577594,False
1466435555,121.5,121.5,49.80360068270699,False
1466435624,121.5,79.6017041627402,79.6017041627402,True
1466435659,121.5,79.59551529747257,79.59551529747257,True
1466435682,129.3,126.57482600083843,126.57482600083843,True
1466435712,129.3,129.3,64.9804117233775,False
1466435794,129.3,22.377624132063573,22.377624132063573,True
1466435878,129.3,65.70708316580951,65.70708316580951,True
1466435904,129.3,129.3,132.04319450909404,False
1466435971,129.3,129.3,116.2731163159062,False
1466436041,129.3,123.63525647631384,123.63525647631384,True
1466436059,129.3,79.28202903394873,79.28202903394873,True
1466436093,129.3,90.47927171339062,90.47927171339062,True
1466436178,119.9,83.31717107127648,83.31717107127648,True
1466436230,119.9,43.204980999916785,43.204980999916785,True
1466436280,119.9,119.9,1.7492258827396574,False
1466436332,119.9,118.5770224268526,118.5770224268526,True
1466436333,119.9,119.9,66.47993562335066,False
1466436431,119.9,63.69033438304915,63.69033438304915,True
1466436520,111.8,125.07938038752019,125.07938038752019,True
1466436572,111.8,111.8,56.60861131204173,False
1466436647,111.8,27.702113383441343,27.702113383441343,True
1466436655,117.6,41.814026297377936,41.814026297377936,True
1466436727,117.6,40.63375240629696,40.63375240629696,True
1466436793,117.6,114.62130401286265,114.62130401286265,True
1466436879,117.6,88.05910567731364,88.05910567731364,True
1466436880,117.6,94.90869280541237,94.90869280541237,True
1466436939,117.6,64.38519403293586,64.38519403293586,True
1466437015,108.8,39.067811111480815,39.067811111480815,True
1466437048,110.9,110.9,125.77029478739331,False
1466437088,110.9,110.9,109.0830020493193,False
1466437105,110.9,60.3985315316933,60.3985315316933,True
1466437122,118.1,18.656863358182104,18.656863358182104,True
1466437160,118.1,118.1,19.71730337246444,False
1466437232,118.1,118.1,33.69154048946641,False
1466437321,118.0,118.0,45.16524640302636,False
1466437335,118.0,118.0,35.78379487587397,False
1466437358,107.7,107.7,91.04199023212205,False
1466437441,107.7,107.7,138.33710252852129,False
1466437480,107.7,107.7,117.23004499476977,False
1466437561,107.7,107.7,36.0507698224597,False
1466437653,107.7,13.92122501836019,13.92122501836019,True
1466437709,107.7,37.489040790747,37.489040790747,True
1466437798,107.7,132.1045754784829,132.1045754784829,True
1466437869,107.7,25.45641829468707,25.45641829468707,True
1466437952,107.7,3.921272917634864,3.921272917634864,True
1466438037,107.7,126.19297075280653,126.19297075280653,True
1466438054,107.7,107.7,96.50409916704086,False
1466438056,114.8,114.8,85.72684480128713,False
1466438136,114.8,114.8,109.66959546941206,False
1466438234,114.8,115.57115492708844,115.57115492708844,True
1466438261,114.8,114.8,63.81699731233919,False
1466438348,114.8,96.98288897028213,96.98288897028213,True
1466438407,114.8,92.9816383484599,92.9816383484599,True
1466438422,114.8,15.164450412586177,15.164450412586177,True
1466438476,114.8,114.8,133.65371361539022,False
1466438571,121.4,107.2028673816444,107.2028673816444,True
1466438612,121.4,14.931613593643304,14.931613593643304,True
1466438620,121.4,94.66338548789993,94.66338548789993,True
1466438698,113.8,58.13655706716137,58.13655706716137,True
1466438747,113.8,21.14335141890432,21.14335141890432,True
1466438795,113.8,113.8,15.01715661539081,False
1466438810,113.8,11.726107868611154,11.726107868611154,True
1466438888,113.8,98.52503080620485,98.52503080620485,True
1466438975,113.8,113.8,116.41142435355331,False
1466439000,113.8,124.65782298095925,124.65782298095925,True
1466439092,119.6,78.63531247943871,78.63531247943871,True
1466439150,119.4,119.4,75.85840966991378,False
1466439229,119.4,119.4,132.70379653531313,False
1466439279,119.4,122.68403258999301,122.68403258999301,True
1466439328,119.4,55.589666250531465,55.589666250531465,True
1466439351,111.1,111.1,116.9642603897009,False
1466439447,111.1,104.47110915038965,104.47110915038965,True
1466439466,111.1,111.1,79.6505934880232,False
1466439480,111.1,40.40765829617078,40.40765829617078,True
1466439560,111.1,2.7290627134348617,2.7290627134348617,True
1466439600,113.1,113.1,59.60116686277328,False
1466439645,113.1,85.48679107282216,85.48679107282216,True
1466439729,113.1,69.51982869633966,69.51982869633966,True
1466439772,113.1,67.35334548746785,67.35334548746785,True
1466439827,122.0,96.10889784818878,96.10889784818878,True
1466439849,122.0,122.0,124.9382749058117,False
1466439910,116.5,53.55976391019687,53.55976391019687,True
1466439990,116.5,116.5,129.75231099157182,False
1466440005,116.5,116.5,11.243505920042516,False
1466440006,119.0,119.0,84.45290150542836,False
1466440045,119.0,132.9839804084992,132.9839804084992,True
1466440066,119.0,101.15904372854278,101.15904372854278,True
1466440154,119.0,70.96723169471235,70.96723169471235,True
1466440214,119.0,80.66108925813654,80.66108925813654,True
1466440226,119.0,119.0,109.72686126833726,False
1466440304,119.0,119.0,39.311437954689495,False
1466440385,118.9,118.9,56.84840221125679,False
1466440451,118.9,118.9,47.510467707701025,False
1466440521,129.1,129.1,7.480833528085656,False
1466440581,129.1,50.956211788682836,50.956211788682836,True
1466440674,126.1,57.692884157422405,57.692884157422405,True
1466440727,126.1,126.1,118.7729389464593,False
1466440821,130.7,130.7,29.092029480661626,False
1466440827,130.7,130.7,27.505594491591268,False
1466440897,130.7,31.139676984208506,31.139676984208506,True
1466440923,125.4,6.675018752446198,6.675018752446198,True
1466441012,130.3,130.3,97.64010191930913,False
1466441049,130.3,130.3,68.28263421121996,False
1466441147,130.3,132.5363717065155,132.5363717065155,True
1466441213,130.3,71.31635380056265,71.31635380056265,True
1466441311,130.3,66.13830257472378,66.13830257472378,True
1466441318,130.3,130.3,56.21595331339964,False
1466441418,130.3,116.27041527398096,116.27041527398096,True
1466441510,126.8,65.6537223270063,65.6537223270063,True
1466441541,126.8,126.8,129.9175709501531,False
1466441579,126.8,126.8,51.578218181500695,False
1466441630,126.8,126.8,114.13180265414964,False
1466441714,124.3,124.3,32.760059313194745,False
1466441724,124.3,39.512696458468795,39.512696458468795,True
1466441741,124.3,124.3,64.9642890285606,False
1466441822,122.7,28.732295138849018,28.732295138849018,True
1466441883,122.7,122.7,46.37317651875297,False
1466441934,116.8,16.112977442583126,16.112977442583126,True
1466441947,116.8,116.8,103.34221112892173,False
1466442046,116.8,41.06724320792947,41.06724320792947,True
1466442137,116.8,120.95215049492752,120.95215049492752,True
1466442175,116.8,116.8,9.07806676653829,False
1466442216,116.8,46.25722074119109,46.25722074119109,True
1466442284,116.8,20.477711355157478,20.477711355157478,True
1466442332,116.8,138.15694043596778,138.15694043596778,True
1466442358,125.8,87.64442934207543,87.64442934207543,True
1466442362,125.8,121.29077192762654,121.29077192762654,True
1466442439,125.8,125.8,8.838940467574776,False
1466442490,125.8,125.8,134.22607894025728,False
1466442498,125.8,125.8,132.79580723540352,False
1466442508,125.8,125.8,130.7906010302607,False
1466442518,136.3,136.3,41.01592537065226,False
1466442556,136.3,134.91321367148487,134.91321367148487,True
1466442656,126.2,126.2,17.087243652669237,False
1466442662,126.2,69.80358243962365,69.80358243962365,True
1466442703,126.2,102.77920648623419,102.77920648623419,True
1466442768,126.2,46.44103063499263,46.44103063499263,True
1466442788,126.2,126.2,3.6464143559155437,False
1466442886,126.2,126.2,88.65523303511601,False
1466442980,126.2,126.2,69.50570831663623,False
1466443000,126.2,126.2,24.384920938495604,False
1466443029,131.8,131.8,82.0905152946435,False
1466443038,128.2,122.56818714240865,122.56818714240865,True
1466443089,128.2,50.49006751925525,50.49006751925525,True
1466443162,128.2,137.58910893661886,137.58910893661886,True
1466443201,128.2,128.2,136.1455786605495,False
1466443219,128.2,137.28815177370836,137.28815177370836,True
1466443263,128.2,128.2,71.06366053644393,False
1466443350,128.2,57.39604768565828,57.39604768565828,True
1466443373,128.2,21.688849734226935,21.688849734226935,True
1466443392,128.2,128.2,126.68141903082366,False
1466443402,128.2,128.2,113.630848950104,False
1466443486,124.4,117.08019167033221,117.08019167033221,True
1466443511,124.4,34.330921866105896,34.330921866105896,True
1466443584,116.0,116.0,50.430681366599515,False
1466443677,116.0,116.0,93.60789602519547,False
1466443725,116.0,64.04867717998383,64.04867717998383,True
1466443727,116.0,98.94901825984662,98.94901825984662,True
1466443750,120.8,103.39053166687962,103.39053166687962,True
1466443761,120.8,131.88291532255377,131.88291532255377,True
1466443808,120.8,120.8,60.68993295592524,False
1466443861,116.8,47.82356986387542,47.82356986387542,True
1466443929,116.8,116.8,120.64173693340773,False
1466443986,116.8,116.8,95.4551940117944,False
1466444043,116.8,95.94407022330579,95.94407022330579,True
1466444110,116.8,89.91510541613916,89.91510541613916,True
1466444192,116.8,116.8,28.44093992689979,False
1466444287,116.8,116.8,112.45257745367952,False
1466444294,116.8,116.8,102.61482999227907,False
1466444366,116.8,69.38702152523881,69.38702152523881,True
1466444466,116.8,116.8,102.16277089027491,False
1466444505,116.8,28.520342331769083,28.520342331769083,True
1466444556,116.8,116.8,115.71290409281293,False
1466444624,116.8,51.42210006736074,51.42210006736074,True
1466444663,122.5,32.76360396702169,32.76360396702169,True
1466444685,131.3,131.3,124.31293726108552,False
1466444756,131.3,50.62801863874533,50.62801863874533,True
1466444781,131.3,131.3,15.29761567924273,False
1466444840,131.3,131.3,27.50348272719753,False
1466444854,131.3,131.3,40.49559783736383,False
1466444860,131.3,44.312392239949055,44.312392239949055,True
1466444959,131.3,131.3,19.946102375124656,False
1466445058,131.3,131.3,111.80070764696968,False
1466445107,140.3,5.730557404093807,5.730557404093807,True
1466445165,140.3,140.3,78.90443953593915,False
1466445170,140.3,102.06077536262454,102.06077536262454,True
1466445173,140.2,13.691523041725043,13.691523041725043,True
1466445247,140.2,140.2,88.55043226924462,False
1466445305,140.2,100.55178644480178,100.55178644480178,True
1466445333,142.4,124.33959926728889,124.33959926728889,True
1466445356,134.7,134.7,48.231183006976494,False
1466445430,134.7,134.7,70.3603020648198,False
1466445491,138.9,138.9,72.66737081735047,False
1466445497,138.9,138.9,24.464321762413263,False
1466445514,138.9,138.9,60.894531312369864,False
1466445549,138.9,78.17585079685144,78.17585079685144,True
1466445640,138.9,138.9,12.121295303368582,False
1466445648,138.9,138.9,135.96785222641662,False
1466445739,138.9,138.9,115.61867497817576,False
1466445814,138.9,2.1903931062023183,2.1903931062023183,True
1466445879,138.9,134.94238761607286,134.94238761607286,True
1466445909,138.9,80.67353503768653,80.67353503768653,True
1466445965,131.3,130.9371004841732,130.9371004841732,True
1466446021,131.3,131.3,0.48075431105240096,False
1466446045,131.3,61.524855463220504,61.524855463220504,True
1466446071,131.3,123.78358019820682,123.78358019820682,True
1466446120,131.3,131.3,136.2335222078379,False
1466446168,131.3,14.289025685086273,14.289025685086273,True
1466446253,131.3,131.3,131.62450609793888,False
1466446302,131.3,136.9962023055785,136.9962023055785,True
1466446389,131.3,82.56595491362664,82.56595491362664,True
1466446404,131.3,50.63132615489047,50.63132615489047,True
1466446494,121.7,121.7,77.6263804789438,False
1466446594,121.7,121.7,62.542304481062665,False
1466446643,121.7,5.654726251463538,5.654726251463538,True
1466446669,121.7,121.7,9.931877697543303,False
1466446690,121.7,121.7,106.33258845486982,False
1466446735,118.0,33.49025757160803,33.49025757160803,True
1466446766,118.0,118.0,44.28048121719438,False
1466446852,118.0,75.29832810925849,75.29832810925849,True
1466446902,118.0,118.0,78.14741219270172,False
1466446945,118.0,14.19405027039328,14.19405027039328,True
1466446987,118.0,136.28806369693288,136.28806369693288,True
1466447036,118.0,118.0,130.66704533977483,False
1466447112,107.6,45.78444056833633,45.78444056833633,True
1466447129,107.6,44.82838075718945,44.82838075718945,True
1466447189,102.7,102.7,125.59962299654948,False
1466447224,102.7,23.013388020221615,23.013388020221615,True
1466447270,102.7,102.7,120.44411524259844,False
1466447272,102.7,19.233522715441296,19.233522715441296,True
1466447348,102.7,13.563492245239228,13.563492245239228,True
1466447359,102.7,37.8830374259761,37.8830374259761,True
1466447388,102.7,83.9633179589042,83.9633179589042,True
1466447390,102.7,102.7,41.63088734704875,False
1466447425,102.7,102.7,48.756405873486884,False
1466447463,102.7,64.02605799906114,64.02605799906114,True
1466447485,102.7,102.7,51.67935854555541,False
1466447545,102.7,11.14086062635746,11.14086062635746,True
1466447553,97.1,97.1,36.19918952867764,False
1466447554,97.1,97.1,123.5098227701112,False
1466447573,97.1,97.1,122.84009367065921,False
1466447634,97.1,10.000257448782428,10.000257448782428,True
1466447695,97.1,90.05357121238745,90.05357121238745,True
1466447762,97.1,88.13756291190046,88.13756291190046,True
1466447844,97.1,3.964051277848821,3.964051277848821,True
1466447885,97.1,59.007510226889316,59.007510226889316,True
1466447943,97.1,39.030240835154814,39.030240835154814,True
1466447956,97.1,78.77448869877162,78.77448869877162,True
1466448041,97.1,9.55601902988402,9.55601902988402,True
1466448140,97.1,8.540374247161468,8.540374247161468,True
1466448215,97.1,97.1,54.21651028950047,False
1466448270,97.1,75.69509010383166,75.69509010383166,True
1466448302,104.3,104.3,49.428816768260354,False
1466448368,104.3,104.3,46.4320817835593,False
1466448422,104.3,52.81722909897827,52.81722909897827,True
1466448517,95.7,95.7,77.49910471858396,False
1466448614,95.7,95.7,126.91661062584953,False
1466448701,95.7,95.7,30.2940709142784,False
1466448743,95.7,81.63314020908525,81.63314020908525,True
1466448805,95.7,95.7,137.25367979976045,False
1466448844,95.7,48.52248702486197,48.52248702486197,True
1466448896,95.7,95.7,3.246628083024752,False
1466448984,95.7,95.7,137.08659217383322,False
1466449031,95.7,95.7,36.30185664525648,False
1466449045,95.7,95.7,122.16704769705397,False
1466449099,95.7,11.312909987954276,11.312909987954276,True
1466449171,95.7,95.7,40.478822641464454,False
1466449261,99.4,51.821480891017245,51.821480891017245,True
1466449280,108.4,79.81648366892912,79.81648366892912,True
1466449359,107.7,99.22883853529099,99.22883853529099,True
1466449442,107.7,107.7,89.66986789298846,False
1466449496,108.7,41.519846240914234,41.519846240914234,True
1466449537,108.7,108.7,9.820592379760285,False
1466449555,104.3,104.3,52.33717397314702,False
1466449629,104.3,76.78772519958746,76.78772519958746,True
1466449635,104.3,104.3,107.1386973598898,False
1466449721,104.3,104.3,90.28455511019317,False
1466449772,104.3,104.3,119.22678260185468,False
1466449872,115.4,84.16062833016395,84.16062833016395,True
1466449873,115.4,59.34602615614305,59.34602615614305,True
1466449884,110.7,21.312445230987844,21.312445230987844,True
1466449937,110.7,110.7,99.18113745727571,False
1466449953,110.7,110.7,75.90966376953901,False
1466449959,110.7,110.7,6.994280460129343,False
1466449961,110.7,110.7,10.46582576368642,False
1466450018,110.7,136.0797830648586,136.0797830648586,True
1466450075,101.8,83.0374696961228,83.0374696961228,True
1466450150,101.8,97.89578043226828,97.89578043226828,True
1466450177,101.8,101.8,101.83167942473979,False
1466450255,101.8,2.1117563887391286,2.1117563887391286,True
1466450343,101.8,101.8,86.78809397026134,False
1466450348,101.8,60.76303134364714,60.76303134364714,True
1466450401,101.8,83.15193284501402,83.15193284501402,True
1466450433,101.8,24.80991571303114,24.80991571303114,True
1466450507,101.8,126.57581902453848,126.57581902453848,True
1466450536,105.9,34.60470467383329,34.60470467383329,True
1466450627,105.9,15.633953518693051,15.633953518693051,True
1466450723,96.6,96.6,47.36190797535054,False
1466450817,96.6,97.11540967317028,97.11540967317028,True
1466450900,96.6,77.1263684836367,77.1263684836367,True
1466450902,96.6,11.835698529689235,11.835698529689235,True
1466450971,96.6,31.96216064302859,31.96216064302859,True
1466451016,96.6,77.07073644270366,77.07073644270366,True
1466451023,98.2,98.2,60.62809320352494,False
1466451073,98.2,98.2,25.80287005586047,False
1466451166,98.2,135.80893666589216,135.80893666589216,True
1466451231,105.1,105.1,121.6680942973025,False
1466451245,105.1,105.1,10.917822922271188,False
1466451293,111.1,79.49759383095844,79.49759383095844,True
1466451295,111.1,88.98166084371316,88.98166084371316,True
1466451378,103.1,103.1,122.76092554849231,False
1466451445,103.1,5.185706670001996,5.185706670001996,True
1466451508,103.1,103.1,60.938402671207776,False
1466451599,103.1,113.50212027501105,113.50212027501105,True
1466451686,103.1,103.1,49.78343605630802,False
1466451761,103.1,98.02077163584946,98.02077163584946,True
1466451857,105.8,63.206784832931255,63.206784832931255,True
1466451909,105.8,105.8,82.84028054256768,False
1466451919,95.3,44.35113441222062,44.35113441222062,True
1466452006,95.3,95.3,67.91505454565794,False
1466452035,95.1,95.1,16.716086011720492,False
1466452039,95.1,95.1,28.995529160994593,False
1466452104,95.1,129.90041588107707,129.90041588107707,True
1466452167,95.1,84.75693686879771,84.75693686879771,True
1466452238,95.1,95.1,127.98101293035897,False
1466452313,101.3,111.55280941041795,111.55280941041795,True
1466452339,101.3,101.3,68.85719864936148,False
1466452419,102.0,102.0,114.47938590610302,False
1466452424,102.0,118.74314190046839,118.74314190046839,True
1466452435,96.1,79.33297489121033,79.33297489121033,True
1466452531,98.1,98.1,86.07190993939324,False
1466452584,108.4,108.4,126.17889067605233,False
1466452625,108.4,136.78498741175932,136.78498741175932,True
1466452676,108.4,108.4,108.09091270499506,False
1466452752,108.4,108.4,47.2172884774781,False
1466452796,108.4,108.4,79.59500328508047,False
1466452825,108.4,108.4,24.018145545500094,False
1466452860,108.4,108.4,94.22520622935157,False
1466452960,108.4,108.4,112.54024544638428,False
1466452979,108.4,108.4,120.16479588269299,False
1466453002,108.4,108.4,68.93244005139128,False
1466453016,108.4,108.4,86.92806257467124,False
1466453025,108.4,108.4,68.44001778498713,False
1466453089,108.4,108.4,138.33598469054343,False
1466453141,108.4,108.4,37.79966810657996,False
1466453154,108.4,108.4,84.72864164135719,False
1466453184,108.4,108.4,16.678155428240125,False
1466453202,108.4,26.117172669347788,26.117172669347788,True
1466453203,108.4,108.4,21.361635558702684,False
1466453222,108.4,27.64748778501631,27.64748778501631,True
1466453321,103.9,103.9,134.73527628489927,False
1466453379,103.9,106.4292810539812,106.4292810539812,True
1466453392,103.9,47.12614012100328,47.12614012100328,True
1466453422,103.9,103.9,35.7475604110235,False
1466453502,103.9,103.9,114.8156931985493,False
1466453518,103.9,117.63686598327916,117.63686598327916,True
1466453563,103.9,83.40687419826689,83.40687419826689,True
1466453604,100.9,45.595509854509935,45.595509854509935,True
1466453639,101.1,59.27708055216473,59.27708055216473,True
1466453705,101.1,47.727390712565594,47.727390712565594,True
1466453795,101.1,101.1,114.79449870048816,False
1466453816,101.1,101.1,105.74641339380783,False
1466453870,101.1,101.1,84.93405520822346,False
1466453910,101.1,73.90221809457971,73.90221809457971,True
1466454002,101.1,101.1,35.63174778045697,False
1466454051,102.3,131.631808402169,131.631808402169,True
1466454087,105.8,105.8,25.165307515568852,False
1466454129,105.8,73.93298188718202,73.93298188718202,True
1466454227,105.8,105.8,65.55434357236655,False
1466454259,105.8,105.8,127.22447611512112,False
1466454262,105.8,0.42855443028251505,0.42855443028251505,True
1466454298,105.8,8.898476033082638,8.898476033082638,True
1466454388,105.8,105.8,106.38817797733662,False
1466454399,105.8,105.8,0.907607461502562,False
1466454473,105.8,90.95418778506013,90.95418778506013,True
1466454529,105.8,105.8,18.84273748335405,False
1466454559,105.8,105.8,5.0436203625474825,False
1466454648,95.5,121.79037415966272,121.79037415966272,True
1466454745,95.5,95.5,20.514573312210025,False
1466454763,95.5,95.5,27.85945012192855,False
1466454851,104.8,104.8,115.57558639174957,False
1466454936,104.8,104.8,88.3867066081209,False
1466454949,104.8,104.8,126.06412156436261,False
1466455032,104.8,8.190925751194671,8.190925751194671,True
1466455065,104.8,92.4088782619042,92.4088782619042,True
1466455119,104.8,104.8,104.11225966316734,False
1466455172,104.8,104.8,60.32504125067915,False
1466455196,104.9,113.2135003625605,113.2135003625605,True
1466455271,104.9,104.9,104.9448717748829,False
1466455357,104.9,22.46543911650235,22.46543911650235,True
1466455361,104.9,104.9,120.8604376672564,False
1466455394,104.9,104.9,18.960759146511553,False
1466455475,115.1,115.1,55.02818166826793,False
1466455497,106.8,121.9718547597654,121.9718547597654,True
1466455561,106.8,61.636869068445975,61.636869068445975,True
1466455575,97.8,34.85494699823118,34.85494699823118,True
1466455587,97.8,3.3761456433928716,3.3761456433928716,True
1466455651,97.8,97.8,111.43028738811415,False
1466455658,97.8,97.8,49.81619662436361,False
1466455732,97.8,97.8,122.42070839242142,False
1466455812,97.8,97.8,130.3254733045043,False
1466455910,97.8,97.8,46.362247973215595,False
1466455951,107.8,107.8,55.64670434851192,False
1466455999,107.8,107.8,31.19316211990904,False
1466456054,107.8,107.8,69.76862878116417,False
1466456058,107.8,56.25228170546597,56.25228170546597,True
1466456074,107.8,99.87376305961229,99.87376305961229,True
1466456088,107.8,2.7168273142527473,2.7168273142527473,True
1466456118,107.8,130.04559157128762,130.04559157128762,True
1466456218,107.8,27.466054428770235,27.466054428770235,True
1466456265,107.8,107.8,71.36309545349594,False
1466456270,107.8,67.16175891761212,67.16175891761212,True
1466456312,107.8,89.02025162730189,89.02025162730189,True
1466456346,107.8,107.8,98.3044750414744,False
1466456374,107.8,107.8,81.834862605366,False
1466456406,104.9,77.27472722599664,77.27472722599664,True
1466456482,104.9,124.85486494002119,124.85486494002119,True
1466456512,104.9,104.9,66.56310834241933,False
1466456610,104.9,69.45305020146795,69.45305020146795,True
1466456683,100.3,100.3,136.27670501521047,False
1466456768,100.3,60.60215999769594,60.60215999769594,True
1466456856,100.3,36.601405474442025,36.601405474442025,True
1466456927,100.3,100.3,137.18034813688828,False
1466457014,99.1,99.1,99.74250733558326,False
1466457032,99.1,86.76658212509312,86.76658212509312,True
1466457067,99.1,102.53342022373508,102.53342022373508,True
1466457157,99.1,99.1,119.82637377167939,False
1466457215,99.1,105.84453634954113,105.84453634954113,True
1466457267,99.1,99.1,25.837543922295634,False
1466457357,99.1,93.48763116259035,93.48763116259035,True
1466457434,108.4,92.70289680997206,92.70289680997206,True
1466457487,112.2,112.2,135.74127066646759,False
1466457559,112.2,120.93974946520788,120.93974946520788,True
1466457603,104.2,19.8762553319522,19.8762553319522,True
1466457671,104.2,104.2,59.26450449293233,False
1466457713,104.2,109.28256522248392,109.28256522248392,True
1466457745,104.2,53.24302013502569,53.24302013502569,True
1466457782,104.2,82.56019038677255,82.56019038677255,True
1466457802,104.2,104.2,49.3069857887269,False
1466457817,104.2,104.2,94.38845523917736,False
1466457865,112.5,123.70457122651847,123.70457122651847,True
1466457884,112.5,77.8788374166405,77.8788374166405,True
1466457885,112.5,112.5,1.8393326639743075,False
1466457917,112.5,137.86099164277434,137.86099164277434,True
1466457973,112.5,112.5,86.16381807030481,False
1466458045,112.5,112.5,70.6291575572515,False
1466458135,112.5,109.47957652308834,109.47957652308834,True
1466458151,107.9,107.9,125.7844224618817,False
1466458230,107.9,104.50981081224526,104.50981081224526,True
1466458324,107.9,107.9,35.35107162595548,False
1466458362,97.3,97.3,10.194221354339158,False
1466458438,97.3,97.3,68.81847515591407,False
1466458454,97.3,97.3,100.94931504707087,False
1466458496,97.3,69.90219046715866,69.90219046715866,True
1466458509,97.3,97.3,108.88021425067781,False
1466458580,97.3,134.1939873822357,134.1939873822357,True
1466458590,101.1,128.88623109115252,128.88623109115252,True
1466458626,101.1,101.1,3.1332680218034623,False
1466458642,101.1,1.169068255780445,1.169068255780445,True
1466458665,98.5,129.92290196398184,129.92290196398184,True
1466458694,98.5,132.02709517476228,132.02709517476228,True
1466458762,98.5,98.5,14.038089892151932,False
1466458793,98.5,103.49767018610025,103.49767018610025,True
1466458824,98.5,86.25655911705493,86.25655911705493,True
1466458906,98.5,98.5,9.410033487423302,False
1466458982,98.5,26.957260239480256,26.957260239480256,True
1466459068,98.5,71.69262416886085,71.69262416886085,True
1466459159,98.5,98.5,46.60148668423484,False
1466459184,98.5,98.5,102.1176745420445,False
1466459273,98.5,30.641615243777757,30.641615243777757,True
1466459372,98.5,37.70628950365449,37.70628950365449,True
1466459415,100.8,67.870704169038,67.870704169038,True
1466459483,100.8,100.8,80.0245203232024,False
1466459504,100.8,20.636300902774497,20.636300902774497,True
1466459588,105.7,118.3194779053113,118.3194779053113,True
1466459595,105.7,77.26830966188535,77.26830966188535,True
1466459673,114.7,114.7,50.55890614642334,False
1466459726,108.4,51.85010363015777,51.85010363015777,True
1466459800,108.4,2.990059443877774,2.990059443877774,True
1466459857,108.4,86.71502808469332,86.71502808469332,True
1466459887,108.4,108.4,54.02140867725013,False
1466459913,108.4,108.4,65.6139662412553,False
1466459974,108.4,108.4,75.65120908008984,False
1466459995,108.4,119.53380053057188,119.53380053057188,True
1466460001,108.4,108.4,6.711098114697313,False
1466460054,108.4,108.4,47.8712512489022,False
1466460130,108.4,108.4,26.135268697163887,False
1466460215,97.6,81.11853225905578,81.11853225905578,True
1466460252,97.6,96.13315474384294,96.13315474384294,True
1466460272,97.6,97.6,119.7346218367754,False
1466460346,97.6,114.30911043799492,114.30911043799492,True
1466460440,97.6,76.63683317997166,76.63683317997166,True
1466460461,97.6,136.76242989294428,136.76242989294428,True
1466460528,97.6,97.6,132.58852606393913,False
1466460610,97.6,102.12998568125906,102.12998568125906,True
1466460630,96.4,96.4,46.841200795382456,False
1466460691,96.4,96.4,109.00294276605509,False
1466460706,96.4,96.4,54.453889598624684,False
1466460739,96.4,96.4,99.30735705974809,False
1466460765,105.6,105.6,105.09069513187949,False
1466460795,105.6,105.6,120.63460757559974,False
1466460877,105.6,105.6,123.75959302721043,False
1466460973,115.3,58.546571852304055,58.546571852304055,True
1466461009,115.3,61.86773308753396,61.86773308753396,True
1466461027,112.3,17.444168643859012,17.444168643859012,True
1466461032,112.3,112.3,107.28310667618565,False
1466461096,112.3,39.03394637533709,39.03394637533709,True
1466461169,112.3,112.3,25.982837911327895,False
1466461256,112.3,22.018951125742515,22.018951125742515,True
1466461351,112.3,45.12285487978768,45.12285487978768,True
1466461451,112.3,112.3,1.1297398618620937,False
1466461531,112.3,89.26355852616813,89.26355852616813,True
1466461568,112.3,8.433948878462338,8.433948878462338,True
1466461583,112.3,5.290513829721217,5.290513829721217,True
1466461647,112.3,20.45308099319432,20.45308099319432,True
1466461703,112.3,36.12306249884492,36.12306249884492,True
1466461794,112.3,94.21934935149224,94.21934935149224,True
1466461813,112.3,112.3,32.857309776212134,False
1466461910,112.3,75.1840663838306,75.1840663838306,True
1466461988,121.2,42.18442943544257,42.18442943544257,True
1466462056,121.2,18.34580513094301,18.34580513094301,True
1466462101,121.2,2.659424159221461,2.659424159221461,True
1466462155,121.2,121.2,127.68673667243534,False
1466462215,112.9,112.9,59.28369567778162,False
1466462278,112.9,79.21092335880869,79.21092335880869,True
1466462368,112.9,112.9,95.04455466734504,False
1466462412,112.9,134.08954946932323,134.08954946932323,True
1466462512,112.9,112.9,123.62859950346774,False
1466462594,112.9,135.7433510883145,135.7433510883145,True
1466462671,112.9,112.9,5.668144800727096,False
1466462716,112.9,112.9,66.72199089610261,False
1466462746,116.3,55.79162552111528,55.79162552111528,True
1466462782,127.4,90.40740077335161,90.40740077335161,True
1466462820,127.4,127.4,112.19623310635018,False
1466462833,132.4,63.97917723208294,63.97917723208294,True
1466462842,132.4,26.023177917125103,26.023177917125103,True
1466462850,132.4,104.68161458912714,104.68161458912714,True
1466462941,132.4,132.4,67.72746342805524,False
1466463026,132.4,67.91675884308513,67.91675884308513,True
1466463117,132.4,132.4,20.40561342157196,False
1466463139,132.4,105.31059934772503,105.31059934772503,True
