1466410104,4.9,4.384167763250424,4.384167763250424,True
1466410114,5.2,5.2,4.807691296502424,False
1466410130,5.3,4.054124861532017,4.054124861532017,True
1466410181,5.1,5.1,4.458720110548881,False
1466410203,5.1,5.1,4.790396904096364,False
1466410250,4.7,4.7,4.662401217610657,False
1466410309,4.5,4.5,4.607546857481229,False
1466410397,4.5,5.084521217340018,5.084521217340018,True
1466410430,4.1,4.510709826890189,4.510709826890189,True
1466410469,3.7,3.7,5.098647806723788,False
1466410483,3.8,3.8,5.069336422332567,False
1466410498,3.6,4.304597540956981,4.304597540956981,True
1466410502,3.9,3.9,4.938521674359986,False
1466410532,4.1,4.1,4.5175212981400925,False
1466410541,4.1,4.1,4.170437105889343,False
1466410573,4.0,4.0,4.464195779108831,False
1466410630,3.9,4.1670360920710845,4.1670360920710845,True
1466410653,3.9,3.9,4.73267092485832,False
1466410746,3.8,4.515699997264202,4.515699997264202,True
1466410814,3.8,4.4397641716861616,4.4397641716861616,True
1466410890,3.7,3.7,4.21327028486301,False
1466410902,3.7,3.7,4.603656083394355,False
1466410978,3.7,4.771586706526936,4.771586706526936,True
1466411008,3.7,4.705869509242299,4.705869509242299,True
1466411066,3.7,3.7,4.344089161053094,False
1466411094,3.7,4.061082598064642,4.061082598064642,True
1466411157,3.7,3.7,4.186525938116561,False
1466411223,4.0,4.0,4.643936813307729,False
1466411226,4.1,4.1,4.140749506869148,False
1466411272,4.0,4.374823475289227,4.374823475289227,True
1466411303,4.0,4.0,4.717817597763651,False
1466411318,3.7,3.7,4.183538049939309,False
1466411396,3.9,4.457098345256668,4.457098345256668,True
1466411493,4.1,4.1,5.048910406868163,False
1466411549,3.7,3.7,4.641871348284765,False
1466411560,3.7,3.7,4.558566377062903,False
1466411626,3.7,3.7,4.87190184678783,False
1466411723,3.8,3.8,4.627843608822562,False
1466411763,3.8,5.029767109065632,5.029767109065632,True
1466411785,3.8,4.985949106588854,4.985949106588854,True
1466411854,3.8,4.227790378633197,4.227790378633197,True
1466411889,3.8,3.8,4.995012088610496,False
1466411988,3.8,3.8,4.219397283504149,False
1466412022,4.0,4.0,4.806776051452463,False
1466412046,3.9,4.554785518801455,4.554785518801455,True
1466412076,3.9,4.884256856647989,4.884256856647989,True
1466412152,3.9,3.9,5.021458787923974,False
1466412181,3.9,3.9,4.445425812953231,False
1466412201,3.9,5.01735243141621,5.01735243141621,True
1466412260,4.2,4.2,4.068868204673792,False
1466412347,4.6,4.6,4.059722265396106,False
1466412360,4.8,4.8,4.974013592942665,False
1466412438,4.6,4.6,4.206865493819924,False
1466412521,4.6,4.380911033675136,4.380911033675136,True
1466412599,4.6,4.6,4.039053523559843,False
1466412639,4.5,4.852772135727827,4.852772135727827,True
1466412691,4.4,4.38039443731233,4.38039443731233,True
1466412747,4.4,4.336277118545825,4.336277118545825,True
1466412794,4.5,4.5,4.913388563468302,False
1466412819,4.5,4.5,4.253252002875204,False
1466412832,4.5,4.5,4.224476885061369,False
1466412874,4.9,4.657176206139986,4.657176206139986,True
1466412943,4.6,4.4218477085132415,4.4218477085132415,True
1466412971,4.6,4.833714319296641,4.833714319296641,True
1466412990,4.9,5.08967813736138,5.08967813736138,True
1466413028,4.9,4.84509217938018,4.84509217938018,True
1466413053,4.9,4.332743002327716,4.332743002327716,True
1466413125,4.9,4.9,4.80331741444652,False
1466413200,5.2,4.158775306034929,4.158775306034929,True
1466413264,4.9,4.010656975558532,4.010656975558532,True
1466413311,4.9,4.881548595981268,4.881548595981268,True
1466413342,4.9,4.9,4.315840458370666,False
1466413440,4.7,4.7,4.379783119219304,False
1466413458,4.8,4.967659191723724,4.967659191723724,True
1466413529,4.8,4.8,5.030741942957134,False
1466413542,4.8,4.23702591002504,4.23702591002504,True
1466413638,5.2,5.2,4.2854284143276224,False
1466413672,5.0,4.09056615997228,4.09056615997228,True
1466413733,5.0,5.0,4.785377402597982,False
1466413779,5.3,4.239237832975744,4.239237832975744,True
1466413780,5.3,5.3,4.32361038002835,False
1466413864,5.3,4.679885845954421,4.679885845954421,True
1466413885,5.3,5.3,4.055196888890297,False
1466413946,5.3,4.46438694105132,4.46438694105132,True
1466414033,4.9,4.9,4.442116348556686,False
1466414071,4.5,4.1803838595027205,4.1803838595027205,True
1466414164,4.2,4.2,4.456521056488357,False
1466414225,4.2,4.46873106725083,4.46873106725083,True
1466414312,4.2,4.2,4.47544797597947,False
1466414325,4.2,4.003937580244519,4.003937580244519,True
1466414328,4.2,4.2,5.0093133599033965,False
1466414329,4.2,4.195998787681617,4.195998787681617,True
1466414402,4.5,4.133016563502862,4.133016563502862,True
1466414407,4.8,4.63755964271465,4.63755964271465,True
1466414413,4.8,4.663706165785662,4.663706165785662,True
1466414460,4.8,4.494670629295239,4.494670629295239,True
1466414552,4.8,4.479276568487613,4.479276568487613,True
1466414602,4.8,4.736791643375995,4.736791643375995,True
1466414662,5.2,4.730996526566455,4.730996526566455,True
1466414746,4.8,4.8,4.887553641938725,False
1466414844,4.8,4.8,4.530986427378796,False
1466414943,4.8,4.558424430510783,4.558424430510783,True
1466414946,4.8,4.8,4.221707078754607,False
1466414966,4.8,4.432230940908393,4.432230940908393,True
1466415038,5.1,4.989329237188821,4.989329237188821,True
1466415106,5.1,4.535350150500512,4.535350150500512,True
1466415130,4.8,4.8,4.911680055991697,False
1466415145,4.8,4.669860979238046,4.669860979238046,True
1466415202,4.8,4.763872820374062,4.763872820374062,True
1466415239,4.6,4.862430634685751,4.862430634685751,True
1466415249,5.0,4.041967044458382,4.041967044458382,True
1466415308,5.0,4.801962271530346,4.801962271530346,True
1466415357,5.0,4.605784159769022,4.605784159769022,True
1466415404,5.0,4.7871390091710095,4.7871390091710095,True
1466415469,5.2,4.362108621641731,4.362108621641731,True
1466415548,4.9,4.9,4.164686876538906,False
1466415588,4.9,4.698075326274502,4.698075326274502,True
1466415627,4.9,4.9,4.889135927877383,False
1466415719,5.0,4.235610298326689,4.235610298326689,True
1466415767,5.0,5.0,4.507551828588628,False
1466415860,5.0,5.0,4.935114462624105,False
1466415872,5.1,5.1,4.0811452025871775,False
1466415914,5.1,5.1,4.733665712753811,False
1466415934,4.9,4.525942368469588,4.525942368469588,True
1466415988,4.5,4.5,4.744782385512459,False
1466416004,4.5,4.5,4.136233473253803,False
1466416050,4.5,5.0491285173296365,5.0491285173296365,True
1466416150,4.5,4.3801516778351095,4.3801516778351095,True
1466416161,4.5,4.958895617694216,4.958895617694216,True
1466416215,4.4,4.4,4.734632319308708,False
1466416315,4.7,4.637954554541438,4.637954554541438,True
1466416321,4.4,4.60557367576959,4.60557367576959,True
1466416393,4.1,4.1,4.614896193442048,False
1466416440,4.1,4.1,4.829199141410967,False
1466416510,4.1,4.335934984617851,4.335934984617851,True
1466416541,4.1,4.1,4.108329494514647,False
1466416631,4.3,4.0081794504146036,4.0081794504146036,True
1466416671,4.3,4.3,4.3166577835284725,False
1466416725,4.3,4.579163360634544,4.579163360634544,True
1466416815,4.3,4.3,4.051796128300136,False
1466416867,4.3,4.789432633852324,4.789432633852324,True
1466416933,4.3,4.3,4.825415743624032,False
1466416963,4.5,4.5,4.229643776960204,False
1466417034,4.4,4.9017294151785356,4.9017294151785356,True
1466417069,4.4,4.721078792912982,4.721078792912982,True
1466417095,4.4,4.646522976731566,4.646522976731566,True
1466417123,4.4,4.078025999753738,4.078025999753738,True
1466417219,4.6,4.972756251538186,4.972756251538186,True
1466417228,4.7,4.484458316558542,4.484458316558542,True
1466417235,4.7,4.7,4.685866236822413,False
1466417266,4.3,4.865386925476598,4.865386925476598,True
1466417298,4.3,4.3,4.776917136731016,False
1466417382,4.3,4.034206075602326,4.034206075602326,True
1466417429,4.3,4.308327750863566,4.308327750863566,True
1466417434,3.9,3.9,4.7168353007493256,False
1466417513,3.9,3.9,4.447227597453594,False
1466417598,3.9,4.243191598109217,4.243191598109217,True
1466417615,3.9,4.841957169589451,4.841957169589451,True
1466417654,3.9,4.593565950731563,4.593565950731563,True
1466417749,4.2,4.2,4.850249753073012,False
1466417763,3.9,4.895953066087808,4.895953066087808,True
1466417822,3.9,4.436202997016704,4.436202997016704,True
1466417851,3.9,4.950408893743516,4.950408893743516,True
1466417855,3.9,3.9,4.182145797682301,False
1466417879,3.9,5.095405182694039,5.095405182694039,True
1466417895,3.9,4.15729600996552,4.15729600996552,True
1466417969,3.9,3.9,4.615304044126219,False
1466418049,3.9,3.9,4.958523912442799,False
1466418118,3.9,5.076941363982584,5.076941363982584,True
1466418129,4.2,4.2,4.471301883065161,False
1466418179,4.4,4.4,4.0489936744478605,False
1466418254,4.3,4.3,5.0538114125257785,False
1466418332,4.0,4.0,4.893691359288626,False
1466418428,4.0,4.0,4.457898777668239,False
1466418494,3.9,3.9,4.73999718225875,False
1466418554,3.9,4.7978134793452085,4.7978134793452085,True
1466418563,3.9,3.9,4.241780592698642,False
1466418564,4.3,4.3,4.186753373079474,False
1466418594,4.3,5.098684361458508,5.098684361458508,True
1466418674,4.0,4.0,4.285987534290469,False
1466418748,4.0,4.0,4.945450776279547,False
1466418847,4.0,4.0,4.482597502271456,False
1466418877,4.0,4.0,4.5963803720866885,False
1466418917,3.9,3.9,4.453255305589967,False
1466418938,3.6,4.315509650934005,4.315509650934005,True
1466419031,3.6,3.6,4.913488776383924,False
1466419058,3.6,3.6,4.805185712576712,False
1466419104,3.8,3.8,4.710353422784591,False
1466419166,3.8,3.8,4.601856413044076,False
1466419261,3.8,4.602229071268704,4.602229071268704,True
1466419349,3.8,4.534427576055807,4.534427576055807,True
1466419442,3.8,4.164190943301107,4.164190943301107,True
1466419530,3.8,3.8,5.03829868992393,False
1466419595,3.9,3.9,4.119980163865535,False
1466419646,3.7,4.1428971927861635,4.1428971927861635,True
1466419737,3.8,3.8,4.580825962306757,False
1466419826,3.8,3.8,4.988860381857449,False
1466419880,4.2,4.2,4.079949840016925,False
1466419911,4.2,4.2,4.9453915202838825,False
1466419938,4.0,4.0,4.902125388832527,False
1466420016,4.0,4.792520165695097,4.792520165695097,True
1466420019,4.0,5.008508335591415,5.008508335591415,True
1466420108,4.0,4.8690506635570605,4.8690506635570605,True
1466420205,4.0,4.190748905429188,4.190748905429188,True
1466420228,4.0,4.253937013289336,4.253937013289336,True
1466420257,4.0,4.0,4.29647856604464,False
1466420270,4.0,4.0,4.75949337542084,False
1466420296,4.0,4.524199610475673,4.524199610475673,True
1466420331,3.7,4.364808105408959,4.364808105408959,True
1466420407,3.8,4.222310896348426,4.222310896348426,True
1466420430,3.8,4.172771534646088,4.172771534646088,True
1466420453,4.0,4.195914531197044,4.195914531197044,True
1466420474,3.9,4.90988369852665,4.90988369852665,True
1466420566,3.9,3.9,4.380246715921721,False
1466420579,3.7,4.933667633189766,4.933667633189766,True
1466420618,3.6,3.6,4.741185882454597,False
1466420624,3.6,3.6,4.4395052116021905,False
1466420643,3.6,4.570375075078947,4.570375075078947,True
1466420695,3.6,4.202792548535318,4.202792548535318,True
1466420788,3.9,4.01357679472625,4.01357679472625,True
1466420863,3.6,3.6,4.289001833455217,False
1466420947,3.6,4.503059704180856,4.503059704180856,True
1466421003,3.6,4.0503479675633,4.0503479675633,True
1466421032,3.6,5.081841103568454,5.081841103568454,True
1466421050,3.6,4.084889098430445,4.084889098430445,True
1466421116,3.6,3.6,4.591823424522291,False
1466421208,3.6,4.6840991009034845,4.6840991009034845,True
1466421234,3.8,3.8,4.239232831046288,False
1466421262,3.9,4.00766470734886,4.00766470734886,True
1466421353,3.9,3.9,5.036816888536074,False
1466421360,3.9,4.61049657492147,4.61049657492147,True
1466421392,3.9,4.322807042447474,4.322807042447474,True
1466421480,3.7,3.7,4.71576086725396,False
1466421530,3.7,4.489334366176589,4.489334366176589,True
1466421547,3.8,3.8,4.520715309662987,False
1466421591,4.2,5.083580393467461,5.083580393467461,True
1466421633,4.0,4.0,4.420504163637917,False
1466421636,4.2,4.2,4.5380586794927655,False
1466421670,4.6,4.046807322703653,4.046807322703653,True
1466421695,4.6,4.476728061531906,4.476728061531906,True
1466421721,4.6,4.6,4.231061748114496,False
1466421804,4.5,4.265433046365833,4.265433046365833,True
1466421819,4.5,4.759131036286337,4.759131036286337,True
1466421862,4.7,4.679470015735065,4.679470015735065,True
1466421885,4.4,4.4,4.943272038737025,False
1466421936,4.5,4.975965235169777,4.975965235169777,True
1466422012,4.5,4.087099493596859,4.087099493596859,True
1466422044,4.5,4.3941955312150816,4.3941955312150816,True
1466422045,4.5,4.5,4.0047989283640595,False
1466422137,4.5,4.463512221857156,4.463512221857156,True
1466422162,4.4,4.851323193493695,4.851323193493695,True
1466422189,4.7,4.7,4.686615102095044,False
1466422197,4.7,4.671198272727046,4.671198272727046,True
1466422264,4.4,5.0512244568813225,5.0512244568813225,True
1466422330,4.5,4.5,5.088789660441052,False
1466422378,4.5,5.050667511246417,5.050667511246417,True
1466422432,4.5,4.5,4.208888378932413,False
1466422488,4.5,4.259714816834986,4.259714816834986,True
1466422577,4.7,4.674976157626375,4.674976157626375,True
1466422628,4.7,4.7,4.784689873341295,False
1466422638,4.7,4.935435674930337,4.935435674930337,True
1466422666,4.7,5.0074925303962345,5.0074925303962345,True
1466422706,4.7,4.252247045875103,4.252247045875103,True
1466422731,4.4,5.010199035860495,5.010199035860495,True
1466422804,4.6,4.6,5.067509674757086,False
1466422866,4.8,4.724506788886961,4.724506788886961,True
1466422873,4.8,4.884885140131193,4.884885140131193,True
1466422895,4.8,4.395996068517018,4.395996068517018,True
1466422953,5.2,4.100050289872687,4.100050289872687,True
1466422973,5.2,4.377124038597664,4.377124038597664,True
1466423017,5.1,5.1,4.634994315451472,False
1466423051,5.4,5.4,4.647325031888691,False
1466423099,5.4,5.4,4.0893017725008685,False
1466423150,5.4,5.4,4.778814262729054,False
1466423155,5.4,5.4,4.196799977181429,False
1466423168,5.4,4.713580230666299,4.713580230666299,True
1466423205,5.4,4.382991079049529,4.382991079049529,True
1466423275,5.4,4.079801149350362,4.079801149350362,True
1466423287,5.4,5.4,4.180049792721084,False
1466423336,5.1,4.823895164567568,4.823895164567568,True
1466423340,5.1,5.073122955571282,5.073122955571282,True
1466423355,5.1,4.616577243676583,4.616577243676583,True
1466423443,5.1,5.1,5.080993329210156,False
1466423499,5.1,4.351799499155458,4.351799499155458,True
1466423585,4.8,4.7435616663929485,4.7435616663929485,True
1466423612,4.8,4.635726776190406,4.635726776190406,True
1466423669,4.8,4.728344240659301,4.728344240659301,True
1466423705,5.0,4.1937403728141645,4.1937403728141645,True
1466423770,5.0,4.099819415768085,4.099819415768085,True
1466423844,5.0,4.2849557600915364,4.2849557600915364,True
1466423902,5.3,4.078670258107388,4.078670258107388,True
1466423913,5.3,5.007362626838079,5.007362626838079,True
1466423972,5.2,4.6651891066628055,4.6651891066628055,True
1466424014,5.1,4.421455411818188,4.421455411818188,True
1466424069,5.2,4.521525979495526,4.521525979495526,True
1466424154,5.2,5.2,4.821202871273782,False
1466424155,5.2,4.520243412430361,4.520243412430361,True
1466424169,5.2,4.750441851122726,4.750441851122726,True
1466424262,5.2,5.2,4.661451259743667,False
1466424339,5.1,4.0276569002824445,4.0276569002824445,True
1466424398,4.8,4.541155424011775,4.541155424011775,True
1466424497,5.0,5.0,4.233213091873092,False
1466424558,5.0,5.0,4.6543678617807025,False
1466424613,5.0,5.0,4.829386291852913,False
1466424713,5.0,4.18395480762888,4.18395480762888,True
1466424804,5.1,5.1,4.491366656619873,False
1466424878,5.1,5.1,4.467258106878432,False
1466424924,5.4,5.4,4.530752446621504,False
1466425009,5.2,4.834250760562034,4.834250760562034,True
1466425106,5.0,5.0,4.75345594062939,False
1466425129,5.0,5.0,4.889647552923983,False
1466425179,4.8,4.179654812929018,4.179654812929018,True
1466425257,4.8,4.8,4.968347356336287,False
1466425262,4.9,4.9,4.041489395471858,False
1466425305,4.9,4.05567252537264,4.05567252537264,True
1466425331,4.9,4.9,4.421082784785221,False
1466425338,4.7,4.7,4.536566070028846,False
1466425377,4.5,4.206547034474894,4.206547034474894,True
1466425380,4.6,4.9132599456425075,4.9132599456425075,True
1466425417,5.0,4.577581554825896,4.577581554825896,True
1466425484,5.3,5.3,4.331788856843064,False
1466425517,5.4,5.4,4.104916306784085,False
1466425553,5.3,4.446136969570556,4.446136969570556,True
1466425640,5.2,4.721848307622073,4.721848307622073,True
1466425687,5.2,5.2,4.972246754787483,False
1466425711,4.9,4.688368619742961,4.688368619742961,True
1466425768,4.9,4.9,4.036788390466526,False
1466425811,4.6,4.6,4.3521445105340515,False
1466425856,4.6,4.200741361109723,4.200741361109723,True
1466425869,4.6,4.6,4.50384525286752,False
1466425884,4.5,4.169093994632186,4.169093994632186,True
1466425962,4.5,4.33077594998955,4.33077594998955,True
1466425974,4.5,4.5,4.737940792346137,False
1466426016,4.5,4.5,4.86375134994449,False
1466426024,4.7,4.09332399812395,4.09332399812395,True
1466426034,4.8,4.8,4.743780009764819,False
1466426130,5.0,5.0,4.548745898533593,False
1466426189,5.0,4.786139079207662,4.786139079207662,True
1466426198,5.2,4.100459898552117,4.100459898552117,True
1466426280,4.9,4.340514085693885,4.340514085693885,True
1466426298,4.9,4.917219950847854,4.917219950847854,True
1466426380,4.8,4.8,5.01628006105024,False
1466426420,4.8,4.8,4.904304121328784,False
1466426509,4.8,4.8,5.002334274035226,False
1466426521,4.8,4.8,4.949599944830922,False
1466426535,4.8,5.030850960830798,5.030850960830798,True
1466426563,4.5,4.5,4.739534021836276,False
1466426620,4.5,4.5,4.110095024559911,False
1466426694,4.9,4.279653257608248,4.279653257608248,True
1466426764,4.9,4.028132060102876,4.028132060102876,True
1466426778,4.7,4.24242212849389,4.24242212849389,True
1466426866,4.4,4.4,4.8101626769495756,False
1466426938,4.4,4.4,4.374151716696318,False
1466427022,4.4,4.4,4.6811673108865515,False
1466427059,4.4,4.4,4.1565811949100775,False
1466427125,4.4,4.332105332203619,4.332105332203619,True
1466427204,4.4,4.4,4.271985557448332,False
1466427240,4.2,4.2,4.295276538738369,False
1466427317,4.2,4.393246623540625,4.393246623540625,True
1466427319,4.2,4.2,4.436000536726865,False
1466427331,3.9,4.230276638354413,4.230276638354413,True
1466427425,4.2,4.2,4.82626842844899,False
1466427458,4.1,4.1,5.0955469801732995,False
1466427495,4.1,4.155794008738734,4.155794008738734,True
1466427543,4.1,4.1,4.271567590196547,False
1466427625,4.5,4.13014695623267,4.13014695623267,True
1466427663,4.5,4.554952563505042,4.554952563505042,True
1466427672,4.5,4.5,4.545097679064555,False
1466427684,4.5,4.459741363436579,4.459741363436579,True
1466427739,4.5,4.5,4.542724102848584,False
1466427769,4.8,4.506523961268817,4.506523961268817,True
1466427775,4.8,4.8,4.19292897345062,False
1466427820,4.4,4.4,4.6674113080592345,False
1466427837,4.0,4.0677632622298265,4.0677632622298265,True
1466427846,4.2,4.2375660970736675,4.2375660970736675,True
1466427904,4.2,4.065563729695145,4.065563729695145,True
1466427997,4.1,4.851256486221444,4.851256486221444,True
1466428027,4.1,4.1,4.808103007170274,False
1466428114,4.1,4.681853226981285,4.681853226981285,True
1466428212,3.7,3.7,4.931500737172972,False
1466428294,3.7,3.7,4.2809165101655955,False
1466428321,4.0,4.0,4.455052737293103,False
1466428340,4.0,4.0,4.89308823531441,False
1466428378,4.3,4.3,5.07999773001243,False
1466428463,4.7,4.422126020672288,4.422126020672288,True
1466428551,4.7,4.665847270881051,4.665847270881051,True
1466428575,4.7,4.7,4.519178167070386,False
1466428593,4.7,4.7,4.8175308543034,False
1466428682,5.1,5.1,4.939035509905179,False
1466428699,5.1,5.099785936859677,5.099785936859677,True
1466428719,5.1,4.233562772402055,4.233562772402055,True
1466428819,5.1,5.1,4.847882284529407,False
1466428850,5.0,4.386015068681384,4.386015068681384,True
1466428884,5.0,4.500429951995585,4.500429951995585,True
1466428973,5.0,4.98802816178454,4.98802816178454,True
1466429006,5.0,5.0,4.53031175535644,False
1466429026,5.0,4.224768624897899,4.224768624897899,True
1466429066,5.2,5.2,4.218659332765562,False
1466429072,5.2,5.2,5.052725239231191,False
1466429103,5.2,4.411962437050145,4.411962437050145,True
1466429110,5.2,4.051905640481948,4.051905640481948,True
1466429123,5.4,4.773056741516054,4.773056741516054,True
1466429168,5.2,5.2,4.618903649068637,False
1466429182,5.2,5.2,4.335968942594202,False
1466429184,5.0,5.0,4.139373676039751,False
1466429197,4.9,4.9,5.061816336413997,False
1466429280,5.0,4.22645018889296,4.22645018889296,True
1466429378,5.0,4.278082461132273,4.278082461132273,True
1466429450,5.0,4.118546701423747,4.118546701423747,True
1466429455,4.9,4.070701219655849,4.070701219655849,True
1466429510,4.9,4.9,4.1128031397810165,False
1466429565,4.5,4.805265151884971,4.805265151884971,True
1466429566,4.5,4.862997694537754,4.862997694537754,True
1466429592,4.4,4.096146906164962,4.096146906164962,True
1466429623,4.5,4.5,4.304210895215507,False
1466429691,4.8,4.8,5.010613649994187,False
1466429733,4.4,4.4,4.87572737852406,False
1466429803,4.5,4.38204418384875,4.38204418384875,True
1466429832,4.5,4.440382183705157,4.440382183705157,True
1466429905,4.5,4.5,4.648102468049303,False
1466429997,4.3,4.3,4.420208211117845,False
1466430050,4.3,4.398325000626242,4.398325000626242,True
1466430088,4.6,4.83607414546893,4.83607414546893,True
1466430174,4.6,4.6,4.16191221509348,False
1466430247,4.4,4.758208452545704,4.758208452545704,True
1466430344,4.4,4.4,4.857810044385613,False
1466430375,4.5,4.5,4.633888016530214,False
1466430400,4.3,4.3,4.950164112913056,False
1466430457,4.0,4.759523991969127,4.759523991969127,True
1466430483,3.7,4.0973865425943625,4.0973865425943625,True
1466430517,3.7,4.470044233337629,4.470044233337629,True
1466430524,3.7,5.053780286206482,5.053780286206482,True
1466430592,3.7,3.7,4.082381001514874,False
1466430616,3.7,3.7,4.5719259225416184,False
1466430631,3.9,4.169739349191715,4.169739349191715,True
1466430680,3.9,4.619526123054544,4.619526123054544,True
1466430734,3.9,4.837346061847736,4.837346061847736,True
1466430790,3.7,3.7,4.108264389245999,False
1466430815,3.7,3.7,4.309545095770747,False
1466430895,3.7,3.7,4.9904057766386085,False
1466430916,3.7,3.7,4.741087512425648,False
1466430929,4.1,4.1,4.726929585167769,False
1466430936,4.4,4.412063864467879,4.412063864467879,True
1466431009,4.2,4.2,4.487880517532175,False
1466431036,4.2,4.2,4.040812044978474,False
1466431055,3.8,5.071455093632803,5.071455093632803,True
1466431145,3.8,4.535752037805274,4.535752037805274,True
1466431218,3.6,3.6,5.03019377329677,False
1466431290,3.6,3.6,4.417209097044604,False
1466431324,3.6,3.6,4.246408120707609,False
1466431400,3.6,3.6,5.069345853803941,False
1466431450,3.6,4.509473390659748,4.509473390659748,True
1466431526,4.0,4.0,4.621644653334097,False
1466431589,4.0,4.0,4.659412820665526,False
1466431661,3.6,5.09365163816429,5.09365163816429,True
1466431760,3.6,3.6,4.9625408778049165,False
1466431796,3.5,3.5,4.995351572348215,False
1466431848,3.8,4.203865693455421,4.203865693455421,True
1466431879,3.6,3.6,4.715493243861947,False
1466431954,3.9,3.9,4.550833626473234,False
1466431958,3.9,3.9,4.85122208975893,False
1466432002,3.9,3.9,5.062801280092113,False
1466432101,3.9,3.9,4.549618152927366,False
1466432177,3.9,3.9,4.216372779652276,False
1466432194,3.9,5.086268611716948,5.086268611716948,True
1466432237,3.9,3.9,4.269594735178633,False
1466432280,4.1,4.644277121843817,4.644277121843817,True
1466432373,4.1,4.695541260001988,4.695541260001988,True
1466432389,4.1,4.670314196586067,4.670314196586067,True
1466432415,4.0,4.27749287744186,4.27749287744186,True
1466432417,4.0,4.793304865349656,4.793304865349656,True
1466432506,4.0,4.808060829761892,4.808060829761892,True
1466432569,3.6,4.318780172263038,4.318780172263038,True
1466432577,3.6,4.202133854476962,4.202133854476962,True
1466432670,3.6,4.700756879628535,4.700756879628535,True
1466432706,3.6,3.6,4.031111789378942,False
1466432804,3.6,4.113810844945195,4.113810844945195,True
1466432853,3.8,3.8,4.972376509978421,False
1466432947,3.8,3.8,4.605824392333178,False
1466433040,3.9,3.9,4.856839107283765,False
1466433128,3.9,5.088390510349976,5.088390510349976,True
1466433145,3.6,3.6,4.428909195812245,False
1466433195,3.6,3.6,5.007224232744107,False
1466433289,3.6,3.6,4.920829498824613,False
1466433375,3.6,4.316671405764848,4.316671405764848,True
1466433427,3.5,3.5,4.113752319814735,False
1466433478,3.7,4.327351424770263,4.327351424770263,True
1466433517,3.7,4.8176268451672755,4.8176268451672755,True
1466433615,3.5,3.5,4.170208997109867,False
1466433672,3.5,3.5,4.331916940033084,False
1466433762,3.7,3.7,4.546401727908965,False
1466433809,3.7,3.7,4.203893583750591,False
1466433873,4.1,4.411786084521503,4.411786084521503,True
1466433910,4.1,4.1,4.303416901320256,False
1466433994,4.0,4.033081402919991,4.033081402919991,True
1466434003,4.2,5.069661173976199,5.069661173976199,True
1466434045,4.2,5.0797035298758475,5.0797035298758475,True
1466434096,4.1,4.1644539433856655,4.1644539433856655,True
1466434173,4.1,4.579903172250446,4.579903172250446,True
1466434199,4.1,4.1,4.672480677828458,False
1466434224,4.0,4.0,4.295791087435597,False
1466434308,4.0,4.3441187258178715,4.3441187258178715,True
1466434359,4.0,4.0,4.160365780391537,False
1466434371,4.0,4.0,4.3899160867446385,False
1466434457,3.8,3.8,4.890201695158695,False
1466434498,3.8,3.8,4.2183471421573,False
1466434552,4.0,4.529662610859793,4.529662610859793,True
1466434622,4.0,4.0,4.634261987294877,False
1466434691,3.7,4.6601976499476265,4.6601976499476265,True
1466434718,3.7,4.899916202589957,4.899916202589957,True
1466434727,3.6,3.6,5.013781643191162,False
1466434815,3.6,4.090642798899313,4.090642798899313,True
1466434892,3.5,3.5,5.07639489137051,False
1466434915,3.7,4.298347002212469,4.298347002212469,True
1466434946,3.7,4.706406552666738,4.706406552666738,True
1466434988,3.7,4.843901958034655,4.843901958034655,True
1466435020,3.8,3.8,4.6404868117734175,False
1466435090,3.7,4.0720711856008815,4.0720711856008815,True
1466435099,3.9,4.189021756168623,4.189021756168623,True
1466435145,3.9,3.9,4.660907307885283,False
1466435186,3.9,3.9,4.1038211602713135,False
1466435246,3.5,3.5,4.349589128741622,False
1466435284,3.5,3.5,4.599875854298024,False
1466435327,3.8,3.8,4.540976742435394,False
1466435369,3.8,3.8,4.228536406243271,False
1466435408,3.8,4.320272281567833,4.320272281567833,True
1466435468,4.1,4.139304892075551,4.139304892075551,True
1466435486,4.1,5.010228697544071,5.010228697544071,True
1466435555,4.3,4.3,4.073679404567467,False
1466435624,4.3,4.3,5.020319129559942,False
1466435659,4.0,4.682618017455314,4.682618017455314,True
1466435682,4.3,4.543549009933624,4.543549009933624,True
1466435712,4.6,4.2661312605712105,4.2661312605712105,True
1466435794,4.9,4.1888666079785,4.1888666079785,True
1466435878,4.9,4.390672683002671,4.390672683002671,True
1466435904,4.9,4.495434746940156,4.495434746940156,True
1466435971,5.2,5.2,4.108376436627195,False
1466436041,5.0,5.0,4.459511996392385,False
1466436059,4.7,5.003887181876233,5.003887181876233,True
1466436093,4.7,4.2416604582032695,4.2416604582032695,True
1466436178,4.9,4.395034726801389,4.395034726801389,True
1466436230,5.2,4.807265598791069,4.807265598791069,True
1466436280,4.8,4.693682270481704,4.693682270481704,True
1466436332,4.5,4.5,4.599199811104205,False
1466436333,4.8,4.8,4.945535058122304,False
1466436431,4.8,4.8,4.193631766498299,False
1466436520,4.5,4.042099971837561,4.042099971837561,True
1466436572,4.6,4.743883723096673,4.743883723096673,True
1466436647,4.3,4.159534967991498,4.159534967991498,True
1466436655,4.3,4.3,4.298287283473221,False
1466436727,4.2,4.512026751628306,4.512026751628306,True
1466436793,4.2,4.112124650286685,4.112124650286685,True
1466436879,4.2,4.2,4.822210727855521,False
1466436880,4.3,4.3,4.469782906519043,False
1466436939,4.3,4.3,4.3571789307187085,False
1466437015,4.2,4.209222144228507,4.209222144228507,True
1466437048,4.3,4.708823936097633,4.708823936097633,True
1466437088,4.3,4.3,4.938624018070317,False
1466437105,3.9,3.9,4.90422483613711,False
1466437122,3.9,4.240379325970914,4.240379325970914,True
1466437160,4.1,4.3082095689153155,4.3082095689153155,True
1466437232,4.3,4.3,4.2082997225275305,False
1466437321,4.3,4.667926122371273,4.667926122371273,True
1466437335,4.3,4.3,4.906864979921765,False
1466437358,4.0,4.0,5.05925281003828,False
1466437441,4.0,4.184910609436011,4.184910609436011,True
1466437480,4.0,5.008947192295077,5.008947192295077,True
1466437561,4.0,4.0,4.767573946563854,False
1466437653,4.0,4.199955031056256,4.199955031056256,True
1466437709,3.9,4.113587348800333,4.113587348800333,True
1466437798,3.9,4.817889823549699,4.817889823549699,True
1466437869,3.9,3.9,4.052819541713237,False
1466437952,3.9,3.9,4.400768293227932,False
1466438037,3.5,3.5,4.610515195097707,False
1466438054,3.5,4.913391247212475,4.913391247212475,True
1466438056,3.5,3.5,4.191339841477156,False
1466438136,3.7,3.7,4.688664744867874,False
1466438234,3.7,4.43280716400251,4.43280716400251,True
1466438261,4.1,4.948319685895106,4.948319685895106,True
1466438348,4.2,5.07277609501276,5.07277609501276,True
1466438407,4.2,4.1548611077694595,4.1548611077694595,True
1466438422,4.2,4.536382314289555,4.536382314289555,True
1466438476,4.2,4.181060211107973,4.181060211107973,True
1466438571,4.5,4.5,4.758280230073921,False
1466438612,4.3,4.231848718024818,4.231848718024818,True
1466438620,4.2,4.609962633190439,4.609962633190439,True
1466438698,4.2,4.1178774920785886,4.1178774920785886,True
1466438747,3.9,3.9,4.314004344758932,False
1466438795,3.9,4.16146779078621,4.16146779078621,True
1466438810,3.9,3.9,4.532101465046914,False
1466438888,3.9,3.9,4.109182639999233,False
1466438975,3.9,4.334428826439718,4.334428826439718,True
1466439000,4.2,4.146523629840822,4.146523629840822,True
1466439092,4.2,4.186210644484514,4.186210644484514,True
1466439150,4.2,4.220609085778201,4.220609085778201,True
1466439229,4.2,4.4707125794435685,4.4707125794435685,True
1466439279,4.2,4.2,4.173362650971595,False
1466439328,4.2,4.120903633653289,4.120903633653289,True
1466439351,4.4,4.4,4.680483314521909,False
1466439447,4.4,5.035099302786035,5.035099302786035,True
1466439466,4.2,4.2,4.4598700095233506,False
1466439480,4.5,4.497540711076287,4.497540711076287,True
1466439560,4.5,4.5,4.091018337053448,False
1466439600,4.5,4.167959087923052,4.167959087923052,True
1466439645,4.5,4.5,4.116348687333748,False
1466439729,4.8,4.8,4.475001945227412,False
1466439772,4.7,4.457450762608728,4.457450762608728,True
1466439827,4.8,4.346361698989848,4.346361698989848,True
1466439849,4.8,5.051985610191634,5.051985610191634,True
1466439910,4.8,4.8,4.081903191640091,False
1466439990,4.8,4.8,4.082952689864983,False
1466440005,4.6,4.6,4.704956534562765,False
1466440006,4.8,4.8,4.313477310034088,False
1466440045,4.7,4.9829164168041356,4.9829164168041356,True
1466440066,4.7,4.7,4.624038128877063,False
1466440154,4.7,4.7,4.580294067509864,False
1466440214,4.7,4.731648593606132,4.731648593606132,True
1466440226,4.7,4.359864180714685,4.359864180714685,True
1466440304,4.3,4.4126466431486016,4.4126466431486016,True
1466440385,4.3,4.3,4.609393108315319,False
1466440451,4.4,5.0920489622625364,5.0920489622625364,True
1466440521,4.6,4.6,4.4709322129958,False
1466440581,4.2,4.2,4.803555898632721,False
1466440674,4.2,4.2,4.2074129204937565,False
1466440727,4.2,4.474965379015355,4.474965379015355,True
1466440821,4.1,4.804454464946381,4.804454464946381,True
1466440827,3.9,3.9,4.3907944130483125,False
1466440897,4.3,4.633150385988139,4.633150385988139,True
1466440923,4.1,4.1,4.773346301054152,False
1466441012,4.1,4.266398972609293,4.266398972609293,True
1466441049,4.1,4.2314071922433705,4.2314071922433705,True
1466441147,3.9,4.791701017423737,4.791701017423737,True
1466441213,4.0,4.857491842877612,4.857491842877612,True
1466441311,4.1,4.917345237424368,4.917345237424368,True
1466441318,4.1,4.1,4.438618389438851,False
1466441418,4.4,4.4,4.93541645797125,False
1466441510,4.2,4.2,4.944808024163831,False
1466441541,4.2,4.3575886203859096,4.3575886203859096,True
1466441579,4.6,4.649095433261969,4.649095433261969,True
1466441630,4.6,4.6,4.3779088167429965,False
1466441714,4.6,4.521338880760602,4.521338880760602,True
1466441724,4.6,4.6,4.144906011377735,False
1466441741,4.6,4.6810819647184205,4.6810819647184205,True
1466441822,4.6,4.555677896798643,4.555677896798643,True
1466441883,4.7,4.33740289897378,4.33740289897378,True
1466441934,4.8,4.64145552686922,4.64145552686922,True
1466441947,4.8,4.8,5.048953617655377,False
1466442046,5.1,4.997592092063253,4.997592092063253,True
1466442137,5.3,5.3,4.793955630742451,False
1466442175,5.4,4.3455787122861835,4.3455787122861835,True
1466442216,5.3,4.799345160335452,4.799345160335452,True
1466442284,5.2,4.178642330151779,4.178642330151779,True
1466442332,5.5,5.5,4.9885854583081155,False
1466442358,5.5,5.5,4.714651665558626,False
1466442362,5.5,5.5,4.805333225170909,False
1466442439,5.2,4.316630526109527,4.316630526109527,True
1466442490,5.2,5.2,4.3495755127687445,False
1466442498,5.2,5.2,4.614080513237926,False
1466442508,4.8,4.8,4.699614115707218,False
1466442518,4.8,4.95597168081159,4.95597168081159,True
1466442556,5.0,4.780951243311991,4.780951243311991,True
1466442656,5.0,5.0,4.076908999172223,False
1466442662,4.7,4.7,4.221186675217804,False
1466442703,4.7,4.926815501110298,4.926815501110298,True
1466442768,4.7,4.278935509353973,4.278935509353973,True
1466442788,4.7,4.7,4.6904566356969655,False
1466442886,4.4,4.875405966138985,4.875405966138985,True
1466442980,4.4,4.7795317368593135,4.7795317368593135,True
1466443000,4.4,4.4,4.873756730095086,False
1466443029,4.3,4.5384930217989385,4.5384930217989385,True
1466443038,4.3,4.0573594020109445,4.0573594020109445,True
1466443089,4.3,4.3,4.555033159778512,False
1466443162,4.3,4.636814839181673,4.636814839181673,True
1466443201,4.3,4.3,4.361501675855084,False
1466443219,4.3,4.3,5.0218751233710925,False
1466443263,4.3,4.5451620400677415,4.5451620400677415,True
1466443350,4.2,4.2,4.830201450050831,False
1466443373,4.2,4.067995126154017,4.067995126154017,True
1466443392,4.2,4.2,4.5946622731163655,False
1466443402,4.5,4.5,4.479447201174435,False
1466443486,4.7,4.7,4.640707305985149,False
1466443511,4.7,4.489918293749031,4.489918293749031,True
1466443584,4.7,4.7,4.443690993066654,False
1466443677,4.6,5.024596338914111,5.024596338914111,True
1466443725,4.7,4.7,4.1581082411888195,False
1466443727,4.8,4.8,4.826912415011307,False
1466443750,4.8,5.092068127102243,5.092068127102243,True
1466443761,4.8,4.8,4.664617964091857,False
1466443808,4.8,4.5549754562364475,4.5549754562364475,True
1466443861,4.7,4.422226278541304,4.422226278541304,True
1466443929,4.6,4.6,5.0540214973682565,False
1466443986,4.6,4.129211482473019,4.129211482473019,True
1466444043,4.4,4.948297837364513,4.948297837364513,True
1466444110,4.4,4.4,4.175286505982423,False
1466444192,4.4,4.4,4.436322937353727,False
1466444287,4.4,4.4,4.107114253574399,False
1466444294,4.3,4.175333014317956,4.175333014317956,True
1466444366,4.2,4.2,4.039891971215215,False
1466444466,4.3,5.072211026395005,5.072211026395005,True
1466444505,4.3,4.3,4.848564753096744,False
1466444556,4.3,4.215103367437609,4.215103367437609,True
1466444624,4.4,4.4,4.634426438987253,False
1466444663,4.1,4.1,4.67302499724825,False
1466444685,4.1,4.1,5.007137835461579,False
1466444756,4.3,4.3,4.557691972985628,False
1466444781,4.2,5.087301303876285,5.087301303876285,True
1466444840,4.2,5.062773309371495,5.062773309371495,True
1466444854,4.0,4.0,4.3848101657671545,False
1466444860,4.0,4.0,4.604750197327633,False
1466444959,4.0,4.380516234549077,4.380516234549077,True
1466445058,4.2,4.2,4.556078975225867,False
1466445107,4.2,4.2,4.3113439149566135,False
1466445165,4.2,4.2,4.346070983032264,False
1466445170,4.6,4.6,4.843478741238131,False
1466445173,5.0,5.0,4.118181491756724,False
1466445247,5.0,4.958390268728883,4.958390268728883,True
1466445305,4.6,4.249245229090474,4.249245229090474,True
1466445333,4.2,4.795366575010078,4.795366575010078,True
1466445356,4.2,4.2,4.253771944595826,False
1466445430,4.2,4.2,4.546721382706904,False
1466445491,4.0,4.0,4.964794444608043,False
1466445497,4.0,4.0,4.335672831899463,False
1466445514,4.0,4.315829506198122,4.315829506198122,True
1466445549,3.7,3.7,4.524754377118488,False
1466445640,3.7,3.7,5.026656957444738,False
1466445648,3.7,3.7,4.7675803836755755,False
1466445739,3.7,3.7,4.594612001451344,False
1466445814,4.1,4.1,4.892570433161496,False
1466445879,4.4,4.135510178283688,4.135510178283688,True
1466445909,4.7,4.7,4.455454349245038,False
1466445965,4.4,4.4,4.949586438705597,False
1466446021,4.4,4.4,4.889486741121097,False
1466446045,4.4,4.4,5.094872636260317,False
1466446071,4.7,4.582337988818297,4.582337988818297,True
1466446120,4.7,4.513935469385553,4.513935469385553,True
1466446168,4.7,4.7,4.991710616156839,False
1466446253,4.7,4.68564828471529,4.68564828471529,True
1466446302,4.7,4.842440218606893,4.842440218606893,True
1466446389,4.7,4.847330856695985,4.847330856695985,True
1466446404,4.6,4.6,4.09276921315447,False
1466446494,4.3,4.674447157410029,4.674447157410029,True
1466446594,4.3,4.3,4.55547182743945,False
1466446643,4.0,4.4825653873734215,4.4825653873734215,True
1466446669,4.0,4.388539991696378,4.388539991696378,True
1466446690,4.0,4.0,4.141038404071088,False
1466446735,4.0,4.0,4.655135711212463,False
1466446766,4.0,4.0,4.689724367514765,False
1466446852,4.0,4.0,4.0761553102172785,False
1466446902,4.0,4.0,4.648037965360212,False
1466446945,4.0,4.432024525091343,4.432024525091343,True
1466446987,3.6,3.6,4.661506179178666,False
1466447036,3.9,5.048135125164607,5.048135125164607,True
1466447112,3.9,4.65062405368455,4.65062405368455,True
1466447129,3.9,3.9,4.426956806968431,False
1466447189,3.9,3.9,4.399877177438457,False
1466447224,3.8,3.8,4.7152394246160565,False
1466447270,4.1,5.018590308550529,5.018590308550529,True
1466447272,4.1,4.1,4.575702243112787,False
1466447348,4.5,4.557343564557696,4.557343564557696,True
1466447359,4.4,4.4,4.512238157904462,False
1466447388,4.4,4.4,4.236471969036331,False
1466447390,4.4,4.4,4.220936890438523,False
1466447425,4.6,5.028304946362291,5.028304946362291,True
1466447463,4.4,4.269015943596856,4.269015943596856,True
1466447485,4.4,4.4,4.559677006239975,False
1466447545,4.4,4.4,4.173353650633272,False
1466447553,4.0,4.0,4.92298764981861,False
1466447554,4.4,4.4,4.456490676784506,False
1466447573,4.0,4.001497606979979,4.001497606979979,True
1466447634,4.2,4.2,4.346680976389787,False
1466447695,4.2,4.303992753110064,4.303992753110064,True
1466447762,3.9,3.9,4.076552820714751,False
1466447844,3.7,4.04422850781168,4.04422850781168,True
1466447885,3.7,4.106457669877977,4.106457669877977,True
1466447943,3.8,4.763048743630715,4.763048743630715,True
1466447956,4.2,4.2,5.054524209247327,False
1466448041,4.2,4.5363818307256665,4.5363818307256665,True
1466448140,4.2,4.2,4.622423589465377,False
1466448215,4.2,4.2,4.387694711581792,False
1466448270,4.2,4.2,4.749018696407028,False
1466448302,3.8,3.8,4.902721889994021,False
1466448368,3.8,3.8,4.578191343948529,False
1466448422,4.1,4.982356487171407,4.982356487171407,True
1466448517,4.1,4.1,4.931139342306174,False
1466448614,4.1,4.172972705435897,4.172972705435897,True
1466448701,4.3,4.3,4.046349694205576,False
1466448743,4.2,4.2,4.093207501212072,False
1466448805,4.4,4.324438592749496,4.324438592749496,True
1466448844,4.4,4.788801173406564,4.788801173406564,True
1466448896,4.6,4.6732128438642535,4.6732128438642535,True
1466448984,4.6,4.376862164430928,4.376862164430928,True
1466449031,4.6,4.6,4.604596760863271,False
1466449045,4.2,4.215302679297758,4.215302679297758,True
1466449099,4.2,4.2,4.180720980253695,False
1466449171,4.2,4.2,4.392257477094625,False
1466449261,4.0,4.143277722819328,4.143277722819328,True
1466449280,4.0,4.0,4.944055013478521,False
1466449359,4.2,5.0031286053619715,5.0031286053619715,True
1466449442,4.2,4.548497143742327,4.548497143742327,True
1466449496,4.2,4.391284388916498,4.391284388916498,True
1466449537,4.2,4.2,5.066971287495564,False
1466449555,4.2,4.2,4.851206981870778,False
1466449629,4.3,4.3,4.654770080383754,False
1466449635,3.9,3.9,4.7967137591132545,False
1466449721,4.2,4.2,4.788955022177696,False
1466449772,4.2,5.0082682192940124,5.0082682192940124,True
1466449872,4.2,4.014620117670477,4.014620117670477,True
1466449873,4.2,4.370108858451225,4.370108858451225,True
1466449884,4.2,4.2,4.048707065530309,False
1466449937,3.8,3.8,4.138930417581596,False
1466449953,3.8,4.095083979244039,4.095083979244039,True
1466449959,4.1,4.090409153445656,4.090409153445656,True
1466449961,4.1,4.375562629370208,4.375562629370208,True
1466450018,4.1,4.1,4.883191199566515,False
1466450075,4.5,4.096133120853519,4.096133120853519,True
1466450150,4.5,4.334691591060086,4.334691591060086,True
1466450177,4.6,4.516708110810764,4.516708110810764,True
1466450255,4.6,4.324849502438477,4.324849502438477,True
1466450343,4.6,5.039325907974981,5.039325907974981,True
1466450348,4.6,4.5965428393459,4.5965428393459,True
1466450401,4.7,4.538737776051455,4.538737776051455,True
1466450433,4.7,4.7,4.4602127390940085,False
1466450507,4.7,4.7,4.3166536037705745,False
1466450536,4.9,4.9,4.578222178536461,False
1466450627,5.3,4.829726657053848,4.829726657053848,True
1466450723,5.3,4.286966447119208,4.286966447119208,True
1466450817,5.3,5.3,4.13971188339763,False
1466450900,5.2,4.2322013412959745,4.2322013412959745,True
1466450902,4.9,4.58207501236371,4.58207501236371,True
1466450971,4.9,4.9,4.627853146688914,False
1466451016,4.9,4.280973489848247,4.280973489848247,True
1466451023,4.9,4.9,5.079373818973377,False
1466451073,4.6,4.6,4.234746162510368,False
1466451166,4.9,4.9,4.257661823211009,False
1466451231,4.8,4.3346185320336215,4.3346185320336215,True
1466451245,4.8,4.8,4.758784444542464,False
1466451293,4.8,4.8,4.626815573455488,False
1466451295,4.8,4.8,4.664809681428564,False
1466451378,4.4,4.4,4.807547742547115,False
1466451445,4.0,4.531484411201747,4.531484411201747,True
1466451508,4.3,4.3,4.527371648514784,False
1466451599,4.3,4.9198813233261856,4.9198813233261856,True
1466451686,4.3,4.3,4.98034975531797,False
1466451761,4.6,4.227090053933789,4.227090053933789,True
1466451857,4.5,4.058059215152135,4.058059215152135,True
1466451909,4.7,4.481845221508498,4.481845221508498,True
1466451919,4.7,4.7,4.547856057047398,False
1466452006,4.9,4.9,4.11462258391972,False
1466452035,4.9,4.9,4.997083728710702,False
1466452039,4.9,4.9,4.928310346301347,False
1466452104,4.9,4.204533248291265,4.204533248291265,True
1466452167,4.9,4.131135559970668,4.131135559970668,True
1466452238,4.9,4.9,4.670501159732852,False
1466452313,4.9,4.9,4.840303554451888,False
1466452339,4.9,4.9,4.792865403064663,False
1466452419,4.9,4.9,4.507146302356322,False
1466452424,4.7,4.7,4.830227915633991,False
1466452435,4.8,4.559207696873103,4.559207696873103,True
1466452531,4.8,4.8,4.745888593332067,False
1466452584,4.4,4.4,5.01112081829788,False
1466452625,4.5,4.338960201795594,4.338960201795594,True
1466452676,4.5,4.077835565811338,4.077835565811338,True
1466452752,4.5,4.770724768732096,4.770724768732096,True
1466452796,4.2,4.520438189856083,4.520438189856083,True
1466452825,3.8,4.404859697506275,4.404859697506275,True
1466452860,3.8,3.8,5.0773339377172135,False
1466452960,3.8,3.8,4.961286432065728,False
1466452979,3.8,4.313033102488573,4.313033102488573,True
1466453002,3.8,4.6978129225745455,4.6978129225745455,True
1466453016,3.7,3.7,4.392590863641108,False
1466453025,4.0,4.873329870481088,4.873329870481088,True
1466453089,3.9,3.9,4.031923197544191,False
1466453141,3.9,3.9,4.336459892427469,False
1466453154,3.9,4.526641369361253,4.526641369361253,True
1466453184,3.9,5.064589069822319,5.064589069822319,True
1466453202,3.9,3.9,4.109517197519695,False
1466453203,3.9,3.9,4.374342893328821,False
1466453222,3.7,3.7,4.115883461368365,False
1466453321,3.8,4.852710245007622,4.852710245007622,True
1466453379,3.8,3.8,4.309943288996137,False
1466453392,3.8,3.8,4.452197365532129,False
1466453422,3.8,4.851850166753156,4.851850166753156,True
1466453502,3.8,3.8,5.012916346265374,False
1466453518,3.7,3.7,4.61914974974432,False
1466453563,4.1,4.1,4.2234705108992525,False
1466453604,4.1,4.2289987789569725,4.2289987789569725,True
1466453639,4.1,4.920453593130673,4.920453593130673,True
1466453705,4.1,4.321606244467739,4.321606244467739,True
1466453795,4.5,4.5,4.1489019379402885,False
1466453816,4.2,4.2,4.697046155076487,False
1466453870,4.2,4.2,4.12221726109007,False
1466453910,3.9,4.479971836639239,4.479971836639239,True
1466454002,3.9,3.9,5.020259876340125,False
1466454051,4.2,4.5686640280808,4.5686640280808,True
1466454087,4.2,4.71642361597501,4.71642361597501,True
1466454129,4.2,5.094056592040655,5.094056592040655,True
1466454227,4.1,4.1,4.850712097946586,False
1466454259,3.9,3.9,4.604237705718552,False
1466454262,3.9,3.9,4.389850442566298,False
1466454298,3.9,3.9,4.053974300608702,False
1466454388,4.2,4.2,4.7486328120335335,False
1466454399,4.2,4.531836585193271,4.531836585193271,True
1466454473,4.4,4.4,4.923883614419371,False
1466454529,4.4,4.4,4.272573936341695,False
1466454559,4.4,4.5214304550074536,4.5214304550074536,True
1466454648,4.7,4.839760241829969,4.839760241829969,True
1466454745,4.9,4.047519841847856,4.047519841847856,True
1466454763,4.9,4.9,4.830342408771655,False
1466454851,4.7,4.949836311576136,4.949836311576136,True
1466454936,4.8,4.317318735077933,4.317318735077933,True
1466454949,5.1,4.47485922086745,4.47485922086745,True
1466455032,4.7,4.015733752156707,4.015733752156707,True
1466455065,4.7,4.7,4.211210238099053,False
1466455119,4.7,4.387004546818126,4.387004546818126,True
1466455172,4.7,4.967708860600068,4.967708860600068,True
1466455196,4.5,4.5,4.835397391206063,False
1466455271,4.5,4.949310833264765,4.949310833264765,True
1466455357,4.5,4.840252744405708,4.840252744405708,True
1466455361,4.5,4.753302483822039,4.753302483822039,True
1466455394,4.7,4.7,5.079190641258803,False
1466455475,4.9,4.687961793002457,4.687961793002457,True
1466455497,4.9,4.78403217962453,4.78403217962453,True
1466455561,4.9,4.778266797048224,4.778266797048224,True
1466455575,4.9,4.9,5.089336912401311,False
1466455587,4.6,4.6,4.529300297231187,False
1466455651,4.6,5.014173610478631,5.014173610478631,True
1466455658,4.2,4.2,4.909151684281716,False
1466455732,3.8,3.8,4.46930991726492,False
1466455812,3.8,5.013326392460922,5.013326392460922,True
1466455910,3.5,3.5,4.630824777167645,False
1466455951,3.5,4.303498947123477,4.303498947123477,True
1466455999,3.8,3.8,4.022840064058441,False
1466456054,3.8,3.8,4.012302237647054,False
1466456058,4.0,4.0,4.8056716498007725,False
1466456074,4.0,4.570596219211777,4.570596219211777,True
1466456088,4.0,4.391709101448256,4.391709101448256,True
1466456118,4.0,4.0,4.715889822561459,False
1466456218,4.1,4.04302154865846,4.04302154865846,True
1466456265,4.1,4.879635377358327,4.879635377358327,True
1466456270,3.9,3.9,4.175531813457239,False
1466456312,3.9,3.9,4.358413015085787,False
1466456346,4.3,4.3,4.141098130045446,False
1466456374,4.3,4.3,4.963286948215397,False
1466456406,4.3,4.055082369726702,4.055082369726702,True
1466456482,4.5,4.3866081420556675,4.3866081420556675,True
1466456512,4.5,4.5,4.7981460272854894,False
1466456610,4.5,4.404971237874124,4.404971237874124,True
1466456683,4.4,4.4,4.581591227050133,False
1466456768,4.1,4.478956538823258,4.478956538823258,True
1466456856,4.1,4.9968911663165745,4.9968911663165745,True
1466456927,4.1,4.005058759823457,4.005058759823457,True
1466457014,4.1,4.1,4.049613254393342,False
1466457032,3.8,4.344082775199122,4.344082775199122,True
1466457067,3.6,4.4675121660371655,4.4675121660371655,True
1466457157,3.8,3.8,4.380462343529022,False
1466457215,3.8,4.395380463056423,4.395380463056423,True
1466457267,4.0,4.737238527253247,4.737238527253247,True
1466457357,3.9,3.9,4.995015092018013,False
1466457434,4.1,4.751788345625841,4.751788345625841,True
1466457487,4.1,4.1,4.338802526803723,False
1466457559,4.2,4.2,4.981885473432003,False
1466457603,4.3,4.792950941365195,4.792950941365195,True
1466457671,4.2,4.2,4.679656025363147,False
1466457713,4.5,4.415884272031291,4.415884272031291,True
1466457745,4.9,4.959801932848274,4.959801932848274,True
1466457782,5.0,4.918359704749168,4.918359704749168,True
1466457802,5.1,5.1,5.02599110568144,False
1466457817,5.1,4.423186789257294,4.423186789257294,True
1466457865,5.1,4.613942188024359,4.613942188024359,True
1466457884,5.1,5.1,5.0147256028273794,False
1466457885,5.1,4.930420453644946,4.930420453644946,True
1466457917,5.4,4.374296517801029,4.374296517801029,True
1466457973,5.4,4.2891146637720645,4.2891146637720645,True
1466458045,5.1,5.1,4.938536814000458,False
1466458135,5.0,5.0,4.501317351294222,False
1466458151,5.0,4.81302655106744,4.81302655106744,True
1466458230,5.3,5.3,4.235829226849871,False
1466458324,5.3,5.3,4.026682671770437,False
1466458362,5.4,5.4,4.155797481072174,False
1466458438,5.4,4.960340110575871,4.960340110575871,True
1466458454,5.4,5.4,4.74861157714507,False
1466458496,5.4,4.970737600462073,4.970737600462073,True
1466458509,5.4,4.0959090342450155,4.0959090342450155,True
1466458580,5.1,5.1,4.613053922175587,False
1466458590,5.1,4.968138722022518,4.968138722022518,True
1466458626,4.8,4.276504181319756,4.276504181319756,True
1466458642,5.0,4.773344457576684,4.773344457576684,True
1466458665,4.8,4.737896340832554,4.737896340832554,True
1466458694,4.8,4.837350020800822,4.837350020800822,True
1466458762,4.8,4.21169271150701,4.21169271150701,True
1466458793,4.8,4.8,4.604632029197754,False
1466458824,5.2,4.251158217017584,4.251158217017584,True
1466458906,5.2,5.2,4.889436846689876,False
1466458982,5.4,5.4,4.9286701327801525,False
1466459068,5.2,5.2,4.9111838797389735,False
1466459159,4.9,4.9,4.895874341192855,False
1466459184,5.2,5.2,4.240861873709084,False
1466459273,5.0,4.761938682422345,4.761938682422345,True
1466459372,5.1,4.200751439353366,4.200751439353366,True
1466459415,5.1,5.1,4.44381616794306,False
1466459483,5.5,5.5,4.209332412725551,False
1466459504,5.5,4.04460035009785,4.04460035009785,True
1466459588,5.1,4.436812162414553,4.436812162414553,True
1466459595,5.3,5.3,4.599923751761311,False
1466459673,5.3,4.815495298568838,4.815495298568838,True
1466459726,5.3,5.3,4.110567872594643,False
1466459800,5.3,4.711458314755597,4.711458314755597,True
1466459857,5.3,5.3,4.573258955117005,False
1466459887,5.4,5.4,4.418068838218647,False
1466459913,5.4,5.4,4.502051808089234,False
1466459974,5.5,4.647590192196527,4.647590192196527,True
1466459995,5.3,4.469400019416941,4.469400019416941,True
1466460001,5.3,4.5527029063795865,4.5527029063795865,True
1466460054,5.3,5.091756352997717,5.091756352997717,True
1466460130,5.3,5.3,4.808247782480705,False
1466460215,5.3,4.6670296581433695,4.6670296581433695,True
1466460252,4.9,4.5947298092301425,4.5947298092301425,True
1466460272,4.8,4.7348880300455765,4.7348880300455765,True
1466460346,4.8,4.146305283886391,4.146305283886391,True
1466460440,4.8,4.8,4.797736282054802,False
1466460461,4.5,4.5,4.426733607668442,False
1466460528,4.4,4.4,4.825503784137148,False
1466460610,4.4,4.4,5.065024538009615,False
1466460630,4.4,4.4,4.03598687166169,False
1466460691,4.5,4.373987679497801,4.373987679497801,True
1466460706,4.3,4.3,4.52868821820104,False
1466460739,3.9,3.9,4.07906038525729,False
1466460765,3.9,3.9,4.6754879886923435,False
1466460795,3.9,3.9,4.66229666016784,False
1466460877,4.1,4.401738035751313,4.401738035751313,True
1466460973,4.3,4.509986933267234,4.509986933267234,True
1466461009,4.2,4.2,4.337584808628784,False
1466461027,4.3,4.360861037826356,4.360861037826356,True
1466461032,3.9,3.9,4.915574242804359,False
1466461096,3.9,3.9,4.851443615812579,False
1466461169,3.9,4.438453127491515,4.438453127491515,True
1466461256,3.6,3.6,4.035917310536359,False
1466461351,3.8,4.939221355455472,4.939221355455472,True
1466461451,3.8,3.8,4.217512526820225,False
1466461531,3.7,4.780012068443991,4.780012068443991,True
1466461568,3.8,4.956726934984725,4.956726934984725,True
1466461583,3.8,3.8,4.586529354266904,False
1466461647,3.8,4.982736053540643,4.982736053540643,True
1466461703,3.9,4.120230163561772,4.120230163561772,True
1466461794,3.9,3.9,4.116421403880411,False
1466461813,3.9,3.9,4.231716155377554,False
1466461910,3.9,4.959431061331863,4.959431061331863,True
1466461988,4.2,4.590057912007487,4.590057912007487,True
1466462056,4.2,4.2,4.395351782130817,False
1466462101,4.2,4.2,4.558157216203559,False
1466462155,4.0,4.2977986574974425,4.2977986574974425,True
1466462215,4.0,4.0,4.526873722575924,False
1466462278,3.6,4.890060499580246,4.890060499580246,True
1466462368,3.6,3.6,4.366387028666535,False
1466462412,3.7,3.7,4.6858472235714235,False
1466462512,3.9,3.9,4.033012477238817,False
1466462594,4.1,4.873915474489277,4.873915474489277,True
1466462671,4.1,4.1,4.071167694944814,False
1466462716,4.1,4.1,4.15467438488708,False
1466462746,4.1,4.1,4.016431536957827,False
1466462782,4.0,4.0,4.390668884662636,False
1466462820,4.0,4.283565516156279,4.283565516156279,True
1466462833,4.0,4.0,4.629233172252099,False
1466462842,4.4,4.949483376354402,4.949483376354402,True
1466462850,4.4,4.231135392234917,4.231135392234917,True
1466462941,4.4,4.4,4.102786386813879,False
1466463026,4.1,4.1,4.3279603663887904,False
1466463117,4.1,4.7910212482510985,4.7910212482510985,True
1466463139,3.8,3.8,4.570267615619442,False
