1466410104,0.53,0.5227502304411312,0.5227502304411312,True
1466410114,0.57,0.5977959746515376,0.5977959746515376,True
1466410130,0.57,0.57,0.7448223847760135,False
1466410181,0.57,0.06586344088035612,0.06586344088035612,True
1466410203,0.56,0.20879076871338464,0.20879076871338464,True
1466410250,0.56,0.6136047764785064,0.6136047764785064,True
1466410309,0.56,0.56,0.7694239895889883,False
1466410397,0.55,0.6342945752315583,0.6342945752315583,True
1466410430,0.59,0.553917279295311,0.553917279295311,True
1466410469,0.59,0.6339042880341568,0.6339042880341568,True
1466410483,0.59,0.04330919031571223,0.04330919031571223,True
1466410498,0.59,0.22292901275454335,0.22292901275454335,True
1466410502,0.59,0.9057003577443845,0.9057003577443845,True
1466410532,0.56,0.56,0.3453176972349762,False
1466410541,0.56,0.02581223640109165,0.02581223640109165,True
1466410573,0.59,0.3586671451106299,0.3586671451106299,True
1466410630,0.59,0.59,0.41125099767320317,False
1466410653,0.61,0.7232754411716047,0.7232754411716047,True
1466410746,0.62,0.1823237788419989,0.1823237788419989,True
1466410814,0.66,0.07678707982549615,0.07678707982549615,True
1466410890,0.66,0.8859068624081924,0.8859068624081924,True
1466410902,0.66,0.5054623248394725,0.5054623248394725,True
1466410978,0.66,0.66,0.07080259590258031,False
1466411008,0.66,0.66,0.6290704894506797,False
1466411066,0.64,0.64,0.9351761371828278,False
1466411094,0.64,0.64,0.07465373054354152,False
1466411157,0.64,0.6501148990109017,0.6501148990109017,True
1466411223,0.67,0.09953545235251615,0.09953545235251615,True
1466411226,0.67,0.67,0.19523691991438075,False
1466411272,0.67,0.565251957576097,0.565251957576097,True
1466411303,0.63,0.35713416874705173,0.35713416874705173,True
1466411318,0.62,0.62,0.31047830776742336,False
1466411396,0.61,0.4279949035106293,0.4279949035106293,True
1466411493,0.61,0.61,0.3106537642544601,False
1466411549,0.61,0.61,0.6289064582848177,False
1466411560,0.61,0.61,0.47316740195922247,False
1466411626,0.61,0.7178681549289463,0.7178681549289463,True
1466411723,0.61,0.22514413666283362,0.22514413666283362,True
1466411763,0.59,0.59,0.7441779798411614,False
1466411785,0.59,0.4173289888084537,0.4173289888084537,True
1466411854,0.59,0.59,0.20224043978138095,False
1466411889,0.59,0.2659759820290454,0.2659759820290454,True
1466411988,0.63,0.63,0.8888718625413604,False
1466412022,0.63,0.63,0.7051616104056831,False
1466412046,0.63,0.65112328788413,0.65112328788413,True
1466412076,0.58,0.991905187569361,0.991905187569361,True
1466412152,0.58,0.58,0.678244482155472,False
1466412181,0.56,0.56,0.5420999725050268,False
1466412201,0.56,0.2772642484142438,0.2772642484142438,True
1466412260,0.56,0.56,0.5896208158943167,False
1466412347,0.56,0.49636759704417366,0.49636759704417366,True
1466412360,0.52,0.52,0.898825059747217,False
1466412438,0.52,0.5923907474698584,0.5923907474698584,True
1466412521,0.55,0.8755402259772073,0.8755402259772073,True
1466412599,0.55,0.35732436239122845,0.35732436239122845,True
1466412639,0.55,0.06005467589345914,0.06005467589345914,True
1466412691,0.55,0.24887579818463335,0.24887579818463335,True
1466412747,0.55,0.55,0.8572293413630621,False
1466412794,0.55,0.06596246547280316,0.06596246547280316,True
1466412819,0.55,0.553785348318659,0.553785348318659,True
1466412832,0.55,0.55,0.2619940485961111,False
1466412874,0.55,0.004234010232016416,0.004234010232016416,True
1466412943,0.55,0.7263710550488383,0.7263710550488383,True
1466412971,0.55,0.55,0.004579158885655965,False
1466412990,0.54,0.54,0.6314585063547399,False
1466413028,0.54,0.37431713781119624,0.37431713781119624,True
1466413053,0.5,0.5,0.4061845865640583,False
1466413125,0.5,0.5,0.8854926892445679,False
1466413200,0.5,0.5,0.218442769608595,False
1466413264,0.51,0.51,0.44848732601841956,False
1466413311,0.48,0.0902514215846335,0.0902514215846335,True
1466413342,0.52,0.1667711260210457,0.1667711260210457,True
1466413440,0.5,0.951722250274385,0.951722250274385,True
1466413458,0.48,0.8952081570858611,0.8952081570858611,True
1466413529,0.5,0.7897300428155054,0.7897300428155054,True
1466413542,0.5,0.5,0.8136150822000029,False
1466413638,0.5,0.5,0.8116495015300612,False
1466413672,0.51,0.4674963231460849,0.4674963231460849,True
1466413733,0.55,0.55,0.9428086940627665,False
1466413779,0.55,0.8983388362611745,0.8983388362611745,True
1466413780,0.55,0.6219316349706047,0.6219316349706047,True
1466413864,0.55,0.6589962537688239,0.6589962537688239,True
1466413885,0.55,0.55,0.17061771122746738,False
1466413946,0.55,0.6762243466049894,0.6762243466049894,True
1466414033,0.5,0.8649889461409263,0.8649889461409263,True
1466414071,0.51,0.5779198452043164,0.5779198452043164,True
1466414164,0.5,0.5,0.6657195763796296,False
1466414225,0.51,0.9876305646617851,0.9876305646617851,True
1466414312,0.55,0.55,0.35669647366515445,False
1466414325,0.55,0.661875940950869,0.661875940950869,True
1466414328,0.55,0.55,0.6844219733570106,False
1466414329,0.6,0.6,0.6745873829759335,False
1466414402,0.6,0.9237764859855683,0.9237764859855683,True
1466414407,0.6,0.5231070112800549,0.5231070112800549,True
1466414413,0.59,0.3670748875979569,0.3670748875979569,True
1466414460,0.63,0.8022675827513552,0.8022675827513552,True
1466414552,0.63,0.8273794975360537,0.8273794975360537,True
1466414602,0.63,0.63,0.34527509662456823,False
1466414662,0.61,0.9401720260596079,0.9401720260596079,True
1466414746,0.65,0.7308018321024151,0.7308018321024151,True
1466414844,0.65,0.02184246579039606,0.02184246579039606,True
1466414943,0.65,0.9259767368894484,0.9259767368894484,True
1466414946,0.64,0.64,0.16126338172333587,False
1466414966,0.64,0.64,0.07769720823930426,False
1466415038,0.61,0.61,0.7983706780548936,False
1466415106,0.59,0.59,0.4372304775934477,False
1466415130,0.59,0.59,0.39364443792534276,False
1466415145,0.57,0.8082711989148993,0.8082711989148993,True
1466415202,0.57,0.7533870359424774,0.7533870359424774,True
1466415239,0.57,0.7406531522962561,0.7406531522962561,True
1466415249,0.57,0.57,0.5535677319304474,False
1466415308,0.59,0.59,0.7187716079347701,False
1466415357,0.59,0.59,0.08754818649071094,False
1466415404,0.61,0.61,0.7281329656047971,False
1466415469,0.6,0.6,0.9988054314335774,False
1466415548,0.57,0.57,0.24433417992703377,False
1466415588,0.54,0.54,0.2742970542330153,False
1466415627,0.51,0.3116606899161427,0.3116606899161427,True
1466415719,0.51,0.06292896905386824,0.06292896905386824,True
1466415767,0.51,0.05642819900743157,0.05642819900743157,True
1466415860,0.51,0.7412226691093802,0.7412226691093802,True
1466415872,0.46,0.06833531283127636,0.06833531283127636,True
1466415914,0.46,0.46,0.2409191405154838,False
1466415934,0.46,0.9356740403679836,0.9356740403679836,True
1466415988,0.46,0.3609666841724345,0.3609666841724345,True
1466416004,0.46,0.46,0.06294313025479292,False
1466416050,0.49,0.5995554288819794,0.5995554288819794,True
1466416150,0.48,0.48,0.35922609312245435,False
1466416161,0.48,0.06677993274772076,0.06677993274772076,True
1466416215,0.48,0.16280274951169238,0.16280274951169238,True
1466416315,0.48,0.48,0.04734253791216991,False
1466416321,0.48,0.48,0.6282482509276304,False
1466416393,0.48,0.022932660005267724,0.022932660005267724,True
1466416440,0.47,0.36871062717582404,0.36871062717582404,True
1466416510,0.5,0.4278040942480199,0.4278040942480199,True
1466416541,0.5,0.5,0.4107765014500093,False
1466416631,0.5,0.5,0.1621830234423176,False
1466416671,0.53,0.1850532236809519,0.1850532236809519,True
1466416725,0.53,0.53,0.812341789328301,False
1466416815,0.52,0.4104358889191595,0.4104358889191595,True
1466416867,0.56,0.56,0.556489003540628,False
1466416933,0.56,0.6023353775223518,0.6023353775223518,True
1466416963,0.6,0.6,0.7805297669329606,False
1466417034,0.64,0.64,0.9737816586669766,False
1466417069,0.64,0.64,0.3883813373609195,False
1466417095,0.61,0.61,0.8381992502062878,False
1466417123,0.61,0.61,0.18031603552127384,False
1466417219,0.59,0.59,0.5526209961964825,False
1466417228,0.61,0.61,0.9482331898409485,False
1466417235,0.59,0.6575390419595141,0.6575390419595141,True
1466417266,0.59,0.59,0.017152089385554792,False
1466417298,0.59,0.59,0.05219933789187092,False
1466417382,0.59,0.5243603687673155,0.5243603687673155,True
1466417429,0.58,0.1625768057687893,0.1625768057687893,True
1466417434,0.6,0.23249651976865104,0.23249651976865104,True
1466417513,0.6,0.9581042146450277,0.9581042146450277,True
1466417598,0.6,0.15858096711432268,0.15858096711432268,True
1466417615,0.6,0.40569276355390604,0.40569276355390604,True
1466417654,0.59,0.8712433062943686,0.8712433062943686,True
1466417749,0.63,0.3854833579891934,0.3854833579891934,True
1466417763,0.63,0.63,0.23948460744860023,False
1466417822,0.63,0.16777903514948067,0.16777903514948067,True
1466417851,0.63,0.5815395097375992,0.5815395097375992,True
1466417855,0.67,0.67,0.9101797651176671,False
1466417879,0.67,0.41370716229573123,0.41370716229573123,True
1466417895,0.67,0.67,0.2562925993331642,False
1466417969,0.67,0.183513684494776,0.183513684494776,True
1466418049,0.68,0.68,0.12137875808351062,False
1466418118,0.68,0.9559675360519779,0.9559675360519779,True
1466418129,0.68,0.6588608642328382,0.6588608642328382,True
1466418179,0.68,0.68,0.6287540174109718,False
1466418254,0.68,0.68,0.579612978269137,False
1466418332,0.68,0.68,0.9687564130126184,False
1466418428,0.67,0.3236910255410804,0.3236910255410804,True
1466418494,0.67,0.542235173150592,0.542235173150592,True
1466418554,0.66,0.66,0.384680246255545,False
1466418563,0.66,0.657003475795885,0.657003475795885,True
1466418564,0.71,0.7831579167616882,0.7831579167616882,True
1466418594,0.71,0.7758823600552529,0.7758823600552529,True
1466418674,0.73,0.73,0.7440019872648547,False
1466418748,0.73,0.73,0.6105720351195618,False
1466418847,0.71,0.039849793847251735,0.039849793847251735,True
1466418877,0.71,0.71,0.45848174740347925,False
1466418917,0.71,0.71,0.1654278351045252,False
1466418938,0.71,0.8085364907213474,0.8085364907213474,True
1466419031,0.71,0.15108402848079194,0.15108402848079194,True
1466419058,0.71,0.71,0.05481132858588045,False
1466419104,0.71,0.71,0.7188254434770415,False
1466419166,0.71,0.71,0.5658873497153663,False
1466419261,0.71,0.28429481673857304,0.28429481673857304,True
1466419349,0.69,0.69,0.201737067327186,False
1466419442,0.66,0.66,0.24630225516270499,False
1466419530,0.69,0.69,0.7427602679348031,False
1466419595,0.69,0.69,0.6269328748380603,False
1466419646,0.69,0.3449793295502883,0.3449793295502883,True
1466419737,0.69,0.3507750115709667,0.3507750115709667,True
1466419826,0.69,0.69,0.8689922347238729,False
1466419880,0.71,0.22430511782734674,0.22430511782734674,True
1466419911,0.71,0.71,0.20601483771075935,False
1466419938,0.71,0.71,0.9981193959424447,False
1466420016,0.73,0.73,0.7182763127954799,False
1466420019,0.73,0.10574730260906284,0.10574730260906284,True
1466420108,0.71,0.71,0.9054411688776606,False
1466420205,0.71,0.71,0.8123511554951345,False
1466420228,0.71,0.71,0.8619751811976721,False
1466420257,0.71,0.71,0.9551755980420399,False
1466420270,0.71,0.71,0.025377587948319236,False
1466420296,0.71,0.09396365827392894,0.09396365827392894,True
1466420331,0.71,0.71,0.5873329921320339,False
1466420407,0.71,0.7935360852659219,0.7935360852659219,True
1466420430,0.71,0.71,0.6051209421279018,False
1466420453,0.69,0.69,0.38875104993648024,False
1466420474,0.69,0.344925147658958,0.344925147658958,True
1466420566,0.69,0.3042778091893894,0.3042778091893894,True
1466420579,0.69,0.9086467109484259,0.9086467109484259,True
1466420618,0.69,0.6420584110972138,0.6420584110972138,True
1466420624,0.69,0.5764388442545826,0.5764388442545826,True
1466420643,0.74,0.74,0.14482530855500297,False
1466420695,0.71,0.71,0.0935300582215769,False
1466420788,0.71,0.71,0.9407212859857269,False
1466420863,0.72,0.72,0.9490945603200993,False
1466420947,0.72,0.72,0.38983669315194214,False
1466421003,0.72,0.72,0.6489437723257869,False
1466421032,0.72,0.8135927246355441,0.8135927246355441,True
1466421050,0.72,0.8401115187349232,0.8401115187349232,True
1466421116,0.76,0.32421979956941216,0.32421979956941216,True
1466421208,0.76,0.8103609285574105,0.8103609285574105,True
1466421234,0.79,0.9102053730678537,0.9102053730678537,True
1466421262,0.79,0.1249644672221425,0.1249644672221425,True
1466421353,0.79,0.208802435883079,0.208802435883079,True
1466421360,0.79,0.79,0.36395259535361324,False
1466421392,0.79,0.03669528008113976,0.03669528008113976,True
1466421480,0.79,0.79,0.03208390961165164,False
1466421530,0.79,0.79,0.9360033855459053,False
1466421547,0.79,0.79,0.9346141945380987,False
1466421591,0.76,0.76,0.23786210223050475,False
1466421633,0.71,0.6184645251122513,0.6184645251122513,True
1466421636,0.71,0.71,0.33655070150386146,False
1466421670,0.75,0.75,0.28069999755158404,False
1466421695,0.74,0.74,0.47094877678314073,False
1466421721,0.76,0.9125247662868221,0.9125247662868221,True
1466421804,0.76,0.76,0.11397021947725539,False
1466421819,0.79,0.7839035629475043,0.7839035629475043,True
1466421862,0.78,0.1526054958429074,0.1526054958429074,True
1466421885,0.77,0.77,0.8376269056066992,False
1466421936,0.77,0.77,0.7888961751570301,False
1466422012,0.77,0.5836234766184268,0.5836234766184268,True
1466422044,0.77,0.9990989249744124,0.9990989249744124,True
1466422045,0.77,0.5512616405898327,0.5512616405898327,True
1466422137,0.77,0.77,0.4040711655565494,False
1466422162,0.8,0.8,0.4733266214655508,False
1466422189,0.8,0.8,0.6995501929079535,False
1466422197,0.82,0.516485917226383,0.516485917226383,True
1466422264,0.79,0.11458118875860668,0.11458118875860668,True
1466422330,0.79,0.79,0.04163911507188656,False
1466422378,0.79,0.79,0.7902201891278751,False
1466422432,0.81,0.39221412790443666,0.39221412790443666,True
1466422488,0.77,0.34094568177290785,0.34094568177290785,True
1466422577,0.81,0.1699935484302887,0.1699935484302887,True
1466422628,0.77,0.77,0.6857855444898668,False
1466422638,0.76,0.8763285803498158,0.8763285803498158,True
1466422666,0.76,0.76,0.5006490753018321,False
1466422706,0.8,0.4910424120490964,0.4910424120490964,True
1466422731,0.8,0.8,0.3605636437652865,False
1466422804,0.8,0.8,0.40652791029341906,False
1466422866,0.8,0.05039686621280548,0.05039686621280548,True
1466422873,0.8,0.8,0.3381612129481285,False
1466422895,0.75,0.313178192967967,0.313178192967967,True
1466422953,0.75,0.75,0.9478359035445731,False
1466422973,0.79,0.7604853692672002,0.7604853692672002,True
1466423017,0.8,0.8,0.6717660755078172,False
1466423051,0.8,0.8,0.3083985667917114,False
1466423099,0.81,0.81,0.8335557276534526,False
1466423150,0.85,0.85,0.2922122184497826,False
1466423155,0.85,0.4186958266972485,0.4186958266972485,True
1466423168,0.88,0.88,0.37290170291832236,False
1466423205,0.87,0.5854912870543322,0.5854912870543322,True
1466423275,0.87,0.6954424131307912,0.6954424131307912,True
1466423287,0.87,0.788089309541743,0.788089309541743,True
1466423336,0.87,0.27116569248835565,0.27116569248835565,True
1466423340,0.92,0.7685185468375795,0.7685185468375795,True
1466423355,0.92,0.03686940837405195,0.03686940837405195,True
1466423443,0.94,0.005442819326796022,0.005442819326796022,True
1466423499,0.94,0.9051079439757495,0.9051079439757495,True
1466423585,0.94,0.0950423367708263,0.0950423367708263,True
1466423612,0.97,0.8595431084554975,0.8595431084554975,True
1466423669,0.97,0.885352145294783,0.885352145294783,True
1466423705,0.97,0.7410877574229395,0.7410877574229395,True
1466423770,0.97,0.31348180544002024,0.31348180544002024,True
1466423844,0.96,0.8217943783093171,0.8217943783093171,True
1466423902,0.96,0.96,0.5735529584844824,False
1466423913,0.96,0.96,0.575006560162495,False
1466423972,0.93,0.93,0.3728992195696418,False
1466424014,0.93,0.8108466270267621,0.8108466270267621,True
1466424069,0.93,0.24894744681300685,0.24894744681300685,True
1466424154,0.93,0.93,0.33424687106204165,False
1466424155,0.98,0.09486810388450084,0.09486810388450084,True
1466424169,0.95,0.9502652840434764,0.9502652840434764,True
1466424262,0.92,0.92,0.5052553099009596,False
1466424339,0.92,0.5097702185952752,0.5097702185952752,True
1466424398,0.92,0.92,0.37699084372628644,False
1466424497,0.93,0.93,0.5766983030133597,False
1466424558,0.93,0.9046434932519283,0.9046434932519283,True
1466424613,0.94,0.94,0.10552928187512423,False
1466424713,0.93,0.5523372907440933,0.5523372907440933,True
1466424804,0.94,0.3181549175779309,0.3181549175779309,True
1466424878,0.94,0.94,0.8192300199986952,False
1466424924,0.93,0.93,0.8297798833915638,False
1466425009,0.93,0.2595439058797102,0.2595439058797102,True
1466425106,0.91,0.7431663167695318,0.7431663167695318,True
1466425129,0.91,0.08680743311932826,0.08680743311932826,True
1466425179,0.91,0.7960474199856502,0.7960474199856502,True
1466425257,0.91,0.91,0.64231649513615,False
1466425262,0.88,0.7154143161076204,0.7154143161076204,True
1466425305,0.88,0.88,0.4733412398925293,False
1466425331,0.88,0.7798219012222829,0.7798219012222829,True
1466425338,0.9,0.9552778782196115,0.9552778782196115,True
1466425377,0.9,0.9923319018538398,0.9923319018538398,True
1466425380,0.91,0.91,0.0034909612071462037,False
1466425417,0.91,0.91,0.4497535487980411,False
1466425484,0.95,0.004413437759357208,0.004413437759357208,True
1466425517,0.95,0.7154464225440582,0.7154464225440582,True
1466425553,0.97,0.97,0.3649855936439248,False
1466425640,0.97,0.97,0.21264677463430437,False
1466425687,0.97,0.6880260189536564,0.6880260189536564,True
1466425711,0.97,0.97,0.848416610343478,False
1466425768,0.97,0.366666221633435,0.366666221633435,True
1466425811,0.93,0.93,0.6466136696711303,False
1466425856,0.93,0.93,0.39671973934004234,False
1466425869,0.93,0.93,0.9758008785673172,False
1466425884,0.96,0.96,0.5480054842854879,False
1466425962,0.96,0.96,0.5568961359029917,False
1466425974,0.96,0.6208524462626696,0.6208524462626696,True
1466426016,0.96,0.7909208224420144,0.7909208224420144,True
1466426024,0.96,0.96,0.7214016178638291,False
1466426034,0.92,0.5660697152570285,0.5660697152570285,True
1466426130,0.9,0.9,0.99112135703128,False
1466426189,0.9,0.17665412733084285,0.17665412733084285,True
1466426198,0.9,0.5675860779255403,0.5675860779255403,True
1466426280,0.91,0.91,0.5983456043351645,False
1466426298,0.91,0.037850760636325864,0.037850760636325864,True
1466426380,0.91,0.634825627301055,0.634825627301055,True
1466426420,0.9,0.8418142548355437,0.8418142548355437,True
1466426509,0.9,0.9,0.6772290005924914,False
1466426521,0.9,0.9,0.5205401126137725,False
1466426535,0.9,0.9,0.2662991745968134,False
1466426563,0.85,0.3969278806898324,0.3969278806898324,True
1466426620,0.85,0.85,0.4007833950300783,False
1466426694,0.88,0.9051857549317553,0.9051857549317553,True
1466426764,0.88,0.88,0.5713767355708842,False
1466426778,0.88,0.6990510809108265,0.6990510809108265,True
1466426866,0.89,0.3665082020744981,0.3665082020744981,True
1466426938,0.89,0.89,0.35771583980785393,False
1466427022,0.87,0.9039714275379185,0.9039714275379185,True
1466427059,0.85,0.08917966781545839,0.08917966781545839,True
1466427125,0.85,0.85,0.813167653749848,False
1466427204,0.85,0.85,0.46642981655338245,False
1466427240,0.85,0.85,0.7129121166703274,False
1466427317,0.82,0.82,0.8120104080234337,False
1466427319,0.82,0.9704475024995626,0.9704475024995626,True
1466427331,0.82,0.82,0.7100784169137706,False
1466427425,0.82,0.82,0.5354031286608666,False
1466427458,0.82,0.13815973377183288,0.13815973377183288,True
1466427495,0.8,0.6409518984690996,0.6409518984690996,True
1466427543,0.8,0.6310640401713273,0.6310640401713273,True
1466427625,0.77,0.2241888594485456,0.2241888594485456,True
1466427663,0.78,0.2792162019715241,0.2792162019715241,True
1466427672,0.78,0.78,0.5887588088305458,False
1466427684,0.79,0.1868760892434489,0.1868760892434489,True
1466427739,0.79,0.79,0.9160911819663788,False
1466427769,0.79,0.79,0.054423934836185794,False
1466427775,0.78,0.04134618641207666,0.04134618641207666,True
1466427820,0.78,0.10782112821297074,0.10782112821297074,True
1466427837,0.78,0.78,0.06841999141807364,False
1466427846,0.78,0.44448824219076954,0.44448824219076954,True
1466427904,0.81,0.81,0.12900048056143487,False
1466427997,0.81,0.3484302860355143,0.3484302860355143,True
1466428027,0.81,0.6843415155016835,0.6843415155016835,True
1466428114,0.81,0.8452051135963226,0.8452051135963226,True
1466428212,0.81,0.81,0.13892597778557347,False
1466428294,0.8,0.10326384627636231,0.10326384627636231,True
1466428321,0.8,0.2813929251243331,0.2813929251243331,True
1466428340,0.8,0.8,0.6498014446414793,False
1466428378,0.8,0.8,0.9134345994715865,False
1466428463,0.81,0.9066551738411909,0.9066551738411909,True
1466428551,0.81,0.19081635711461098,0.19081635711461098,True
1466428575,0.8,0.2722509755678434,0.2722509755678434,True
1466428593,0.8,0.8,0.3839868394945082,False
1466428682,0.8,0.8,0.9686918256701066,False
1466428699,0.8,0.6505363910862589,0.6505363910862589,True
1466428719,0.8,0.6579853720881256,0.6579853720881256,True
1466428819,0.8,0.8,0.6999654752223836,False
1466428850,0.84,0.26220740356606576,0.26220740356606576,True
1466428884,0.84,0.84,0.7226748076031287,False
1466428973,0.87,0.87,0.39403058710195593,False
1466429006,0.87,0.87,0.31155339947161875,False
1466429026,0.9,0.012418299665591714,0.012418299665591714,True
1466429066,0.86,0.5108420824227289,0.5108420824227289,True
1466429072,0.86,0.8769719713165032,0.8769719713165032,True
1466429103,0.86,0.86,0.8522759162656837,False
1466429110,0.86,0.30326269810845674,0.30326269810845674,True
1466429123,0.82,0.82,0.5423887011802218,False
1466429168,0.79,0.08044598692151306,0.08044598692151306,True
1466429182,0.79,0.6760147144149781,0.6760147144149781,True
1466429184,0.79,0.29045001711111107,0.29045001711111107,True
1466429197,0.79,0.13349142967339112,0.13349142967339112,True
1466429280,0.79,0.79,0.9458794458028026,False
1466429378,0.76,0.76,0.9698582040965886,False
1466429450,0.76,0.76,0.594451829491785,False
1466429455,0.76,0.76,0.13189199872369384,False
1466429510,0.72,0.1853495004534257,0.1853495004534257,True
1466429565,0.72,0.24562144388796892,0.24562144388796892,True
1466429566,0.72,0.5004299391845485,0.5004299391845485,True
1466429592,0.72,0.10517723342678909,0.10517723342678909,True
1466429623,0.74,0.39945784544211604,0.39945784544211604,True
1466429691,0.71,0.40896538237065894,0.40896538237065894,True
1466429733,0.71,0.71,0.5775419937168409,False
1466429803,0.67,0.67,0.05542156798703868,False
1466429832,0.67,0.8426224170664739,0.8426224170664739,True
1466429905,0.66,0.66,0.7248660308663264,False
1466429997,0.66,0.66,0.22191856731670923,False
1466430050,0.66,0.055359561358920506,0.055359561358920506,True
1466430088,0.66,0.66,0.013716734345422976,False
1466430174,0.63,0.43320177336337284,0.43320177336337284,True
1466430247,0.63,0.8444665898767691,0.8444665898767691,True
1466430344,0.63,0.63,0.33778067594541206,False
1466430375,0.6,0.6,0.19195482263667196,False
1466430400,0.6,0.6,0.24383083809043604,False
1466430457,0.6,0.6,0.9288007954124944,False
1466430483,0.6,0.6,0.5829175555589161,False
1466430517,0.6,0.6,0.9301116705740923,False
1466430524,0.6,0.6,0.7574482127940554,False
1466430592,0.6,0.6,0.052542677632515744,False
1466430616,0.6,0.6,0.9477100589396266,False
1466430631,0.6,0.20105318570457276,0.20105318570457276,True
1466430680,0.6,0.4848702141031477,0.4848702141031477,True
1466430734,0.6,0.6,0.7141238350810108,False
1466430790,0.6,0.6,0.3284049819160061,False
1466430815,0.62,0.62,0.5639641536071214,False
1466430895,0.62,0.47896511840506084,0.47896511840506084,True
1466430916,0.58,0.58,0.7275864945586724,False
1466430929,0.58,0.58,0.09347703914998073,False
1466430936,0.58,0.58,0.9909301369142263,False
1466431009,0.58,0.3190656346102041,0.3190656346102041,True
1466431036,0.58,0.58,0.4963457709977971,False
1466431055,0.58,0.58,0.10783312396988076,False
1466431145,0.58,0.4760763423485802,0.4760763423485802,True
1466431218,0.53,0.05169841058384639,0.05169841058384639,True
1466431290,0.49,0.49,0.5315981578762983,False
1466431324,0.48,0.48,0.19400913263211927,False
1466431400,0.48,0.2675114942969584,0.2675114942969584,True
1466431450,0.46,0.9904034432644326,0.9904034432644326,True
1466431526,0.46,0.40639594171227567,0.40639594171227567,True
1466431589,0.46,0.46,0.23481130109648696,False
1466431661,0.49,0.49,0.25428882675777287,False
1466431760,0.5,0.7063825282271756,0.7063825282271756,True
1466431796,0.48,0.48,0.030764177280522498,False
1466431848,0.47,0.9476701368990208,0.9476701368990208,True
1466431879,0.47,0.47,0.07788111123571095,False
1466431954,0.47,0.47,0.11244746964586316,False
1466431958,0.47,0.47,0.6598850606969896,False
1466432002,0.49,0.49,0.2763632652802551,False
1466432101,0.49,0.49,0.6131752963529127,False
1466432177,0.45,0.6346134573362844,0.6346134573362844,True
1466432194,0.45,0.45,0.13423247283636197,False
1466432237,0.43,0.8547077758593844,0.8547077758593844,True
1466432280,0.43,0.43,0.6182030226640781,False
1466432373,0.43,0.426335273718632,0.426335273718632,True
1466432389,0.43,0.3756966516300899,0.3756966516300899,True
1466432415,0.43,0.43,0.6315268626954812,False
1466432417,0.44,0.44,0.7953186861718714,False
1466432506,0.45,0.45,0.8511285022462716,False
1466432569,0.45,0.45,0.5085501988564534,False
1466432577,0.45,0.45,0.40017356285432426,False
1466432670,0.44,0.44,0.3833915030131819,False
1466432706,0.44,0.44,0.29717904521955296,False
1466432804,0.44,0.44,0.9838466875012309,False
1466432853,0.4,0.5535077342409128,0.5535077342409128,True
1466432947,0.41,0.41,0.49439209612375223,False
1466433040,0.41,0.41,0.14791593291955107,False
1466433128,0.41,0.41,0.68003234265019,False
1466433145,0.41,0.41,0.25584485335175855,False
1466433195,0.4,0.4,0.8458527511434475,False
1466433289,0.4,0.028275653502564002,0.028275653502564002,True
1466433375,0.4,0.2224178799461768,0.2224178799461768,True
1466433427,0.36,0.6333369366360241,0.6333369366360241,True
1466433478,0.36,0.9020298256229157,0.9020298256229157,True
1466433517,0.36,0.36,0.5950832431921014,False
1466433615,0.36,0.6081492687539812,0.6081492687539812,True
1466433672,0.37,0.6101977540721254,0.6101977540721254,True
1466433762,0.32,0.32,0.04800007229338299,False
1466433809,0.35,0.35,0.6784581689249157,False
1466433873,0.35,0.35,0.0286941108585288,False
1466433910,0.35,0.35,0.5369889927051561,False
1466433994,0.31,0.31,0.30223809231118237,False
1466434003,0.34,0.34,0.7153880467716938,False
1466434045,0.34,0.34,0.9908585234182815,False
1466434096,0.34,0.34,0.324446950020697,False
1466434173,0.35,0.35,0.4010795076552064,False
1466434199,0.32,0.32,0.30798562446352296,False
1466434224,0.32,0.03612410656619147,0.03612410656619147,True
1466434308,0.32,0.7151858303023388,0.7151858303023388,True
1466434359,0.31,0.31,0.4314094113372534,False
1466434371,0.31,0.31,0.060461179460154724,False
1466434457,0.31,0.6162457900041429,0.6162457900041429,True
1466434498,0.33,0.04831208000710685,0.04831208000710685,True
1466434552,0.28,0.28,0.35946118875791355,False
1466434622,0.28,0.9159244583480152,0.9159244583480152,True
1466434691,0.3,0.9515404966393534,0.9515404966393534,True
1466434718,0.25,0.6009998337456105,0.6009998337456105,True
1466434727,0.25,0.25,0.3004707945447206,False
1466434815,0.27,0.5276926355618071,0.5276926355618071,True
1466434892,0.28,0.28,0.53239760479912,False
1466434915,0.28,0.28,0.12272781595005133,False
1466434946,0.28,0.9190922216187609,0.9190922216187609,True
1466434988,0.25,0.5780701438641891,0.5780701438641891,True
1466435020,0.25,0.39562504566938017,0.39562504566938017,True
1466435090,0.26,0.26,0.95253264829262,False
1466435099,0.26,0.8601255747813493,0.8601255747813493,True
1466435145,0.26,0.21872184734119604,0.21872184734119604,True
1466435186,0.26,0.26,0.38636947866240434,False
1466435246,0.27,0.27,0.5003483032682959,False
1466435284,0.26,0.13787359258654308,0.13787359258654308,True
1466435327,0.23,0.23,0.5889939989544518,False
1466435369,0.23,0.23,0.5370448645188253,False
1466435408,0.23,0.4746245693629455,0.4746245693629455,True
1466435468,0.23,0.9100717091091184,0.9100717091091184,True
1466435486,0.23,0.23,0.2530401388068727,False
1466435555,0.24,0.1039879749973569,0.1039879749973569,True
1466435624,0.24,0.24,0.5574312744744992,False
1466435659,0.23,0.23,0.48169492486034426,False
1466435682,0.23,0.10870254120123768,0.10870254120123768,True
1466435712,0.23,0.799907558106912,0.799907558106912,True
1466435794,0.23,0.08092551444096274,0.08092551444096274,True
1466435878,0.23,0.4189032078539676,0.4189032078539676,True
1466435904,0.26,0.26,0.9253096375559899,False
1466435971,0.27,0.7318828076767675,0.7318828076767675,True
1466436041,0.23,0.000378809500307109,0.000378809500307109,True
1466436059,0.23,0.802555853712935,0.802555853712935,True
1466436093,0.23,0.87713907401544,0.87713907401544,True
1466436178,0.23,0.10176185083419353,0.10176185083419353,True
1466436230,0.23,0.38738622132836664,0.38738622132836664,True
1466436280,0.23,0.4609739637018867,0.4609739637018867,True
1466436332,0.19,0.19,0.10669541696987506,False
1466436333,0.19,0.5509977141601166,0.5509977141601166,True
1466436431,0.22,0.22,0.08770883886071046,False
1466436520,0.22,0.36442328166719673,0.36442328166719673,True
1466436572,0.18,0.18,0.06146721537779154,False
1466436647,0.18,0.1571791528535228,0.1571791528535228,True
1466436655,0.18,0.29368584196005765,0.29368584196005765,True
1466436727,0.15,0.8272230491712549,0.8272230491712549,True
1466436793,0.19,0.19,0.47359997303249235,False
1466436879,0.19,0.19,0.005182909212506526,False
1466436880,0.21,0.21,0.12505681491530185,False
1466436939,0.21,0.6010108616759114,0.6010108616759114,True
1466437015,0.25,0.01296217868105598,0.01296217868105598,True
1466437048,0.25,0.25,0.6699728974173649,False
1466437088,0.2,0.0675204740785228,0.0675204740785228,True
1466437105,0.2,0.2,0.3506724328136833,False
1466437122,0.22,0.5241235934398789,0.5241235934398789,True
1466437160,0.23,0.23,0.5245949585448674,False
1466437232,0.23,0.6982313925133675,0.6982313925133675,True
1466437321,0.25,0.8644235067478231,0.8644235067478231,True
1466437335,0.25,0.25,0.39511873246967344,False
1466437358,0.25,0.25,0.6962846257220554,False
1466437441,0.29,0.29,0.8857669963629339,False
1466437480,0.29,0.29,0.3195461135192633,False
1466437561,0.34,0.520953973245813,0.520953973245813,True
1466437653,0.34,0.34,0.23125775221198852,False
1466437709,0.33,0.33,0.7149634888278269,False
1466437798,0.33,0.33,0.82710324078801,False
1466437869,0.33,0.3740528700378283,0.3740528700378283,True
1466437952,0.3,0.3,0.03585125020295987,False
1466438037,0.3,0.3,0.2585978321010606,False
1466438054,0.3,0.3,0.4993588674304744,False
1466438056,0.3,0.18207402746913826,0.18207402746913826,True
1466438136,0.31,0.31,0.13575596010467295,False
1466438234,0.31,0.9406635140933756,0.9406635140933756,True
1466438261,0.31,0.31,0.5844842434782712,False
1466438348,0.32,0.6077268716177529,0.6077268716177529,True
1466438407,0.33,0.33,0.09019709041104529,False
1466438422,0.34,0.7283080700086251,0.7283080700086251,True
1466438476,0.34,0.654525004182465,0.654525004182465,True
1466438571,0.34,0.34,0.6590206596385261,False
1466438612,0.34,0.34,0.23880130386985077,False
1466438620,0.34,0.13389693969647165,0.13389693969647165,True
1466438698,0.37,0.5847450393863091,0.5847450393863091,True
1466438747,0.34,0.6441224811840227,0.6441224811840227,True
1466438795,0.39,0.39,0.1417323263675656,False
1466438810,0.39,0.39,0.8685098434556381,False
1466438888,0.39,0.39,0.2606419702148748,False
1466438975,0.37,0.37,0.026446314606335952,False
1466439000,0.37,0.37,0.9909172536627066,False
1466439092,0.37,0.37,0.14378513186018782,False
1466439150,0.38,0.38,0.6101195655444347,False
1466439229,0.35,0.35,0.610377253366478,False
1466439279,0.35,0.35,0.8176222548749975,False
1466439328,0.36,0.6688917272662485,0.6688917272662485,True
1466439351,0.36,0.047127560963137305,0.047127560963137305,True
1466439447,0.35,0.6801746517135467,0.6801746517135467,True
1466439466,0.3,0.3,0.35594956581771064,False
1466439480,0.3,0.6471368245196428,0.6471368245196428,True
1466439560,0.34,0.46236392616900035,0.46236392616900035,True
1466439600,0.33,0.21874596458211892,0.21874596458211892,True
1466439645,0.33,0.5516505909292029,0.5516505909292029,True
1466439729,0.36,0.8458297393618606,0.8458297393618606,True
1466439772,0.36,0.36,0.4414829047492681,False
1466439827,0.36,0.058099510736846605,0.058099510736846605,True
1466439849,0.36,0.38741274077500776,0.38741274077500776,True
1466439910,0.33,0.33,0.8636583464346268,False
1466439990,0.33,0.3190774470384886,0.3190774470384886,True
1466440005,0.33,0.33,0.23159026861298804,False
1466440006,0.33,0.2326565101428888,0.2326565101428888,True
1466440045,0.33,0.12891649828148422,0.12891649828148422,True
1466440066,0.35,0.5524880198060961,0.5524880198060961,True
1466440154,0.35,0.5104598509512325,0.5104598509512325,True
1466440214,0.39,0.08939348789735047,0.08939348789735047,True
1466440226,0.35,0.8267598316001791,0.8267598316001791,True
1466440304,0.33,0.15914294094201764,0.15914294094201764,True
1466440385,0.33,0.8144200591281123,0.8144200591281123,True
1466440451,0.33,0.906534038220974,0.906534038220974,True
1466440521,0.37,0.37,0.47935743961738186,False
1466440581,0.37,0.604491538583203,0.604491538583203,True
1466440674,0.37,0.37,0.8673137113367045,False
1466440727,0.35,0.35,0.3168052024327178,False
1466440821,0.36,0.36,0.698387455551934,False
1466440827,0.36,0.3866098129595089,0.3866098129595089,True
1466440897,0.36,0.36,0.5871295826861787,False
1466440923,0.33,0.467983502667326,0.467983502667326,True
1466441012,0.37,0.37,0.045274468875882934,False
1466441049,0.37,0.37,0.4133136196283249,False
1466441147,0.37,0.37,0.9623436472815777,False
1466441213,0.38,0.9154818630995224,0.9154818630995224,True
1466441311,0.4,0.4,0.9212192040909121,False
1466441318,0.4,0.17551316087365965,0.17551316087365965,True
1466441418,0.4,0.9320727101991884,0.9320727101991884,True
1466441510,0.4,0.4777224907172466,0.4777224907172466,True
1466441541,0.4,0.4,0.2552331458390801,False
1466441579,0.4,0.4,0.1062644040555274,False
1466441630,0.43,0.10028896481336091,0.10028896481336091,True
1466441714,0.43,0.8439567491693384,0.8439567491693384,True
1466441724,0.43,0.6297203547387001,0.6297203547387001,True
1466441741,0.47,0.5329262435654495,0.5329262435654495,True
1466441822,0.47,0.47,0.4840615215519205,False
1466441883,0.48,0.48,0.816857042148187,False
1466441934,0.48,0.7844302027390206,0.7844302027390206,True
1466441947,0.48,0.5792258233970061,0.5792258233970061,True
1466442046,0.48,0.48,0.9298648114747302,False
1466442137,0.52,0.8907603272791847,0.8907603272791847,True
1466442175,0.49,0.785908055340532,0.785908055340532,True
1466442216,0.49,0.06529086653695348,0.06529086653695348,True
1466442284,0.49,0.49,0.8664177336434012,False
1466442332,0.45,0.45,0.6671430923531105,False
1466442358,0.45,0.05499830711197229,0.05499830711197229,True
1466442362,0.45,0.45,0.7312368316405132,False
1466442439,0.45,0.45,0.8371253999106998,False
1466442490,0.45,0.45,0.2119915982487568,False
1466442498,0.45,0.45,0.07184258950463296,False
1466442508,0.45,0.9480854667001907,0.9480854667001907,True
1466442518,0.45,0.45,0.7565076133710746,False
1466442556,0.45,0.45,0.45294975192664166,False
1466442656,0.45,0.6790360377584266,0.6790360377584266,True
1466442662,0.46,0.7731002958425557,0.7731002958425557,True
1466442703,0.46,0.2248617420859742,0.2248617420859742,True
1466442768,0.46,0.46,0.04539286228604689,False
1466442788,0.46,0.08964142747120407,0.08964142747120407,True
1466442886,0.46,0.4341619019977411,0.4341619019977411,True
1466442980,0.5,0.2766274627969476,0.2766274627969476,True
1466443000,0.5,0.8682713404661473,0.8682713404661473,True
1466443029,0.5,0.8824431344165282,0.8824431344165282,True
1466443038,0.48,0.9269177431634508,0.9269177431634508,True
1466443089,0.48,0.48,0.6757276088161963,False
1466443162,0.47,0.47,0.8136349433993607,False
1466443201,0.47,0.47,0.14079480646980602,False
1466443219,0.47,0.5674411090514601,0.5674411090514601,True
1466443263,0.47,0.26287953342591,0.26287953342591,True
1466443350,0.47,0.5157929642383965,0.5157929642383965,True
1466443373,0.45,0.45,0.37508712576153913,False
1466443392,0.5,0.5,0.2684211438797356,False
1466443402,0.53,0.9741906023671593,0.9741906023671593,True
1466443486,0.55,0.24699769362158508,0.24699769362158508,True
1466443511,0.52,0.52,0.6139278628943655,False
1466443584,0.53,0.53,0.5127481166027655,False
1466443677,0.53,0.53,0.3341393722266338,False
1466443725,0.53,0.5587832677266158,0.5587832677266158,True
1466443727,0.55,0.20465927166950748,0.20465927166950748,True
1466443750,0.55,0.09263334478796714,0.09263334478796714,True
1466443761,0.55,0.8769173753475566,0.8769173753475566,True
1466443808,0.55,0.55,0.559526567488854,False
1466443861,0.55,0.55,0.30002478073415817,False
1466443929,0.58,0.29311187455927634,0.29311187455927634,True
1466443986,0.58,0.58,0.2636418140163539,False
1466444043,0.58,0.6510864901064632,0.6510864901064632,True
1466444110,0.57,0.57,0.0069658240039685015,False
1466444192,0.57,0.014644919392822864,0.014644919392822864,True
1466444287,0.57,0.21343146722434447,0.21343146722434447,True
1466444294,0.6,0.6,0.9659587893224545,False
1466444366,0.6,0.6,0.47502378224527886,False
1466444466,0.59,0.59,0.9539706232912504,False
1466444505,0.56,0.4858022041894724,0.4858022041894724,True
1466444556,0.52,0.24546060407910153,0.24546060407910153,True
1466444624,0.52,0.6428264119417331,0.6428264119417331,True
1466444663,0.5,0.5,0.6140821413468899,False
1466444685,0.5,0.5,0.03342355418123122,False
1466444756,0.48,0.48,0.9324905255451856,False
1466444781,0.48,0.48,0.7368531282836978,False
1466444840,0.48,0.48,0.9259110715895142,False
1466444854,0.48,0.6490051157469905,0.6490051157469905,True
1466444860,0.48,0.6361981474573447,0.6361981474573447,True
1466444959,0.48,0.48,0.6875371188061487,False
1466445058,0.48,0.4083549225768035,0.4083549225768035,True
1466445107,0.49,0.49,0.8832928744204306,False
1466445165,0.49,0.49,0.5053446718947254,False
1466445170,0.49,0.49,0.9016815902277961,False
1466445173,0.49,0.49,0.11075298046527715,False
1466445247,0.49,0.49,0.7492570399687433,False
1466445305,0.49,0.49,0.2634203946364859,False
1466445333,0.49,0.49,0.8742418124130465,False
1466445356,0.49,0.06031428080118073,0.06031428080118073,True
1466445430,0.48,0.5601341119684993,0.5601341119684993,True
1466445491,0.48,0.3292353111055273,0.3292353111055273,True
1466445497,0.48,0.48,0.7777473133964308,False
1466445514,0.44,0.44,0.11622224762275746,False
1466445549,0.39,0.4060875358892665,0.4060875358892665,True
1466445640,0.39,0.39,0.7656226677013938,False
1466445648,0.39,0.39,0.6641290543027007,False
1466445739,0.42,0.10555922263761253,0.10555922263761253,True
1466445814,0.39,0.39,0.8470933283538302,False
1466445879,0.37,0.3545806066625199,0.3545806066625199,True
1466445909,0.37,0.9344092373454658,0.9344092373454658,True
1466445965,0.37,0.34384111241543436,0.34384111241543436,True
1466446021,0.36,0.8193558560745561,0.8193558560745561,True
1466446045,0.36,0.36,0.36695353491424787,False
1466446071,0.36,0.36,0.2000110604037031,False
1466446120,0.33,0.37418920916856113,0.37418920916856113,True
1466446168,0.33,0.33,0.9708232120269871,False
1466446253,0.33,0.33,0.3247693159750066,False
1466446302,0.33,0.13027121149955934,0.13027121149955934,True
1466446389,0.33,0.33,0.8881013280808397,False
1466446404,0.33,0.33,0.992838917798187,False
1466446494,0.28,0.07390583013311358,0.07390583013311358,True
1466446594,0.3,0.29299731246638505,0.29299731246638505,True
1466446643,0.3,0.3,0.3268114534177198,False
1466446669,0.3,0.3,0.09309916734107848,False
1466446690,0.34,0.34,0.9093184925312899,False
1466446735,0.34,0.9152496474654871,0.9152496474654871,True
1466446766,0.34,0.34,0.7347579753770823,False
1466446852,0.34,0.5872705672357533,0.5872705672357533,True
1466446902,0.35,0.35,0.8180584858347238,False
1466446945,0.35,0.5280691885905868,0.5280691885905868,True
1466446987,0.37,0.8174073311770271,0.8174073311770271,True
1466447036,0.37,0.37,0.42757491397657565,False
1466447112,0.37,0.16140654390721776,0.16140654390721776,True
1466447129,0.41,0.41,0.2528624006749066,False
1466447189,0.41,0.6847688956932261,0.6847688956932261,True
1466447224,0.41,0.8419763923973005,0.8419763923973005,True
1466447270,0.41,0.32623942786395665,0.32623942786395665,True
1466447272,0.46,0.8434344643125142,0.8434344643125142,True
1466447348,0.46,0.46,0.4580623985676834,False
1466447359,0.46,0.46,0.010368033883284555,False
1466447388,0.46,0.097414762999808,0.097414762999808,True
1466447390,0.46,0.007857261527923654,0.007857261527923654,True
1466447425,0.46,0.46,0.7099627934539142,False
1466447463,0.46,0.46,0.9534034970038199,False
1466447485,0.46,0.46,0.25129802363314446,False
1466447545,0.43,0.43,0.8264425935120931,False
1466447553,0.45,0.8444023437820171,0.8444023437820171,True
1466447554,0.45,0.22121920695203878,0.22121920695203878,True
1466447573,0.48,0.937676821247288,0.937676821247288,True
1466447634,0.48,0.4116102426064371,0.4116102426064371,True
1466447695,0.48,0.025297177743289545,0.025297177743289545,True
1466447762,0.44,0.4774536649648853,0.4774536649648853,True
1466447844,0.48,0.48,0.7340872832334977,False
1466447885,0.46,0.46,0.3666970533615248,False
1466447943,0.41,0.2834529807580065,0.2834529807580065,True
1466447956,0.41,0.41,0.7184652291486084,False
1466448041,0.43,0.43,0.14885365359737324,False
1466448140,0.41,0.021059235139772814,0.021059235139772814,True
1466448215,0.41,0.08235630155869877,0.08235630155869877,True
1466448270,0.41,0.41,0.03471308645769089,False
1466448302,0.41,0.4963832780954064,0.4963832780954064,True
1466448368,0.41,0.41,0.5726644706609524,False
1466448422,0.45,0.45,0.8896900072851177,False
1466448517,0.45,0.45,0.5005593003117337,False
1466448614,0.46,0.46,0.9146373224977268,False
1466448701,0.46,0.26412158099695826,0.26412158099695826,True
1466448743,0.46,0.6400937575479557,0.6400937575479557,True
1466448805,0.46,0.46,0.8279367202998389,False
1466448844,0.5,0.7032033227847515,0.7032033227847515,True
1466448896,0.45,0.1322919706775163,0.1322919706775163,True
1466448984,0.46,0.46,0.9263378803145779,False
1466449031,0.43,0.43,0.7159439414862809,False
1466449045,0.43,0.43,0.8448974579401919,False
1466449099,0.43,0.43,0.5153088829427964,False
1466449171,0.43,0.5714837748505491,0.5714837748505491,True
1466449261,0.43,0.6365075489321144,0.6365075489321144,True
1466449280,0.43,0.6667547262563095,0.6667547262563095,True
1466449359,0.43,0.43,0.7382981528342675,False
1466449442,0.46,0.46,0.056321099889732884,False
1466449496,0.46,0.6000385449268769,0.6000385449268769,True
1466449537,0.42,0.42,0.9527296060438786,False
1466449555,0.42,0.42,0.5952940126338611,False
1466449629,0.42,0.8701401242896453,0.8701401242896453,True
1466449635,0.43,0.22187665670713752,0.22187665670713752,True
1466449721,0.43,0.36695516757997126,0.36695516757997126,True
1466449772,0.43,0.43,0.24687496904474115,False
1466449872,0.43,0.43,0.468089053831679,False
1466449873,0.42,0.690580624221678,0.690580624221678,True
1466449884,0.42,0.32194365688949345,0.32194365688949345,True
1466449937,0.44,0.3827953956021408,0.3827953956021408,True
1466449953,0.44,0.29266815533136814,0.29266815533136814,True
1466449959,0.44,0.44,0.38544828254348984,False
1466449961,0.44,0.44,0.008071186925596163,False
1466450018,0.44,0.44,0.43573753042309893,False
1466450075,0.44,0.6005433031062227,0.6005433031062227,True
1466450150,0.44,0.44,0.49967828119792057,False
1466450177,0.44,0.45298711643877076,0.45298711643877076,True
1466450255,0.44,0.2711431261470164,0.2711431261470164,True
1466450343,0.41,0.41,0.5871827193239758,False
1466450348,0.38,0.5809130675984572,0.5809130675984572,True
1466450401,0.42,0.49729855728141703,0.49729855728141703,True
1466450433,0.46,0.46,0.21411169102298244,False
1466450507,0.46,0.1322256691173479,0.1322256691173479,True
1466450536,0.45,0.3212955047954881,0.3212955047954881,True
1466450627,0.45,0.45,0.3690743105154217,False
1466450723,0.43,0.43,0.3067864773058173,False
1466450817,0.43,0.28384754734306206,0.28384754734306206,True
1466450900,0.46,0.2269572738094523,0.2269572738094523,True
1466450902,0.46,0.46,0.9921342841083804,False
1466450971,0.46,0.46,0.20743205601030013,False
1466451016,0.45,0.45,0.38210284729841115,False
1466451023,0.45,0.44284365028999106,0.44284365028999106,True
1466451073,0.45,0.9871308051794067,0.9871308051794067,True
1466451166,0.45,0.6231652905107616,0.6231652905107616,True
1466451231,0.45,0.4407510048480303,0.4407510048480303,True
1466451245,0.45,0.6227033462445921,0.6227033462445921,True
1466451293,0.45,0.45,0.04509065814526536,False
1466451295,0.45,0.45,0.43489324150144903,False
1466451378,0.45,0.2905263741532461,0.2905263741532461,True
1466451445,0.45,0.45,0.9680566435696081,False
1466451508,0.45,0.45,0.05312930374293956,False
1466451599,0.45,0.45,0.644418267581396,False
1466451686,0.46,0.037808990508520046,0.037808990508520046,True
1466451761,0.48,0.48,0.8563222861886807,False
1466451857,0.48,0.8948396147270978,0.8948396147270978,True
1466451909,0.48,0.48,0.15146070417816238,False
1466451919,0.48,0.48,0.03764071323540541,False
1466452006,0.48,0.33983498981794236,0.33983498981794236,True
1466452035,0.48,0.48,0.809017056613183,False
1466452039,0.45,0.45,0.7537787173482113,False
1466452104,0.45,0.31040485629194714,0.31040485629194714,True
1466452167,0.45,0.8250230041279228,0.8250230041279228,True
1466452238,0.45,0.15317115385112534,0.15317115385112534,True
1466452313,0.45,0.45,0.5815605330829721,False
1466452339,0.45,0.45,0.635241287377618,False
1466452419,0.45,0.228531075001838,0.228531075001838,True
1466452424,0.45,0.8466139215585355,0.8466139215585355,True
1466452435,0.45,0.8903327432683967,0.8903327432683967,True
1466452531,0.45,0.45,0.4032450220868061,False
1466452584,0.45,0.13866184620159205,0.13866184620159205,True
1466452625,0.45,0.45,0.9234267703781893,False
1466452676,0.45,0.45,0.3946252283549958,False
1466452752,0.45,0.36045690767224836,0.36045690767224836,True
1466452796,0.46,0.46,0.8390279023283094,False
1466452825,0.49,0.7034103492750458,0.7034103492750458,True
1466452860,0.49,0.443777648188208,0.443777648188208,True
1466452960,0.49,0.8767162429675639,0.8767162429675639,True
1466452979,0.49,0.49,0.644457711430447,False
1466453002,0.48,0.48,0.09185420353575224,False
1466453016,0.52,0.6175608216878555,0.6175608216878555,True
1466453025,0.52,0.5245191663215636,0.5245191663215636,True
1466453089,0.57,0.8038045665080485,0.8038045665080485,True
1466453141,0.61,0.61,0.7350551447896648,False
1466453154,0.64,0.64,0.6944751240598683,False
1466453184,0.64,0.64,0.697838781264706,False
1466453202,0.64,0.8121186995429476,0.8121186995429476,True
1466453203,0.64,0.9142494514879962,0.9142494514879962,True
1466453222,0.64,0.64,0.29732829645382286,False
1466453321,0.64,0.6788407701847815,0.6788407701847815,True
1466453379,0.65,0.4027872763442871,0.4027872763442871,True
1466453392,0.65,0.6291771543973518,0.6291771543973518,True
1466453422,0.65,0.65,0.8329958159587685,False
1466453502,0.65,0.5383623117856405,0.5383623117856405,True
1466453518,0.65,0.7982774270114654,0.7982774270114654,True
1466453563,0.69,0.6257454571030397,0.6257454571030397,True
1466453604,0.69,0.8167961221954355,0.8167961221954355,True
1466453639,0.72,0.72,0.058980947178194465,False
1466453705,0.72,0.548250190147362,0.548250190147362,True
1466453795,0.72,0.72,0.5935657102528726,False
1466453816,0.72,0.72,0.7805549109838438,False
1466453870,0.76,0.76,0.13632009654114097,False
1466453910,0.75,0.11288297590771212,0.11288297590771212,True
1466454002,0.75,0.75,0.1260059637015194,False
1466454051,0.71,0.46436988454528794,0.46436988454528794,True
1466454087,0.71,0.71,0.8699625224128806,False
1466454129,0.73,0.73,0.18475284763387345,False
1466454227,0.72,0.72,0.1329051963858806,False
1466454259,0.72,0.72,0.12079799399310398,False
1466454262,0.73,0.73,0.6733687973841141,False
1466454298,0.71,0.09765161750125018,0.09765161750125018,True
1466454388,0.71,0.71,0.6750776643549106,False
1466454399,0.71,0.71,0.9613730354285166,False
1466454473,0.7,0.7,0.2983735360967107,False
1466454529,0.73,0.8516281918201141,0.8516281918201141,True
1466454559,0.73,0.7226803547553635,0.7226803547553635,True
1466454648,0.74,0.74,0.8377705861766238,False
1466454745,0.74,0.06660340963501665,0.06660340963501665,True
1466454763,0.74,0.5591315946117607,0.5591315946117607,True
1466454851,0.74,0.74,0.2140541856099314,False
1466454936,0.74,0.5183144235299869,0.5183144235299869,True
1466454949,0.74,0.7369171009207597,0.7369171009207597,True
1466455032,0.74,0.6105031851477932,0.6105031851477932,True
1466455065,0.74,0.74,0.12388353895051374,False
1466455119,0.74,0.74,0.39651459317179727,False
1466455172,0.74,0.6406191491256544,0.6406191491256544,True
1466455196,0.74,0.28384957010116263,0.28384957010116263,True
1466455271,0.74,0.74,0.6581762388868807,False
1466455357,0.74,0.12480323585867537,0.12480323585867537,True
1466455361,0.71,0.9492767488891206,0.9492767488891206,True
1466455394,0.75,0.07666436024133572,0.07666436024133572,True
1466455475,0.74,0.2773459660441656,0.2773459660441656,True
1466455497,0.76,0.76,0.47463233369848057,False
1466455561,0.76,0.76,0.38327142797766234,False
1466455575,0.76,0.76,0.10203010462346651,False
1466455587,0.77,0.77,0.857738169870866,False
1466455651,0.77,0.7197672930034412,0.7197672930034412,True
1466455658,0.77,0.77,0.8369672121636306,False
1466455732,0.77,0.77,0.41634139298469164,False
1466455812,0.75,0.75,0.26108586970142567,False
1466455910,0.75,0.75,0.667176229893482,False
1466455951,0.71,0.71,0.4707996795960111,False
1466455999,0.71,0.71,0.7258727361514424,False
1466456054,0.7,0.7,0.46581235724777437,False
1466456058,0.71,0.71,0.6668658498243886,False
1466456074,0.69,0.6103625986221731,0.6103625986221731,True
1466456088,0.69,0.69,0.812009659014206,False
1466456118,0.69,0.69,0.685049770428296,False
1466456218,0.69,0.69,0.2740929495220573,False
1466456265,0.69,0.69,0.5526573416963382,False
1466456270,0.71,0.71,0.31172163002633835,False
1466456312,0.73,0.5565475306713505,0.5565475306713505,True
1466456346,0.73,0.21694816949899975,0.21694816949899975,True
1466456374,0.73,0.10352918325967297,0.10352918325967297,True
1466456406,0.71,0.16547539242447817,0.16547539242447817,True
1466456482,0.74,0.40407168346193734,0.40407168346193734,True
1466456512,0.74,0.3670671812262123,0.3670671812262123,True
1466456610,0.78,0.8350061306384984,0.8350061306384984,True
1466456683,0.78,0.750489715086991,0.750489715086991,True
1466456768,0.73,0.6920729345975749,0.6920729345975749,True
1466456856,0.78,0.78,0.180339021688545,False
1466456927,0.78,0.78,0.9371811040339277,False
1466457014,0.76,0.7874519435787946,0.7874519435787946,True
1466457032,0.78,0.4599056292717071,0.4599056292717071,True
1466457067,0.78,0.37272138204931116,0.37272138204931116,True
1466457157,0.78,0.78,0.9483962861916522,False
1466457215,0.78,0.8266771712758645,0.8266771712758645,True
1466457267,0.81,0.81,0.6737374751980709,False
1466457357,0.82,0.24170506268658076,0.24170506268658076,True
1466457434,0.78,0.78,0.06658121752336554,False
1466457487,0.81,0.81,0.13868155853637354,False
1466457559,0.78,0.4123136323712563,0.4123136323712563,True
1466457603,0.78,0.8247199085353509,0.8247199085353509,True
1466457671,0.78,0.78,0.24778472970042031,False
1466457713,0.78,0.388415968954383,0.388415968954383,True
1466457745,0.78,0.78,0.1274941581828738,False
1466457782,0.78,0.78,0.7746589117473145,False
1466457802,0.78,0.787246725285547,0.787246725285547,True
1466457817,0.78,0.78,0.9078345691811874,False
1466457865,0.73,0.73,0.2816170386016146,False
1466457884,0.75,0.75,0.5950401842868301,False
1466457885,0.74,0.6189215546502894,0.6189215546502894,True
1466457917,0.74,0.74,0.34429573335693464,False
1466457973,0.74,0.74,0.5061746870991943,False
1466458045,0.74,0.74,0.7122293675145138,False
1466458135,0.75,0.75,0.8405156332043663,False
1466458151,0.75,0.75,0.08079889660145678,False
1466458230,0.75,0.75,0.9771631280634824,False
1466458324,0.7,0.4922382196495082,0.4922382196495082,True
1466458362,0.71,0.6830163558699255,0.6830163558699255,True
1466458438,0.71,0.7173058175980969,0.7173058175980969,True
1466458454,0.73,0.3300150623475909,0.3300150623475909,True
1466458496,0.73,0.73,0.6514817418327292,False
1466458509,0.73,0.33588365676239296,0.33588365676239296,True
1466458580,0.73,0.6489911159237629,0.6489911159237629,True
1466458590,0.73,0.73,0.7001421838053907,False
1466458626,0.73,0.9793928585089346,0.9793928585089346,True
1466458642,0.69,0.9416787800616016,0.9416787800616016,True
1466458665,0.64,0.64,0.06343697406685056,False
1466458694,0.65,0.65,0.060175944537814274,False
1466458762,0.67,0.6310359565149388,0.6310359565149388,True
1466458793,0.67,0.6652334284107989,0.6652334284107989,True
1466458824,0.72,0.04818981576703141,0.04818981576703141,True
1466458906,0.7,0.7,0.7472867891830692,False
1466458982,0.7,0.7,0.8521994434201852,False
1466459068,0.7,0.7,0.47247247657002134,False
1466459159,0.68,0.48624071905151944,0.48624071905151944,True
1466459184,0.69,0.69,0.34136932134405484,False
1466459273,0.74,0.74,0.98112834032338,False
1466459372,0.74,0.8441163276051914,0.8441163276051914,True
1466459415,0.74,0.74,0.15384318034832734,False
1466459483,0.73,0.3004737054297113,0.3004737054297113,True
1466459504,0.75,0.07613816664564976,0.07613816664564976,True
1466459588,0.79,0.79,0.4236396144517436,False
1466459595,0.79,0.5239761393299796,0.5239761393299796,True
1466459673,0.75,0.57282642041503,0.57282642041503,True
1466459726,0.75,0.75,0.33157933131637374,False
1466459800,0.73,0.73,0.9588044958223707,False
1466459857,0.77,0.7860721303739902,0.7860721303739902,True
1466459887,0.77,0.5620447085992201,0.5620447085992201,True
1466459913,0.79,0.4291330652823747,0.4291330652823747,True
1466459974,0.79,0.79,0.26057651657768066,False
1466459995,0.81,0.81,0.3349242744125407,False
1466460001,0.81,0.81,0.06105823774565222,False
1466460054,0.81,0.81,0.1859846971808713,False
1466460130,0.81,0.81,0.3344092194987346,False
1466460215,0.81,0.81,0.1950553475360396,False
1466460252,0.81,0.81,0.9152635403500476,False
1466460272,0.81,0.6555913346569072,0.6555913346569072,True
1466460346,0.82,0.4785857276405582,0.4785857276405582,True
1466460440,0.86,0.86,0.05431711277605544,False
1466460461,0.86,0.86,0.5264389890913435,False
1466460528,0.85,0.05870059578065667,0.05870059578065667,True
1466460610,0.85,0.85,0.781575099453205,False
1466460630,0.84,0.84,0.6135212251565924,False
1466460691,0.84,0.84,0.2650557769206172,False
1466460706,0.84,0.84,0.25949611698902875,False
1466460739,0.81,0.876680587402632,0.876680587402632,True
1466460765,0.81,0.20742981228015522,0.20742981228015522,True
1466460795,0.81,0.2563277883187127,0.2563277883187127,True
1466460877,0.81,0.81,0.7156303168985602,False
1466460973,0.79,0.6755020019114117,0.6755020019114117,True
1466461009,0.79,0.7658605940020746,0.7658605940020746,True
1466461027,0.79,0.07785042488901173,0.07785042488901173,True
1466461032,0.79,0.79,0.8271573590162621,False
1466461096,0.79,0.17037964920612536,0.17037964920612536,True
1466461169,0.79,0.6479385174891821,0.6479385174891821,True
1466461256,0.79,0.9544039525609814,0.9544039525609814,True
1466461351,0.83,0.83,0.9771437229762706,False
1466461451,0.85,0.85,0.25993803316079966,False
1466461531,0.83,0.83,0.6369181936480771,False
1466461568,0.83,0.83,0.45501285517358103,False
1466461583,0.85,0.85,0.5589141096907149,False
1466461647,0.82,0.82,0.22989115803353244,False
1466461703,0.8,0.8,0.09089376274576733,False
1466461794,0.8,0.6319412438877556,0.6319412438877556,True
1466461813,0.78,0.78,0.8790131290995227,False
1466461910,0.76,0.009103299233466866,0.009103299233466866,True
1466461988,0.78,0.78,0.7684941057024816,False
1466462056,0.75,0.6095239147499024,0.6095239147499024,True
1466462101,0.75,0.75,0.8587080384266407,False
1466462155,0.73,0.73,0.5187997978658055,False
1466462215,0.73,0.1473573061973531,0.1473573061973531,True
1466462278,0.73,0.73,0.8457225646589663,False
1466462368,0.77,0.20472285691268632,0.20472285691268632,True
1466462412,0.77,0.9955938827304237,0.9955938827304237,True
1466462512,0.77,0.77,0.43494653141704087,False
1466462594,0.8,0.3173512111910447,0.3173512111910447,True
1466462671,0.75,0.75,0.3043120321269488,False
1466462716,0.75,0.30013646234783475,0.30013646234783475,True
1466462746,0.75,0.75,0.6241169388306658,False
1466462782,0.77,0.545914593668573,0.545914593668573,True
1466462820,0.78,0.78,0.44417294527444173,False
1466462833,0.73,0.73,0.843457002169147,False
1466462842,0.72,0.2963733439639623,0.2963733439639623,True
1466462850,0.73,0.7079787682756877,0.7079787682756877,True
1466462941,0.73,0.5701080626210904,0.5701080626210904,True
1466463026,0.7,0.7,0.4565696154180512,False
1466463117,0.68,0.26350989982985795,0.26350989982985795,True
1466463139,0.7,0.7,0.21399861087841132,False
