1466410104,139.2,129.62240693992246,129.62240693992246,True
1466410114,139.2,145.26942838060205,145.26942838060205,True
1466410130,139.2,148.09951210577916,148.09951210577916,True
1466410181,139.8,120.07735569306352,120.07735569306352,True
1466410203,139.8,139.8,146.43681796242134,False
1466410250,139.8,154.24504369193204,154.24504369193204,True
1466410309,139.8,128.01830985825953,128.01830985825953,True
1466410397,139.8,139.8,150.23389296013085,False
1466410430,139.8,153.3284593218592,153.3284593218592,True
1466410469,139.8,145.63646460336489,145.63646460336489,True
1466410483,139.8,138.23230932267165,138.23230932267165,True
1466410498,139.8,139.8,155.690648547141,False
1466410502,139.8,139.8,135.99463245441743,False
1466410532,148.0,148.0,120.25016011612169,False
1466410541,138.3,125.13423305715642,125.13423305715642,True
1466410573,141.8,152.3919445937861,152.3919445937861,True
1466410630,141.8,141.8,142.86250793325019,False
1466410653,141.8,141.8,149.48261343853682,False
1466410746,141.8,141.8,129.7982325693037,False
1466410814,141.8,156.71183874323475,156.71183874323475,True
1466410890,137.9,143.96125937000502,143.96125937000502,True
1466410902,137.9,147.43518768306663,147.43518768306663,True
1466410978,137.9,159.74486203659194,159.74486203659194,True
1466411008,137.9,138.20365474125703,138.20365474125703,True
1466411066,137.9,137.9,123.66118719815657,False
1466411094,137.8,137.8,124.91129181376813,False
1466411157,137.8,137.8,126.88439373253433,False
1466411223,137.8,123.50432640040395,123.50432640040395,True
1466411226,137.8,122.64692993866936,122.64692993866936,True
1466411272,137.8,137.8,132.03653513212402,False
1466411303,137.8,137.8,127.41494990894103,False
1466411318,137.8,123.49887622469403,123.49887622469403,True
1466411396,137.8,137.8,123.62548269527188,False
1466411493,137.8,121.78244017907676,121.78244017907676,True
1466411549,137.8,137.8,155.09018537079243,False
1466411560,137.8,140.33338159647388,140.33338159647388,True
1466411626,130.1,137.7317541615491,137.7317541615491,True
1466411723,130.1,130.1,150.08187159991346,False
1466411763,130.1,130.1,124.197717801197,False
1466411785,130.1,150.60556326672014,150.60556326672014,True
1466411854,130.1,144.74805679494978,144.74805679494978,True
1466411889,130.1,130.1,136.38928160106357,False
1466411988,130.1,154.71499659178843,154.71499659178843,True
1466412022,130.1,125.08989489405056,125.08989489405056,True
1466412046,130.1,130.1,150.78806286010473,False
1466412076,130.1,133.4677741141852,133.4677741141852,True
1466412152,130.1,131.46340408665512,131.46340408665512,True
1466412181,130.1,124.51116523632004,124.51116523632004,True
1466412201,138.1,133.5708040903385,133.5708040903385,True
1466412260,138.2,138.2,129.68046856555262,False
1466412347,138.2,156.42985275185484,156.42985275185484,True
1466412360,138.2,130.47410862208247,130.47410862208247,True
1466412438,138.2,138.2,139.24991712325507,False
1466412521,138.2,136.64562489385958,136.64562489385958,True
1466412599,128.9,145.4538517176576,145.4538517176576,True
1466412639,128.9,144.67370766498436,144.67370766498436,True
1466412691,125.3,125.3,159.68451785028185,False
1466412747,125.3,123.52158626971708,123.52158626971708,True
1466412794,115.2,115.2,135.58068401100138,False
1466412819,115.2,150.86843830840255,150.86843830840255,True
1466412832,116.0,116.0,142.13608720866972,False
1466412874,116.0,126.31530535416368,126.31530535416368,True
1466412943,116.0,121.67363199896984,121.67363199896984,True
1466412971,116.0,116.0,153.12355707789732,False
1466412990,123.1,144.49341768170115,144.49341768170115,True
1466413028,123.1,133.94808129955155,133.94808129955155,True
1466413053,123.1,123.1,135.1064626148748,False
1466413125,123.1,123.1,158.83243728981142,False
1466413200,123.1,126.08088277853844,126.08088277853844,True
1466413264,115.4,115.4,125.44555997472945,False
1466413311,115.4,115.4,158.21231939871876,False
1466413342,115.4,115.4,131.59551167889956,False
1466413440,115.4,122.93151283233594,122.93151283233594,True
1466413458,115.4,127.85284370703484,127.85284370703484,True
1466413529,115.4,126.38888210837736,126.38888210837736,True
1466413542,115.4,141.79425974543727,141.79425974543727,True
1466413638,115.4,115.4,134.85528250062595,False
1466413672,115.4,115.4,142.62836148417622,False
1466413733,115.4,130.3138369574166,130.3138369574166,True
1466413779,115.4,159.7773146420957,159.7773146420957,True
1466413780,115.4,138.21382421648974,138.21382421648974,True
1466413864,115.4,115.4,142.09379496819756,False
1466413885,122.1,144.15448705436467,144.15448705436467,True
1466413946,122.1,122.1,131.28851203456878,False
1466414033,122.1,122.1,140.409375391221,False
1466414071,129.0,129.0,130.28091790815517,False
1466414164,129.0,129.0,132.6781401418547,False
1466414225,129.0,129.0,142.56849051313768,False
1466414312,129.0,147.1140196385913,147.1140196385913,True
1466414325,129.0,120.35093858307341,120.35093858307341,True
1466414328,129.0,129.0,133.79812002554524,False
1466414329,138.6,134.9335406026317,134.9335406026317,True
1466414402,138.6,138.6,148.25932119329278,False
1466414407,138.6,155.80017451505586,155.80017451505586,True
1466414413,138.6,156.07612451455245,156.07612451455245,True
1466414460,138.6,148.64549028679923,148.64549028679923,True
1466414552,133.8,138.02702525117863,138.02702525117863,True
1466414602,126.0,128.09954776020967,128.09954776020967,True
1466414662,126.0,126.0,153.77559669510134,False
1466414746,127.9,127.9,133.7973065537415,False
1466414844,127.9,127.9,135.05563518090202,False
1466414943,127.9,127.9,139.20671040510535,False
1466414946,127.9,127.9,130.507726334172,False
1466414966,127.9,127.9,148.03397837530855,False
1466415038,127.9,149.5158539376289,149.5158539376289,True
1466415106,127.9,127.9,144.8695648059538,False
1466415130,127.9,155.25197099348162,155.25197099348162,True
1466415145,129.6,129.6,133.03340595346634,False
1466415202,129.6,129.6,138.545009647269,False
1466415239,129.6,129.6,140.9845227517361,False
1466415249,129.6,129.6,154.33540796585058,False
1466415308,129.6,129.6,124.66912322616152,False
1466415357,133.5,151.83433772017952,151.83433772017952,True
1466415404,133.5,133.5,127.33242481836201,False
1466415469,133.5,133.5,153.81671720141816,False
1466415548,136.4,136.4,150.36805920291516,False
1466415588,136.4,144.0245771185285,144.0245771185285,True
1466415627,136.4,152.33050705022023,152.33050705022023,True
1466415719,136.4,146.31716853779523,146.31716853779523,True
1466415767,136.4,136.4,150.96413546170916,False
1466415860,136.4,140.3690619169483,140.3690619169483,True
1466415872,136.4,136.4,136.02317912133802,False
1466415914,127.7,133.98249614208243,133.98249614208243,True
1466415934,127.7,135.47284769226468,135.47284769226468,True
1466415988,123.1,127.99745541006556,127.99745541006556,True
1466416004,123.1,125.78865982966462,125.78865982966462,True
1466416050,123.1,123.1,123.16370184521402,False
1466416150,123.1,123.1,151.5816683446469,False
1466416161,123.1,123.1,141.29664144785232,False
1466416215,123.1,123.1,127.31270856758465,False
1466416315,123.1,136.9727832963851,136.9727832963851,True
1466416321,123.1,123.1,149.31996968984197,False
1466416393,123.1,123.1,128.9976688430273,False
1466416440,116.1,116.1,141.8505566857892,False
1466416510,116.1,141.3767271374117,141.3767271374117,True
1466416541,116.1,116.1,148.96604760192042,False
1466416631,116.1,116.1,125.07362429903726,False
1466416671,116.1,135.43355558072622,135.43355558072622,True
1466416725,116.1,116.1,123.87807343934918,False
1466416815,116.1,116.1,155.11067330262284,False
1466416867,117.5,155.70228757393028,155.70228757393028,True
1466416933,117.5,139.54286703948978,139.54286703948978,True
1466416963,117.5,117.5,131.80918844725403,False
1466417034,117.5,154.01948893422488,154.01948893422488,True
1466417069,117.5,117.5,137.56367906988748,False
1466417095,117.5,117.5,124.96570324428656,False
1466417123,117.5,117.5,153.6591179692184,False
1466417219,117.5,151.44001140971935,151.44001140971935,True
1466417228,124.3,136.64148001118332,136.64148001118332,True
1466417235,124.3,125.3746058306978,125.3746058306978,True
1466417266,124.3,135.28871265302774,135.28871265302774,True
1466417298,124.3,156.1919552524527,156.1919552524527,True
1466417382,124.3,124.3,136.13783574639777,False
1466417429,124.3,147.66944441158475,147.66944441158475,True
1466417434,123.0,123.0,156.84780351020987,False
1466417513,123.0,153.10555039034244,153.10555039034244,True
1466417598,115.2,115.2,159.76786027109458,False
1466417615,115.2,115.2,151.94027324896126,False
1466417654,123.9,123.9,157.28477054618213,False
1466417749,123.9,123.9,139.64799809861165,False
1466417763,123.9,134.77136014980232,134.77136014980232,True
1466417822,115.1,115.1,143.32089000469423,False
1466417851,124.0,157.1624338608325,157.1624338608325,True
1466417855,122.7,122.7,127.60110304146916,False
1466417879,122.7,128.14513517177645,128.14513517177645,True
1466417895,122.7,133.18545796323622,133.18545796323622,True
1466417969,122.7,122.7,137.9951389410454,False
1466418049,122.7,122.7,120.17644837620098,False
1466418118,122.7,146.62676530089988,146.62676530089988,True
1466418129,122.7,122.7,132.12804613834896,False
1466418179,122.7,145.80707253455594,145.80707253455594,True
1466418254,124.2,124.2,135.738333162262,False
1466418332,124.2,124.2,138.7098733156254,False
1466418428,126.4,126.4,135.56405645456474,False
1466418494,126.4,157.5487347218616,157.5487347218616,True
1466418554,126.4,126.4,136.13836335705813,False
1466418563,136.9,136.9,146.7427917372441,False
1466418564,136.9,136.9,141.98424455876577,False
1466418594,136.9,122.94614305568747,122.94614305568747,True
1466418674,136.9,136.9,142.4198235776993,False
1466418748,136.9,128.49925425525652,128.49925425525652,True
1466418847,136.9,136.9,158.58519224637934,False
1466418877,136.9,142.34645618858136,142.34645618858136,True
1466418917,136.9,136.98548234760244,136.98548234760244,True
1466418938,136.9,136.9,154.98953958447842,False
1466419031,136.9,136.9,145.3381271917494,False
1466419058,130.5,128.03290505286841,128.03290505286841,True
1466419104,127.4,127.4,158.3348620810589,False
1466419166,127.4,127.4,123.12928302194592,False
1466419261,127.4,154.99109301080097,154.99109301080097,True
1466419349,127.4,127.4,128.7674897338792,False
1466419442,117.0,143.9404020374591,143.9404020374591,True
1466419530,117.0,142.56159601744326,142.56159601744326,True
1466419595,117.0,117.0,124.881768597202,False
1466419646,117.0,139.46508505702226,139.46508505702226,True
1466419737,117.0,117.0,150.11867371591595,False
1466419826,117.0,142.38876580660335,142.38876580660335,True
1466419880,117.0,137.6448131148146,137.6448131148146,True
1466419911,117.0,141.27169109610878,141.27169109610878,True
1466419938,117.0,117.0,150.71622878542559,False
1466420016,115.5,146.68428898411975,146.68428898411975,True
1466420019,115.5,121.15312855834614,121.15312855834614,True
1466420108,115.5,156.494109536875,156.494109536875,True
1466420205,115.5,141.65822536885156,141.65822536885156,True
1466420228,115.5,150.7183052247848,150.7183052247848,True
1466420257,115.5,137.8018255968442,137.8018255968442,True
1466420270,121.4,121.4,146.54828427540562,False
1466420296,121.4,121.4,138.80337864988329,False
1466420331,121.4,121.4,142.6355317110195,False
1466420407,121.4,121.4,157.01764388003517,False
1466420430,121.4,132.48804420710368,132.48804420710368,True
1466420453,121.4,121.4,134.78505076162065,False
1466420474,121.4,121.4,159.4944089686758,False
1466420566,121.4,121.4,125.94889963580333,False
1466420579,121.4,121.4,141.6603157532225,False
1466420618,121.5,121.5,145.3098602912007,False
1466420624,121.5,146.1449898326276,146.1449898326276,True
1466420643,121.5,121.5,142.7671209922376,False
1466420695,121.5,132.60511613332915,132.60511613332915,True
1466420788,119.0,119.0,121.10507759936318,False
1466420863,119.0,119.0,150.9231418677334,False
1466420947,119.0,119.0,134.82538329013286,False
1466421003,119.0,119.0,129.65553439160638,False
1466421032,119.0,148.36580425514347,148.36580425514347,True
1466421050,119.0,119.0,122.04854608053854,False
1466421116,115.1,115.1,139.53428219077784,False
1466421208,120.1,120.1,149.18020501050333,False
1466421234,116.2,149.3631878297358,149.3631878297358,True
1466421262,116.2,140.99258971937152,140.99258971937152,True
1466421353,116.2,116.2,130.57765657321127,False
1466421360,116.2,129.05130858204473,129.05130858204473,True
1466421392,116.2,152.44234532848066,152.44234532848066,True
1466421480,121.0,133.15183429825532,133.15183429825532,True
1466421530,121.0,121.0,155.77783748144142,False
1466421547,121.0,121.0,141.0822026334577,False
1466421591,129.0,124.62716182459226,124.62716182459226,True
1466421633,129.0,159.10726960124597,159.10726960124597,True
1466421636,129.0,129.0,121.78389240511703,False
1466421670,129.0,129.0,156.21603108014938,False
1466421695,129.0,129.0,146.4691534344871,False
1466421721,129.2,129.2,150.24386663052644,False
1466421804,129.2,139.7062789388977,139.7062789388977,True
1466421819,129.2,129.2,152.90238593951713,False
1466421862,129.2,157.99675105334632,157.99675105334632,True
1466421885,129.2,136.70061258384072,136.70061258384072,True
1466421936,119.6,119.6,141.40005058827546,False
1466422012,129.5,141.50586611343493,141.50586611343493,True
1466422044,123.5,123.5,135.90890378836758,False
1466422045,123.5,129.32080599069056,129.32080599069056,True
1466422137,123.5,148.19627613026745,148.19627613026745,True
1466422162,123.5,135.1030507634345,135.1030507634345,True
1466422189,117.1,159.81815399282348,159.81815399282348,True
1466422197,117.1,142.45624873098836,142.45624873098836,True
1466422264,124.0,147.9703864223337,147.9703864223337,True
1466422330,124.0,124.0,143.6633996318025,False
1466422378,124.0,138.94086733132065,138.94086733132065,True
1466422432,124.0,148.86618925889647,148.86618925889647,True
1466422488,127.4,150.74753068628166,150.74753068628166,True
1466422577,127.4,127.4,143.7649872839239,False
1466422628,127.4,127.4,145.14342659682598,False
1466422638,127.4,136.64262731932993,136.64262731932993,True
1466422666,127.4,127.4,142.6228180925988,False
1466422706,132.7,156.36225202965235,156.36225202965235,True
1466422731,143.3,136.85300450536653,136.85300450536653,True
1466422804,143.3,143.3,149.68366750813576,False
1466422866,139.8,139.8,144.26116098590404,False
1466422873,150.4,123.71141110880589,123.71141110880589,True
1466422895,150.4,150.4,143.9861448382669,False
1466422953,150.4,151.92578042459508,151.92578042459508,True
1466422973,152.4,141.76265424483773,141.76265424483773,True
1466423017,152.4,152.4,134.17962418190834,False
1466423051,153.3,153.3,158.4159446225664,False
1466423099,153.3,157.93707430242654,157.93707430242654,True
1466423150,153.3,153.3,146.8133133689555,False
1466423155,153.3,153.3,124.61859372497455,False
1466423168,153.3,148.17180820971853,148.17180820971853,True
1466423205,143.4,143.4,151.774525046389,False
1466423275,143.4,143.4,155.33498921766486,False
1466423287,143.4,143.4,150.58984197054795,False
1466423336,143.4,122.82677531064526,122.82677531064526,True
1466423340,143.4,143.4,140.675440573588,False
1466423355,143.4,153.95979295757468,153.95979295757468,True
1466423443,143.4,143.4,133.9243436052958,False
1466423499,143.4,144.8665147076689,144.8665147076689,True
1466423585,143.4,143.36873367739565,143.36873367739565,True
1466423612,143.4,143.4,144.13161117999755,False
1466423669,143.4,143.4,146.9902800413087,False
1466423705,143.4,134.5947807432496,134.5947807432496,True
1466423770,143.4,125.2757280975038,125.2757280975038,True
1466423844,143.4,125.03945217081353,125.03945217081353,True
1466423902,143.4,155.2259406754663,155.2259406754663,True
1466423913,143.4,143.4,131.82613456818848,False
1466423972,143.4,157.80541766697962,157.80541766697962,True
1466424014,143.4,143.9738031296604,143.9738031296604,True
1466424069,138.4,130.59694275069828,130.59694275069828,True
1466424154,138.4,120.344643082985,120.344643082985,True
1466424155,143.0,125.37273738062511,125.37273738062511,True
1466424169,143.0,143.0,122.1243866448005,False
1466424262,143.0,143.0,159.69262436173904,False
1466424339,143.0,143.0,141.84536111519412,False
1466424398,143.0,143.0,156.83864380248184,False
1466424497,143.0,152.13920494589365,152.13920494589365,True
1466424558,143.0,134.41104766515423,134.41104766515423,True
1466424613,138.5,138.5,136.98992117868022,False
1466424713,138.5,138.5,139.8673730081392,False
1466424804,138.5,122.88808927722998,122.88808927722998,True
1466424878,136.7,147.2358104700321,147.2358104700321,True
1466424924,136.7,136.7,137.31061737842361,False
1466425009,129.0,129.0,126.07615378473919,False
1466425106,129.0,151.11487982176408,151.11487982176408,True
1466425129,129.0,129.0,132.46305179435177,False
1466425179,129.0,144.16526225581464,144.16526225581464,True
1466425257,129.0,129.0,136.43472535331097,False
1466425262,137.5,153.56573729419358,153.56573729419358,True
1466425305,127.9,158.71310490857013,158.71310490857013,True
1466425331,127.9,158.18860357876318,158.18860357876318,True
1466425338,127.9,125.68948135464136,125.68948135464136,True
1466425377,131.5,128.7661629772573,128.7661629772573,True
1466425380,131.5,150.84414787012554,150.84414787012554,True
1466425417,131.5,158.46347870485462,158.46347870485462,True
1466425484,131.5,131.5,146.54961400848134,False
1466425517,124.5,142.62324737672682,142.62324737672682,True
1466425553,124.5,124.5,127.53176321420595,False
1466425640,124.5,124.5,124.55248662295287,False
1466425687,124.5,121.44424603550573,121.44424603550573,True
1466425711,124.5,121.94063579977114,121.94063579977114,True
1466425768,124.5,130.24559754027578,130.24559754027578,True
1466425811,124.5,153.25310274804787,153.25310274804787,True
1466425856,124.5,142.50851837154843,142.50851837154843,True
1466425869,124.5,124.5,153.1726043411226,False
1466425884,124.5,124.5,159.950145550601,False
1466425962,124.5,124.5,123.02905199052593,False
1466425974,124.5,156.54253427293162,156.54253427293162,True
1466426016,124.5,124.5,159.5181532874908,False
1466426024,124.5,124.5,133.6654764313506,False
1466426034,124.5,136.75916623760526,136.75916623760526,True
1466426130,124.5,128.56441779235428,128.56441779235428,True
1466426189,124.5,124.5,155.84145742243746,False
1466426198,124.5,120.00877507928443,120.00877507928443,True
1466426280,124.5,130.94069803083366,130.94069803083366,True
1466426298,124.5,151.66865585822734,151.66865585822734,True
1466426380,124.5,159.05068966993534,159.05068966993534,True
1466426420,124.5,124.5,149.3000654193438,False
1466426509,124.5,124.5,142.123386219395,False
1466426521,126.6,150.36685830579347,150.36685830579347,True
1466426535,130.2,130.2,121.45618363680445,False
1466426563,130.2,133.82365745768516,133.82365745768516,True
1466426620,130.2,130.2,122.92756631343737,False
1466426694,130.2,133.2271146367261,133.2271146367261,True
1466426764,130.2,130.2,122.18607750720953,False
1466426778,130.2,149.52891108790004,149.52891108790004,True
1466426866,121.2,121.2,143.46565237251687,False
1466426938,121.2,146.09069058248912,146.09069058248912,True
1466427022,121.2,121.2,143.90453762742078,False
1466427059,121.2,127.59409683230007,127.59409683230007,True
1466427125,120.6,120.6,127.44670719740375,False
1466427204,120.6,133.47550068766597,133.47550068766597,True
1466427240,115.3,143.20745292690577,143.20745292690577,True
1466427317,116.6,151.58756578100662,151.58756578100662,True
1466427319,117.4,117.4,135.3040559257035,False
1466427331,119.9,157.6929377030918,157.6929377030918,True
1466427425,119.9,134.9319817352782,134.9319817352782,True
1466427458,119.9,119.9,143.23150175141456,False
1466427495,119.9,148.91245482714453,148.91245482714453,True
1466427543,119.9,119.9,129.3785267006615,False
1466427625,119.9,119.9,142.11721182649416,False
1466427663,119.9,139.78717043988803,139.78717043988803,True
1466427672,122.4,135.33962212611448,135.33962212611448,True
1466427684,122.4,133.32533649585181,133.32533649585181,True
1466427739,122.4,122.4,131.1624880499939,False
1466427769,122.4,128.34813761219743,128.34813761219743,True
1466427775,122.4,157.21156314659385,157.21156314659385,True
1466427820,132.2,149.68790709303408,149.68790709303408,True
1466427837,132.2,132.2,122.93220524384652,False
1466427846,132.2,134.78958644388,134.78958644388,True
1466427904,132.2,128.39451627919897,128.39451627919897,True
1466427997,132.2,132.2,124.55114115790586,False
1466428027,132.2,145.24978681243027,145.24978681243027,True
1466428114,132.2,132.2,129.5722620642571,False
1466428212,132.2,132.2,155.8439175716474,False
1466428294,132.2,132.2,132.2148212431239,False
1466428321,132.2,157.03928532383625,157.03928532383625,True
1466428340,132.2,139.079403602485,139.079403602485,True
1466428378,132.2,146.52579327373104,146.52579327373104,True
1466428463,128.2,128.2,133.47922062706257,False
1466428551,128.2,131.5984387898785,131.5984387898785,True
1466428575,128.2,128.2,131.77027736706518,False
1466428593,128.2,152.7348481040493,152.7348481040493,True
1466428682,128.2,128.2,158.7771906522117,False
1466428699,128.2,128.2,148.15916360233336,False
1466428719,128.2,143.85560449194628,143.85560449194628,True
1466428819,128.2,128.2,126.5551336622521,False
1466428850,128.2,144.3966534032432,144.3966534032432,True
1466428884,128.2,128.2,136.19016315001957,False
1466428973,128.2,153.86683032070317,153.86683032070317,True
1466429006,128.2,136.4714860354691,136.4714860354691,True
1466429026,128.2,128.2,122.44084908142652,False
1466429066,128.2,141.35486826277958,141.35486826277958,True
1466429072,128.2,135.17200066947052,135.17200066947052,True
1466429103,128.2,128.2,130.78028424241265,False
1466429110,124.5,124.5,157.67321444245303,False
1466429123,124.5,128.5835157642908,128.5835157642908,True
1466429168,124.5,136.76533524623576,136.76533524623576,True
1466429182,124.5,124.5,123.80276503596157,False
1466429184,124.5,124.5,135.78015729915748,False
1466429197,124.5,120.68965741924697,120.68965741924697,True
1466429280,124.9,124.9,131.44423296583759,False
1466429378,124.9,121.65091288241908,121.65091288241908,True
1466429450,129.5,153.72102423621692,153.72102423621692,True
1466429455,129.5,129.5,143.71077560545064,False
1466429510,129.5,134.02474433335567,134.02474433335567,True
1466429565,129.5,135.06530199819017,135.06530199819017,True
1466429566,129.5,120.98085934990459,120.98085934990459,True
1466429592,129.5,139.0113492304668,139.0113492304668,True
1466429623,129.5,134.71029652558354,134.71029652558354,True
1466429691,130.9,155.1499520107016,155.1499520107016,True
1466429733,130.9,146.39597328467585,146.39597328467585,True
1466429803,130.9,130.9,151.62568806144014,False
1466429832,130.9,152.21021144646082,152.21021144646082,True
1466429905,130.9,130.9,138.943387685324,False
1466429997,130.9,158.60346567128664,158.60346567128664,True
1466430050,130.9,130.9,153.9105588612614,False
1466430088,130.9,130.9,120.45052963162033,False
1466430174,130.9,152.11611747613858,152.11611747613858,True
1466430247,130.9,130.9,149.81445511531055,False
1466430344,130.9,152.54480372197622,152.54480372197622,True
1466430375,130.9,130.9,159.15108084876087,False
1466430400,141.2,141.2,143.3540403213164,False
1466430457,141.2,128.61072235222622,128.61072235222622,True
1466430483,141.2,141.2,144.3820581192675,False
1466430517,141.2,131.46094035929713,131.46094035929713,True
1466430524,141.2,141.2,127.72436609696697,False
1466430592,141.2,141.2,120.23634161200194,False
1466430616,141.2,141.2,153.0110851786292,False
1466430631,141.2,141.2,136.75851163427373,False
1466430680,146.0,149.4255711343443,149.4255711343443,True
1466430734,146.0,146.0,134.13647076131207,False
1466430790,146.0,140.96038976944175,140.96038976944175,True
1466430815,146.0,159.82629873866284,159.82629873866284,True
1466430895,149.8,149.8,150.297960415641,False
1466430916,149.8,149.8,138.14801130878698,False
1466430929,154.8,154.8,126.69424416117732,False
1466430936,154.8,157.5881445707313,157.5881445707313,True
1466431009,154.8,130.61137696154668,130.61137696154668,True
1466431036,154.8,122.06229075028921,122.06229075028921,True
1466431055,154.8,144.90058680562336,144.90058680562336,True
1466431145,154.8,154.8,141.12244237015125,False
1466431218,154.8,151.5939898750469,151.5939898750469,True
1466431290,144.1,144.1,125.60966011963752,False
1466431324,154.4,150.35240701284806,150.35240701284806,True
1466431400,149.1,142.6107412196811,142.6107412196811,True
1466431450,149.1,129.55587236066782,129.55587236066782,True
1466431526,149.1,155.05583876743884,155.05583876743884,True
1466431589,149.1,149.1,124.72792831845507,False
1466431661,149.6,123.0905588617347,123.0905588617347,True
1466431760,149.6,138.98710068256182,138.98710068256182,True
1466431796,150.6,150.6,157.70531214462065,False
1466431848,152.3,152.3,130.5670703206866,False
1466431879,152.3,133.48443766813375,133.48443766813375,True
1466431954,152.3,152.3,146.35488606934064,False
1466431958,152.3,152.3,135.86154150972587,False
1466432002,152.3,144.22261996061462,144.22261996061462,True
1466432101,152.3,152.3,149.90808149787242,False
1466432177,161.8,127.56582728461308,127.56582728461308,True
1466432194,161.8,161.8,142.76729955031266,False
1466432237,161.8,161.8,120.56151952762104,False
1466432280,161.8,140.17029734797876,140.17029734797876,True
1466432373,161.8,161.8,149.5676359740595,False
1466432389,161.8,161.8,150.40834184006923,False
1466432415,161.8,147.38389972926026,147.38389972926026,True
1466432417,153.9,153.9,145.10044085734643,False
1466432506,153.9,153.9,155.24000193635823,False
1466432569,153.9,153.9,141.95671183692514,False
1466432577,153.9,151.8356555562875,151.8356555562875,True
1466432670,153.9,138.93856493010057,138.93856493010057,True
1466432706,153.9,136.8774325768738,136.8774325768738,True
1466432804,153.9,148.92909471408112,148.92909471408112,True
1466432853,153.9,152.1156935942238,152.1156935942238,True
1466432947,153.9,145.17278261550206,145.17278261550206,True
1466433040,153.9,156.54918158314123,156.54918158314123,True
1466433128,153.9,153.9,122.55134115135338,False
1466433145,153.9,153.9,134.67754205930564,False
1466433195,153.9,137.678902452459,137.678902452459,True
1466433289,145.8,151.02141042311516,151.02141042311516,True
1466433375,145.8,145.8,137.98549005387986,False
1466433427,145.8,145.8,131.69461495794388,False
1466433478,145.8,123.73194108736196,123.73194108736196,True
1466433517,145.8,145.8,141.53798260406649,False
1466433615,145.8,120.07473820519645,120.07473820519645,True
1466433672,140.1,140.1,121.94102615558249,False
1466433762,140.1,126.28075824891643,126.28075824891643,True
1466433809,140.1,127.70321066448727,127.70321066448727,True
1466433873,147.2,147.2,147.62507583879704,False
1466433910,147.2,140.96101986396474,140.96101986396474,True
1466433994,147.2,145.20470946005332,145.20470946005332,True
1466434003,147.2,127.67988559658517,127.67988559658517,True
1466434045,147.2,147.2,139.22243660639063,False
1466434096,147.2,135.3691135240309,135.3691135240309,True
1466434173,147.2,147.2,151.7820099558358,False
1466434199,147.2,128.11785359390632,128.11785359390632,True
1466434224,147.2,149.05846578241173,149.05846578241173,True
1466434308,147.2,151.46136543808902,151.46136543808902,True
1466434359,147.2,147.2,148.1693292730366,False
1466434371,147.2,147.2,158.49371260816923,False
1466434457,147.2,147.2,132.90883606128648,False
1466434498,147.2,147.2,126.81656343883617,False
1466434552,148.0,120.8684534710096,120.8684534710096,True
1466434622,148.0,148.0,136.67866045570196,False
1466434691,148.0,136.32122114157104,136.32122114157104,True
1466434718,154.4,154.4,138.80877994580936,False
1466434727,154.4,151.7720084738317,151.7720084738317,True
1466434815,151.6,135.3948514063557,135.3948514063557,True
1466434892,160.1,133.5176940184871,133.5176940184871,True
1466434915,156.4,156.4,127.36138178635478,False
1466434946,156.4,133.0774425298466,133.0774425298466,True
1466434988,152.9,152.9,126.35902431652875,False
1466435020,151.7,152.44533946517413,152.44533946517413,True
1466435090,151.7,120.12035505904001,120.12035505904001,True
1466435099,151.7,151.7,137.81020979451162,False
1466435145,151.7,151.7,148.99785336319553,False
1466435186,151.7,148.38957077711382,148.38957077711382,True
1466435246,151.7,154.23863404130407,154.23863404130407,True
1466435284,151.7,151.7,136.81843929449118,False
1466435327,151.7,155.721685979867,155.721685979867,True
1466435369,154.0,154.0,144.4855447518947,False
1466435408,143.6,139.40097150685892,139.40097150685892,True
1466435468,143.6,124.67678229814435,124.67678229814435,True
1466435486,143.6,143.6,126.57743947237745,False
1466435555,143.6,143.6,150.46987535333852,False
1466435624,143.6,156.4194498588392,156.4194498588392,True
1466435659,143.6,143.6,146.92954558692276,False
1466435682,143.6,154.43046615308194,154.43046615308194,True
1466435712,143.6,159.88664306144284,159.88664306144284,True
1466435794,143.6,154.32723386430501,154.32723386430501,True
1466435878,143.6,122.60098613125064,122.60098613125064,True
1466435904,134.2,134.2,149.45905351131213,False
1466435971,134.2,134.2,153.23360954303425,False
1466436041,134.2,125.05618561715472,125.05618561715472,True
1466436059,134.2,134.2,144.0556807509253,False
1466436093,134.2,133.61154233989419,133.61154233989419,True
1466436178,134.2,134.2,149.13898240700303,False
1466436230,134.2,134.2,145.24266263218055,False
1466436280,134.2,134.2,129.18475176843145,False
1466436332,134.2,134.75435605031552,134.75435605031552,True
1466436333,134.2,134.2,128.05469824506127,False
1466436431,126.2,126.2,124.60398999599369,False
1466436520,126.0,126.0,157.89644661121798,False
1466436572,126.0,140.3176177033897,140.3176177033897,True
1466436647,126.0,126.0,133.5626585058403,False
1466436655,126.0,126.0,153.6044200156203,False
1466436727,126.0,133.64854175133618,133.64854175133618,True
1466436793,135.9,134.51865328139428,134.51865328139428,True
1466436879,135.9,135.9,152.39082030869383,False
1466436880,135.9,137.614032237012,137.614032237012,True
1466436939,125.7,152.91567792800794,152.91567792800794,True
1466437015,127.0,127.0,124.1222177426845,False
1466437048,134.6,157.41328408843827,157.41328408843827,True
1466437088,134.6,134.6,145.25518374913113,False
1466437105,134.6,134.6,122.05841012808554,False
1466437122,134.6,134.6,156.81899184350473,False
1466437160,134.6,134.6,141.3871128588782,False
1466437232,125.9,125.9,130.2492288155831,False
1466437321,125.9,135.1023580597721,135.1023580597721,True
1466437335,125.9,154.95971366286815,154.95971366286815,True
1466437358,125.9,131.7444250014115,131.7444250014115,True
1466437441,125.9,125.9,156.61373623354038,False
1466437480,132.7,132.7,133.16805224751778,False
1466437561,132.7,132.7,123.72056434248512,False
1466437653,130.1,130.1,159.70168099692816,False
1466437709,130.1,148.19192186812037,148.19192186812037,True
1466437798,131.4,131.4,140.01949075754496,False
1466437869,131.4,151.54624446566007,151.54624446566007,True
1466437952,131.4,135.98910267693208,135.98910267693208,True
1466438037,131.4,131.4,149.524949375765,False
1466438054,131.4,131.4,143.7839775057184,False
1466438056,130.0,146.90514789331957,146.90514789331957,True
1466438136,130.0,130.0,134.05104910571535,False
1466438234,130.0,134.66007647286162,134.66007647286162,True
1466438261,130.0,137.0762008173029,137.0762008173029,True
1466438348,130.0,130.0,158.6561422161734,False
1466438407,130.0,159.53718659666816,159.53718659666816,True
1466438422,130.0,130.0,127.91225608093387,False
1466438476,130.0,134.77200316650897,134.77200316650897,True
1466438571,130.0,130.0,124.51512111128265,False
1466438612,130.0,147.21129421900005,147.21129421900005,True
1466438620,130.0,149.19129474341528,149.19129474341528,True
1466438698,130.0,142.9213554441124,142.9213554441124,True
1466438747,130.0,154.2197504299288,154.2197504299288,True
1466438795,130.0,130.0,146.83756910234467,False
1466438810,130.0,130.0,159.80839913153164,False
1466438888,130.0,130.0,130.12075397744974,False
1466438975,130.0,130.0,153.18980492729935,False
1466439000,138.2,131.64518107013848,131.64518107013848,True
1466439092,138.2,137.86167592899105,137.86167592899105,True
1466439150,138.2,138.2,131.13208758530868,False
1466439229,130.2,130.2,149.38286298650212,False
1466439279,138.9,147.56799239684455,147.56799239684455,True
1466439328,138.9,150.56618089587533,150.56618089587533,True
1466439351,138.9,141.82054400173254,141.82054400173254,True
1466439447,149.4,149.4,130.8059858447047,False
1466439466,149.4,149.4,141.53496016034612,False
1466439480,149.4,123.23890381200056,123.23890381200056,True
1466439560,149.4,149.4,120.3048414136286,False
1466439600,151.6,151.6,136.5200106184001,False
1466439645,151.6,158.1400255869999,158.1400255869999,True
1466439729,151.6,151.6,147.34526555222533,False
1466439772,151.6,151.6,148.96032133055166,False
1466439827,151.6,127.61037593976054,127.61037593976054,True
1466439849,151.6,151.6,136.2736754334776,False
1466439910,151.6,151.6,137.43866102976907,False
1466439990,151.6,124.87243785054218,124.87243785054218,True
1466440005,151.6,151.6,127.31241023092566,False
1466440006,151.6,151.6,141.9051747484945,False
1466440045,151.6,151.18615164571798,151.18615164571798,True
1466440066,151.6,151.6,154.27916083962134,False
1466440154,151.6,151.6,151.57821532755273,False
1466440214,151.6,153.54087211545493,153.54087211545493,True
1466440226,151.6,151.6,141.27432478815055,False
1466440304,151.6,135.64218851340644,135.64218851340644,True
1466440385,151.6,151.6,129.94516828426768,False
1466440451,155.0,155.0,159.73903791494178,False
1466440521,155.7,153.0253514657446,153.0253514657446,True
1466440581,155.7,134.2213349527003,134.2213349527003,True
1466440674,155.7,141.28124711349173,141.28124711349173,True
1466440727,155.7,155.7,158.33000983278424,False
1466440821,155.7,133.1934488722883,133.1934488722883,True
1466440827,155.7,135.5333319806587,135.5333319806587,True
1466440897,155.7,145.60569326182622,145.60569326182622,True
1466440923,155.7,155.7,145.55371714504892,False
1466441012,150.7,150.7,137.89835736850992,False
1466441049,150.7,150.7,129.91530484080775,False
1466441147,150.7,134.14385614490237,134.14385614490237,True
1466441213,151.9,151.9,142.91792430118429,False
1466441311,142.2,142.2,135.26180585081178,False
1466441318,142.2,142.2,138.3341744752951,False
1466441418,142.2,152.65245272902638,152.65245272902638,True
1466441510,142.2,147.36766905665218,147.36766905665218,True
1466441541,142.2,125.94968786586219,125.94968786586219,True
1466441579,142.2,137.20276729443137,137.20276729443137,True
1466441630,151.4,123.75907035962041,123.75907035962041,True
1466441714,151.4,151.4,138.59241117880055,False
1466441724,151.4,151.4,137.05422335457013,False
1466441741,151.4,151.4,144.51805194312107,False
1466441822,151.4,151.4,155.1555388496265,False
1466441883,151.4,153.66767011286268,153.66767011286268,True
1466441934,151.4,139.4103704065274,139.4103704065274,True
1466441947,151.4,120.02172689618426,120.02172689618426,True
1466442046,151.4,151.4,132.3748329791099,False
1466442137,151.4,144.86151946053886,144.86151946053886,True
1466442175,151.4,137.42542801690757,137.42542801690757,True
1466442216,151.4,127.19290282198989,127.19290282198989,True
1466442284,149.1,149.91499262848262,149.91499262848262,True
1466442332,149.1,149.1,127.06374330783788,False
1466442358,149.1,149.1,135.87070272442247,False
1466442362,149.1,155.7888815338705,155.7888815338705,True
1466442439,155.4,145.78218966862119,145.78218966862119,True
1466442490,148.8,131.18052813307253,131.18052813307253,True
1466442498,148.8,148.8,124.57189507654233,False
1466442508,148.8,123.35985166961692,123.35985166961692,True
1466442518,148.8,148.8,138.3746756405821,False
1466442556,148.8,148.8,144.52416227342104,False
1466442656,148.8,148.8,137.14246750497526,False
1466442662,153.1,128.7417114728217,128.7417114728217,True
1466442703,153.1,153.1,146.52077117951697,False
1466442768,153.1,153.1,135.71963190913445,False
1466442788,153.1,125.38150633916419,125.38150633916419,True
1466442886,157.6,126.23899069602194,126.23899069602194,True
1466442980,157.6,155.0393120110749,155.0393120110749,True
1466443000,164.2,154.71324898502598,154.71324898502598,True
1466443029,164.2,164.2,157.32891257908156,False
1466443038,164.2,146.9364902129372,146.9364902129372,True
1466443089,164.2,164.2,147.11320758358707,False
1466443162,164.2,141.2028961379533,141.2028961379533,True
1466443201,164.2,130.14680004613405,130.14680004613405,True
1466443219,164.2,148.0223994265163,148.0223994265163,True
1466443263,160.4,140.36328929900958,140.36328929900958,True
1466443350,160.4,156.69687509178198,156.69687509178198,True
1466443373,160.4,160.4,127.79850245793715,False
1466443392,160.4,160.4,129.77233723745292,False
1466443402,160.4,160.4,153.88707400543262,False
1466443486,160.4,160.4,121.6649924005691,False
1466443511,160.4,160.4,134.243002658196,False
1466443584,160.4,160.4,153.617635266975,False
1466443677,160.4,160.4,145.85176934772323,False
1466443725,160.4,160.4,159.97136089150547,False
1466443727,160.4,154.8003917758644,154.8003917758644,True
1466443750,160.4,160.4,125.9032670433646,False
1466443761,160.4,160.4,155.91802164120014,False
1466443808,163.6,163.6,146.34313594849598,False
1466443861,163.6,149.69925060931615,149.69925060931615,True
1466443929,163.5,163.5,120.45790019144675,False
1466443986,163.5,163.5,139.4035989358994,False
1466444043,163.5,126.53903772591315,126.53903772591315,True
1466444110,163.5,159.17377059534755,159.17377059534755,True
1466444192,163.5,163.5,156.23180199893227,False
1466444287,153.5,140.94520279190814,140.94520279190814,True
1466444294,158.5,158.5,127.57303719482407,False
1466444366,158.5,158.5,151.57769767509208,False
1466444466,158.5,158.5,138.63072047017812,False
1466444505,154.8,120.36048706353994,120.36048706353994,True
1466444556,153.7,145.68117844666125,145.68117844666125,True
1466444624,147.4,149.27240043989568,149.27240043989568,True
1466444663,147.4,147.4,140.104394549406,False
1466444685,147.4,159.83217626463406,159.83217626463406,True
1466444756,147.4,147.4,150.28707879137178,False
1466444781,147.4,159.05122407794244,159.05122407794244,True
1466444840,147.4,136.39725386612977,136.39725386612977,True
1466444854,147.4,121.70658211996678,121.70658211996678,True
1466444860,147.4,140.4401747385646,140.4401747385646,True
1466444959,147.4,147.4,158.54694936968482,False
1466445058,147.4,151.02984264948006,151.02984264948006,True
1466445107,147.4,138.29276511897046,138.29276511897046,True
1466445165,147.4,147.4,154.83963903746292,False
1466445170,147.4,147.4,130.82890931560064,False
1466445173,147.4,148.16706284761366,148.16706284761366,True
1466445247,144.4,151.10203429896248,151.10203429896248,True
1466445305,144.4,139.0159921591715,139.0159921591715,True
1466445333,144.4,144.4,124.44375942842608,False
1466445356,144.4,128.966355054843,128.966355054843,True
1466445430,144.4,121.01267734740928,121.01267734740928,True
1466445491,152.4,133.02806646071588,133.02806646071588,True
1466445497,152.4,152.4,150.99186960785622,False
1466445514,152.4,152.4,121.68974093403087,False
1466445549,152.4,138.94988090336747,138.94988090336747,True
1466445640,152.4,136.99401164864312,136.99401164864312,True
1466445648,152.4,152.4,140.5791381577054,False
1466445739,152.4,152.4,148.1560644828221,False
1466445814,153.7,153.7,133.47029186063722,False
1466445879,153.7,150.38580531394885,150.38580531394885,True
1466445909,153.7,143.50022920189048,143.50022920189048,True
1466445965,153.7,153.7,126.38237303494489,False
1466446021,153.7,153.7,126.10258036524654,False
1466446045,153.7,153.7,149.39230734751837,False
1466446071,153.7,147.80419703112713,147.80419703112713,True
1466446120,160.2,152.61523251126556,152.61523251126556,True
1466446168,152.0,152.0,158.21251971002354,False
1466446253,162.2,150.29815468505072,150.29815468505072,True
1466446302,162.2,162.2,152.3253176241825,False
1466446389,162.2,162.2,129.53943965418372,False
1466446404,162.2,162.2,145.73735114156355,False
1466446494,162.2,162.2,154.01688499980247,False
1466446594,162.2,162.2,139.5775321369637,False
1466446643,162.2,152.78975961895645,152.78975961895645,True
1466446669,162.2,162.2,159.93450644607904,False
1466446690,162.2,145.2958490829694,145.2958490829694,True
1466446735,162.2,128.92009797973736,128.92009797973736,True
1466446766,162.2,155.3314813372615,155.3314813372615,True
1466446852,162.2,157.06866650086891,157.06866650086891,True
1466446902,162.2,127.01438770137185,127.01438770137185,True
1466446945,162.2,141.77742201299566,141.77742201299566,True
1466446987,163.4,142.59375393355043,142.59375393355043,True
1466447036,158.1,158.1,127.99032743756689,False
1466447112,159.5,159.5,124.65283953247628,False
1466447129,159.5,159.5,157.22780027526096,False
1466447189,159.5,142.498975057719,142.498975057719,True
1466447224,159.5,140.26817159959245,140.26817159959245,True
1466447270,159.5,156.23165338985658,156.23165338985658,True
1466447272,159.5,159.5,153.07519235926793,False
1466447348,159.5,159.5,121.39258763334496,False
1466447359,159.5,149.90636859274167,149.90636859274167,True
1466447388,159.5,159.5,158.8453428551873,False
1466447390,159.5,159.5,126.17531249858656,False
1466447425,159.3,147.4114215927622,147.4114215927622,True
1466447463,159.3,159.3,134.0244493367797,False
1466447485,159.3,143.34559704490766,143.34559704490766,True
1466447545,148.8,136.43005448277677,136.43005448277677,True
1466447553,148.8,136.83369041699336,136.83369041699336,True
1466447554,148.8,148.8,141.47329182828895,False
1466447573,148.8,153.6962975487902,153.6962975487902,True
1466447634,145.9,152.19482852164109,152.19482852164109,True
1466447695,145.9,140.2552443339962,140.2552443339962,True
1466447762,145.9,157.2332076794478,157.2332076794478,True
1466447844,145.9,145.9,146.17976313129418,False
1466447885,147.5,137.1388664809636,137.1388664809636,True
1466447943,147.5,147.5,120.69811320713617,False
1466447956,147.5,147.5,130.97606169662538,False
1466448041,147.5,140.23929015338697,140.23929015338697,True
1466448140,147.5,155.27078235017206,155.27078235017206,True
1466448215,147.5,135.69150732925743,135.69150732925743,True
1466448270,147.5,147.5,123.20475734058877,False
1466448302,158.2,158.2,155.5434120991984,False
1466448368,158.2,158.2,120.07558935832807,False
1466448422,158.2,158.2,144.0368331821985,False
1466448517,158.2,130.55080559286608,130.55080559286608,True
1466448614,158.2,158.2,121.55563768122873,False
1466448701,158.2,158.2,132.13218916151058,False
1466448743,164.7,126.10799815660445,126.10799815660445,True
1466448805,164.7,151.1321250955453,151.1321250955453,True
1466448844,164.7,143.4313407176029,143.4313407176029,True
1466448896,164.7,164.7,125.31544311675088,False
1466448984,164.7,164.7,123.931762793476,False
1466449031,164.7,125.16944938305788,125.16944938305788,True
1466449045,164.7,164.7,121.08165615141242,False
1466449099,164.7,138.48228646856967,138.48228646856967,True
1466449171,164.7,131.08529470075285,131.08529470075285,True
1466449261,164.7,164.7,147.06997075473882,False
1466449280,164.7,164.7,148.1760689317618,False
1466449359,156.5,156.5,153.4479960572313,False
1466449442,156.5,156.5,156.36246021434695,False
1466449496,156.5,135.23428731956017,135.23428731956017,True
1466449537,156.5,156.5,124.52251513588139,False
1466449555,156.5,144.3383499894891,144.3383499894891,True
1466449629,154.8,154.8,149.9185689661621,False
1466449635,160.3,160.3,133.64597141397115,False
1466449721,160.3,141.27844344476256,141.27844344476256,True
1466449772,160.3,160.3,135.8161696114039,False
1466449872,160.3,160.3,122.64425948378967,False
1466449873,160.3,122.20186007110854,122.20186007110854,True
1466449884,160.3,160.3,149.88042513833935,False
1466449937,160.3,160.3,133.05019364312068,False
1466449953,160.3,160.3,133.32206845102274,False
1466449959,160.3,160.3,159.4368691050428,False
1466449961,160.2,147.55761877890671,147.55761877890671,True
1466450018,160.2,137.7763731109659,137.7763731109659,True
1466450075,160.2,146.51099931860722,146.51099931860722,True
1466450150,160.2,160.2,147.6660704167463,False
1466450177,160.2,143.81883287428096,143.81883287428096,True
1466450255,157.6,141.02642302636318,141.02642302636318,True
1466450343,157.6,144.8999163865379,144.8999163865379,True
1466450348,157.6,157.6,151.2472046685689,False
1466450401,157.6,139.7039529864468,139.7039529864468,True
1466450433,157.6,157.6,153.99285403772672,False
1466450507,164.7,164.7,120.98311793799468,False
1466450536,162.6,149.34736481268817,149.34736481268817,True
1466450627,162.6,162.6,137.58163157154576,False
1466450723,162.6,162.6,139.979565070804,False
1466450817,162.6,121.24760558510745,121.24760558510745,True
1466450900,162.6,162.6,132.14466058439808,False
1466450902,162.6,148.7197328939496,148.7197328939496,True
1466450971,162.6,131.92571143902842,131.92571143902842,True
1466451016,162.6,162.6,123.01144241373011,False
1466451023,162.6,151.61374114913667,151.61374114913667,True
1466451073,162.6,141.1170552740171,141.1170552740171,True
1466451166,153.7,141.52921363400898,141.52921363400898,True
1466451231,153.7,153.7,149.75635124807894,False
1466451245,153.4,153.4,126.45600602936386,False
1466451293,153.4,143.92138637413285,143.92138637413285,True
1466451295,153.4,153.4,151.64687810927092,False
1466451378,144.6,144.6,145.90174754362567,False
1466451445,144.6,144.6,129.54004979743652,False
1466451508,144.6,144.6,122.00784117608573,False
1466451599,144.6,152.37574645957773,152.37574645957773,True
1466451686,148.9,142.9001385200606,142.9001385200606,True
1466451761,148.9,148.9,158.4723567017746,False
1466451857,148.9,122.70047127355663,122.70047127355663,True
1466451909,148.9,148.9,133.85474311461843,False
1466451919,148.9,148.9,127.76369155186893,False
1466452006,148.9,148.9,132.52392998246702,False
1466452035,148.9,148.9,132.2266512164786,False
1466452039,148.9,130.2169971413287,130.2169971413287,True
1466452104,148.9,148.9,154.2463236526527,False
1466452167,148.9,148.9,157.3334839889608,False
1466452238,148.9,148.9,120.44206637196358,False
1466452313,148.9,148.9,156.1275303846059,False
1466452339,148.9,156.72833122791195,156.72833122791195,True
1466452419,148.9,148.9,126.24045283956387,False
1466452424,148.9,148.9,141.7027618962897,False
1466452435,148.9,148.9,153.17456736568263,False
1466452531,148.9,142.02939617153555,142.02939617153555,True
1466452584,148.9,148.9,126.490165143713,False
1466452625,148.9,125.54257203642611,125.54257203642611,True
1466452676,148.9,133.40345342151147,133.40345342151147,True
1466452752,148.9,148.9,121.03911257120053,False
1466452796,148.9,148.9,141.7864928420645,False
1466452825,148.9,148.9,151.7964640593338,False
1466452860,148.9,155.12299771240976,155.12299771240976,True
1466452960,148.9,137.56208931580548,137.56208931580548,True
1466452979,148.9,148.9,125.10376395059545,False
1466453002,148.9,148.9,147.29428968189734,False
1466453016,148.9,153.01544482085833,153.01544482085833,True
1466453025,148.9,148.9,147.02181405831237,False
1466453089,148.9,159.62745868437895,159.62745868437895,True
1466453141,148.9,158.44787137788825,158.44787137788825,True
1466453154,148.9,148.9,128.98076759663059,False
1466453184,148.9,145.1846551236586,145.1846551236586,True
1466453202,153.2,153.2,136.58880942299245,False
1466453203,153.2,153.2,131.81160898305797,False
1466453222,153.2,153.2,130.70086707282783,False
1466453321,153.2,131.904398347294,131.904398347294,True
1466453379,153.2,152.50603803622977,152.50603803622977,True
1466453392,153.2,123.16065418129756,123.16065418129756,True
1466453422,153.2,129.5381834596465,129.5381834596465,True
1466453502,157.9,127.63006016366869,127.63006016366869,True
1466453518,157.9,151.67982517535225,151.67982517535225,True
1466453563,157.9,157.9,123.88907174765714,False
1466453604,157.9,157.9,159.23729472721283,False
1466453639,157.9,157.9,123.21072733308857,False
1466453705,157.9,139.1404657285227,139.1404657285227,True
1466453795,157.9,121.6649401085395,121.6649401085395,True
1466453816,157.9,157.9,126.23270897627,False
1466453870,157.9,157.9,145.57357801646194,False
1466453910,157.9,154.80181253680655,154.80181253680655,True
1466454002,157.9,144.85506459898755,144.85506459898755,True
1466454051,157.9,122.35295946649498,122.35295946649498,True
1466454087,157.9,149.87733619090315,149.87733619090315,True
1466454129,157.9,121.05911150241522,121.05911150241522,True
1466454227,157.9,157.9,136.07779375695043,False
1466454259,157.9,155.06870158401287,155.06870158401287,True
1466454262,157.9,122.21103731145111,122.21103731145111,True
1466454298,157.9,137.87278678121044,137.87278678121044,True
1466454388,157.9,157.9,159.0974193490287,False
1466454399,157.9,159.46972672238576,159.46972672238576,True
1466454473,156.4,156.4,138.93003840470735,False
1466454529,158.4,158.4,151.5552895645218,False
1466454559,158.4,158.4,151.4618074677836,False
1466454648,158.4,158.4,134.5197889400008,False
1466454745,158.4,158.4,122.07274666075581,False
1466454763,158.4,135.96400772912202,135.96400772912202,True
1466454851,158.4,158.4,139.19375436262786,False
1466454936,158.4,128.38607873071993,128.38607873071993,True
1466454949,158.4,147.64674855012044,147.64674855012044,True
1466455032,158.4,158.4,126.86024783744413,False
1466455065,158.4,137.49179305129556,137.49179305129556,True
1466455119,158.4,125.62151343468682,125.62151343468682,True
1466455172,158.4,129.1980287541412,129.1980287541412,True
1466455196,158.4,158.4,131.22987481925614,False
1466455271,158.4,122.17568610181408,122.17568610181408,True
1466455357,158.4,147.90475288763827,147.90475288763827,True
1466455361,158.4,144.7277003605926,144.7277003605926,True
1466455394,158.4,158.4,130.37429669957243,False
1466455475,158.4,158.4,146.5693351286883,False
1466455497,158.4,158.4,121.0362438939078,False
1466455561,158.4,158.4,129.45492061052795,False
1466455575,158.4,158.77382092824038,158.77382092824038,True
1466455587,158.4,158.64481116913652,158.64481116913652,True
1466455651,158.4,126.12709086847377,126.12709086847377,True
1466455658,158.4,158.4,152.7590439812249,False
1466455732,158.4,126.52444167015334,126.52444167015334,True
1466455812,158.4,144.74436884717224,144.74436884717224,True
1466455910,158.4,158.4,128.79640118725234,False
1466455951,158.4,134.7471575502037,134.7471575502037,True
1466455999,158.4,131.7454719623732,131.7454719623732,True
1466456054,158.4,124.07037032201877,124.07037032201877,True
1466456058,158.4,158.4,156.61634765739768,False
1466456074,158.1,158.1,156.52555279987362,False
1466456088,158.1,158.1,157.33527075191438,False
1466456118,158.1,136.91505451069972,136.91505451069972,True
1466456218,155.4,132.37187273993266,132.37187273993266,True
1466456265,155.4,129.2085691694403,129.2085691694403,True
1466456270,146.1,146.1,139.7192828883716,False
1466456312,146.1,128.13912474141034,128.13912474141034,True
1466456346,146.1,154.8071234923986,154.8071234923986,True
1466456374,146.1,135.47416198297344,135.47416198297344,True
1466456406,146.1,126.15072984242846,126.15072984242846,True
1466456482,139.1,139.1,145.95999695436115,False
1466456512,139.1,139.1,154.2278393910792,False
1466456610,139.1,139.1,133.08825489657443,False
1466456683,139.1,144.4182887911538,144.4182887911538,True
1466456768,139.1,122.17728377501605,122.17728377501605,True
1466456856,132.5,132.5,121.80270588070611,False
1466456927,132.5,149.59680145851192,149.59680145851192,True
1466457014,125.7,125.7,143.33157739966754,False
1466457032,133.3,158.3162670224288,158.3162670224288,True
1466457067,129.3,125.49232899043622,125.49232899043622,True
1466457157,139.5,147.765986302875,147.765986302875,True
1466457215,139.5,121.69646481668427,121.69646481668427,True
1466457267,139.5,139.5,155.59860310298876,False
1466457357,139.5,139.5,153.36410206417318,False
1466457434,146.6,159.3441488117672,159.3441488117672,True
1466457487,146.6,142.17818913350573,142.17818913350573,True
1466457559,146.6,146.6,152.2235195478964,False
1466457603,146.6,146.6,126.94261868816452,False
1466457671,146.6,146.6,153.8278653726236,False
1466457713,148.5,155.29867741950446,155.29867741950446,True
1466457745,148.5,148.5,151.006774048721,False
1466457782,148.5,148.5,145.81230624327586,False
1466457802,148.5,148.5,130.75494932774623,False
1466457817,148.5,148.5,157.5011193494596,False
1466457865,148.5,141.9616594385471,141.9616594385471,True
1466457884,148.5,129.7693192698021,129.7693192698021,True
1466457885,148.5,151.48102918658861,151.48102918658861,True
1466457917,148.5,155.07860657998683,155.07860657998683,True
1466457973,147.5,147.5,154.18988693953622,False
1466458045,143.3,128.94814387892285,128.94814387892285,True
1466458135,143.3,125.10166455412191,125.10166455412191,True
1466458151,143.3,143.3,147.32587235797067,False
1466458230,143.3,143.3,152.5863240684718,False
1466458324,143.3,123.08278693476011,123.08278693476011,True
1466458362,143.3,148.02226189738133,148.02226189738133,True
1466458438,143.3,143.3,134.22144580408144,False
1466458454,138.5,136.6564592633438,136.6564592633438,True
1466458496,138.5,138.5,123.86535568522085,False
1466458509,138.5,138.5,148.77001106568312,False
1466458580,138.5,138.5,138.02441584002514,False
1466458590,138.5,138.5,144.5516950132499,False
1466458626,139.7,142.73039213241861,142.73039213241861,True
1466458642,139.7,159.2040443523124,159.2040443523124,True
1466458665,139.7,132.7179349795029,132.7179349795029,True
1466458694,146.3,128.83904851576096,128.83904851576096,True
1466458762,138.1,138.1,134.01355696823825,False
1466458793,138.1,138.1,153.04128145536103,False
1466458824,138.1,125.44824510131185,125.44824510131185,True
1466458906,145.6,134.4642454025144,134.4642454025144,True
1466458982,145.6,159.47376906091455,159.47376906091455,True
1466459068,145.6,145.6,144.32274792552928,False
1466459159,145.6,145.63468738704174,145.63468738704174,True
1466459184,145.6,145.6,153.19656573975138,False
1466459273,145.6,145.6,141.57085383152037,False
1466459372,145.6,145.6,131.4190503825232,False
1466459415,145.6,150.64625399172886,150.64625399172886,True
1466459483,145.6,126.96067435552864,126.96067435552864,True
1466459504,151.0,149.9012760055009,149.9012760055009,True
1466459588,151.0,148.07186563553915,148.07186563553915,True
1466459595,151.0,151.0,125.01201667753266,False
1466459673,151.0,128.54243449952912,128.54243449952912,True
1466459726,151.0,158.75971745237266,158.75971745237266,True
1466459800,151.0,151.0,143.62305018448814,False
1466459857,151.0,132.45582812557234,132.45582812557234,True
1466459887,151.0,135.50276491384992,135.50276491384992,True
1466459913,151.0,151.0,144.34605885107837,False
1466459974,151.0,135.53243626338173,135.53243626338173,True
1466459995,151.0,122.88673904263673,122.88673904263673,True
1466460001,151.0,141.82545243763738,141.82545243763738,True
1466460054,140.9,142.41184523621132,142.41184523621132,True
1466460130,140.9,132.10869774177056,132.10869774177056,True
1466460215,135.8,142.8664784644737,142.8664784644737,True
1466460252,135.8,135.8,128.6523949641357,False
1466460272,135.8,135.8,154.35614077324857,False
1466460346,135.8,144.7956916870665,144.7956916870665,True
1466460440,135.8,135.8,123.0774216659115,False
1466460461,135.8,158.59572358151095,158.59572358151095,True
1466460528,135.8,150.0514806007195,150.0514806007195,True
1466460610,135.8,135.8,128.61619687020521,False
1466460630,135.8,135.8,134.60852987561188,False
1466460691,135.8,135.8,141.30023363708085,False
1466460706,125.5,120.9704594019087,120.9704594019087,True
1466460739,115.9,138.70858511209676,138.70858511209676,True
1466460765,115.9,115.9,149.3361083279814,False
1466460795,115.9,130.88108190404532,130.88108190404532,True
1466460877,115.9,141.67054390183293,141.67054390183293,True
1466460973,115.9,154.03370686195956,154.03370686195956,True
1466461009,115.9,137.18843612533468,137.18843612533468,True
1466461027,115.9,141.97036235711056,141.97036235711056,True
1466461032,123.0,123.0,151.07858835413373,False
1466461096,131.5,137.80065487336861,137.80065487336861,True
1466461169,131.5,131.1119826561271,131.1119826561271,True
1466461256,129.5,122.88922670474213,122.88922670474213,True
1466461351,129.5,138.84030877553243,138.84030877553243,True
1466461451,135.9,157.4712500755926,157.4712500755926,True
1466461531,135.9,135.9,121.75804818839846,False
1466461568,135.9,135.9,145.18151289548618,False
1466461583,135.9,135.9,140.58554211203494,False
1466461647,135.9,135.9,130.47252843041784,False
1466461703,135.9,135.9,149.88192205263726,False
1466461794,141.6,141.6,123.62431315034772,False
1466461813,141.6,154.78154487409319,154.78154487409319,True
1466461910,141.6,141.6,123.49887115946285,False
1466461988,141.6,141.6,132.8967961444092,False
1466462056,141.6,144.51949783698737,144.51949783698737,True
1466462101,144.1,144.1,138.18670774748227,False
1466462155,144.1,137.46411848077744,137.46411848077744,True
1466462215,144.1,144.1,153.01548711794834,False
1466462278,144.1,136.0108822780502,136.0108822780502,True
1466462368,144.1,144.1,139.8448521615913,False
1466462412,144.1,144.1,134.84928068680705,False
1466462512,144.1,124.51942590016883,124.51942590016883,True
1466462594,144.1,146.55060821831248,146.55060821831248,True
1466462671,144.1,144.1,150.5329416939581,False
1466462716,144.1,138.35576970036618,138.35576970036618,True
1466462746,144.1,156.6068140299586,156.6068140299586,True
1466462782,144.1,133.652757618199,133.652757618199,True
1466462820,144.1,144.1,155.7371572878804,False
1466462833,144.1,144.1,159.6548741446735,False
1466462842,144.1,157.88149467923492,157.88149467923492,True
1466462850,144.1,144.1,156.05406672671432,False
1466462941,144.1,120.12838532731891,120.12838532731891,True
1466463026,144.1,157.74780248232992,157.74780248232992,True
1466463117,144.1,144.1,120.18013781920502,False
1466463139,144.1,144.1,130.72854219227838,False
