1466410104,7.0,3.8292759726135825,3.8292759726135825,True
1466410114,7.0,7.0,5.488574926556965,False
1466410130,7.0,4.690640354562072,4.690640354562072,True
1466410181,7.0,7.0,3.4870270828400427,False
1466410203,7.0,7.0,6.3704216628134915,False
1466410250,7.0,7.0,5.819721028226914,False
1466410309,7.0,5.313346005127071,5.313346005127071,True
1466410397,7.0,5.514803128798496,5.514803128798496,True
1466410430,7.0,7.0,4.314301467164668,False
1466410469,7.0,7.0,6.835408983732998,False
1466410483,7.3,7.3,7.8954023123538075,False
1466410498,6.5,6.5,6.270702645488621,False
1466410502,4.9,6.60520844946893,6.60520844946893,True
1466410532,4.9,3.4844337585228087,3.4844337585228087,True
1466410541,3.7,3.7,5.386037152555155,False
1466410573,4.7,4.7,7.860025873137336,False
1466410630,4.7,5.0948919419619925,5.0948919419619925,True
1466410653,4.7,4.7,7.585409738765437,False
1466410746,4.7,6.164361226816528,6.164361226816528,True
1466410814,4.7,3.53943354398182,3.53943354398182,True
1466410890,4.7,4.7,3.626961786031503,False
1466410902,6.4,5.7239116870386,5.7239116870386,True
1466410978,6.4,7.429239676724194,7.429239676724194,True
1466411008,6.3,7.5825227721771435,7.5825227721771435,True
1466411066,6.3,6.3,3.529056331023176,False
1466411094,6.3,3.1568251807127123,3.1568251807127123,True
1466411157,7.2,5.389550648574074,5.389550648574074,True
1466411223,4.1,3.694884598216036,3.694884598216036,True
1466411226,4.1,4.760388088378602,4.760388088378602,True
1466411272,4.5,4.5,6.347285858673264,False
1466411303,4.5,3.153643557840384,3.153643557840384,True
1466411318,6.7,4.098550558788472,4.098550558788472,True
1466411396,6.7,6.725695744692248,6.725695744692248,True
1466411493,6.7,6.7,5.1258004918638305,False
1466411549,6.7,6.7,7.040565907020975,False
1466411560,5.0,5.0,5.607383470227301,False
1466411626,5.0,5.0,7.389940251396981,False
1466411723,5.0,5.0,5.4311379092482746,False
1466411763,5.0,5.0,7.9528244147299505,False
1466411785,5.0,5.221859835921768,5.221859835921768,True
1466411854,5.0,5.0,3.566785567371395,False
1466411889,5.0,7.1873300044630755,7.1873300044630755,True
1466411988,5.0,5.0,3.8387430796857127,False
1466412022,5.0,5.0,6.7280779330981115,False
1466412046,5.0,7.597728969221303,7.597728969221303,True
1466412076,4.3,4.3,6.6459833981269165,False
1466412152,4.3,4.3,3.4333586103061133,False
1466412181,4.3,4.115457703541297,4.115457703541297,True
1466412201,4.3,3.8885233570321476,3.8885233570321476,True
1466412260,4.3,4.3,4.812794387256693,False
1466412347,4.3,7.904361632309023,7.904361632309023,True
1466412360,4.3,7.7300245541226555,7.7300245541226555,True
1466412438,4.3,7.3756960135626874,7.3756960135626874,True
1466412521,4.3,4.3,7.87154458457895,False
1466412599,4.3,4.3,5.403686417510025,False
1466412639,5.4,5.4,6.097381396305121,False
1466412691,5.4,3.7062492058216554,3.7062492058216554,True
1466412747,5.4,5.4,4.86496817558275,False
1466412794,5.4,5.4,4.708087249418057,False
1466412819,5.4,6.877995807244451,6.877995807244451,True
1466412832,5.4,5.4,6.77447923992148,False
1466412874,7.0,7.0,5.025756703959217,False
1466412943,7.0,7.0,3.912719399787857,False
1466412971,7.0,7.0,6.663460896991328,False
1466412990,4.6,3.033787208951102,3.033787208951102,True
1466413028,4.6,4.6,3.3701081786191383,False
1466413053,6.9,6.9,6.573561181606802,False
1466413125,6.9,3.496766514275222,3.496766514275222,True
1466413200,4.9,4.9,4.791436521654913,False
1466413264,4.9,7.535677585273862,7.535677585273862,True
1466413311,4.9,4.9,4.771823997349174,False
1466413342,4.9,4.939664056740936,4.939664056740936,True
1466413440,4.9,4.9,6.395012460277899,False
1466413458,4.9,4.9,4.6048291022228,False
1466413529,7.5,7.5,3.8404822064609934,False
1466413542,7.5,7.5,3.1150608356517218,False
1466413638,5.5,6.753901602593767,6.753901602593767,True
1466413672,5.5,4.943888813281627,4.943888813281627,True
1466413733,5.5,5.5,7.663475781067585,False
1466413779,5.5,5.876503560123651,5.876503560123651,True
1466413780,5.5,7.064336363050981,7.064336363050981,True
1466413864,5.5,6.076067728625356,6.076067728625356,True
1466413885,5.5,5.5,5.550271159330407,False
1466413946,5.5,5.5,5.94916902677065,False
1466414033,5.1,7.208153125880934,7.208153125880934,True
1466414071,5.1,7.287080189399056,7.287080189399056,True
1466414164,4.8,4.8,4.101822607319359,False
1466414225,4.4,4.4,7.467649605688219,False
1466414312,6.6,6.516118451891808,6.516118451891808,True
1466414325,6.6,5.064602789758651,5.064602789758651,True
1466414328,6.6,6.6,5.122501115285159,False
1466414329,5.9,4.249209434044186,4.249209434044186,True
1466414402,5.9,3.9178842365359934,3.9178842365359934,True
1466414407,5.9,5.9,7.293898319263663,False
1466414413,5.9,5.9,3.407914523585862,False
1466414460,6.2,4.843159912811458,4.843159912811458,True
1466414552,6.2,5.667219390436598,5.667219390436598,True
1466414602,6.2,6.2,6.316206077048047,False
1466414662,6.2,3.9389970761842537,3.9389970761842537,True
1466414746,6.2,7.349497077714112,7.349497077714112,True
1466414844,7.0,7.0,7.616672345017561,False
1466414943,7.0,7.0,3.579196333901667,False
1466414946,7.0,7.0,4.282692194173865,False
1466414966,7.0,5.775705770731506,5.775705770731506,True
1466415038,7.0,4.8242490493932015,4.8242490493932015,True
1466415106,7.0,7.0,7.051215325523015,False
1466415130,7.0,5.230316393022983,5.230316393022983,True
1466415145,7.0,4.495093862433003,4.495093862433003,True
1466415202,4.7,4.136712695295147,4.136712695295147,True
1466415239,4.7,4.7,4.664512845248355,False
1466415249,4.7,4.7,7.674840993830141,False
1466415308,4.7,4.7,3.63273156763973,False
1466415357,4.7,4.7,7.026294389647536,False
1466415404,6.9,6.540859663133835,6.540859663133835,True
1466415469,6.9,6.9,6.491061044669463,False
1466415548,6.9,4.568600372057009,4.568600372057009,True
1466415588,5.0,5.0,3.593176480957333,False
1466415627,5.0,5.0,3.3594438019867234,False
1466415719,6.7,3.6427502333086137,3.6427502333086137,True
1466415767,6.7,3.8574217630726393,3.8574217630726393,True
1466415860,6.1,6.485377528998674,6.485377528998674,True
1466415872,6.1,6.1,6.945306917929714,False
1466415914,6.1,6.1,5.425485102557765,False
1466415934,6.1,4.538435403303371,4.538435403303371,True
1466415988,6.1,6.1,6.305416294606731,False
1466416004,4.3,4.3,3.031105281171158,False
1466416050,3.2,3.2,3.8695983814176693,False
1466416150,3.2,3.031931304863748,3.031931304863748,True
1466416161,3.2,3.2,6.309313204434405,False
1466416215,3.2,5.743209185880433,5.743209185880433,True
1466416315,3.2,3.2,7.747972451128468,False
1466416321,3.2,6.02871069074785,6.02871069074785,True
1466416393,3.2,3.2,6.184717700681486,False
1466416440,3.2,6.425074677638033,6.425074677638033,True
1466416510,3.9,6.055724583741317,6.055724583741317,True
1466416541,3.9,3.9,7.787383064726574,False
1466416631,3.9,3.9,4.8810670196221775,False
1466416671,3.9,4.206068221465979,4.206068221465979,True
1466416725,3.9,3.9,4.62346449862107,False
1466416815,3.9,3.9,7.628141445602327,False
1466416867,3.9,3.9,3.0582720255292255,False
1466416933,3.9,3.9,3.0108185252600297,False
1466416963,3.9,4.765211860842334,4.765211860842334,True
1466417034,3.9,3.9,6.121070398418894,False
1466417069,3.9,6.17862665179985,6.17862665179985,True
1466417095,6.6,6.6,4.67185539887712,False
1466417123,6.6,5.982769030573673,5.982769030573673,True
1466417219,6.6,4.882949306372016,4.882949306372016,True
1466417228,6.6,6.6,6.088031007663366,False
1466417235,6.6,5.396677875197347,5.396677875197347,True
1466417266,6.6,5.59507659638925,5.59507659638925,True
1466417298,6.4,6.4,6.397140312882431,False
1466417382,6.4,6.764916241838819,6.764916241838819,True
1466417429,6.4,3.1094665766456036,3.1094665766456036,True
1466417434,6.4,7.2444238094050855,7.2444238094050855,True
1466417513,6.4,5.463694457520057,5.463694457520057,True
1466417598,4.3,4.3,6.618705586679643,False
1466417615,4.3,4.3,5.0045943751312745,False
1466417654,4.3,4.3,5.338827320050645,False
1466417749,4.3,4.3,3.6309806519180157,False
1466417763,4.8,4.225245630322019,4.225245630322019,True
1466417822,4.8,4.8,5.486700118736554,False
1466417851,4.8,4.8,4.08907828724174,False
1466417855,4.8,7.618000307199021,7.618000307199021,True
1466417879,4.8,4.8,3.266621368547268,False
1466417895,4.8,4.8,6.429409019842161,False
1466417969,4.8,4.8,5.241535580871576,False
1466418049,4.8,3.399652616912332,3.399652616912332,True
1466418118,4.8,3.750578434898692,3.750578434898692,True
1466418129,4.8,5.089636753798256,5.089636753798256,True
1466418179,4.8,6.855747075229774,6.855747075229774,True
1466418254,4.8,4.8,7.012839759413561,False
1466418332,4.8,4.8,6.705500882615229,False
1466418428,4.8,4.8,5.874756643530407,False
1466418494,3.9,4.128697179495156,4.128697179495156,True
1466418554,7.3,3.9446939816440425,3.9446939816440425,True
1466418563,7.3,3.6075891713427897,3.6075891713427897,True
1466418564,7.3,5.000061793721928,5.000061793721928,True
1466418594,7.3,7.3,6.619476092358114,False
1466418674,7.3,6.810686247154471,6.810686247154471,True
1466418748,7.3,5.2055488196447826,5.2055488196447826,True
1466418847,3.7,3.7,6.293223076448377,False
1466418877,3.7,4.033195036158862,4.033195036158862,True
1466418917,3.7,4.526213255892436,4.526213255892436,True
1466418938,3.7,3.7,7.954369248639829,False
1466419031,6.3,6.3,4.491771156575098,False
1466419058,6.3,6.3,3.467959071033945,False
1466419104,6.3,6.3,6.945328780281838,False
1466419166,6.3,7.166773781550934,7.166773781550934,True
1466419261,6.3,6.3,5.255124119081475,False
1466419349,5.3,5.421943881144082,5.421943881144082,True
1466419442,5.1,5.1,3.3068138539318666,False
1466419530,5.1,4.474780294195153,4.474780294195153,True
1466419595,4.4,4.4,3.166453230673425,False
1466419646,4.4,4.362172254848278,4.362172254848278,True
1466419737,4.4,4.4,5.034086284622031,False
1466419826,4.4,3.710402552168957,3.710402552168957,True
1466419880,4.4,7.5130245803562605,7.5130245803562605,True
1466419911,4.4,4.4,5.2936781506132995,False
1466419938,5.5,5.5,5.0088976023804985,False
1466420016,5.5,5.5,5.498532997049185,False
1466420019,5.5,5.5,5.207473256571768,False
1466420108,5.5,5.5,4.765710192902127,False
1466420205,3.9,4.821073745004831,4.821073745004831,True
1466420228,3.9,3.9,7.338600244028583,False
1466420257,3.9,6.296478330084502,6.296478330084502,True
1466420270,3.9,3.9,5.364604394232143,False
1466420296,3.9,6.182735440015295,6.182735440015295,True
1466420331,3.9,4.340869984917423,4.340869984917423,True
1466420407,3.9,5.5863455416590995,5.5863455416590995,True
1466420430,3.9,3.9,5.005093186261436,False
1466420453,3.9,3.9,4.7482662422164355,False
1466420474,3.9,3.9,4.880306327926105,False
1466420566,3.9,7.875318304074494,7.875318304074494,True
1466420579,3.9,5.1555023089926895,5.1555023089926895,True
1466420618,3.8,6.823971835238089,6.823971835238089,True
1466420624,3.8,4.33845890342431,4.33845890342431,True
1466420643,6.4,3.1559567613554567,3.1559567613554567,True
1466420695,6.9,6.9,3.760225895987717,False
1466420788,6.9,4.604253008974601,4.604253008974601,True
1466420863,4.9,4.9,7.181046852817344,False
1466420947,4.9,3.794996298352246,3.794996298352246,True
1466421003,4.9,4.111270322028977,4.111270322028977,True
1466421032,4.9,6.753146823460646,6.753146823460646,True
1466421050,4.9,4.93431122515881,4.93431122515881,True
1466421116,5.5,7.955481484553562,7.955481484553562,True
1466421208,5.5,5.5,6.692170589834068,False
1466421234,4.8,4.8,4.087868209555722,False
1466421262,4.8,4.8,3.4871885390175508,False
1466421353,3.9,3.9,6.854419937040641,False
1466421360,3.9,3.9,4.91717953277902,False
1466421392,5.8,6.401390408025291,6.401390408025291,True
1466421480,5.8,6.9519579578432555,6.9519579578432555,True
1466421530,6.9,5.474766056702296,5.474766056702296,True
1466421547,6.9,6.9,5.170660509445137,False
1466421591,6.9,7.747287586138389,7.747287586138389,True
1466421633,6.9,6.3514407636383865,6.3514407636383865,True
1466421636,6.9,3.06509547928717,3.06509547928717,True
1466421670,6.9,4.345084116585314,4.345084116585314,True
1466421695,6.9,5.5383931067720695,5.5383931067720695,True
1466421721,6.9,5.642885080986304,5.642885080986304,True
1466421804,6.9,6.9,7.455026283426442,False
1466421819,6.9,3.0782803520158506,3.0782803520158506,True
1466421862,3.1,5.092204428682858,5.092204428682858,True
1466421885,3.4,3.1974783636200534,3.1974783636200534,True
1466421936,7.2,7.2,6.6856641659652,False
1466422012,7.2,3.1637970080680304,3.1637970080680304,True
1466422044,7.2,7.583053845398618,7.583053845398618,True
1466422045,7.2,7.2,7.91793455548783,False
1466422137,7.2,7.2,4.819216485184571,False
1466422162,7.2,7.178851454040527,7.178851454040527,True
1466422189,7.2,5.74883405467674,5.74883405467674,True
1466422197,7.2,7.2,7.550903074811977,False
1466422264,7.2,7.2,6.808112444826534,False
1466422330,7.2,5.345505806987301,5.345505806987301,True
1466422378,7.2,3.9042351557803165,3.9042351557803165,True
1466422432,5.9,5.9,3.7164430212524096,False
1466422488,5.9,6.22671227068998,6.22671227068998,True
1466422577,5.9,5.344691939280349,5.344691939280349,True
1466422628,5.9,4.291754726620891,4.291754726620891,True
1466422638,5.9,6.940720090901143,6.940720090901143,True
1466422666,5.9,5.9,7.3053421588517775,False
1466422706,5.9,7.230332916321839,7.230332916321839,True
1466422731,5.9,5.9,4.906543472672456,False
1466422804,4.7,6.452095751150145,6.452095751150145,True
1466422866,4.7,6.8673089961436276,6.8673089961436276,True
1466422873,4.7,3.8366237719069183,3.8366237719069183,True
1466422895,4.7,4.7,6.300747917382591,False
1466422953,4.7,3.179514682939554,3.179514682939554,True
1466422973,4.7,3.100726650648017,3.100726650648017,True
1466423017,4.7,4.7,5.130661445867016,False
1466423051,4.7,4.7,5.904541904413884,False
1466423099,4.1,4.978605457205997,4.978605457205997,True
1466423150,4.1,5.989296699277817,5.989296699277817,True
1466423155,4.1,4.1,3.0732199955734183,False
1466423168,4.1,6.506774813864483,6.506774813864483,True
1466423205,4.1,4.1,6.405310034327956,False
1466423275,4.1,3.522346924902596,3.522346924902596,True
1466423287,4.1,4.1,6.634035266250741,False
1466423336,4.1,4.1,4.617457166790049,False
1466423340,4.1,4.887083159032863,4.887083159032863,True
1466423355,4.1,3.2247156277174582,3.2247156277174582,True
1466423443,4.1,7.996031756096084,7.996031756096084,True
1466423499,8.0,8.0,3.072212399173192,False
1466423585,5.5,5.5,6.545554030325651,False
1466423612,7.9,7.9,5.164973885358753,False
1466423669,7.9,3.3205483745496873,3.3205483745496873,True
1466423705,7.9,7.9,4.204930368211408,False
1466423770,7.9,3.212425341917157,3.212425341917157,True
1466423844,7.9,7.9,5.235250002622072,False
1466423902,7.9,6.244276826458634,6.244276826458634,True
1466423913,7.9,5.586229651240963,5.586229651240963,True
1466423972,7.9,7.9,4.733546653402356,False
1466424014,7.9,5.771921605077678,5.771921605077678,True
1466424069,7.9,5.851134308056476,5.851134308056476,True
1466424154,6.0,3.0539923182213755,3.0539923182213755,True
1466424155,6.0,6.0,4.958807509366585,False
1466424169,6.0,6.0,4.603774967255187,False
1466424262,6.0,4.822697958424813,4.822697958424813,True
1466424339,6.0,7.604536240131639,7.604536240131639,True
1466424398,6.0,6.0,5.9943798339773116,False
1466424497,6.0,3.0699335001200567,3.0699335001200567,True
1466424558,6.0,6.133894252924616,6.133894252924616,True
1466424613,6.0,3.8519083462973596,3.8519083462973596,True
1466424713,6.0,6.0,3.103945391828054,False
1466424804,6.0,4.535378728054075,4.535378728054075,True
1466424878,6.0,4.44928805506761,4.44928805506761,True
1466424924,6.0,7.917586678826253,7.917586678826253,True
1466425009,6.0,6.0,6.659822019519541,False
1466425106,6.0,6.0,6.860945742016176,False
1466425129,6.0,5.274979040403948,5.274979040403948,True
1466425179,6.0,6.0,6.949149170971051,False
1466425257,6.0,4.0153183469922595,4.0153183469922595,True
1466425262,6.2,6.2,6.376569930962324,False
1466425305,6.2,4.531297710234337,4.531297710234337,True
1466425331,7.6,6.731331089297431,6.731331089297431,True
1466425338,7.6,7.412954229623191,7.412954229623191,True
1466425377,6.2,6.2,3.9621082757782857,False
1466425380,6.2,6.2,4.552712810630798,False
1466425417,6.2,6.2,3.4544337085802317,False
1466425484,6.2,3.987801877661659,3.987801877661659,True
1466425517,6.2,6.822593570648746,6.822593570648746,True
1466425553,5.6,5.6,4.056103355537115,False
1466425640,3.1,3.1,3.131095830612897,False
1466425687,4.0,5.168400329906549,5.168400329906549,True
1466425711,4.0,4.0,6.459923982837184,False
1466425768,4.0,4.319430285492658,4.319430285492658,True
1466425811,4.9,3.2687137032079328,3.2687137032079328,True
1466425856,4.9,3.688625559976912,3.688625559976912,True
1466425869,4.9,4.9,5.769218833879229,False
1466425884,4.9,3.031038301219526,3.031038301219526,True
1466425962,4.9,3.6080878004517283,3.6080878004517283,True
1466425974,4.9,4.9,5.308664772229375,False
1466426016,4.9,7.816224306526023,7.816224306526023,True
1466426024,4.9,4.9,4.501523382892378,False
1466426034,4.9,4.9,6.02183459855654,False
1466426130,4.9,5.144980558851612,5.144980558851612,True
1466426189,4.9,4.9,4.102787514194869,False
1466426198,4.9,4.9,3.7147216530289975,False
1466426280,4.9,4.9,7.759840647045415,False
1466426298,4.9,4.9,5.342245137671931,False
1466426380,4.9,4.419141087439051,4.419141087439051,True
1466426420,4.9,4.9,4.849849787091305,False
1466426509,4.9,4.9,6.540449112974011,False
1466426521,4.9,4.360249481113782,4.360249481113782,True
1466426535,4.9,3.79131881751269,3.79131881751269,True
1466426563,6.1,4.4643853644883915,4.4643853644883915,True
1466426620,6.1,6.1,3.872024764677466,False
1466426694,6.1,6.393959514963187,6.393959514963187,True
1466426764,6.1,6.233001898386559,6.233001898386559,True
1466426778,5.3,6.539139039572485,6.539139039572485,True
1466426866,5.3,5.3,5.784665691158015,False
1466426938,5.3,5.772715666875276,5.772715666875276,True
1466427022,5.3,5.3,7.85297741285886,False
1466427059,5.3,7.267849665960307,7.267849665960307,True
1466427125,5.3,5.45169480396579,5.45169480396579,True
1466427204,3.8,6.623673296711594,6.623673296711594,True
1466427240,3.8,6.344419201216749,6.344419201216749,True
1466427317,3.8,3.8,7.443477928498069,False
1466427319,5.2,6.177071365068771,6.177071365068771,True
1466427331,5.2,6.950677880706497,6.950677880706497,True
1466427425,5.2,5.2,4.739799104363523,False
1466427458,5.2,5.2,6.180200563284332,False
1466427495,7.2,7.125837090271972,7.125837090271972,True
1466427543,7.2,3.277330812055064,3.277330812055064,True
1466427625,4.8,4.8,7.281454850892704,False
1466427663,3.2,3.2,4.770773514746523,False
1466427672,3.2,6.73784031803781,6.73784031803781,True
1466427684,3.2,3.2,3.9942236518599663,False
1466427739,3.2,3.2,5.459183720002804,False
1466427769,3.2,3.2,6.8689853645922465,False
1466427775,3.2,3.071300064809651,3.071300064809651,True
1466427820,3.5,3.5,5.758603926797227,False
1466427837,3.5,5.3521283395116885,5.3521283395116885,True
1466427846,3.5,3.5,3.535416247521833,False
1466427904,3.5,4.338014410329608,4.338014410329608,True
1466427997,3.5,3.5,6.03621351425981,False
1466428027,3.5,3.5,4.168628321514454,False
1466428114,3.5,3.5,6.30744495620164,False
1466428212,3.5,3.5,7.401004205784947,False
1466428294,3.5,5.8202404473523135,5.8202404473523135,True
1466428321,3.5,3.2638874813783727,3.2638874813783727,True
1466428340,3.9,3.9,6.786314302493583,False
1466428378,3.9,7.8226145529554385,7.8226145529554385,True
1466428463,3.9,3.9,3.4996771253535046,False
1466428551,3.9,7.0894906558233775,7.0894906558233775,True
1466428575,3.9,3.9,7.482811152165781,False
1466428593,5.3,5.3,6.705282065392082,False
1466428682,5.3,5.3,3.689743281221901,False
1466428699,5.3,7.122051725315602,7.122051725315602,True
1466428719,5.3,5.3,3.105896768162167,False
1466428819,5.3,5.923028745598264,5.923028745598264,True
1466428850,5.3,5.3,4.653521618154009,False
1466428884,5.3,5.3,6.813616938726153,False
1466428973,5.3,7.663727461437271,7.663727461437271,True
1466429006,5.3,5.3,3.790225823075853,False
1466429026,5.3,7.586272317961282,7.586272317961282,True
1466429066,5.1,5.1,6.848596757340537,False
1466429072,5.1,3.4089489293477118,3.4089489293477118,True
1466429103,5.1,5.1,3.443526194621841,False
1466429110,5.1,5.1,5.943792481231033,False
1466429123,5.1,5.1,7.397277432843482,False
1466429168,5.1,6.470043911707064,6.470043911707064,True
1466429182,5.1,6.170690731477981,6.170690731477981,True
1466429184,5.1,6.1589442807992985,6.1589442807992985,True
1466429197,5.1,5.712878686765871,5.712878686765871,True
1466429280,5.1,4.245920966705665,4.245920966705665,True
1466429378,5.1,5.1,4.2269544095240725,False
1466429450,5.1,5.1,3.352074001860541,False
1466429455,5.1,3.921378444361274,3.921378444361274,True
1466429510,5.1,5.1,5.658371350135608,False
1466429565,5.1,5.1,3.820261374037719,False
1466429566,5.1,5.1,4.738772387298676,False
1466429592,5.1,6.200212347460198,6.200212347460198,True
1466429623,5.1,6.2462364727556166,6.2462364727556166,True
1466429691,5.1,5.1,7.081643265279837,False
1466429733,5.1,7.889841792092944,7.889841792092944,True
1466429803,5.1,7.498755399311553,7.498755399311553,True
1466429832,5.1,5.1,4.021284961598567,False
1466429905,5.1,7.008611467306766,7.008611467306766,True
1466429997,6.4,6.4,5.846270825113679,False
1466430050,6.5,6.5,5.876353240977745,False
1466430088,6.5,4.115794666317518,4.115794666317518,True
1466430174,6.5,7.114742705419143,7.114742705419143,True
1466430247,6.5,4.251787955125698,4.251787955125698,True
1466430344,6.5,4.895608010649761,4.895608010649761,True
1466430375,7.4,7.745530613870019,7.745530613870019,True
1466430400,7.4,5.820518269499047,5.820518269499047,True
1466430457,6.0,7.216435621193968,7.216435621193968,True
1466430483,6.0,6.217305734044017,6.217305734044017,True
1466430517,6.0,6.0,3.345724604712578,False
1466430524,6.0,5.886041704955661,5.886041704955661,True
1466430592,4.5,6.205863266785461,6.205863266785461,True
1466430616,4.5,4.5,7.22648759966458,False
1466430631,4.5,6.396101414499031,6.396101414499031,True
1466430680,4.5,4.5,6.050723196695338,False
1466430734,4.5,4.3616696888692275,4.3616696888692275,True
1466430790,4.5,4.5,6.790002121268028,False
1466430815,4.5,6.094104046324755,6.094104046324755,True
1466430895,4.5,4.5,6.758130262829558,False
1466430916,4.5,7.751254210644021,7.751254210644021,True
1466430929,4.5,4.196259094833879,4.196259094833879,True
1466430936,4.5,3.8145345938992095,3.8145345938992095,True
1466431009,6.0,4.035023645672246,4.035023645672246,True
1466431036,6.0,6.0,5.701789943292689,False
1466431055,6.0,6.0,6.6713360607056185,False
1466431145,6.0,6.0,4.599148862786397,False
1466431218,6.0,5.1873268025325565,5.1873268025325565,True
1466431290,6.0,6.0,5.024998445527689,False
1466431324,6.0,5.072275345545178,5.072275345545178,True
1466431400,6.0,4.862373935709769,4.862373935709769,True
1466431450,6.0,6.1634292326943365,6.1634292326943365,True
1466431526,6.0,6.0,5.551900216613548,False
1466431589,3.7,3.7,6.168781504759815,False
1466431661,3.7,7.265879386195884,7.265879386195884,True
1466431760,3.7,3.7,7.403931486961671,False
1466431796,4.8,4.981534791185709,4.981534791185709,True
1466431848,4.8,7.637722244169176,7.637722244169176,True
1466431879,4.8,3.877210762544607,3.877210762544607,True
1466431954,4.8,4.8,3.3944805129306954,False
1466431958,4.8,4.8,4.2400662893161725,False
1466432002,4.8,7.300079967235345,7.300079967235345,True
1466432101,4.8,4.8,5.0849043852523685,False
1466432177,4.8,7.057272439189502,7.057272439189502,True
1466432194,4.8,4.8,7.326224157945172,False
1466432237,4.8,4.8,6.6472398345862285,False
1466432280,4.8,5.362360084786356,5.362360084786356,True
1466432373,4.8,3.0409496103867593,3.0409496103867593,True
1466432389,4.8,5.3885423992975765,5.3885423992975765,True
1466432415,4.8,4.8,6.3234121892392725,False
1466432417,4.8,7.1564823345806285,7.1564823345806285,True
1466432506,4.8,4.8,3.340095464861668,False
1466432569,5.4,3.2317916791616677,3.2317916791616677,True
1466432577,5.4,5.4,7.198302379914153,False
1466432670,3.9,3.9,4.102710474224329,False
1466432706,3.9,6.629742874200159,6.629742874200159,True
1466432804,3.9,6.616599353244999,6.616599353244999,True
1466432853,3.9,3.9,4.9681095040051355,False
1466432947,3.9,3.9,3.2050518354929105,False
1466433040,3.9,7.824726707609466,7.824726707609466,True
1466433128,3.9,5.423480464168109,5.423480464168109,True
1466433145,3.9,3.9,5.288400186685968,False
1466433195,3.9,3.9,5.0307696082291935,False
1466433289,3.9,5.248586097297684,5.248586097297684,True
1466433375,3.9,7.556597370520646,7.556597370520646,True
1466433427,3.9,5.326945612190412,5.326945612190412,True
1466433478,4.7,4.7,4.367831310999482,False
1466433517,4.7,3.197698269636769,3.197698269636769,True
1466433615,4.7,4.7,6.113706453017522,False
1466433672,6.5,7.723114937799117,7.723114937799117,True
1466433762,6.5,6.5,4.4989839393500315,False
1466433809,6.5,6.372884727165239,6.372884727165239,True
1466433873,6.5,6.5,5.106063874831432,False
1466433910,3.4,5.519251852214385,5.519251852214385,True
1466433994,4.4,3.2256401638561156,3.2256401638561156,True
1466434003,4.4,4.4,6.6967025961127415,False
1466434045,4.4,4.146491065545422,4.146491065545422,True
1466434096,4.4,4.4,3.192435942865276,False
1466434173,4.4,4.4,3.7705919155093937,False
1466434199,4.4,4.4,7.363306313561565,False
1466434224,4.4,4.4,6.904850236778683,False
1466434308,4.4,4.4,5.36744418108373,False
1466434359,4.4,7.0729477736486634,7.0729477736486634,True
1466434371,4.4,4.4,6.667892744122572,False
1466434457,4.4,5.368269351714636,5.368269351714636,True
1466434498,4.4,5.041123101792238,5.041123101792238,True
1466434552,4.4,5.041652153007456,5.041652153007456,True
1466434622,4.4,4.4,3.0719824960001807,False
1466434691,4.4,4.4,6.237048576052679,False
1466434718,4.4,3.2413196306922387,3.2413196306922387,True
1466434727,4.3,4.3,4.1898490091375535,False
1466434815,4.5,5.1678701406763965,5.1678701406763965,True
1466434892,4.5,5.361177012838372,5.361177012838372,True
1466434915,4.5,6.307228377999566,6.307228377999566,True
1466434946,4.5,4.5,4.6109779600922725,False
1466434988,4.5,3.963067082650015,3.963067082650015,True
1466435020,4.5,4.5,4.168409493825738,False
1466435090,4.5,3.822881351362752,3.822881351362752,True
1466435099,4.5,6.935095873804327,6.935095873804327,True
1466435145,4.5,6.322471059901419,6.322471059901419,True
1466435186,4.5,3.4241915317861213,3.4241915317861213,True
1466435246,4.5,5.998477928465357,5.998477928465357,True
1466435284,4.5,4.5,7.740725290447267,False
1466435327,4.5,7.6894083910739965,7.6894083910739965,True
1466435369,6.2,4.547936739423527,4.547936739423527,True
1466435408,5.1,5.206919374872011,5.206919374872011,True
1466435468,5.1,7.570082492399568,7.570082492399568,True
1466435486,5.1,4.659203317487908,4.659203317487908,True
1466435555,5.1,5.7577904051924875,5.7577904051924875,True
1466435624,5.1,5.1,4.768816227196912,False
1466435659,5.1,5.1,5.795805958070052,False
1466435682,4.5,5.666615077941309,5.666615077941309,True
1466435712,4.5,6.8795175108731454,6.8795175108731454,True
1466435794,4.5,3.8222307253285734,3.8222307253285734,True
1466435878,4.5,4.5,4.131884067746607,False
1466435904,4.5,4.5,3.7727659540601377,False
1466435971,3.3,7.458354115994892,7.458354115994892,True
1466436041,3.3,3.3,4.934521584094515,False
1466436059,3.3,5.825934476127649,5.825934476127649,True
1466436093,3.3,3.3,5.847715721712433,False
1466436178,3.3,3.3,7.102139102242325,False
1466436230,3.3,6.862347340102339,6.862347340102339,True
1466436280,4.1,5.394651029609979,5.394651029609979,True
1466436332,4.1,6.62386972257097,6.62386972257097,True
1466436333,4.1,4.354818408542578,4.354818408542578,True
1466436431,4.1,4.1,4.771428997699845,False
1466436520,4.1,4.1,5.628792846934347,False
1466436572,7.5,7.5,7.08582197433067,False
1466436647,7.5,7.5,6.835083816700191,False
1466436655,6.9,6.9,3.4996357286398916,False
1466436727,6.9,6.9,5.055222449914524,False
1466436793,6.9,6.9,3.966121673335476,False
1466436879,6.9,3.899100366681412,3.899100366681412,True
1466436880,6.9,6.9,5.58545149005896,False
1466436939,6.9,6.9,6.812687743609146,False
1466437015,6.9,6.9,6.682615201658482,False
1466437048,6.9,6.9,4.632686444234782,False
1466437088,6.9,6.9,7.296681114370462,False
1466437105,6.9,7.74920234408401,7.74920234408401,True
1466437122,6.9,7.73210264731554,7.73210264731554,True
1466437160,6.9,6.236800826074039,6.236800826074039,True
1466437232,6.9,6.454711952357766,6.454711952357766,True
1466437321,7.9,4.558768211829759,4.558768211829759,True
1466437335,7.9,7.9,7.4818260210295255,False
1466437358,7.9,7.9,3.405182667834218,False
1466437441,7.9,4.854279589152023,4.854279589152023,True
1466437480,7.9,5.073541915901057,5.073541915901057,True
1466437561,7.9,7.9,5.5307381644398905,False
1466437653,7.9,7.9,5.1768572794539125,False
1466437709,7.9,7.9,4.1558542503937685,False
1466437798,7.9,5.098446787712602,5.098446787712602,True
1466437869,6.4,3.2930908380945234,3.2930908380945234,True
1466437952,6.4,4.4332899993565515,4.4332899993565515,True
1466438037,6.4,3.4747675283542456,3.4747675283542456,True
1466438054,6.7,6.7,7.505312057842149,False
1466438056,6.7,6.7,5.093935417405342,False
1466438136,4.3,4.3,4.994443157546491,False
1466438234,4.3,5.332238350702767,5.332238350702767,True
1466438261,4.3,4.3,3.1417285368848735,False
1466438348,4.3,4.3,4.345375358253027,False
1466438407,4.3,3.3032000504176695,3.3032000504176695,True
1466438422,4.3,5.915946506091355,5.915946506091355,True
1466438476,4.3,3.4694263566916774,3.4694263566916774,True
1466438571,4.3,4.3,7.154021082980865,False
1466438612,4.3,4.3,5.195919560812391,False
1466438620,7.7,4.214202428266797,4.214202428266797,True
1466438698,7.7,5.521452086828617,5.521452086828617,True
1466438747,7.7,7.7,7.161043545970412,False
1466438795,6.1,6.1,6.688724311705053,False
1466438810,6.1,4.892011408046226,4.892011408046226,True
1466438888,6.1,6.1,3.375365595250349,False
1466438975,4.2,4.2,4.600320784672856,False
1466439000,4.2,4.2,4.913801881570931,False
1466439092,4.9,4.9,3.1085790684585337,False
1466439150,4.9,4.9,7.91416489042591,False
1466439229,4.9,5.399002629860037,5.399002629860037,True
1466439279,7.1,7.1,5.429202639668035,False
1466439328,7.1,5.912850943506891,5.912850943506891,True
1466439351,7.1,7.1,4.9558195980640924,False
1466439447,7.1,7.1,4.2544859230606935,False
1466439466,5.0,7.829816715520546,7.829816715520546,True
1466439480,5.0,4.367065581783833,4.367065581783833,True
1466439560,5.0,5.0,5.197019164845849,False
1466439600,5.0,5.0,7.128222275388002,False
1466439645,3.8,4.625253288645581,4.625253288645581,True
1466439729,3.8,5.945868098919642,5.945868098919642,True
1466439772,3.8,3.8,3.3194148137932635,False
1466439827,3.8,3.6886953575182178,3.6886953575182178,True
1466439849,3.8,3.103787620933817,3.103787620933817,True
1466439910,3.8,7.558751525404566,7.558751525404566,True
1466439990,3.8,7.490821826832199,7.490821826832199,True
1466440005,3.8,3.912927549964293,3.912927549964293,True
1466440006,3.8,3.8,6.0766979299159845,False
1466440045,3.8,7.12415230886812,7.12415230886812,True
1466440066,3.8,3.8,6.75647927860547,False
1466440154,3.8,3.8,3.067974814384738,False
1466440214,3.8,3.8,5.241435153049551,False
1466440226,3.8,6.899850617717892,6.899850617717892,True
1466440304,3.8,3.8,4.224993564356275,False
1466440385,3.8,6.767263943362949,6.767263943362949,True
1466440451,3.8,3.8,4.3495944642052775,False
1466440521,3.8,3.8,4.340449465893929,False
1466440581,3.8,3.8,4.76715549825291,False
1466440674,3.8,7.004899309472151,7.004899309472151,True
1466440727,4.8,4.8,5.708802757774008,False
1466440821,4.8,3.413829402392907,3.413829402392907,True
1466440827,4.8,4.8,4.743768622734667,False
1466440897,4.8,4.8,6.866154642839055,False
1466440923,4.8,4.3820306044319315,4.3820306044319315,True
1466441012,4.8,4.8,7.871228586896644,False
1466441049,4.8,4.004106835156079,4.004106835156079,True
1466441147,4.8,4.8,6.142334987500806,False
1466441213,7.3,3.8315034761183737,3.8315034761183737,True
1466441311,7.3,7.3,5.318061995227632,False
1466441318,7.3,7.116241517592094,7.116241517592094,True
1466441418,7.3,7.3,4.521123802816385,False
1466441510,6.5,6.147810088524169,6.147810088524169,True
1466441541,6.5,6.5,4.716723825914011,False
1466441579,6.5,4.730724312422486,4.730724312422486,True
1466441630,6.5,6.5,4.234500923992083,False
1466441714,6.5,6.5,4.498078830885881,False
1466441724,6.5,6.5,3.0006639955876677,False
1466441741,6.5,7.211174842894904,7.211174842894904,True
1466441822,5.6,5.6,7.974809387114403,False
1466441883,5.6,6.849630280518497,6.849630280518497,True
1466441934,5.6,4.897404620992694,4.897404620992694,True
1466441947,5.6,5.746715615207947,5.746715615207947,True
1466442046,5.6,3.47464345785037,3.47464345785037,True
1466442137,5.6,5.6,7.915758749728353,False
1466442175,5.6,6.020730643774681,6.020730643774681,True
1466442216,5.6,7.174288437053299,7.174288437053299,True
1466442284,5.2,5.39111320630068,5.39111320630068,True
1466442332,5.2,4.71073257677295,4.71073257677295,True
1466442358,5.2,4.340700638656038,4.340700638656038,True
1466442362,5.2,5.2,3.1027219246095026,False
1466442439,5.2,6.71990515896143,6.71990515896143,True
1466442490,3.6,7.842205233120533,7.842205233120533,True
1466442498,5.7,6.763470375287618,6.763470375287618,True
1466442508,5.7,4.887720339074684,4.887720339074684,True
1466442518,5.7,5.7,4.049858620178221,False
1466442556,5.7,5.7,6.565618721866468,False
1466442656,5.7,5.7,4.127454855458913,False
1466442662,3.6,3.9028213615705742,3.9028213615705742,True
1466442703,3.6,4.40670975807771,4.40670975807771,True
1466442768,3.6,3.6,5.7758390037085,False
1466442788,4.6,4.756501984951154,4.756501984951154,True
1466442886,3.7,3.7,5.370871597804811,False
1466442980,3.7,3.7,3.3872975015900826,False
1466443000,3.7,3.0586530595596195,3.0586530595596195,True
1466443029,3.7,7.560277382616177,7.560277382616177,True
1466443038,6.4,6.4,4.487774896701266,False
1466443089,6.4,3.6725825824701106,3.6725825824701106,True
1466443162,6.4,4.680124263235205,4.680124263235205,True
1466443201,6.4,6.4,7.57973141862826,False
1466443219,6.4,6.4,3.638329015838204,False
1466443263,6.4,6.4,7.850840451782017,False
1466443350,6.4,5.618746709534017,5.618746709534017,True
1466443373,6.4,4.835757465630852,4.835757465630852,True
1466443392,5.3,7.837215957406819,7.837215957406819,True
1466443402,5.3,4.699844288579527,4.699844288579527,True
1466443486,5.3,5.3,3.721660412626436,False
1466443511,3.1,3.1,7.578770959290354,False
1466443584,3.1,4.0151330886994305,4.0151330886994305,True
1466443677,3.1,7.387017740391381,7.387017740391381,True
1466443725,3.7,5.276748990158353,5.276748990158353,True
1466443727,3.7,7.702303099889534,7.702303099889534,True
1466443750,3.7,4.294442334718371,4.294442334718371,True
1466443761,3.7,4.072859292623895,4.072859292623895,True
1466443808,3.7,3.7,6.07706417984936,False
1466443861,3.7,3.7,6.3924399678036385,False
1466443929,3.7,4.307137904376084,4.307137904376084,True
1466443986,3.7,3.7,6.123634409311604,False
1466444043,7.1,7.1,7.458353914307842,False
1466444110,7.1,4.542603772142243,4.542603772142243,True
1466444192,7.1,7.543079100024724,7.543079100024724,True
1466444287,7.1,7.1,6.782199893519261,False
1466444294,7.1,7.1,7.006153856838455,False
1466444366,5.4,5.4,3.461072906609586,False
1466444466,5.4,5.4,3.0288201489440136,False
1466444505,5.4,6.374350567574053,6.374350567574053,True
1466444556,4.4,4.4,7.487623664925965,False
1466444624,4.4,4.4,3.3501733446937623,False
1466444663,4.4,4.4,6.57717516139349,False
1466444685,6.7,5.521397136147714,5.521397136147714,True
1466444756,4.8,3.6600904804444117,3.6600904804444117,True
1466444781,4.8,4.8,3.6440160397328416,False
1466444840,6.3,6.3,4.880985401559586,False
1466444854,6.3,7.858836238065662,7.858836238065662,True
1466444860,6.3,6.3,4.910756368020212,False
1466444959,6.3,6.3,4.152716435657577,False
1466445058,6.3,5.700391190727296,5.700391190727296,True
1466445107,6.3,6.118667290291192,6.118667290291192,True
1466445165,6.3,6.8323901481204405,6.8323901481204405,True
1466445170,6.3,6.3,7.3149962454267285,False
1466445173,5.0,5.28069431513131,5.28069431513131,True
1466445247,5.0,5.0,6.973886229407208,False
1466445305,6.9,5.328069622839465,5.328069622839465,True
1466445333,6.9,6.9,5.321270862449181,False
1466445356,6.9,6.9,5.3406824211806025,False
1466445430,6.9,5.925850762247574,5.925850762247574,True
1466445491,6.9,5.866611161268095,5.866611161268095,True
1466445497,6.9,6.9,3.8712207030448744,False
1466445514,4.4,5.330325360948377,5.330325360948377,True
1466445549,7.0,6.250591577035752,6.250591577035752,True
1466445640,7.0,3.731922825109879,3.731922825109879,True
1466445648,7.0,7.0,7.182776375440659,False
1466445739,7.0,7.0,4.491336290618728,False
1466445814,7.0,7.0,3.3917465913977725,False
1466445879,7.0,7.0,7.867607925622359,False
1466445909,7.0,7.0,4.841971165951887,False
1466445965,7.0,5.489792416100768,5.489792416100768,True
1466446021,7.0,7.0,4.83490280787036,False
1466446045,7.0,7.0,5.802802396271282,False
1466446071,7.0,7.0,5.415428967448657,False
1466446120,4.9,7.228342550475556,7.228342550475556,True
1466446168,6.2,6.2,3.519239274946832,False
1466446253,6.2,6.2,7.791811682663571,False
1466446302,6.2,7.021736159067081,7.021736159067081,True
1466446389,6.2,3.993042109175448,3.993042109175448,True
1466446404,6.2,7.663592150833874,7.663592150833874,True
1466446494,6.2,6.2,3.6776735717509252,False
1466446594,6.2,6.2,3.605424619537093,False
1466446643,6.2,4.162894325778339,4.162894325778339,True
1466446669,6.2,6.2,3.8806300661004207,False
1466446690,6.2,6.2,4.691251340696898,False
1466446735,6.2,7.657449437570245,7.657449437570245,True
1466446766,6.2,7.844178921250878,7.844178921250878,True
1466446852,6.2,6.2,4.824765193671667,False
1466446902,6.2,6.2,4.392898583638373,False
1466446945,6.2,6.2,3.7330823656959655,False
1466446987,6.2,6.2,4.366395223357582,False
1466447036,3.5,3.5,6.441930621340374,False
1466447112,6.7,5.944416421354202,5.944416421354202,True
1466447129,6.7,5.0199332031888115,5.0199332031888115,True
1466447189,6.7,6.027645140558589,6.027645140558589,True
1466447224,6.7,6.7,5.706541547152618,False
1466447270,8.0,8.0,7.063634966175472,False
1466447272,6.1,7.077935635058484,7.077935635058484,True
1466447348,6.1,6.1,5.862072611194826,False
1466447359,6.1,6.1,5.58143752360594,False
1466447388,6.1,6.014986886241131,6.014986886241131,True
1466447390,6.1,6.688101502747349,6.688101502747349,True
1466447425,6.1,6.1,3.842683560122524,False
1466447463,6.1,6.1,6.4639356106359624,False
1466447485,4.4,4.4,3.22883720019756,False
1466447545,4.4,6.275466831060113,6.275466831060113,True
1466447553,4.4,3.777948174496176,3.777948174496176,True
1466447554,6.4,6.4,3.889191407063427,False
1466447573,6.4,6.4,3.5817711625114743,False
1466447634,4.4,6.143972041609471,6.143972041609471,True
1466447695,4.4,4.4,6.988101583878933,False
1466447762,4.4,6.959133306703995,6.959133306703995,True
1466447844,4.4,6.486514695937078,6.486514695937078,True
1466447885,4.4,5.336738548991954,5.336738548991954,True
1466447943,4.4,3.365898635581898,3.365898635581898,True
1466447956,5.6,7.8862986020996795,7.8862986020996795,True
1466448041,5.6,4.653707484157021,4.653707484157021,True
1466448140,5.6,5.6,5.4671010923673276,False
1466448215,5.6,5.6,3.360117620148404,False
1466448270,5.6,5.6,7.239750226649234,False
1466448302,5.6,4.112466388548228,4.112466388548228,True
1466448368,5.6,4.4598940492878665,4.4598940492878665,True
1466448422,3.9,5.071232444137983,5.071232444137983,True
1466448517,3.9,4.554481032607424,4.554481032607424,True
1466448614,3.9,7.978695246746469,7.978695246746469,True
1466448701,3.9,4.038159403324417,4.038159403324417,True
1466448743,3.2,7.833261562678123,7.833261562678123,True
1466448805,3.2,5.325739469174266,5.325739469174266,True
1466448844,3.2,3.2,6.757752016803616,False
1466448896,7.1,3.688854160866546,3.688854160866546,True
1466448984,7.1,7.1,7.851805185447492,False
1466449031,7.1,4.5234759803956885,4.5234759803956885,True
1466449045,3.3,5.892363294196149,5.892363294196149,True
1466449099,3.3,3.3,7.088688846009797,False
1466449171,3.3,3.3,4.349740956048874,False
1466449261,3.3,7.358708603617975,7.358708603617975,True
1466449280,3.3,3.856169240872747,3.856169240872747,True
1466449359,3.3,5.709112364260594,5.709112364260594,True
1466449442,3.3,5.614511573877058,5.614511573877058,True
1466449496,4.0,7.515586746011037,7.515586746011037,True
1466449537,4.0,4.0,5.32789845134294,False
1466449555,4.0,7.802951375794516,7.802951375794516,True
1466449629,4.0,5.721993327336403,5.721993327336403,True
1466449635,4.0,7.900021638429461,7.900021638429461,True
1466449721,4.0,5.467921367382202,5.467921367382202,True
1466449772,6.7,6.7,6.257068800396057,False
1466449872,6.7,6.7,6.9231624120084145,False
1466449873,5.3,5.3,5.285378034547363,False
1466449884,6.7,6.7,5.314000724227661,False
1466449937,6.7,6.374880764373112,6.374880764373112,True
1466449953,6.7,5.629439870513281,5.629439870513281,True
1466449959,6.7,3.0382681753492053,3.0382681753492053,True
1466449961,6.7,4.2890068121180045,4.2890068121180045,True
1466450018,6.7,6.7,6.835053342015973,False
1466450075,3.8,3.8,5.801385017420555,False
1466450150,3.8,4.780132314692686,4.780132314692686,True
1466450177,3.8,3.8,3.495729658449714,False
1466450255,3.8,3.8,5.910195643573595,False
1466450343,3.8,5.809159013842201,5.809159013842201,True
1466450348,3.8,3.2864330801706765,3.2864330801706765,True
1466450401,3.8,3.8,5.1620517933895345,False
1466450433,3.8,3.8,3.905842756080277,False
1466450507,3.8,3.8,4.28551774829978,False
1466450536,3.8,3.8,6.812662641661429,False
1466450627,3.8,3.8,6.228152279055683,False
1466450723,3.8,6.543927030291722,6.543927030291722,True
1466450817,3.8,3.307792566901064,3.307792566901064,True
1466450900,3.8,3.024642447783321,3.024642447783321,True
1466450902,7.8,4.913995522764912,4.913995522764912,True
1466450971,7.8,7.8,4.515091520922019,False
1466451016,7.8,3.949344407144274,3.949344407144274,True
1466451023,5.9,5.458608802259059,5.458608802259059,True
1466451073,3.9,3.9,5.750350484853733,False
1466451166,3.9,7.613010883970721,7.613010883970721,True
1466451231,3.9,3.9,4.444480807642615,False
1466451245,4.4,4.4,7.934623686554643,False
1466451293,4.4,4.102369057271963,4.102369057271963,True
1466451295,4.4,4.4,5.2687792773261535,False
1466451378,4.4,4.4,4.712005191557099,False
1466451445,4.4,4.136043075979364,4.136043075979364,True
1466451508,4.4,4.634160219773548,4.634160219773548,True
1466451599,4.4,4.4,6.346829757029379,False
1466451686,4.4,4.4,3.017468136825917,False
1466451761,4.4,4.4,4.323820924417536,False
1466451857,5.8,4.541589384402774,4.541589384402774,True
1466451909,5.8,4.55557334427928,4.55557334427928,True
1466451919,5.8,5.8,5.146986775528815,False
1466452006,3.3,6.333876772947519,6.333876772947519,True
1466452035,3.3,7.479157158461591,7.479157158461591,True
1466452039,3.3,3.3,4.143154129089852,False
1466452104,4.5,5.42735253376247,5.42735253376247,True
1466452167,4.5,6.4198779322624295,6.4198779322624295,True
1466452238,4.5,4.5,6.1862061864749975,False
1466452313,4.5,4.5,3.6128212976838885,False
1466452339,5.1,5.1,3.3018409709619974,False
1466452419,5.1,5.1,4.8085225716443105,False
1466452424,5.1,5.1,3.4570553726663324,False
1466452435,5.1,3.0613183787791,3.0613183787791,True
1466452531,5.9,5.9,6.347033593788598,False
1466452584,5.9,5.9,4.3477214077917585,False
1466452625,5.9,5.9,7.802672877350782,False
1466452676,5.9,6.878069845055267,6.878069845055267,True
1466452752,5.9,7.662082008060759,7.662082008060759,True
1466452796,5.9,5.9,6.628645856641093,False
1466452825,5.9,4.397914610152208,4.397914610152208,True
1466452860,5.9,4.4683915972119905,4.4683915972119905,True
1466452960,5.9,4.292862859647742,4.292862859647742,True
1466452979,5.9,5.9,4.027434609847315,False
1466453002,6.8,7.22452236813519,7.22452236813519,True
1466453016,6.8,6.091372340183256,6.091372340183256,True
1466453025,7.6,7.6,4.549219916735081,False
1466453089,3.4,3.4,7.031282759420818,False
1466453141,3.4,3.4,5.622727107124836,False
1466453154,3.4,3.4,7.6643025012980885,False
1466453184,3.4,3.4,6.804218091746166,False
1466453202,3.4,3.4,7.562522170311538,False
1466453203,3.4,5.592768660217938,5.592768660217938,True
1466453222,3.4,3.4,7.419721817334553,False
1466453321,3.4,3.4,3.6842087589694152,False
1466453379,3.4,6.299547303508988,6.299547303508988,True
1466453392,3.4,3.3681430560028645,3.3681430560028645,True
1466453422,3.4,3.4,5.163481749444535,False
1466453502,3.4,3.4,6.100500019743633,False
1466453518,3.4,3.598201312631756,3.598201312631756,True
1466453563,3.4,7.891839402671335,7.891839402671335,True
1466453604,3.4,7.026597063791354,7.026597063791354,True
1466453639,3.4,3.4,7.512323339099607,False
1466453705,3.4,3.4,6.53200460313935,False
1466453795,3.4,7.341315390500906,7.341315390500906,True
1466453816,3.6,3.6,5.301047913534973,False
1466453870,3.3,3.3,4.622009038119344,False
1466453910,3.3,4.465654044891597,4.465654044891597,True
1466454002,5.8,5.8,3.2239576335258793,False
1466454051,5.8,5.8,7.46505359147234,False
1466454087,5.8,3.0257641548238556,3.0257641548238556,True
1466454129,5.8,5.8,5.6175549267134155,False
1466454227,3.7,3.7,3.5565786041708853,False
1466454259,3.7,3.7,3.2488761268638195,False
1466454262,6.0,6.0,4.519241440096142,False
1466454298,6.0,6.0,7.648539633307355,False
1466454388,3.0,3.0,4.053472245740536,False
1466454399,3.0,3.0,3.0267943781548503,False
1466454473,3.0,3.0,4.628968853150328,False
1466454529,3.0,4.910792579788705,4.910792579788705,True
1466454559,3.0,3.0,3.6771798704964134,False
1466454648,6.7,6.7,7.294527480149034,False
1466454745,6.7,4.224454443148758,4.224454443148758,True
1466454763,6.7,6.005940244035682,6.005940244035682,True
1466454851,6.7,7.82475546389658,7.82475546389658,True
1466454936,6.7,5.652770852080593,5.652770852080593,True
1466454949,6.7,6.7,4.99069970107052,False
1466455032,6.7,6.7,7.2869123719951725,False
1466455065,6.7,6.17261774603444,6.17261774603444,True
1466455119,4.2,4.2,4.242442972895146,False
1466455172,4.2,4.2,5.264706791327379,False
1466455196,4.2,3.678897382016956,3.678897382016956,True
1466455271,4.2,7.325768819437188,7.325768819437188,True
1466455357,4.2,4.2,7.6220214413572975,False
1466455361,8.0,8.0,6.888452407437786,False
1466455394,8.0,3.9944015605916907,3.9944015605916907,True
1466455475,8.0,8.0,4.003342936354002,False
1466455497,8.0,3.5548342261055716,3.5548342261055716,True
1466455561,8.0,8.0,3.3080362525967137,False
1466455575,8.0,4.231360781842719,4.231360781842719,True
1466455587,8.0,8.0,6.481316954119942,False
1466455651,4.5,4.5,3.5523052726040922,False
1466455658,6.7,6.7,3.894070097493822,False
1466455732,6.7,6.7,6.27432095816022,False
1466455812,6.7,6.7,3.2778904552247905,False
1466455910,7.4,6.238062934225781,6.238062934225781,True
1466455951,3.3,5.720421184689487,5.720421184689487,True
1466455999,3.3,3.3,4.586430582844899,False
1466456054,5.7,5.6864395532046,5.6864395532046,True
1466456058,5.7,4.689322818350995,4.689322818350995,True
1466456074,5.7,3.7391468518216793,3.7391468518216793,True
1466456088,3.6,3.9594333329882354,3.9594333329882354,True
1466456118,5.2,3.330648290143029,3.330648290143029,True
1466456218,5.2,5.2,6.377720078746528,False
1466456265,5.2,6.135910115556149,6.135910115556149,True
1466456270,5.2,5.2,3.1563205884955146,False
1466456312,5.2,6.745308018555061,6.745308018555061,True
1466456346,5.2,5.2,7.452835958153586,False
1466456374,5.2,5.2,5.240024359176658,False
1466456406,5.2,5.2,7.296704319637932,False
1466456482,5.2,7.69701343123769,7.69701343123769,True
1466456512,5.2,5.2,5.856229848957765,False
1466456610,5.2,5.3528980887525925,5.3528980887525925,True
1466456683,5.2,5.4296459715674885,5.4296459715674885,True
1466456768,5.2,5.2,3.4674767828724926,False
1466456856,3.9,3.9,5.192140787484352,False
1466456927,3.9,3.9,3.9873088475507954,False
1466457014,3.9,4.110221458721002,4.110221458721002,True
1466457032,3.9,6.609464118737312,6.609464118737312,True
1466457067,3.9,3.9,3.8044983977821882,False
1466457157,3.9,7.926979697123682,7.926979697123682,True
1466457215,3.9,3.9,7.358321135293038,False
1466457267,3.9,3.3837277447691316,3.3837277447691316,True
1466457357,3.9,3.9,3.248532147355597,False
1466457434,6.0,7.041820585202354,7.041820585202354,True
1466457487,6.0,4.734817114868579,4.734817114868579,True
1466457559,6.0,7.396691623486581,7.396691623486581,True
1466457603,6.0,6.0,7.137616214820249,False
1466457671,6.0,7.553493743335374,7.553493743335374,True
1466457713,6.0,6.0,4.639822454780154,False
1466457745,3.2,3.06499311537099,3.06499311537099,True
1466457782,3.2,3.2,5.824121168824694,False
1466457802,3.2,3.2,4.988631239006356,False
1466457817,3.2,3.2,3.684581018412543,False
1466457865,3.2,3.2,5.937590646395912,False
1466457884,6.3,3.909848190391118,3.909848190391118,True
1466457885,7.4,7.4,7.910370772136991,False
1466457917,7.8,6.210337813270123,6.210337813270123,True
1466457973,7.8,7.8,5.134923467495913,False
1466458045,7.8,4.586445578288693,4.586445578288693,True
1466458135,7.8,7.8,4.092907700714579,False
1466458151,7.8,7.8,4.673223752996093,False
1466458230,7.8,7.8,5.640722086518084,False
1466458324,7.8,7.1775170198174285,7.1775170198174285,True
1466458362,7.8,3.210150712633353,3.210150712633353,True
1466458438,7.8,7.8,7.300093160212106,False
1466458454,7.8,3.464882716245529,3.464882716245529,True
1466458496,7.8,7.8,4.249399644013344,False
1466458509,7.8,4.50577711024507,4.50577711024507,True
1466458580,7.8,7.8,5.770404055865223,False
1466458590,7.8,7.8,7.73520824060616,False
1466458626,7.8,7.8,3.814477104402621,False
1466458642,7.8,3.3853453077809084,3.3853453077809084,True
1466458665,7.8,7.8,6.523572310878297,False
1466458694,7.8,7.8,4.62364660126182,False
1466458762,7.8,7.8,5.189626187957587,False
1466458793,7.8,5.374137743164468,5.374137743164468,True
1466458824,6.4,7.9858592095895995,7.9858592095895995,True
1466458906,6.4,4.293220559324263,4.293220559324263,True
1466458982,6.4,7.440540136174122,7.440540136174122,True
1466459068,6.4,4.706058958090875,4.706058958090875,True
1466459159,6.4,6.4,3.4783586592553943,False
1466459184,6.4,3.982191315930671,3.982191315930671,True
1466459273,6.4,6.4,5.234300742613302,False
1466459372,6.4,6.4,5.022010854277625,False
1466459415,6.4,6.4,6.684970804874533,False
1466459483,6.4,6.4,7.01054527559498,False
1466459504,6.4,6.4,7.866067940652375,False
1466459588,6.4,6.081725816151453,6.081725816151453,True
1466459595,6.4,5.705249356508986,5.705249356508986,True
1466459673,6.4,6.4,4.911687372914836,False
1466459726,6.4,7.73780133963703,7.73780133963703,True
1466459800,6.4,3.5064782021184544,3.5064782021184544,True
1466459857,6.4,7.248807743207297,7.248807743207297,True
1466459887,4.2,6.9578651284573585,6.9578651284573585,True
1466459913,4.2,4.2,5.409498668289424,False
1466459974,4.2,4.2,5.723131313019545,False
1466459995,4.2,4.2,7.229998889514917,False
1466460001,4.0,6.453004532139293,6.453004532139293,True
1466460054,4.0,3.995359313925122,3.995359313925122,True
1466460130,4.0,6.686331466029614,6.686331466029614,True
1466460215,6.5,6.5,7.001622726754751,False
1466460252,6.5,3.255439965937603,3.255439965937603,True
1466460272,6.5,6.5,5.237346073417343,False
1466460346,4.3,4.3,3.714006512581628,False
1466460440,4.3,4.3,3.897042302004118,False
1466460461,4.3,6.723075268310913,6.723075268310913,True
1466460528,4.3,4.3,4.181210199358706,False
1466460610,4.3,6.502178378222869,6.502178378222869,True
1466460630,6.8,6.702928133682438,6.702928133682438,True
1466460691,6.8,6.8,7.884225157647624,False
1466460706,6.8,6.8859253308518875,6.8859253308518875,True
1466460739,6.8,6.8,4.147896143851173,False
1466460765,6.8,4.82715083408438,4.82715083408438,True
1466460795,7.3,4.450694121018104,4.450694121018104,True
1466460877,7.3,5.251152011788162,5.251152011788162,True
1466460973,7.3,7.3,5.307871623786267,False
1466461009,4.1,4.243090828867575,4.243090828867575,True
1466461027,3.1,6.586767109663427,6.586767109663427,True
1466461032,6.2,6.2,4.6093146845781465,False
1466461096,6.2,6.586316281453065,6.586316281453065,True
1466461169,6.2,6.478246189135641,6.478246189135641,True
1466461256,6.2,4.926537132646676,4.926537132646676,True
1466461351,6.2,6.2,4.430841519216877,False
1466461451,6.2,5.004733493502282,5.004733493502282,True
1466461531,3.2,3.2,4.527365243343655,False
1466461568,3.2,3.2,4.089305226539516,False
1466461583,3.2,3.2,5.4056308362057095,False
1466461647,3.2,4.072975938103874,4.072975938103874,True
1466461703,3.2,3.2,5.594575646997984,False
1466461794,3.2,3.2,5.374925945633997,False
1466461813,3.2,6.483540671924394,6.483540671924394,True
1466461910,3.2,7.771972402535868,7.771972402535868,True
1466461988,3.2,3.1242316156344985,3.1242316156344985,True
1466462056,5.5,5.283643734775964,5.283643734775964,True
1466462101,5.5,5.5,3.269704652964204,False
1466462155,5.5,7.129714278334655,7.129714278334655,True
1466462215,5.5,3.1358438290643105,3.1358438290643105,True
1466462278,5.5,5.635924126102876,5.635924126102876,True
1466462368,5.5,5.5,4.770144812987663,False
1466462412,5.5,5.146434417044886,5.146434417044886,True
1466462512,5.5,5.5,6.280190157958222,False
1466462594,5.5,5.5,7.231450853640388,False
1466462671,7.2,7.2,6.726646408146533,False
1466462716,7.9,7.9,4.710503397235907,False
1466462746,7.9,7.7317580841256195,7.7317580841256195,True
1466462782,7.9,4.883021053487704,4.883021053487704,True
1466462820,7.9,7.9,6.196003664215375,False
1466462833,7.9,7.42651580724044,7.42651580724044,True
1466462842,6.3,3.3813025746123158,3.3813025746123158,True
1466462850,6.3,6.3,7.098850230635451,False
1466462941,3.2,3.2,4.162300116109565,False
1466463026,3.2,3.2,6.426664171493695,False
1466463117,3.2,7.9193947408112635,7.9193947408112635,True
1466463139,3.2,3.2,4.402414545958522,False
