1466410104,12.0,12.839181968705486,12.839181968705486,True
1466410114,12.0,12.0,13.066149532697054,False
1466410130,11.0,11.126004537117524,11.126004537117524,True
1466410181,12.0,12.0,13.549125575922204,False
1466410203,12.0,12.454378813355193,12.454378813355193,True
1466410250,12.0,12.0,11.739754296440838,False
1466410309,12.0,13.134998565960137,13.134998565960137,True
1466410397,12.0,13.50355618611854,13.50355618611854,True
1466410430,11.6,11.003887394550775,11.003887394550775,True
1466410469,11.6,11.6,12.539786036295427,False
1466410483,11.6,11.80989431697444,11.80989431697444,True
1466410498,11.6,12.354980872963493,12.354980872963493,True
1466410502,11.6,13.343952210654487,13.343952210654487,True
1466410532,11.6,11.725504451209057,11.725504451209057,True
1466410541,11.7,11.7,12.432813972753124,False
1466410573,11.7,11.7,12.95365758650789,False
1466410630,11.7,12.146268561297239,12.146268561297239,True
1466410653,11.7,11.471102987430037,11.471102987430037,True
1466410746,11.7,11.558067012676192,11.558067012676192,True
1466410814,11.7,13.693742440750652,13.693742440750652,True
1466410890,11.8,14.034186035028196,14.034186035028196,True
1466410902,11.8,11.8,13.801007409164743,False
1466410978,11.1,13.036434290037104,13.036434290037104,True
1466411008,11.1,12.061878254397715,12.061878254397715,True
1466411066,11.7,11.7,14.482670195932023,False
1466411094,11.7,11.7,11.534286128702421,False
1466411157,11.7,13.762397166814079,13.762397166814079,True
1466411223,11.7,11.7,12.505860380810127,False
1466411226,11.7,11.7,12.714562523142282,False
1466411272,12.6,12.6,12.579226953620907,False
1466411303,12.6,11.133271149758002,11.133271149758002,True
1466411318,12.6,12.6,13.748202934346365,False
1466411396,12.6,12.6,12.690592533548726,False
1466411493,12.6,12.6,14.322013022032321,False
1466411549,12.6,14.20865710019289,14.20865710019289,True
1466411560,12.6,11.572576180382079,11.572576180382079,True
1466411626,12.6,12.6,14.176353741632465,False
1466411723,12.6,11.866571863412569,11.866571863412569,True
1466411763,12.6,14.417120031440648,14.417120031440648,True
1466411785,11.8,13.299266796297655,13.299266796297655,True
1466411854,12.4,13.98612947445076,13.98612947445076,True
1466411889,12.4,11.98078189703798,11.98078189703798,True
1466411988,12.4,12.008202928288329,12.008202928288329,True
1466412022,12.4,12.4,13.623716543583843,False
1466412046,12.4,13.046826540357173,13.046826540357173,True
1466412076,12.4,12.4,14.226682441367085,False
1466412152,12.4,12.4,12.668898963976147,False
1466412181,12.4,12.4,11.051848612484719,False
1466412201,12.0,12.0,11.061731554354493,False
1466412260,11.0,11.0,14.494526585331647,False
1466412347,11.0,11.0,11.24861519274959,False
1466412360,12.0,12.0,11.026795980611139,False
1466412438,12.0,12.0,13.108662437906649,False
1466412521,12.0,12.0,13.556464850099111,False
1466412599,12.0,12.0,14.114795764197158,False
1466412639,12.0,12.0,11.944286563873133,False
1466412691,11.5,11.5,14.449047145600304,False
1466412747,11.1,11.1,14.046278270532557,False
1466412794,11.1,12.089462494366838,12.089462494366838,True
1466412819,11.1,11.292635989855386,11.292635989855386,True
1466412832,11.1,11.30516914233479,11.30516914233479,True
1466412874,11.8,11.8,13.82203757611122,False
1466412943,11.8,11.503043351967355,11.503043351967355,True
1466412971,11.8,11.8,12.506632185463312,False
1466412990,11.8,14.14712084316414,14.14712084316414,True
1466413028,11.8,12.521467200733268,12.521467200733268,True
1466413053,12.5,12.281572709206113,12.281572709206113,True
1466413125,12.5,12.681822533122318,12.681822533122318,True
1466413200,12.5,11.117197548372625,11.117197548372625,True
1466413264,12.6,12.14773028781119,12.14773028781119,True
1466413311,13.4,13.4,11.75103065168258,False
1466413342,13.4,13.4,12.898173043901703,False
1466413440,13.4,13.369748887349402,13.369748887349402,True
1466413458,12.6,12.723620575784672,12.723620575784672,True
1466413529,12.6,12.6,11.052105102444811,False
1466413542,12.6,12.6,14.295033195490458,False
1466413638,12.0,12.0,12.326195215063494,False
1466413672,12.0,12.032271892578526,12.032271892578526,True
1466413733,12.0,12.0,14.434922173868099,False
1466413779,12.0,12.290656625068534,12.290656625068534,True
1466413780,12.0,12.0,13.91085291692082,False
1466413864,12.7,12.7,14.071362504006775,False
1466413885,12.3,12.3,13.12501475883051,False
1466413946,12.3,12.3,11.383418641227365,False
1466414033,12.3,12.22086908245224,12.22086908245224,True
1466414071,11.3,12.42935372084796,12.42935372084796,True
1466414164,11.2,11.2,12.933002348641406,False
1466414225,11.2,11.01786480046893,11.01786480046893,True
1466414312,11.2,13.721770711863941,13.721770711863941,True
1466414325,11.8,14.080595640808276,14.080595640808276,True
1466414328,11.8,11.8,11.825481059272427,False
1466414329,11.8,11.83794028246624,11.83794028246624,True
1466414402,11.8,11.353819392250031,11.353819392250031,True
1466414407,11.8,11.26754394907194,11.26754394907194,True
1466414413,11.8,11.8,13.970223156176402,False
1466414460,12.8,12.426446138250784,12.426446138250784,True
1466414552,12.8,12.8,12.707015418358317,False
1466414602,12.8,11.865889553247236,11.865889553247236,True
1466414662,12.8,11.023416977761785,11.023416977761785,True
1466414746,12.8,12.8,12.639570116430841,False
1466414844,12.8,11.432031373908785,11.432031373908785,True
1466414943,12.8,11.885868118834743,11.885868118834743,True
1466414946,12.9,12.9,11.650979294525335,False
1466414966,12.9,11.843241990023776,11.843241990023776,True
1466415038,12.9,13.478337505029264,13.478337505029264,True
1466415106,12.9,12.9,11.776658798404076,False
1466415130,12.9,12.9,11.817143698363784,False
1466415145,13.8,13.8,11.164578737931924,False
1466415202,12.8,14.116388346887636,14.116388346887636,True
1466415239,12.8,12.8,12.79664019446928,False
1466415249,12.8,12.8,14.04905317068213,False
1466415308,12.8,11.443815897533074,11.443815897533074,True
1466415357,12.3,12.3,11.533427564056666,False
1466415404,12.3,12.3,11.645291489757868,False
1466415469,12.3,12.232289410829935,12.232289410829935,True
1466415548,12.3,12.3,11.561818060217282,False
1466415588,12.3,12.3,13.43531520174652,False
1466415627,12.3,11.681994980271748,11.681994980271748,True
1466415719,12.3,14.244601992760074,14.244601992760074,True
1466415767,12.3,12.026732371583131,12.026732371583131,True
1466415860,12.2,14.036654601036076,14.036654601036076,True
1466415872,12.2,12.2,12.609705243962285,False
1466415914,12.7,11.057859601828849,11.057859601828849,True
1466415934,11.8,12.104769042486007,12.104769042486007,True
1466415988,11.8,12.601280277704824,12.601280277704824,True
1466416004,11.8,11.8,13.579615925949252,False
1466416050,11.2,11.2,12.360672873552707,False
1466416150,11.2,12.455963824904913,12.455963824904913,True
1466416161,11.2,12.708863529502835,12.708863529502835,True
1466416215,11.2,13.440389027125622,13.440389027125622,True
1466416315,11.2,13.076963026401906,13.076963026401906,True
1466416321,11.2,11.2,12.135643191028267,False
1466416393,11.2,11.2,12.732444414301606,False
1466416440,11.2,11.2,11.08587892857781,False
1466416510,11.2,11.2,12.338320381629266,False
1466416541,11.2,13.594048399024233,13.594048399024233,True
1466416631,11.2,14.459379256635927,14.459379256635927,True
1466416671,11.2,11.2,11.29573838521221,False
1466416725,11.2,11.541348533726955,11.541348533726955,True
1466416815,11.2,11.2,12.168493666509846,False
1466416867,11.6,11.65462901917618,11.65462901917618,True
1466416933,12.5,12.5,14.307275242508815,False
1466416963,12.5,11.91163317405757,11.91163317405757,True
1466417034,12.1,12.1,13.73813843880544,False
1466417069,12.1,12.179505115176179,12.179505115176179,True
1466417095,12.1,12.1,14.485883280394946,False
1466417123,12.1,12.1,12.421769713442304,False
1466417219,12.1,12.402382652815513,12.402382652815513,True
1466417228,12.1,12.1,12.595161805235266,False
1466417235,12.1,13.547519020385419,13.547519020385419,True
1466417266,11.9,13.672034992504802,13.672034992504802,True
1466417298,11.9,11.9,11.0200330724676,False
1466417382,11.9,13.996157270895779,13.996157270895779,True
1466417429,11.9,13.229844514200698,13.229844514200698,True
1466417434,11.9,12.23608413639391,12.23608413639391,True
1466417513,11.9,11.753283147456354,11.753283147456354,True
1466417598,11.9,12.844089469874369,12.844089469874369,True
1466417615,11.4,11.4,14.116574484122165,False
1466417654,10.7,11.744859117479548,11.744859117479548,True
1466417749,10.7,10.7,14.00369351225705,False
1466417763,10.8,10.8,14.481609260848789,False
1466417822,11.6,11.830698142968593,11.830698142968593,True
1466417851,11.6,13.066554577620884,13.066554577620884,True
1466417855,11.1,12.135319722828024,12.135319722828024,True
1466417879,11.1,11.1,12.153335644172016,False
1466417895,11.1,13.74756428721527,13.74756428721527,True
1466417969,10.6,14.474726164557215,14.474726164557215,True
1466418049,10.6,10.6,12.456043404742713,False
1466418118,10.7,13.684839827410721,13.684839827410721,True
1466418129,10.7,10.7,12.955481483237755,False
1466418179,10.7,12.970078131781992,12.970078131781992,True
1466418254,10.7,13.867756652566277,13.867756652566277,True
1466418332,10.7,10.7,12.839008935321644,False
1466418428,10.7,10.7,12.70009710725931,False
1466418494,10.7,10.7,11.628658141043852,False
1466418554,10.8,14.126096186986263,14.126096186986263,True
1466418563,10.8,12.14543995011463,12.14543995011463,True
1466418564,10.8,10.8,13.738640282303319,False
1466418594,10.8,10.8,13.249666897432345,False
1466418674,11.7,11.7,11.225800926107961,False
1466418748,11.7,13.698634233260067,13.698634233260067,True
1466418847,11.7,13.340133350241208,13.340133350241208,True
1466418877,11.7,11.7,12.808203943289262,False
1466418917,11.7,11.487643372768803,11.487643372768803,True
1466418938,11.7,11.7,12.462416207103901,False
1466419031,11.7,11.7,11.247137787474939,False
1466419058,11.7,11.405222866376896,11.405222866376896,True
1466419104,10.8,10.8,11.740703474039526,False
1466419166,10.8,13.906714785959537,13.906714785959537,True
1466419261,10.8,12.734219740073733,12.734219740073733,True
1466419349,10.8,10.8,13.278923031460662,False
1466419442,11.6,11.6,11.33592910982407,False
1466419530,11.6,12.04647027298685,12.04647027298685,True
1466419595,11.6,13.893684755047222,13.893684755047222,True
1466419646,11.6,11.6,14.11566229429813,False
1466419737,11.6,11.6,14.314793887120032,False
1466419826,11.6,11.6,12.241510643873298,False
1466419880,11.6,11.213128716299385,11.213128716299385,True
1466419911,11.6,12.404858344032387,12.404858344032387,True
1466419938,11.6,14.076601290034539,14.076601290034539,True
1466420016,11.6,12.256398822241483,12.256398822241483,True
1466420019,11.6,11.6,12.71104526632373,False
1466420108,11.6,11.6,14.386296730581392,False
1466420205,11.6,13.97940717946582,13.97940717946582,True
1466420228,11.6,11.695884821112866,11.695884821112866,True
1466420257,11.6,11.202067018926535,11.202067018926535,True
1466420270,11.6,11.6,13.556211354841153,False
1466420296,11.6,11.6,11.321765036142205,False
1466420331,11.6,11.622402380620692,11.622402380620692,True
1466420407,11.6,11.6,11.63411966691747,False
1466420430,11.6,11.6,14.474474403032142,False
1466420453,11.6,11.6,11.484068388404195,False
1466420474,12.2,12.89162981944947,12.89162981944947,True
1466420566,12.2,12.26938871173158,12.26938871173158,True
1466420579,12.2,12.2,12.058510898955403,False
1466420618,12.4,12.4,14.2042442861855,False
1466420624,12.4,13.880918561599508,13.880918561599508,True
1466420643,11.8,11.8,14.404579996549462,False
1466420695,11.8,11.8,11.868826776939263,False
1466420788,11.8,11.8,11.15988847916186,False
1466420863,11.8,12.381246177776784,12.381246177776784,True
1466420947,11.8,11.050777515714328,11.050777515714328,True
1466421003,11.8,13.196287607388157,13.196287607388157,True
1466421032,11.8,11.596461882806553,11.596461882806553,True
1466421050,11.8,14.45749854055719,14.45749854055719,True
1466421116,11.2,11.2,11.776667980623746,False
1466421208,11.2,12.511209179969667,12.511209179969667,True
1466421234,11.3,11.3,14.151618767480677,False
1466421262,11.3,11.3,14.082870779495133,False
1466421353,11.3,11.3,12.386062725633186,False
1466421360,12.3,11.054835888018403,11.054835888018403,True
1466421392,12.3,12.3,13.836771071849602,False
1466421480,12.3,13.238425562000556,13.238425562000556,True
1466421530,12.3,12.3,11.577752469595504,False
1466421547,12.3,11.793097170206257,11.793097170206257,True
1466421591,12.6,12.6,13.022584602572918,False
1466421633,12.6,12.24623028671456,12.24623028671456,True
1466421636,13.1,13.1,13.197646132257159,False
1466421670,13.1,13.1,14.121228532398469,False
1466421695,13.1,12.817940462128979,12.817940462128979,True
1466421721,13.1,13.1,11.984996085049659,False
1466421804,13.1,13.265156832740905,13.265156832740905,True
1466421819,13.1,12.07655144202087,12.07655144202087,True
1466421862,13.1,13.1,12.235398608480146,False
1466421885,13.1,11.442010436466294,11.442010436466294,True
1466421936,13.1,13.134321658649334,13.134321658649334,True
1466422012,13.1,13.1,14.211029403642339,False
1466422044,13.1,12.50558193184006,12.50558193184006,True
1466422045,14.0,14.0,12.141972268748672,False
1466422137,14.0,13.32400668718603,13.32400668718603,True
1466422162,14.0,12.746850584816642,12.746850584816642,True
1466422189,14.0,12.250707580943702,12.250707580943702,True
1466422197,14.0,14.0,11.02863479088122,False
1466422264,14.0,14.0,13.425012356090953,False
1466422330,14.0,11.78502724923651,11.78502724923651,True
1466422378,14.2,11.104437750499725,11.104437750499725,True
1466422432,14.2,13.316481120478674,13.316481120478674,True
1466422488,14.2,12.646645660824053,12.646645660824053,True
1466422577,14.2,14.318272068040875,14.318272068040875,True
1466422628,14.2,14.2,13.759106016397247,False
1466422638,13.3,13.3,14.159183448599048,False
1466422666,13.3,13.3,12.924926781995628,False
1466422706,13.3,13.947128869420256,13.947128869420256,True
1466422731,13.3,13.692493796019889,13.692493796019889,True
1466422804,13.3,11.55127211502575,11.55127211502575,True
1466422866,12.5,12.830161180612546,12.830161180612546,True
1466422873,12.5,11.057159694071665,11.057159694071665,True
1466422895,12.5,11.584854584275677,11.584854584275677,True
1466422953,12.5,12.5,11.37644884104353,False
1466422973,12.9,12.9,12.263883309572783,False
1466423017,12.9,13.585203075974036,13.585203075974036,True
1466423051,12.9,12.9,11.020546985224403,False
1466423099,12.9,12.9,14.24627878717783,False
1466423150,12.9,12.9,12.713868679610947,False
1466423155,12.9,11.27340935822504,11.27340935822504,True
1466423168,12.9,12.9,13.655159640090526,False
1466423205,12.1,11.696335078357276,11.696335078357276,True
1466423275,12.1,11.566653183213496,11.566653183213496,True
1466423287,12.1,11.849746663013413,11.849746663013413,True
1466423336,12.1,12.1,12.224676422645635,False
1466423340,12.1,12.202728884866483,12.202728884866483,True
1466423355,12.1,14.063461837167145,14.063461837167145,True
1466423443,12.1,13.168317927718519,13.168317927718519,True
1466423499,11.6,11.6,12.141261245186758,False
1466423585,11.6,11.6,11.420199205205105,False
1466423612,11.6,11.6,13.732450862185054,False
1466423669,11.6,11.705898215626169,11.705898215626169,True
1466423705,11.6,11.399012573765523,11.399012573765523,True
1466423770,10.7,11.620228411019314,11.620228411019314,True
1466423844,10.7,10.7,12.523120425750914,False
1466423902,10.7,10.7,11.234224357735837,False
1466423913,11.1,11.04479337093044,11.04479337093044,True
1466423972,11.1,11.1,13.82039132503093,False
1466424014,11.1,12.945435936767222,12.945435936767222,True
1466424069,11.1,11.1,11.406891403584867,False
1466424154,11.1,11.1,13.06903906926498,False
1466424155,11.1,11.1,14.277779112993105,False
1466424169,11.1,11.934086748389287,11.934086748389287,True
1466424262,11.1,13.145450578049008,13.145450578049008,True
1466424339,11.1,11.1,11.546267940519261,False
1466424398,11.1,14.002933678766208,14.002933678766208,True
1466424497,11.1,11.1,13.848809661982994,False
1466424558,11.1,11.1,13.29703713462887,False
1466424613,11.1,12.329692405884,12.329692405884,True
1466424713,11.1,14.012542397406687,14.012542397406687,True
1466424804,11.1,12.999445879184936,12.999445879184936,True
1466424878,11.1,11.925221562087602,11.925221562087602,True
1466424924,11.1,12.288397522450035,12.288397522450035,True
1466425009,11.8,12.757108073589238,12.757108073589238,True
1466425106,11.8,11.8,13.73934324376919,False
1466425129,12.0,12.0,14.259934062462108,False
1466425179,12.0,12.0,11.016133814370814,False
1466425257,12.0,12.0,12.972482886683256,False
1466425262,12.0,12.0,11.448199794896054,False
1466425305,12.0,12.0,13.321886626675953,False
1466425331,12.0,12.0,13.470137670306183,False
1466425338,12.0,12.440628519930494,12.440628519930494,True
1466425377,12.0,14.444519423473336,14.444519423473336,True
1466425380,12.0,13.036014952499977,13.036014952499977,True
1466425417,12.0,12.0,12.659322953245642,False
1466425484,12.6,12.6,12.901912151355383,False
1466425517,12.6,11.264886772510527,11.264886772510527,True
1466425553,12.6,12.6,13.920144457405476,False
1466425640,12.6,11.288610846658386,11.288610846658386,True
1466425687,12.6,13.868479570979826,13.868479570979826,True
1466425711,12.6,12.6,11.358681885292311,False
1466425768,12.6,12.6,11.623253633059612,False
1466425811,12.6,12.6,11.319794576163693,False
1466425856,12.6,12.462758761127295,12.462758761127295,True
1466425869,12.6,12.627563228714479,12.627563228714479,True
1466425884,12.6,12.6,13.36376638646567,False
1466425962,13.0,13.0,11.696557573354262,False
1466425974,13.0,12.626278555395283,12.626278555395283,True
1466426016,13.0,11.09544165506975,11.09544165506975,True
1466426024,13.0,13.0,11.424483767410335,False
1466426034,13.0,12.242524576225293,12.242524576225293,True
1466426130,13.0,12.039881669113118,12.039881669113118,True
1466426189,13.0,13.011266423072566,13.011266423072566,True
1466426198,13.0,14.100214499717502,14.100214499717502,True
1466426280,13.0,11.59115521416005,11.59115521416005,True
1466426298,13.0,13.630649175668353,13.630649175668353,True
1466426380,12.9,11.036804167116298,11.036804167116298,True
1466426420,12.9,14.324116356233244,14.324116356233244,True
1466426509,12.6,12.6,11.482253897969244,False
1466426521,12.6,12.618762729894824,12.618762729894824,True
1466426535,13.6,13.6,12.066949971798985,False
1466426563,13.6,13.062627580610311,13.062627580610311,True
1466426620,13.7,14.156919217327436,14.156919217327436,True
1466426694,13.7,13.7,13.21789568520774,False
1466426764,13.7,13.7,11.255221265745304,False
1466426778,13.7,13.7,11.926439216496297,False
1466426866,13.7,13.065446060302516,13.065446060302516,True
1466426938,13.7,12.566772889252439,12.566772889252439,True
1466427022,13.7,13.7,12.264410369994037,False
1466427059,13.8,13.8,12.124665464617834,False
1466427125,13.8,13.8,13.78938144060374,False
1466427204,13.8,13.8,13.160684289243104,False
1466427240,13.8,13.084731681927238,13.084731681927238,True
1466427317,13.8,11.799741415961103,11.799741415961103,True
1466427319,13.8,11.893906363778747,11.893906363778747,True
1466427331,14.3,14.3,11.059336589994112,False
1466427425,14.3,14.3,12.051380351352439,False
1466427458,13.4,12.548445230687898,12.548445230687898,True
1466427495,13.4,13.4,12.260624166594232,False
1466427543,14.4,14.4,12.32421238415484,False
1466427625,14.4,14.4,13.34022135035902,False
1466427663,13.4,13.4,14.299182028529746,False
1466427672,13.4,13.210132213811862,13.210132213811862,True
1466427684,14.0,12.651484930858665,12.651484930858665,True
1466427739,14.0,14.190659618548706,14.190659618548706,True
1466427769,13.4,13.506601848239882,13.506601848239882,True
1466427775,13.3,13.868278714554522,13.868278714554522,True
1466427820,13.3,13.3,12.808360690343628,False
1466427837,13.3,12.29551275264043,12.29551275264043,True
1466427846,13.3,13.3,11.970717752117762,False
1466427904,13.3,13.691471317779335,13.691471317779335,True
1466427997,13.3,11.985378681218254,11.985378681218254,True
1466428027,13.3,13.751717728563587,13.751717728563587,True
1466428114,13.3,13.3,13.5697229186401,False
1466428212,13.3,13.3,11.778379707766037,False
1466428294,12.9,12.9,13.631584136079388,False
1466428321,12.9,12.900837435911635,12.900837435911635,True
1466428340,12.9,11.251585793471788,11.251585793471788,True
1466428378,12.9,12.9,12.765899395055566,False
1466428463,12.9,11.495594528341224,11.495594528341224,True
1466428551,12.9,11.688271267555724,11.688271267555724,True
1466428575,12.9,12.9,11.937016493451925,False
1466428593,12.9,13.259815140794583,13.259815140794583,True
1466428682,12.9,14.022204487336104,14.022204487336104,True
1466428699,12.9,12.9,14.02339866389374,False
1466428719,12.9,11.29769469504006,11.29769469504006,True
1466428819,11.9,11.369219876799242,11.369219876799242,True
1466428850,11.9,11.9,13.255582790955,False
1466428884,11.9,11.9,11.296015346239717,False
1466428973,12.3,12.3,11.483958260002607,False
1466429006,12.2,12.2,11.308963967104852,False
1466429026,12.2,12.2,12.583328107021416,False
1466429066,12.7,14.29510880670669,14.29510880670669,True
1466429072,12.7,13.979128598066767,13.979128598066767,True
1466429103,12.8,11.891127014834403,11.891127014834403,True
1466429110,12.8,12.8,13.59737481509153,False
1466429123,13.4,13.4,12.341700555651713,False
1466429168,13.4,13.4,13.319062417154218,False
1466429182,13.4,14.033830381723092,14.033830381723092,True
1466429184,13.4,13.4,12.775015858780856,False
1466429197,13.4,13.968479194059087,13.968479194059087,True
1466429280,13.4,13.4,12.392440176826236,False
1466429378,13.4,12.792987284322656,12.792987284322656,True
1466429450,13.4,13.010947436625667,13.010947436625667,True
1466429455,13.0,13.0,12.764934231241732,False
1466429510,12.4,13.915543724568414,13.915543724568414,True
1466429565,12.4,12.729857863744018,12.729857863744018,True
1466429566,12.4,12.4,11.99626632187878,False
1466429592,12.4,12.4,13.17312742396108,False
1466429623,12.4,12.4,11.329188854846716,False
1466429691,12.4,12.4,12.913496823026067,False
1466429733,12.4,11.71055644588401,11.71055644588401,True
1466429803,12.4,12.4,13.088479303558081,False
1466429832,12.4,11.768277760045114,11.768277760045114,True
1466429905,12.4,12.4,12.987763529640167,False
1466429997,12.4,12.4,11.282384851048326,False
1466430050,12.4,11.264023712408658,11.264023712408658,True
1466430088,12.4,12.877229482623877,12.877229482623877,True
1466430174,12.4,12.4,14.279284594109658,False
1466430247,12.4,12.615197275607038,12.615197275607038,True
1466430344,12.4,13.796007996701293,13.796007996701293,True
1466430375,12.4,12.090712231133612,12.090712231133612,True
1466430400,13.1,13.1,13.697836158126188,False
1466430457,13.1,13.1,13.100276930194564,False
1466430483,13.1,13.1,14.033354148798251,False
1466430517,13.1,13.1,13.455583030828016,False
1466430524,13.1,12.123715347268368,12.123715347268368,True
1466430592,13.1,11.266523695206832,11.266523695206832,True
1466430616,13.1,13.1,13.0940677337051,False
1466430631,13.1,13.1,11.747195772396088,False
1466430680,13.1,13.1,13.945027296684017,False
1466430734,13.1,12.349052282491266,12.349052282491266,True
1466430790,13.1,13.1,12.705304147920819,False
1466430815,13.1,13.1,13.473747976063429,False
1466430895,13.1,13.1,12.839251889792687,False
1466430916,14.0,14.0,13.074869571803363,False
1466430929,14.0,14.0,13.762613104270738,False
1466430936,14.0,14.0,13.373346873980692,False
1466431009,14.0,12.42713291218859,12.42713291218859,True
1466431036,14.0,11.664469942205145,11.664469942205145,True
1466431055,14.0,12.783364894234552,12.783364894234552,True
1466431145,14.0,14.0,13.395198262936116,False
1466431218,14.0,12.429031966233175,12.429031966233175,True
1466431290,13.5,13.934695134749806,13.934695134749806,True
1466431324,13.5,13.5,13.714485415794458,False
1466431400,13.5,11.389449117323858,11.389449117323858,True
1466431450,13.5,12.959550883250737,12.959550883250737,True
1466431526,13.5,13.5,11.715675389638891,False
1466431589,13.5,11.308568520563599,11.308568520563599,True
1466431661,13.5,12.01439290208991,12.01439290208991,True
1466431760,13.5,12.044263334481847,12.044263334481847,True
1466431796,13.5,13.5,11.1692593049806,False
1466431848,13.5,11.51120430071434,11.51120430071434,True
1466431879,13.5,13.5,14.193276797758301,False
1466431954,13.5,13.5,11.205273721082284,False
1466431958,13.5,13.5,12.860389532018083,False
1466432002,14.0,14.0,11.97374314125133,False
1466432101,14.0,14.0,11.422617703147198,False
1466432177,14.0,14.100102454007954,14.100102454007954,True
1466432194,14.0,12.60506733489472,12.60506733489472,True
1466432237,14.0,14.0,11.982785116414226,False
1466432280,14.0,14.437333011976484,14.437333011976484,True
1466432373,14.0,14.0,13.89667799714191,False
1466432389,14.0,14.0,14.121048783852078,False
1466432415,14.0,14.0,13.474196188389389,False
1466432417,13.6,13.284073718884098,13.284073718884098,True
1466432506,13.6,13.6,13.387848781476226,False
1466432569,13.6,11.386589154336646,11.386589154336646,True
1466432577,13.6,13.6,12.996098067627065,False
1466432670,13.6,13.6,11.6561602051401,False
1466432706,13.6,13.6,14.31072158701513,False
1466432804,13.6,13.6,13.960969909450899,False
1466432853,13.6,13.205688240017654,13.205688240017654,True
1466432947,13.0,13.360924443886454,13.360924443886454,True
1466433040,13.0,12.649447568051901,12.649447568051901,True
1466433128,13.0,13.0,11.92020646605901,False
1466433145,13.0,13.0,14.374488808468387,False
1466433195,13.0,13.0,11.636849201481466,False
1466433289,13.0,13.203525596650579,13.203525596650579,True
1466433375,13.0,13.0,11.329289028466453,False
1466433427,13.0,12.335688427405037,12.335688427405037,True
1466433478,13.0,13.0,14.123439287036216,False
1466433517,12.9,13.604989686282064,13.604989686282064,True
1466433615,12.9,12.92105617227168,12.92105617227168,True
1466433672,12.9,11.997858993996696,11.997858993996696,True
1466433762,12.9,14.131106175346245,14.131106175346245,True
1466433809,12.9,11.497697957024826,11.497697957024826,True
1466433873,12.9,13.857990884634074,13.857990884634074,True
1466433910,13.2,14.233769471918473,14.233769471918473,True
1466433994,13.2,11.593990150248038,11.593990150248038,True
1466434003,13.2,12.417490889161645,12.417490889161645,True
1466434045,12.6,12.6,13.27492994795419,False
1466434096,12.6,13.638499887929942,13.638499887929942,True
1466434173,12.6,12.6,12.742089017299287,False
1466434199,12.7,14.159203424487352,14.159203424487352,True
1466434224,12.7,12.7,11.841726326473992,False
1466434308,12.9,12.9,11.093605655630338,False
1466434359,12.9,11.177500182397264,11.177500182397264,True
1466434371,13.3,11.829336390543663,11.829336390543663,True
1466434457,13.3,12.857306641628346,12.857306641628346,True
1466434498,13.3,14.134670603042197,14.134670603042197,True
1466434552,13.3,13.413445825377437,13.413445825377437,True
1466434622,13.3,14.046399366623476,14.046399366623476,True
1466434691,13.7,14.264701329368522,14.264701329368522,True
1466434718,13.7,12.591344870739839,12.591344870739839,True
1466434727,13.7,13.7,13.968757944049889,False
1466434815,13.7,13.7,12.13634995336062,False
1466434892,13.4,13.4,11.133210798004516,False
1466434915,13.4,13.4,12.756952515871843,False
1466434946,13.4,11.692517175186229,11.692517175186229,True
1466434988,12.9,12.9,11.276570429210532,False
1466435020,12.9,13.322444286772674,13.322444286772674,True
1466435090,12.9,13.893990482270421,13.893990482270421,True
1466435099,12.8,11.29687477338323,11.29687477338323,True
1466435145,12.8,12.8,11.86448499476646,False
1466435186,12.8,12.8,11.555516087479795,False
1466435246,12.8,11.66894951663448,11.66894951663448,True
1466435284,12.8,12.8,12.872466877675711,False
1466435327,12.7,12.43895284893671,12.43895284893671,True
1466435369,12.7,12.7,12.334731330887,False
1466435408,12.7,12.53508185103588,12.53508185103588,True
1466435468,12.7,13.816941014950004,13.816941014950004,True
1466435486,13.4,13.357587444940897,13.357587444940897,True
1466435555,13.4,12.576471138178215,12.576471138178215,True
1466435624,14.3,13.93814953607871,13.93814953607871,True
1466435659,14.3,13.904767958902491,13.904767958902491,True
1466435682,14.7,12.627259930199765,12.627259930199765,True
1466435712,14.7,14.7,12.32030421740736,False
1466435794,14.7,13.726119236613554,13.726119236613554,True
1466435878,14.7,12.02221956234735,12.02221956234735,True
1466435904,14.7,11.249369698280034,11.249369698280034,True
1466435971,14.7,14.7,14.352501838904072,False
1466436041,14.3,14.3,13.028138125996968,False
1466436059,14.3,14.3,12.595968888590837,False
1466436093,14.3,13.782551645033797,13.782551645033797,True
1466436178,14.3,12.668354634524809,12.668354634524809,True
1466436230,14.3,14.349934723024665,14.349934723024665,True
1466436280,13.6,13.6,14.271783214964888,False
1466436332,13.6,13.6,14.042567830073638,False
1466436333,13.6,11.408270962675218,11.408270962675218,True
1466436431,13.6,12.478648366397834,12.478648366397834,True
1466436520,13.6,13.6,13.828753751336574,False
1466436572,13.7,13.999993235801544,13.999993235801544,True
1466436647,13.7,13.7,13.778845799097382,False
1466436655,13.7,13.7,13.763301867945307,False
1466436727,14.4,14.4,13.786589912651563,False
1466436793,14.4,13.691393243644422,13.691393243644422,True
1466436879,14.4,14.4,12.39601021949598,False
1466436880,14.4,14.4,13.050162124313516,False
1466436939,14.4,14.4,12.692964248536436,False
1466437015,14.4,14.4,11.41982623348679,False
1466437048,14.4,12.206174403848149,12.206174403848149,True
1466437088,14.4,13.601793194929694,13.601793194929694,True
1466437105,13.7,14.42632214167902,14.42632214167902,True
1466437122,13.7,13.7,11.656194618761898,False
1466437160,13.7,13.7,13.020479475520961,False
1466437232,13.7,11.486403661988048,11.486403661988048,True
1466437321,13.7,13.574978424306192,13.574978424306192,True
1466437335,13.7,11.418965804014174,11.418965804014174,True
1466437358,13.7,13.339725594816057,13.339725594816057,True
1466437441,14.5,14.5,11.093865063749263,False
1466437480,14.5,14.5,12.721049884333564,False
1466437561,14.5,11.933300201539234,11.933300201539234,True
1466437653,14.5,12.590743929676828,12.590743929676828,True
1466437709,14.4,13.055393546147341,13.055393546147341,True
1466437798,14.4,14.4,14.187258469573498,False
1466437869,14.4,14.4,13.590729737552909,False
1466437952,14.4,14.4,14.396826881792393,False
1466438037,14.4,11.749829605832167,11.749829605832167,True
1466438054,14.4,14.4,12.131070193819488,False
1466438056,14.4,12.475379387574598,12.475379387574598,True
1466438136,14.4,11.496522374281547,11.496522374281547,True
1466438234,14.4,13.80926117522242,13.80926117522242,True
1466438261,14.4,11.520431587103474,11.520431587103474,True
1466438348,14.4,11.67257131455818,11.67257131455818,True
1466438407,13.8,13.70618345680575,13.70618345680575,True
1466438422,13.8,13.902215488604071,13.902215488604071,True
1466438476,13.8,13.8,11.280337599709451,False
1466438571,13.8,13.8,12.239642822496577,False
1466438612,13.8,12.589123854844035,12.589123854844035,True
1466438620,13.8,14.483650471999686,14.483650471999686,True
1466438698,13.8,13.8,12.901988636656636,False
1466438747,13.8,13.8,11.785259690214787,False
1466438795,13.8,11.219905154000495,11.219905154000495,True
1466438810,13.8,12.59648764952562,12.59648764952562,True
1466438888,13.8,13.8,12.667959645873742,False
1466438975,13.8,13.390060506984335,13.390060506984335,True
1466439000,13.8,11.794275993799845,11.794275993799845,True
1466439092,13.8,13.847283756846243,13.847283756846243,True
1466439150,13.8,13.8,12.20614418897484,False
1466439229,13.8,14.02329530876586,14.02329530876586,True
1466439279,13.8,13.679827083989576,13.679827083989576,True
1466439328,13.8,14.066161752672809,14.066161752672809,True
1466439351,13.8,13.8,13.60370944773434,False
1466439447,13.8,13.8,11.208803582247038,False
1466439466,13.8,13.8,12.913130941525116,False
1466439480,13.8,13.8,12.086722774495238,False
1466439560,13.8,13.8,11.717383989657632,False
1466439600,13.6,13.6,14.186798169321825,False
1466439645,13.6,13.6,11.901843304338689,False
1466439729,13.6,13.87921040274359,13.87921040274359,True
1466439772,13.0,13.0,13.74461630278429,False
1466439827,13.0,13.0,13.769121192688427,False
1466439849,13.5,11.716251157752062,11.716251157752062,True
1466439910,13.5,13.5,12.641497201419122,False
1466439990,13.5,11.017297964823932,11.017297964823932,True
1466440005,13.5,13.940848148812492,13.940848148812492,True
1466440006,13.5,13.5,13.388149808760321,False
1466440045,13.5,13.497414990981781,13.497414990981781,True
1466440066,13.1,13.1,13.018247857811229,False
1466440154,12.4,12.833949512788802,12.833949512788802,True
1466440214,11.7,11.7,14.242195178424833,False
1466440226,11.7,11.7,14.256601440256112,False
1466440304,11.7,11.7,13.050547510352274,False
1466440385,11.7,11.610596311742547,11.610596311742547,True
1466440451,12.2,12.2,13.699000424143303,False
1466440521,12.9,12.9,12.315614985276524,False
1466440581,12.1,12.1,14.359123755303852,False
1466440674,12.1,13.053641646781113,13.053641646781113,True
1466440727,12.1,12.1,12.256361473909411,False
1466440821,12.3,12.3,11.056825100533173,False
1466440827,11.5,11.5,11.144595345580205,False
1466440897,11.5,11.5,13.462778154781116,False
1466440923,11.5,13.244525463671197,13.244525463671197,True
1466441012,11.5,11.5,11.759087396866994,False
1466441049,11.5,11.5,13.086845353411825,False
1466441147,11.5,11.114418690542953,11.114418690542953,True
1466441213,11.5,11.844946678439365,11.844946678439365,True
1466441311,11.5,13.906734545092284,13.906734545092284,True
1466441318,11.5,11.5,12.612890677525249,False
1466441418,11.5,11.5,11.777796440854786,False
1466441510,11.5,11.485550689916451,11.485550689916451,True
1466441541,11.5,13.848324024558229,13.848324024558229,True
1466441579,11.5,11.5,13.558705415023503,False
1466441630,11.5,11.5,13.25658048327034,False
1466441714,11.5,13.759558293131485,13.759558293131485,True
1466441724,11.4,11.4,13.603330127184924,False
1466441741,11.4,11.84584225300693,11.84584225300693,True
1466441822,10.5,12.052975863948872,12.052975863948872,True
1466441883,10.5,11.812796511425377,11.812796511425377,True
1466441934,10.5,10.5,13.620668531002398,False
1466441947,10.5,10.5,13.954849730363492,False
1466442046,11.3,12.547493377346948,12.547493377346948,True
1466442137,11.3,11.3,11.840805765816588,False
1466442175,11.3,11.3,13.675287429195686,False
1466442216,11.3,11.3,11.179973411475395,False
1466442284,11.3,11.3,12.227605663205033,False
1466442332,11.0,11.394792128631742,11.394792128631742,True
1466442358,11.0,14.290007515208924,14.290007515208924,True
1466442362,11.0,13.21962044404081,13.21962044404081,True
1466442439,11.0,11.0,14.223699269248623,False
1466442490,11.0,13.871562781846002,13.871562781846002,True
1466442498,11.0,12.78072281537001,12.78072281537001,True
1466442508,11.0,11.0,12.297453224683371,False
1466442518,11.0,11.0,12.060543393966976,False
1466442556,11.0,13.316143769361272,13.316143769361272,True
1466442656,11.5,11.5,14.357795678417892,False
1466442662,11.5,11.218563713271099,11.218563713271099,True
1466442703,11.5,11.5,12.703254491470556,False
1466442768,11.5,11.5,13.74944042588605,False
1466442788,11.5,13.586430416637363,13.586430416637363,True
1466442886,11.5,11.5,11.127103241821397,False
1466442980,11.5,11.038571554976452,11.038571554976452,True
1466443000,11.5,11.5,11.365712060305858,False
1466443029,11.5,12.084720617612566,12.084720617612566,True
1466443038,11.3,12.960103417620864,12.960103417620864,True
1466443089,11.3,11.3,11.141066358247521,False
1466443162,11.3,11.3,12.402115414725612,False
1466443201,11.3,11.88643373965432,11.88643373965432,True
1466443219,11.5,11.5,12.579831657831217,False
1466443263,11.5,13.542273603254385,13.542273603254385,True
1466443350,11.5,11.5,11.859384880816652,False
1466443373,11.0,11.0,12.956032201222815,False
1466443392,11.0,12.49328002326561,12.49328002326561,True
1466443402,11.0,11.0,13.550752674482455,False
1466443486,11.0,11.0,12.027413650257456,False
1466443511,11.0,11.0,14.169388220901066,False
1466443584,11.5,11.5,14.025942354248972,False
1466443677,10.6,10.6,12.776843282739554,False
1466443725,10.6,12.813498818711718,12.813498818711718,True
1466443727,10.6,12.083856786851728,12.083856786851728,True
1466443750,11.4,13.197153010506153,13.197153010506153,True
1466443761,11.4,11.4,12.556156375767365,False
1466443808,11.4,11.99715056528607,11.99715056528607,True
1466443861,12.3,12.3,14.06138591903342,False
1466443929,12.3,11.99090266079412,11.99090266079412,True
1466443986,12.3,11.96167630671459,11.96167630671459,True
1466444043,12.6,12.6,11.699153172331357,False
1466444110,12.6,12.6,14.271502579053388,False
1466444192,12.6,12.6,11.892557770806588,False
1466444287,12.6,12.6,12.979181570313706,False
1466444294,12.6,12.888272102594922,12.888272102594922,True
1466444366,12.6,12.485100194239608,12.485100194239608,True
1466444466,13.5,13.5,14.486677388502185,False
1466444505,13.5,12.597740612313183,12.597740612313183,True
1466444556,14.4,14.4,13.780875432016522,False
1466444624,14.4,12.436903937588466,12.436903937588466,True
1466444663,14.4,14.4,13.346895765853665,False
1466444685,14.4,14.4,13.697152827340474,False
1466444756,14.4,14.4,12.048914291110666,False
1466444781,14.4,14.4,13.15415635620157,False
1466444840,14.5,14.5,12.675989911342425,False
1466444854,14.5,12.258793098506036,12.258793098506036,True
1466444860,14.5,11.546624230505715,11.546624230505715,True
1466444959,14.5,14.5,14.238263466652342,False
1466445058,14.5,14.5,14.4321353911293,False
1466445107,14.1,14.1,12.25285864722638,False
1466445165,14.1,14.1,11.92232209046507,False
1466445170,14.1,11.981718159508059,11.981718159508059,True
1466445173,14.1,14.1,12.818589028374332,False
1466445247,14.1,14.1,12.72635945730858,False
1466445305,14.2,14.44461238854414,14.44461238854414,True
1466445333,14.2,14.323887406683392,14.323887406683392,True
1466445356,14.2,14.2,12.738541650449507,False
1466445430,14.2,14.2,11.284740472088851,False
1466445491,14.2,13.111295174906875,13.111295174906875,True
1466445497,14.2,13.72671090086535,13.72671090086535,True
1466445514,14.2,13.065661904259882,13.065661904259882,True
1466445549,14.2,13.877093901194725,13.877093901194725,True
1466445640,14.2,14.2,12.20128184801365,False
1466445648,14.2,14.2,11.691610727651813,False
1466445739,14.6,14.6,12.842126531580686,False
1466445814,14.6,12.880528315376306,12.880528315376306,True
1466445879,14.6,14.6,14.493578842571878,False
1466445909,14.6,14.6,14.376862261009846,False
1466445965,14.6,11.283055951936136,11.283055951936136,True
1466446021,14.6,11.902805865636186,11.902805865636186,True
1466446045,14.6,12.609538520453714,12.609538520453714,True
1466446071,14.6,14.6,11.533864661756148,False
1466446120,14.6,14.6,13.247739095476435,False
1466446168,14.6,12.408689296761489,12.408689296761489,True
1466446253,14.9,14.9,13.448758260632438,False
1466446302,14.9,14.9,14.297767685396018,False
1466446389,14.9,14.9,11.456202554120106,False
1466446404,14.9,14.9,12.450768455856455,False
1466446494,14.9,14.9,12.005619914665264,False
1466446594,14.9,14.9,12.773342537613342,False
1466446643,14.9,14.9,13.135446460235151,False
1466446669,14.9,13.280264268879634,13.280264268879634,True
1466446690,14.9,14.388080314859726,14.388080314859726,True
1466446735,14.9,12.482245243025503,12.482245243025503,True
1466446766,14.9,14.9,11.431899670529154,False
1466446852,14.9,13.279149539700999,13.279149539700999,True
1466446902,14.8,12.45875024863502,12.45875024863502,True
1466446945,14.5,14.5,11.039711842883872,False
1466446987,14.5,14.5,13.084015117148468,False
1466447036,14.5,11.480401441665173,11.480401441665173,True
1466447112,14.5,14.5,13.884802457302712,False
1466447129,14.5,13.039355273432653,13.039355273432653,True
1466447189,14.5,13.632279289085762,13.632279289085762,True
1466447224,14.5,14.5,11.953396550046007,False
1466447270,14.5,14.5,14.112631326276897,False
1466447272,14.5,14.5,12.28511958197132,False
1466447348,14.5,14.5,12.23275610814908,False
1466447359,14.5,11.42702262400531,11.42702262400531,True
1466447388,13.9,12.339625795491912,12.339625795491912,True
1466447390,13.9,13.9,11.129959452793047,False
1466447425,14.7,11.686583961789646,11.686583961789646,True
1466447463,14.7,12.048335461241171,12.048335461241171,True
1466447485,14.7,11.976610719732557,11.976610719732557,True
1466447545,14.7,14.7,11.250734916104609,False
1466447553,14.7,14.7,12.583120719247031,False
1466447554,14.7,14.7,13.284023277821268,False
1466447573,14.7,14.7,11.611867135630526,False
1466447634,14.7,14.7,11.426393024375415,False
1466447695,14.7,14.7,12.493898824345024,False
1466447762,14.7,13.988398923530502,13.988398923530502,True
1466447844,14.7,14.479234144001053,14.479234144001053,True
1466447885,14.7,12.956521412419473,12.956521412419473,True
1466447943,14.7,14.7,13.228156229171688,False
1466447956,14.7,13.719659543071767,13.719659543071767,True
1466448041,14.7,14.7,11.41117358477664,False
1466448140,14.7,14.7,12.486064540562506,False
1466448215,14.7,14.014809237644487,14.014809237644487,True
1466448270,14.7,12.027464137123058,12.027464137123058,True
1466448302,14.0,13.364592824169199,13.364592824169199,True
1466448368,14.0,12.061438765836863,12.061438765836863,True
1466448422,14.0,14.0,12.909220771634187,False
1466448517,14.0,14.0,11.264129108514695,False
1466448614,14.0,13.318353055432183,13.318353055432183,True
1466448701,14.0,14.0,13.01991743271686,False
1466448743,14.0,14.0,12.046746946984094,False
1466448805,14.0,11.395558768944928,11.395558768944928,True
1466448844,14.0,11.25319274307088,11.25319274307088,True
1466448896,13.9,14.48231895842847,14.48231895842847,True
1466448984,13.3,13.3,13.909378297839122,False
1466449031,13.3,11.771586168388588,11.771586168388588,True
1466449045,12.5,13.788415014621776,13.788415014621776,True
1466449099,12.5,12.5,14.070981546662642,False
1466449171,12.5,12.5,11.263683410797348,False
1466449261,12.5,12.5,13.43061634494978,False
1466449280,12.5,12.5,11.256320865699944,False
1466449359,12.5,12.5,14.272473890604749,False
1466449442,12.5,12.5,11.010427544666317,False
1466449496,12.5,11.633237926853576,11.633237926853576,True
1466449537,12.5,12.232948863179052,12.232948863179052,True
1466449555,12.5,12.5,12.126927989640507,False
1466449629,12.5,12.5,13.686276917485998,False
1466449635,12.5,12.5,13.233632947812474,False
1466449721,12.3,12.3,12.659626570279515,False
1466449772,12.3,12.3,12.857823550903698,False
1466449872,12.3,13.542752368895645,13.542752368895645,True
1466449873,12.3,11.675188916305554,11.675188916305554,True
1466449884,12.3,12.3,12.805663618872465,False
1466449937,12.3,11.306697766389936,11.306697766389936,True
1466449953,12.3,12.3,13.831941175659605,False
1466449959,12.3,13.971034208404397,13.971034208404397,True
1466449961,11.4,11.4,12.532159758783816,False
1466450018,11.5,13.919049995169143,13.919049995169143,True
1466450075,11.4,11.4,14.068182390864484,False
1466450150,11.3,14.475241046773052,14.475241046773052,True
1466450177,11.3,12.227737267184576,12.227737267184576,True
1466450255,11.5,11.5,11.319571904089408,False
1466450343,11.5,11.939563983780657,11.939563983780657,True
1466450348,11.0,11.0,11.941773105923163,False
1466450401,11.0,12.686820665395874,12.686820665395874,True
1466450433,11.0,11.475048432615162,11.475048432615162,True
1466450507,11.0,14.211534098770914,14.211534098770914,True
1466450536,11.0,11.0,11.971957152747605,False
1466450627,11.0,11.461438024269823,11.461438024269823,True
1466450723,11.2,14.175494319111543,14.175494319111543,True
1466450817,11.2,11.2,11.187890157240098,False
1466450900,11.2,11.612234734729135,11.612234734729135,True
1466450902,11.2,11.2,13.175202301494306,False
1466450971,11.2,13.05278084216226,13.05278084216226,True
1466451016,11.2,11.2,13.599074336480452,False
1466451023,11.2,14.382149939369079,14.382149939369079,True
1466451073,11.2,11.2,13.569444899767028,False
1466451166,11.2,11.2,11.519906233872907,False
1466451231,11.2,11.2,14.07820909812024,False
1466451245,11.2,11.2,12.661439727977307,False
1466451293,11.2,11.2,12.883956685261854,False
1466451295,11.2,11.2,11.51294983467356,False
1466451378,11.2,14.18979434288152,14.18979434288152,True
1466451445,11.2,11.2,13.539828193790726,False
1466451508,11.1,11.1,13.66744322872358,False
1466451599,11.1,13.553354222225298,13.553354222225298,True
1466451686,11.2,13.858049257966075,13.858049257966075,True
1466451761,11.2,11.2,11.230619346905026,False
1466451857,11.2,11.2,12.574675459710768,False
1466451909,11.2,12.799516796001331,12.799516796001331,True
1466451919,11.2,11.2,14.073582268047408,False
1466452006,11.2,11.01558481302616,11.01558481302616,True
1466452035,11.2,12.192062380425261,12.192062380425261,True
1466452039,11.2,13.027236864929987,13.027236864929987,True
1466452104,11.2,13.759458871259218,13.759458871259218,True
1466452167,11.2,12.693931677663945,12.693931677663945,True
1466452238,11.2,11.2,13.694628147483193,False
1466452313,11.2,11.459205678999163,11.459205678999163,True
1466452339,11.2,11.2,13.651808253889005,False
1466452419,11.2,11.2,12.08192036708085,False
1466452424,11.2,11.2,11.346281355806784,False
1466452435,11.2,12.652569591511305,12.652569591511305,True
1466452531,11.2,13.74559953728159,13.74559953728159,True
1466452584,11.2,11.2,12.690251225025882,False
1466452625,11.2,13.525316835426288,13.525316835426288,True
1466452676,11.2,11.2,13.75626660791948,False
1466452752,11.2,11.2,13.436993779193562,False
1466452796,11.1,12.039903278470954,12.039903278470954,True
1466452825,11.1,11.1,12.365512046181248,False
1466452860,11.1,11.1,11.451871803641078,False
1466452960,11.1,12.432809577335735,12.432809577335735,True
1466452979,11.1,11.1,13.213331353533832,False
1466453002,11.1,12.775620902064496,12.775620902064496,True
1466453016,11.1,12.86983698507247,12.86983698507247,True
1466453025,11.1,13.048839831457348,13.048839831457348,True
1466453089,11.4,12.614984378129266,12.614984378129266,True
1466453141,11.4,11.469250411604376,11.469250411604376,True
1466453154,11.4,11.786278060279837,11.786278060279837,True
1466453184,11.4,11.241072661826818,11.241072661826818,True
1466453202,11.4,14.300362374540612,14.300362374540612,True
1466453203,12.1,11.14650490507994,11.14650490507994,True
1466453222,12.1,12.1,13.957149549596853,False
1466453321,13.0,13.0,14.280816612202358,False
1466453379,13.0,11.770066131120743,11.770066131120743,True
1466453392,13.0,11.46512074852568,11.46512074852568,True
1466453422,13.0,13.0,12.735668877625605,False
1466453502,13.0,13.0,11.2796407508682,False
1466453518,13.3,13.3,11.0425959139008,False
1466453563,13.3,12.222918390625185,12.222918390625185,True
1466453604,13.3,13.3,14.100214550689607,False
1466453639,13.3,13.460257707065072,13.460257707065072,True
1466453705,13.3,13.3,13.652392246344682,False
1466453795,13.3,13.3,12.631422725975542,False
1466453816,13.3,12.248920641936884,12.248920641936884,True
1466453870,13.3,12.290671479246251,12.290671479246251,True
1466453910,13.3,13.3,12.099097781319562,False
1466454002,13.3,11.14750229149159,11.14750229149159,True
1466454051,13.3,12.625567415591275,12.625567415591275,True
1466454087,13.3,12.44811068167904,12.44811068167904,True
1466454129,12.7,12.7,12.257766224331158,False
1466454227,12.7,11.900139266124754,11.900139266124754,True
1466454259,12.7,12.7,12.030153918473864,False
1466454262,12.7,12.502116727149017,12.502116727149017,True
1466454298,12.7,12.311395066393889,12.311395066393889,True
1466454388,12.7,12.7,13.804157020871175,False
1466454399,12.7,12.7,11.046663808817385,False
1466454473,12.7,12.7,14.19738390041065,False
1466454529,12.7,12.7,14.120831186169031,False
1466454559,12.7,12.7,12.613411923092432,False
1466454648,12.7,11.13682127846446,11.13682127846446,True
1466454745,12.7,12.492212287145023,12.492212287145023,True
1466454763,12.7,12.757024691630118,12.757024691630118,True
1466454851,12.7,12.777026492742594,12.777026492742594,True
1466454936,12.7,12.7,12.99450993832285,False
1466454949,12.7,12.285470062236042,12.285470062236042,True
1466455032,12.7,12.7,11.672425961186452,False
1466455065,12.7,12.7,13.154686941980925,False
1466455119,13.2,12.242113261796787,12.242113261796787,True
1466455172,12.4,13.213271158951848,13.213271158951848,True
1466455196,12.4,12.498075227752729,12.498075227752729,True
1466455271,12.4,11.943193345732547,11.943193345732547,True
1466455357,12.4,13.530855207238615,13.530855207238615,True
1466455361,12.4,12.97974092126628,12.97974092126628,True
1466455394,12.4,12.892096988361818,12.892096988361818,True
1466455475,12.4,12.4,13.770344916210181,False
1466455497,12.7,11.628617114032467,11.628617114032467,True
1466455561,12.7,12.7,11.332829846387327,False
1466455575,12.7,11.60804497362513,11.60804497362513,True
1466455587,12.7,12.7,13.428762878700802,False
1466455651,12.7,14.154042628298846,14.154042628298846,True
1466455658,12.7,12.024531717679512,12.024531717679512,True
1466455732,12.7,12.7,14.186634696649271,False
1466455812,12.7,11.717347582905798,11.717347582905798,True
1466455910,12.7,13.777045735296849,13.777045735296849,True
1466455951,12.8,12.8,13.225959344017582,False
1466455999,12.8,12.8,13.987680945958274,False
1466456054,12.8,13.674534851746241,13.674534851746241,True
1466456058,12.5,14.204045478575688,14.204045478575688,True
1466456074,12.5,12.771733403129499,12.771733403129499,True
1466456088,12.4,12.4,11.881821173418723,False
1466456118,12.2,12.2,11.18117675831418,False
1466456218,11.8,11.8,12.644682543806262,False
1466456265,12.4,12.4,13.497726857299709,False
1466456270,12.4,12.603600614316376,12.603600614316376,True
1466456312,12.4,12.4,11.937349882356287,False
1466456346,12.4,12.4,12.712553862718165,False
1466456374,12.4,12.4,12.59648935489917,False
1466456406,12.4,13.348654124978754,13.348654124978754,True
1466456482,11.9,11.9,11.219534457795987,False
1466456512,11.9,11.9,11.65750749853943,False
1466456610,11.9,11.9,11.413686288479912,False
1466456683,11.6,11.6,13.607289370534826,False
1466456768,11.6,11.6,12.86080194082893,False
1466456856,11.6,14.018122819635513,14.018122819635513,True
1466456927,11.6,11.6,14.13242547769202,False
1466457014,11.6,11.6,11.657183982147306,False
1466457032,11.6,11.6,13.329062163539078,False
1466457067,11.6,13.538804462644762,13.538804462644762,True
1466457157,12.5,12.5,12.64002964445283,False
1466457215,12.5,12.5,13.661549807612818,False
1466457267,12.5,12.5,14.309254651084252,False
1466457357,12.5,12.005391379492472,12.005391379492472,True
1466457434,12.5,12.5,14.390379528188202,False
1466457487,12.0,14.498927225578495,14.498927225578495,True
1466457559,12.0,12.0,13.023597556086742,False
1466457603,12.8,13.829539657649192,13.829539657649192,True
1466457671,13.5,13.5,13.916828162728667,False
1466457713,13.5,13.5,13.898968616710205,False
1466457745,13.5,13.285224597202141,13.285224597202141,True
1466457782,13.5,13.5,12.917043186892105,False
1466457802,13.5,11.80608107639902,11.80608107639902,True
1466457817,13.5,13.5,11.875396329970682,False
1466457865,13.5,13.5,12.227859802083534,False
1466457884,13.5,13.5,14.28315788342211,False
1466457885,12.7,12.7,11.780522309620126,False
1466457917,12.7,11.040138932832411,11.040138932832411,True
1466457973,13.5,13.5,11.775831309155675,False
1466458045,13.5,13.5,13.551114997075306,False
1466458135,13.5,12.30138029920134,12.30138029920134,True
1466458151,13.5,12.716834591550855,12.716834591550855,True
1466458230,13.5,13.5,11.062304677325685,False
1466458324,14.0,12.246637993333618,12.246637993333618,True
1466458362,14.0,14.333856298192515,14.333856298192515,True
1466458438,14.0,14.460597890342871,14.460597890342871,True
1466458454,14.0,14.0,13.614342553299547,False
1466458496,14.0,14.0,14.3643771708168,False
1466458509,14.0,13.15647692264202,13.15647692264202,True
1466458580,14.0,14.0,14.461116987855227,False
1466458590,14.0,12.226327452543968,12.226327452543968,True
1466458626,14.0,11.456389716407683,11.456389716407683,True
1466458642,14.0,13.55030193171439,13.55030193171439,True
1466458665,14.0,11.878110082548467,11.878110082548467,True
1466458694,14.0,14.354481951067458,14.354481951067458,True
1466458762,14.0,14.0,11.097805510437697,False
1466458793,14.0,14.0,11.85678293654422,False
1466458824,14.9,14.9,13.717493390846686,False
1466458906,14.9,14.9,11.38088973205037,False
1466458982,14.9,14.488845307012369,14.488845307012369,True
1466459068,14.9,11.193965806517298,11.193965806517298,True
1466459159,14.9,14.9,11.871047028191457,False
1466459184,14.9,11.573309046324614,11.573309046324614,True
1466459273,14.9,14.9,12.426872576058791,False
1466459372,14.9,14.9,12.257314159569415,False
1466459415,14.9,14.9,12.965024676524179,False
1466459483,14.9,14.9,12.078172826001538,False
1466459504,14.9,11.515907945399409,11.515907945399409,True
1466459588,14.8,11.006037904628183,11.006037904628183,True
1466459595,14.8,12.58623019240829,12.58623019240829,True
1466459673,14.8,14.8,11.95712882488718,False
1466459726,14.8,14.3392657931547,14.3392657931547,True
1466459800,14.8,11.523589003382723,11.523589003382723,True
1466459857,14.8,14.8,12.659820102089261,False
1466459887,14.8,14.8,12.782602097294689,False
1466459913,14.8,13.244434102710123,13.244434102710123,True
1466459974,14.5,14.5,14.197546792837084,False
1466459995,14.5,12.415041041780775,12.415041041780775,True
1466460001,14.5,14.5,14.211162717516032,False
1466460054,14.5,11.295431861784289,11.295431861784289,True
1466460130,13.6,13.6,11.579639010735834,False
1466460215,14.2,13.525137531964653,13.525137531964653,True
1466460252,14.2,12.585437974301481,12.585437974301481,True
1466460272,14.2,14.2,12.414521260025113,False
1466460346,14.2,12.26283054881142,12.26283054881142,True
1466460440,14.5,11.663840103528072,11.663840103528072,True
1466460461,14.5,11.10893262403229,11.10893262403229,True
1466460528,14.5,14.5,11.554085255166513,False
1466460610,14.1,12.598029833035623,12.598029833035623,True
1466460630,14.1,11.001114312129921,11.001114312129921,True
1466460691,14.1,14.1,12.802057296994551,False
1466460706,14.1,14.215070141492667,14.215070141492667,True
1466460739,14.1,14.06252729894021,14.06252729894021,True
1466460765,14.1,11.406732142868782,11.406732142868782,True
1466460795,14.1,14.383022131740956,14.383022131740956,True
1466460877,14.1,12.497184897007834,12.497184897007834,True
1466460973,14.2,13.261962200341532,13.261962200341532,True
1466461009,14.2,14.2,11.089734082573608,False
1466461027,13.9,13.9,13.157280139538448,False
1466461032,13.9,13.9,13.445414500305855,False
1466461096,13.9,11.261451023074574,11.261451023074574,True
1466461169,14.4,14.4,12.560402544532133,False
1466461256,14.4,14.4,11.312330147558539,False
1466461351,14.4,13.653661646783402,13.653661646783402,True
1466461451,14.4,14.4,14.05255369665987,False
1466461531,14.4,14.4,13.73017304266786,False
1466461568,14.4,14.4,13.801402718680032,False
1466461583,14.4,14.4,13.4529398102698,False
1466461647,14.4,13.631969333847232,13.631969333847232,True
1466461703,14.8,13.367490737068737,13.367490737068737,True
1466461794,14.8,14.8,12.973605629098572,False
1466461813,14.1,14.1,12.17582395506044,False
1466461910,14.1,12.298314116877037,12.298314116877037,True
1466461988,14.1,13.69038579410266,13.69038579410266,True
1466462056,14.1,13.034593690255745,13.034593690255745,True
1466462101,14.1,14.1,14.254132329868511,False
1466462155,14.1,14.1,12.312733624335985,False
1466462215,14.1,12.927920547513375,12.927920547513375,True
1466462278,14.1,11.133037699185447,11.133037699185447,True
1466462368,14.1,14.1,12.939945869520924,False
1466462412,14.0,14.0,11.916228179481271,False
1466462512,13.9,14.439350670716918,14.439350670716918,True
1466462594,14.9,14.9,11.364215359274803,False
1466462671,14.3,14.3,11.919511431260794,False
1466462716,14.3,12.664102431431267,12.664102431431267,True
1466462746,14.3,14.3,12.04297451651591,False
1466462782,14.4,11.484570616684836,11.484570616684836,True
1466462820,14.4,14.188770445371878,14.188770445371878,True
1466462833,14.4,11.273115520198722,11.273115520198722,True
1466462842,14.4,14.4,14.450833634694568,False
1466462850,14.7,14.7,11.035742833758132,False
1466462941,14.4,14.4,11.03727390645941,False
1466463026,14.9,14.9,13.657984421101608,False
1466463117,14.9,14.9,11.39733719241926,False
1466463139,14.9,11.608841870995507,11.608841870995507,True
