1466410104,13.6,16.937099448395156,16.937099448395156,True
1466410114,13.6,12.312190240785178,12.312190240785178,True
1466410130,13.6,17.355367009380828,17.355367009380828,True
1466410181,13.2,16.639835891990668,16.639835891990668,True
1466410203,13.2,17.547025677151204,17.547025677151204,True
1466410250,13.2,13.2,13.355902342063164,False
1466410309,13.2,19.37360751293045,19.37360751293045,True
1466410397,13.2,13.479640726957197,13.479640726957197,True
1466410430,13.2,13.2,15.11885151558793,False
1466410469,13.2,13.2,14.352600638887044,False
1466410483,13.2,13.020109211419346,13.020109211419346,True
1466410498,13.2,13.2,19.381127311934524,False
1466410502,13.2,13.2,17.97498126961604,False
1466410532,12.9,13.261320110168809,13.261320110168809,True
1466410541,12.9,16.659981601741308,16.659981601741308,True
1466410573,12.9,18.741397459766926,18.741397459766926,True
1466410630,12.9,14.91280541323454,14.91280541323454,True
1466410653,12.6,15.271923696466965,15.271923696466965,True
1466410746,12.6,12.6,12.21677346243176,False
1466410814,12.6,12.6,16.150036523424564,False
1466410890,12.6,12.6,17.72885643727022,False
1466410902,12.9,12.9,13.556948860553735,False
1466410978,13.4,13.4,14.808520721158676,False
1466411008,13.4,13.4,19.360530005412663,False
1466411066,13.4,18.004062988173654,18.004062988173654,True
1466411094,13.2,13.2,16.321368262774552,False
1466411157,13.6,19.679488955534723,19.679488955534723,True
1466411223,13.6,17.53088764401339,17.53088764401339,True
1466411226,13.6,18.849579828521392,18.849579828521392,True
1466411272,13.6,13.6,18.929319167643122,False
1466411303,13.6,13.051133158091393,13.051133158091393,True
1466411318,14.1,14.1,17.664079952919867,False
1466411396,14.1,13.313872743581033,13.313872743581033,True
1466411493,14.6,17.458090063460105,17.458090063460105,True
1466411549,14.6,14.6,13.357523293811312,False
1466411560,14.6,18.40694628958033,18.40694628958033,True
1466411626,14.6,14.027029926366076,14.027029926366076,True
1466411723,14.6,14.6,12.343009243841568,False
1466411763,14.5,14.5,17.758142977654813,False
1466411785,14.8,18.09889200860881,18.09889200860881,True
1466411854,14.8,15.962037441856005,15.962037441856005,True
1466411889,14.5,14.5,15.545338733053573,False
1466411988,14.5,19.363179042397856,19.363179042397856,True
1466412022,14.5,14.5,19.733896154383626,False
1466412046,14.5,14.5,17.298459744127168,False
1466412076,14.1,14.1,15.967570655524788,False
1466412152,14.1,14.1,19.59044947171919,False
1466412181,14.1,14.1,15.952681808971336,False
1466412201,14.3,18.79313101309192,18.79313101309192,True
1466412260,13.9,13.9,13.888658658556064,False
1466412347,13.9,13.9,13.308411332304319,False
1466412360,13.9,13.9,15.89197258883159,False
1466412438,13.9,13.9,14.506615050159166,False
1466412521,13.9,17.174456900702637,17.174456900702637,True
1466412599,13.9,13.9,16.880321840733295,False
1466412639,13.5,13.5,14.277135534064058,False
1466412691,13.5,12.85312374084924,12.85312374084924,True
1466412747,13.5,13.5,18.808822038291723,False
1466412794,13.2,12.996565516697334,12.996565516697334,True
1466412819,13.1,17.409130601022248,17.409130601022248,True
1466412832,13.1,13.1,18.756267268448465,False
1466412874,13.3,13.364819477889629,13.364819477889629,True
1466412943,13.3,13.3,13.58217905047309,False
1466412971,13.8,14.288879368663155,14.288879368663155,True
1466412990,13.4,13.4,14.130005698698554,False
1466413028,13.5,18.614340528689418,18.614340528689418,True
1466413053,13.3,13.3,14.050114281686277,False
1466413125,13.3,13.3,18.99028271821161,False
1466413200,13.3,19.294345177131397,19.294345177131397,True
1466413264,13.7,13.7,18.05647267875646,False
1466413311,13.7,13.7,13.282981845641741,False
1466413342,13.7,18.755138486159936,18.755138486159936,True
1466413440,13.7,12.305498710725008,12.305498710725008,True
1466413458,13.7,19.54072324202992,19.54072324202992,True
1466413529,13.7,13.7,15.936154185547302,False
1466413542,13.7,13.7,17.629989816695222,False
1466413638,13.7,13.7,12.730485800770076,False
1466413672,13.7,13.7,15.826618941977646,False
1466413733,13.7,16.084539130167265,16.084539130167265,True
1466413779,13.9,13.9,15.051993432986784,False
1466413780,13.9,19.601843662185438,19.601843662185438,True
1466413864,13.9,13.9,18.653883262051604,False
1466413885,13.9,12.013454538129993,12.013454538129993,True
1466413946,13.9,13.9,14.505648275308367,False
1466414033,13.9,17.637299471694483,17.637299471694483,True
1466414071,13.6,13.6,19.10640904539703,False
1466414164,13.5,13.407453464195516,13.407453464195516,True
1466414225,13.8,13.8,19.935440065066118,False
1466414312,13.8,19.670718602900568,19.670718602900568,True
1466414325,13.9,19.697635300067564,19.697635300067564,True
1466414328,13.9,14.108989590235105,14.108989590235105,True
1466414329,13.8,13.329425235322814,13.329425235322814,True
1466414402,13.8,13.8,14.844691328923314,False
1466414407,13.8,13.8,13.09831256588453,False
1466414413,13.7,18.332132227173414,18.332132227173414,True
1466414460,13.7,13.7,13.17150850107439,False
1466414552,13.6,19.4253976441972,19.4253976441972,True
1466414602,14.1,15.07965925066572,15.07965925066572,True
1466414662,14.1,13.760890160746168,13.760890160746168,True
1466414746,14.1,19.59138230580903,19.59138230580903,True
1466414844,14.1,17.0681699369655,17.0681699369655,True
1466414943,14.3,19.497726763195228,19.497726763195228,True
1466414946,14.3,14.3,17.611135095762926,False
1466414966,13.9,14.623521169340048,14.623521169340048,True
1466415038,13.9,13.9,16.936462982261254,False
1466415106,13.9,13.9,14.603229182492989,False
1466415130,13.9,13.9,16.94847711830128,False
1466415145,14.0,17.886609501189387,17.886609501189387,True
1466415202,14.0,14.164266376682548,14.164266376682548,True
1466415239,14.0,14.84089793674276,14.84089793674276,True
1466415249,14.0,14.0,17.069745611778774,False
1466415308,13.7,15.958263184810521,15.958263184810521,True
1466415357,13.1,12.420663914504395,12.420663914504395,True
1466415404,13.1,13.1,17.261053887783177,False
1466415469,13.2,15.906976027566381,15.906976027566381,True
1466415548,13.6,13.6,18.154438883240978,False
1466415588,13.1,16.620232814964687,16.620232814964687,True
1466415627,13.1,15.908464118685178,15.908464118685178,True
1466415719,13.6,15.904801723800494,15.904801723800494,True
1466415767,13.6,16.498776464523722,16.498776464523722,True
1466415860,13.6,13.6,12.643256121790932,False
1466415872,13.6,13.6,16.73670633778068,False
1466415914,13.3,16.33900310745822,16.33900310745822,True
1466415934,13.2,13.2,18.363810427902497,False
1466415988,13.2,16.49456473960554,16.49456473960554,True
1466416004,13.2,13.2,15.061935038265796,False
1466416050,12.9,16.231702497621196,16.231702497621196,True
1466416150,12.9,19.319160898611443,19.319160898611443,True
1466416161,12.5,12.5,16.634584288603413,False
1466416215,12.5,12.5,15.349308690998337,False
1466416315,13.1,13.1,14.484475743314704,False
1466416321,12.8,12.8,16.307816261031387,False
1466416393,12.8,16.76164795267149,16.76164795267149,True
1466416440,12.8,16.009703118602253,16.009703118602253,True
1466416510,12.8,12.8,14.178129088557649,False
1466416541,12.8,12.8,14.638854117207767,False
1466416631,12.5,12.5,15.438553406212513,False
1466416671,12.4,12.4,13.278262597509576,False
1466416725,12.3,12.3,14.198535859828844,False
1466416815,12.3,12.3,19.222296337618435,False
1466416867,12.9,13.647241841674504,13.647241841674504,True
1466416933,12.9,12.546665509774968,12.546665509774968,True
1466416963,12.9,12.9,18.913324978272215,False
1466417034,13.1,14.049726944711633,14.049726944711633,True
1466417069,13.0,18.99476844999219,18.99476844999219,True
1466417095,13.0,16.259896174227684,16.259896174227684,True
1466417123,13.0,18.644179541758348,18.644179541758348,True
1466417219,13.5,15.588398072812543,15.588398072812543,True
1466417228,13.5,12.10413135815324,12.10413135815324,True
1466417235,13.5,16.303364064011205,16.303364064011205,True
1466417266,13.5,16.287951344593445,16.287951344593445,True
1466417298,13.5,13.5,12.497612583394083,False
1466417382,13.5,16.793225379167538,16.793225379167538,True
1466417429,14.0,18.31859529317738,18.31859529317738,True
1466417434,14.5,12.830392742111517,12.830392742111517,True
1466417513,14.6,14.6,16.04992208343975,False
1466417598,14.6,12.222603918026326,12.222603918026326,True
1466417615,14.6,14.6,16.538098071016652,False
1466417654,14.6,19.582645405467566,19.582645405467566,True
1466417749,14.7,19.736424030080613,19.736424030080613,True
1466417763,14.5,14.5,15.895978686461019,False
1466417822,14.5,15.637092521759424,15.637092521759424,True
1466417851,14.5,14.601468062308715,14.601468062308715,True
1466417855,14.8,19.01948857436529,19.01948857436529,True
1466417879,14.8,16.497039758400867,16.497039758400867,True
1466417895,14.8,14.8,12.470939199834497,False
1466417969,14.8,14.8,13.131707537305614,False
1466418049,14.8,14.8,17.365737246550122,False
1466418118,14.8,14.8,15.900535360511887,False
1466418129,14.8,16.75373311750809,16.75373311750809,True
1466418179,14.3,18.256169735109516,18.256169735109516,True
1466418254,14.3,18.919196379806046,18.919196379806046,True
1466418332,14.3,14.3,15.517465614208593,False
1466418428,14.4,14.4,14.49886872911986,False
1466418494,14.7,16.150442045495847,16.150442045495847,True
1466418554,14.7,14.7,13.700920757137133,False
1466418563,14.7,14.7,12.056055369937296,False
1466418564,14.1,14.1,18.405954177453474,False
1466418594,14.1,12.25438452376647,12.25438452376647,True
1466418674,14.1,19.792397861400016,19.792397861400016,True
1466418748,14.1,14.1,18.229136467992067,False
1466418847,14.1,18.18555820241623,18.18555820241623,True
1466418877,14.4,14.4,13.452457379644299,False
1466418917,14.4,17.784674722721135,17.784674722721135,True
1466418938,14.2,13.061788678929293,13.061788678929293,True
1466419031,14.2,14.2,18.09093348075122,False
1466419058,14.3,13.208919391798343,13.208919391798343,True
1466419104,14.2,14.2,19.229774571646256,False
1466419166,14.5,15.993367003141639,15.993367003141639,True
1466419261,14.5,14.5,14.496980654839126,False
1466419349,13.9,13.9,14.49969071085664,False
1466419442,13.7,13.7,19.388316037145366,False
1466419530,13.7,13.7,19.62980851895676,False
1466419595,13.7,13.7,14.111587966068068,False
1466419646,14.1,12.286326446632525,12.286326446632525,True
1466419737,13.9,13.9,16.63897135745412,False
1466419826,13.9,13.9,15.832732479238715,False
1466419880,13.5,18.24859930393786,18.24859930393786,True
1466419911,13.9,13.9,14.811311867525168,False
1466419938,13.9,13.9,16.712039066476606,False
1466420016,13.9,16.198376681211478,16.198376681211478,True
1466420019,14.3,14.3,14.81927883221254,False
1466420108,13.9,13.172054537209968,13.172054537209968,True
1466420205,13.5,13.5,17.902129316937923,False
1466420228,13.5,13.5,15.913280407813378,False
1466420257,13.5,13.5,12.169569875453057,False
1466420270,13.4,13.076659420766651,13.076659420766651,True
1466420296,13.4,15.303751675243403,15.303751675243403,True
1466420331,13.4,13.4,18.011417150494964,False
1466420407,13.4,13.4,14.452284300732938,False
1466420430,13.4,13.4,15.795629517068107,False
1466420453,13.4,13.4,15.570040230209258,False
1466420474,13.4,13.4,13.926862491383316,False
1466420566,13.4,16.98995834858585,16.98995834858585,True
1466420579,13.4,13.682604341542145,13.682604341542145,True
1466420618,13.6,13.6,12.275321404110112,False
1466420624,13.6,13.6,14.933800628572595,False
1466420643,13.6,17.768524304797545,17.768524304797545,True
1466420695,13.6,13.6,16.647199310672868,False
1466420788,13.1,13.1,13.716391882740133,False
1466420863,13.2,13.2,13.031450841266587,False
1466420947,13.2,17.640021397639714,17.640021397639714,True
1466421003,13.2,13.2,12.421624917853302,False
1466421032,13.2,14.99324952189523,14.99324952189523,True
1466421050,13.2,18.820061793266017,18.820061793266017,True
1466421116,13.2,13.2,15.115905452581673,False
1466421208,13.2,13.854694486272031,13.854694486272031,True
1466421234,13.2,17.32262652250693,17.32262652250693,True
1466421262,13.1,13.1,12.853636234221497,False
1466421353,13.1,19.517248338041412,19.517248338041412,True
1466421360,13.1,12.747775729288566,12.747775729288566,True
1466421392,13.4,17.704211797229924,17.704211797229924,True
1466421480,13.4,12.377051247725374,12.377051247725374,True
1466421530,13.4,13.4,15.871291594494632,False
1466421547,13.4,13.4,14.132150110315706,False
1466421591,13.5,18.160878833451026,18.160878833451026,True
1466421633,13.5,13.310180678092529,13.310180678092529,True
1466421636,13.2,13.2,14.846339271477182,False
1466421670,13.2,16.671134564494576,16.671134564494576,True
1466421695,13.2,13.2,17.47306973634922,False
1466421721,13.2,13.2,17.916540342779637,False
1466421804,13.2,16.718176883670097,16.718176883670097,True
1466421819,13.2,15.803605861839703,15.803605861839703,True
1466421862,13.7,14.396842632574067,14.396842632574067,True
1466421885,13.7,19.588840714501934,19.588840714501934,True
1466421936,13.8,14.988038938107445,14.988038938107445,True
1466422012,13.8,18.2693436426981,18.2693436426981,True
1466422044,13.6,15.730103585275298,15.730103585275298,True
1466422045,13.6,14.009189103058354,14.009189103058354,True
1466422137,13.6,18.72661192056237,18.72661192056237,True
1466422162,13.6,13.768707412656045,13.768707412656045,True
1466422189,13.8,13.8,12.12472060533252,False
1466422197,13.8,13.8,12.77575540783302,False
1466422264,13.8,13.8,17.347492706761496,False
1466422330,14.2,14.2,17.777099838633337,False
1466422378,13.8,13.8,17.888104176015197,False
1466422432,13.8,13.8,14.212790940063474,False
1466422488,13.8,13.8,14.857904326365594,False
1466422577,13.8,13.8,14.292862887522972,False
1466422628,13.8,17.36856777285728,17.36856777285728,True
1466422638,13.8,17.19346420286982,17.19346420286982,True
1466422666,13.8,13.8,17.820152100654223,False
1466422706,13.4,15.28189581923996,15.28189581923996,True
1466422731,13.3,13.3,12.408118930349396,False
1466422804,13.3,13.934636555514269,13.934636555514269,True
1466422866,13.4,16.91695442030374,16.91695442030374,True
1466422873,13.4,16.91899510377149,16.91899510377149,True
1466422895,13.4,13.4,18.65404837233075,False
1466422953,13.4,13.4,17.76795858612245,False
1466422973,13.7,17.227251398955996,17.227251398955996,True
1466423017,13.7,14.23573440422884,14.23573440422884,True
1466423051,13.4,14.205747961238979,14.205747961238979,True
1466423099,13.4,13.054815422712498,13.054815422712498,True
1466423150,13.8,13.8,13.803927640060124,False
1466423155,14.3,13.037145379450354,13.037145379450354,True
1466423168,14.3,19.65018541612327,19.65018541612327,True
1466423205,14.3,14.3,15.541325601813586,False
1466423275,14.3,16.97085290986213,16.97085290986213,True
1466423287,14.3,12.95698882151465,12.95698882151465,True
1466423336,14.3,14.654669757114416,14.654669757114416,True
1466423340,14.4,18.947981369742386,18.947981369742386,True
1466423355,14.4,14.4,16.154356335836837,False
1466423443,13.9,19.781570921738613,19.781570921738613,True
1466423499,14.0,12.02369339488584,12.02369339488584,True
1466423585,14.0,14.0,12.227824876624263,False
1466423612,13.7,19.106662076911476,19.106662076911476,True
1466423669,13.5,19.06486067183131,19.06486067183131,True
1466423705,13.5,15.048513845643864,15.048513845643864,True
1466423770,13.8,13.8,12.635996979509706,False
1466423844,13.7,13.7,19.376884184601803,False
1466423902,13.7,13.7,19.435654943568295,False
1466423913,13.6,13.6,14.91672645179993,False
1466423972,13.3,19.425522376600654,19.425522376600654,True
1466424014,13.0,12.691381527785172,12.691381527785172,True
1466424069,13.0,13.0,15.695308648621015,False
1466424154,13.0,13.0,16.320197197823553,False
1466424155,13.0,13.0,13.864822589593937,False
1466424169,13.4,16.778307029499786,16.778307029499786,True
1466424262,13.4,18.768471491620144,18.768471491620144,True
1466424339,13.4,13.842741747118207,13.842741747118207,True
1466424398,13.4,13.225302160529154,13.225302160529154,True
1466424497,13.4,13.4,13.609963692230323,False
1466424558,13.1,18.3943704635433,18.3943704635433,True
1466424613,13.1,13.1,15.093278625746755,False
1466424713,13.4,15.994001738262435,15.994001738262435,True
1466424804,13.4,13.904025290655822,13.904025290655822,True
1466424878,13.4,19.56035510150013,19.56035510150013,True
1466424924,13.4,13.4,18.745205875210004,False
1466425009,13.4,13.4,17.77303696114835,False
1466425106,13.4,13.4,15.016158562281719,False
1466425129,13.3,13.3,18.257488255844052,False
1466425179,13.3,13.3,17.525595997764185,False
1466425257,13.3,18.046643881977776,18.046643881977776,True
1466425262,13.0,13.0,18.02772999194115,False
1466425305,13.0,14.811221529670828,14.811221529670828,True
1466425331,13.0,12.6070269246867,12.6070269246867,True
1466425338,12.9,12.9,16.529422788323025,False
1466425377,12.9,16.64977978639481,16.64977978639481,True
1466425380,12.6,12.6,12.700093598215139,False
1466425417,12.6,16.550225249379416,16.550225249379416,True
1466425484,12.6,12.6,18.442850592562536,False
1466425517,12.6,15.03699605588464,15.03699605588464,True
1466425553,12.6,15.030282751692752,15.030282751692752,True
1466425640,12.1,12.1,12.079642004717073,False
1466425687,12.1,12.1,13.61705696314575,False
1466425711,12.1,13.151279779300477,13.151279779300477,True
1466425768,12.1,12.1,19.553157918419647,False
1466425811,12.1,16.32519197769598,16.32519197769598,True
1466425856,12.1,12.1,16.150163847943183,False
1466425869,12.1,16.82930413440263,16.82930413440263,True
1466425884,12.1,12.1,15.084957766449438,False
1466425962,12.6,12.6,14.016273660798827,False
1466425974,12.3,16.68393389960757,16.68393389960757,True
1466426016,12.7,12.7,17.64149344180521,False
1466426024,12.8,17.657049461694598,17.657049461694598,True
1466426034,12.8,19.209767928409413,19.209767928409413,True
1466426130,12.8,18.360998750680636,18.360998750680636,True
1466426189,13.4,13.4,18.505252090888174,False
1466426198,13.6,13.259574253938531,13.259574253938531,True
1466426280,13.6,13.6,19.288969953934032,False
1466426298,13.4,13.4,15.686611389626622,False
1466426380,13.4,13.4,17.330270897302412,False
1466426420,13.5,13.5,13.873281120972258,False
1466426509,13.6,14.110832677471512,14.110832677471512,True
1466426521,13.6,13.6,12.654320716146502,False
1466426535,13.2,16.574190212133136,16.574190212133136,True
1466426563,13.2,13.2,18.984683159106698,False
1466426620,13.2,17.61958010070292,17.61958010070292,True
1466426694,13.3,13.3,14.3362593981056,False
1466426764,13.3,18.012325742872434,18.012325742872434,True
1466426778,13.2,15.774985303592999,15.774985303592999,True
1466426866,13.2,12.929968523361104,12.929968523361104,True
1466426938,13.2,16.083692500244904,16.083692500244904,True
1466427022,13.2,16.272197662491322,16.272197662491322,True
1466427059,13.2,13.2,19.781297715607447,False
1466427125,12.6,12.6,17.875577491623755,False
1466427204,12.6,12.6,12.167728745303066,False
1466427240,12.6,16.85245087033824,16.85245087033824,True
1466427317,12.6,19.141310571785727,19.141310571785727,True
1466427319,12.1,14.166906081845479,14.166906081845479,True
1466427331,12.1,12.107822306999712,12.107822306999712,True
1466427425,12.2,14.234352352530278,14.234352352530278,True
1466427458,12.2,12.2,18.835176284141795,False
1466427495,12.7,16.43212254652593,16.43212254652593,True
1466427543,12.7,12.7,18.109359775928322,False
1466427625,12.7,12.7,15.856271400812538,False
1466427663,12.7,12.044573478144304,12.044573478144304,True
1466427672,12.7,18.388737308787903,18.388737308787903,True
1466427684,12.2,19.575239092102656,19.575239092102656,True
1466427739,12.2,12.2,15.37253758823561,False
1466427769,12.2,15.31824269969988,15.31824269969988,True
1466427775,12.2,14.542442595205967,14.542442595205967,True
1466427820,12.5,15.24908987637372,15.24908987637372,True
1466427837,12.2,12.2,13.246454525704571,False
1466427846,12.3,13.475730594868608,13.475730594868608,True
1466427904,12.3,14.60979247768783,14.60979247768783,True
1466427997,12.3,16.61810870818637,16.61810870818637,True
1466428027,12.3,12.3,18.958268837937258,False
1466428114,12.3,12.3,17.82737709818823,False
1466428212,12.3,12.3,18.637581910713408,False
1466428294,12.3,17.720591963314035,17.720591963314035,True
1466428321,12.3,12.3,13.85904669745075,False
1466428340,12.3,18.596847866428796,18.596847866428796,True
1466428378,12.2,18.365258699772838,18.365258699772838,True
1466428463,12.2,12.612897952903797,12.612897952903797,True
1466428551,12.2,12.2,13.273846130475887,False
1466428575,12.4,12.4,17.060243785571547,False
1466428593,12.7,16.972791645847593,16.972791645847593,True
1466428682,12.7,12.7,18.038032099096228,False
1466428699,12.4,12.4,19.89131307324004,False
1466428719,12.4,12.4,12.093184194398894,False
1466428819,12.4,12.4,18.958296533707173,False
1466428850,12.3,12.3,14.044929473933681,False
1466428884,12.3,19.383776170443248,19.383776170443248,True
1466428973,12.3,12.3,16.77054851896453,False
1466429006,12.6,19.595138326271844,19.595138326271844,True
1466429026,12.1,12.198566050335552,12.198566050335552,True
1466429066,12.2,12.2,17.781252588497697,False
1466429072,12.1,12.1,17.019258170571767,False
1466429103,12.4,12.4,18.707186017606887,False
1466429110,12.4,12.445996041518633,12.445996041518633,True
1466429123,12.3,12.3,15.254038241932005,False
1466429168,12.3,12.3,19.28565395236199,False
1466429182,12.3,12.3,16.230994080248983,False
1466429184,12.3,12.3,14.033089875949234,False
1466429197,12.3,12.755806933644624,12.755806933644624,True
1466429280,12.3,17.08952579105824,17.08952579105824,True
1466429378,12.3,12.3,14.965898919913903,False
1466429450,12.3,12.3,17.37447832724274,False
1466429455,12.3,15.121303689825382,15.121303689825382,True
1466429510,12.3,12.3,18.99637071859468,False
1466429565,12.3,17.824091918591357,17.824091918591357,True
1466429566,12.0,17.683010712320517,17.683010712320517,True
1466429592,12.0,18.538876870713672,18.538876870713672,True
1466429623,12.5,12.5,18.83670664348908,False
1466429691,12.5,14.481263476314478,14.481263476314478,True
1466429733,12.5,16.792792981681917,16.792792981681917,True
1466429803,12.4,12.4,16.16050977930466,False
1466429832,12.4,12.4,16.913165021647647,False
1466429905,12.6,12.6,19.68675442553134,False
1466429997,12.6,12.6,19.27083279375555,False
1466430050,12.6,12.6,16.38121982049908,False
1466430088,12.6,13.256443876479034,13.256443876479034,True
1466430174,12.6,16.324788844111225,16.324788844111225,True
1466430247,12.6,17.04619184895679,17.04619184895679,True
1466430344,12.7,12.372253305864984,12.372253305864984,True
1466430375,13.3,18.087723619546683,18.087723619546683,True
1466430400,13.1,19.346828389631128,19.346828389631128,True
1466430457,13.1,13.1,13.72813297430679,False
1466430483,13.1,17.1219247333283,17.1219247333283,True
1466430517,13.1,16.612474464533417,16.612474464533417,True
1466430524,12.7,12.7,16.792159838117275,False
1466430592,12.7,12.7,19.163113485441244,False
1466430616,12.5,12.5,13.262474076595229,False
1466430631,12.3,12.3,19.58599466859479,False
1466430680,12.4,12.4,16.03693645595927,False
1466430734,12.4,12.4,12.218524531042679,False
1466430790,12.8,18.056811547836354,18.056811547836354,True
1466430815,12.9,16.756549802778466,16.756549802778466,True
1466430895,12.9,14.151344646766567,14.151344646766567,True
1466430916,12.9,12.9,18.79059631728795,False
1466430929,12.8,12.8,17.699389737812034,False
1466430936,12.8,18.77677283822942,18.77677283822942,True
1466431009,12.8,12.8,13.562919404788893,False
1466431036,12.8,16.471489510146164,16.471489510146164,True
1466431055,12.8,15.161278865257978,15.161278865257978,True
1466431145,12.5,13.515119945021297,13.515119945021297,True
1466431218,13.0,14.003844602380155,14.003844602380155,True
1466431290,13.0,13.0,17.899458556510112,False
1466431324,13.0,13.0,18.692599219692987,False
1466431400,13.0,19.349583735580804,19.349583735580804,True
1466431450,13.0,18.500865396266136,18.500865396266136,True
1466431526,13.0,13.0,17.73236534907545,False
1466431589,13.0,13.009996789071632,13.009996789071632,True
1466431661,13.0,18.355246055154385,18.355246055154385,True
1466431760,12.9,12.9,13.349247095936324,False
1466431796,12.9,19.949172807355758,19.949172807355758,True
1466431848,12.9,19.115955886149735,19.115955886149735,True
1466431879,12.9,17.233589415446268,17.233589415446268,True
1466431954,12.9,12.9,16.857017644542644,False
1466431958,12.5,12.5,16.58213601998773,False
1466432002,12.9,16.005347894823817,16.005347894823817,True
1466432101,13.0,13.0,13.062353785960989,False
1466432177,13.0,16.54501757441558,16.54501757441558,True
1466432194,13.0,13.0,19.086722373957294,False
1466432237,13.1,13.1,13.225597738915647,False
1466432280,13.1,13.1,19.526510083187965,False
1466432373,13.5,13.5,18.414216686618865,False
1466432389,13.5,13.5,13.024794244212163,False
1466432415,13.5,13.5,16.416492085363334,False
1466432417,13.5,13.5,16.370616172527964,False
1466432506,13.2,13.2,17.803876947105767,False
1466432569,13.2,13.2,18.898950899357285,False
1466432577,13.1,16.349992559619544,16.349992559619544,True
1466432670,13.5,19.2159896949631,19.2159896949631,True
1466432706,13.5,16.418962864134798,16.418962864134798,True
1466432804,13.5,15.982512932693169,15.982512932693169,True
1466432853,13.5,13.5,19.118121084408546,False
1466432947,13.2,13.2,13.63244749331292,False
1466433040,13.1,13.1,13.416840801687282,False
1466433128,13.1,13.1,18.46069646064287,False
1466433145,13.1,17.670652806903625,17.670652806903625,True
1466433195,12.5,12.5,17.918282463499366,False
1466433289,12.5,19.32495771083596,19.32495771083596,True
1466433375,12.5,14.005841245877415,14.005841245877415,True
1466433427,12.5,12.5,12.644370548391116,False
1466433478,12.0,12.0,13.515113146789322,False
1466433517,12.3,12.3,19.855982456112386,False
1466433615,12.3,19.559946379595875,19.559946379595875,True
1466433672,12.3,12.3,19.478646893913684,False
1466433762,12.3,17.563265748900225,17.563265748900225,True
1466433809,12.3,12.3,18.254031427484318,False
1466433873,12.4,12.4,19.513936227426722,False
1466433910,12.7,16.226825821143517,16.226825821143517,True
1466433994,12.7,12.7,12.840778625860505,False
1466434003,12.5,12.5,17.778054061475114,False
1466434045,12.5,13.769286418744311,13.769286418744311,True
1466434096,12.8,12.8,17.67480181137588,False
1466434173,12.8,12.8,12.056093941706983,False
1466434199,12.5,12.5,18.176025549652707,False
1466434224,12.5,12.336729538732722,12.336729538732722,True
1466434308,12.5,16.709277859853007,16.709277859853007,True
1466434359,12.5,12.5,12.347881777134475,False
1466434371,12.4,12.4,18.654886111530654,False
1466434457,12.4,17.158788610265535,17.158788610265535,True
1466434498,12.4,12.4,19.244125500659194,False
1466434552,12.4,15.949401240825217,15.949401240825217,True
1466434622,12.3,12.3,14.174577789725744,False
1466434691,12.8,13.321073931770794,13.321073931770794,True
1466434718,12.8,14.53468534123045,14.53468534123045,True
1466434727,12.8,12.8,14.1131355164831,False
1466434815,12.6,16.57790731262444,16.57790731262444,True
1466434892,12.4,12.4,19.82298397612751,False
1466434915,12.4,16.262652105767103,16.262652105767103,True
1466434946,12.4,14.215837320962248,14.215837320962248,True
1466434988,12.4,13.147583711581792,13.147583711581792,True
1466435020,12.8,17.636015562430593,17.636015562430593,True
1466435090,12.8,18.983450676016613,18.983450676016613,True
1466435099,12.8,15.948461910112755,15.948461910112755,True
1466435145,12.8,15.856397807690573,15.856397807690573,True
1466435186,12.8,19.247705419714535,19.247705419714535,True
1466435246,13.3,13.3,19.215426664075913,False
1466435284,12.7,12.7,12.862721371370874,False
1466435327,12.7,12.7,18.07195773394334,False
1466435369,13.2,13.2,14.920863525712356,False
1466435408,12.9,12.9,18.01733790689521,False
1466435468,13.0,13.0,17.03564914391182,False
1466435486,13.0,18.131356023677117,18.131356023677117,True
1466435555,13.2,13.2,15.424442918886815,False
1466435624,13.7,13.656903226383022,13.656903226383022,True
1466435659,13.8,12.450363856406536,12.450363856406536,True
1466435682,14.3,17.11068885620162,17.11068885620162,True
1466435712,14.3,14.3,19.3482527350474,False
1466435794,14.3,14.873219438982538,14.873219438982538,True
1466435878,13.9,18.188566917193086,18.188566917193086,True
1466435904,13.8,13.8,14.455540308353381,False
1466435971,13.8,18.487439766278968,18.487439766278968,True
1466436041,13.8,13.8,15.137379954904048,False
1466436059,13.6,13.6,18.66216806113699,False
1466436093,13.7,12.33593160027296,12.33593160027296,True
1466436178,13.4,14.965896372722316,14.965896372722316,True
1466436230,13.9,19.210161772425725,19.210161772425725,True
1466436280,13.9,12.860618717879042,12.860618717879042,True
1466436332,13.7,13.7,13.578368388492265,False
1466436333,13.7,13.7,19.88743974524382,False
1466436431,13.7,13.7,12.873852328749662,False
1466436520,13.4,13.4,16.244079836893945,False
1466436572,13.4,12.59785196775206,12.59785196775206,True
1466436647,13.1,13.1,13.408194943968507,False
1466436655,13.2,16.309677015306118,16.309677015306118,True
1466436727,13.7,13.7,16.203285075828713,False
1466436793,13.7,13.7,18.84601338347371,False
1466436879,13.6,13.6,19.861258362798015,False
1466436880,13.6,13.6,16.188672858670877,False
1466436939,13.7,13.7,18.31904492689243,False
1466437015,13.7,13.7,12.344902459341649,False
1466437048,13.4,12.131175740122092,12.131175740122092,True
1466437088,13.4,13.4,19.456381726547885,False
1466437105,14.0,18.420745269916715,18.420745269916715,True
1466437122,14.2,14.2,18.42877088598735,False
1466437160,14.4,16.384267006396456,16.384267006396456,True
1466437232,14.4,14.4,16.593023182989196,False
1466437321,14.3,14.3,14.856471447937166,False
1466437335,14.7,14.7,12.646594010830444,False
1466437358,14.9,14.9,14.041900524480434,False
1466437441,14.8,14.688252678286233,14.688252678286233,True
1466437480,15.0,15.0,18.017858708838588,False
1466437561,14.9,14.9,13.053034547986154,False
1466437653,15.1,16.024454931888304,16.024454931888304,True
1466437709,15.3,15.3,18.51850433565291,False
1466437798,15.3,13.967396486590012,13.967396486590012,True
1466437869,15.3,15.3,14.676799731782515,False
1466437952,15.3,12.389948237892748,12.389948237892748,True
1466438037,15.3,15.3,15.89273891359242,False
1466438054,15.3,18.180343057946843,18.180343057946843,True
1466438056,15.1,12.557114623245646,12.557114623245646,True
1466438136,15.1,14.177734524120918,14.177734524120918,True
1466438234,15.1,15.1,16.548503646873115,False
1466438261,15.1,19.650195887907593,19.650195887907593,True
1466438348,15.6,15.6,16.329945247639465,False
1466438407,16.0,15.139449198469602,15.139449198469602,True
1466438422,16.0,13.669294205709384,13.669294205709384,True
1466438476,16.0,16.0,15.72334619876568,False
1466438571,16.0,16.0,16.661963917438833,False
1466438612,15.5,16.52762912574527,16.52762912574527,True
1466438620,15.5,15.252463693478035,15.252463693478035,True
1466438698,15.4,15.4,18.609940148146784,False
1466438747,15.4,15.4,15.050182703370242,False
1466438795,15.4,15.744169242910338,15.744169242910338,True
1466438810,15.4,16.076179225919013,16.076179225919013,True
1466438888,15.6,15.6,15.065963552943717,False
1466438975,15.1,15.1,13.846909175879762,False
1466439000,14.9,19.3543849028465,19.3543849028465,True
1466439092,14.9,14.9,19.88451328551634,False
1466439150,15.5,15.5,18.86387197294413,False
1466439229,15.5,15.5,18.54053512393422,False
1466439279,15.5,15.5,16.517970740381664,False
1466439328,15.4,16.331325132733948,16.331325132733948,True
1466439351,15.8,15.8,12.05984464292575,False
1466439447,15.5,15.5,15.829921695170897,False
1466439466,15.5,15.5,14.065498125910835,False
1466439480,15.5,15.5,18.177227315327396,False
1466439560,15.5,18.647665436496233,18.647665436496233,True
1466439600,15.3,15.3,17.962202163954103,False
1466439645,15.3,12.19862797241678,12.19862797241678,True
1466439729,15.3,15.3,18.062152828652508,False
1466439772,14.9,14.9,15.147324449361346,False
1466439827,14.9,14.9,14.466921575762148,False
1466439849,14.9,12.39274243296268,12.39274243296268,True
1466439910,14.3,15.742754338142424,15.742754338142424,True
1466439990,14.7,12.31675128501158,12.31675128501158,True
1466440005,14.7,18.033486851652942,18.033486851652942,True
1466440006,14.7,13.691810669146895,13.691810669146895,True
1466440045,14.9,14.9,14.484932755132473,False
1466440066,14.9,14.9,14.440478008867366,False
1466440154,14.7,19.623893117758797,19.623893117758797,True
1466440214,15.2,17.06763371456353,17.06763371456353,True
1466440226,15.1,15.1,14.82303057726369,False
1466440304,15.1,15.1,16.259387120549253,False
1466440385,14.9,13.414613631141615,13.414613631141615,True
1466440451,14.9,19.36814839369458,19.36814839369458,True
1466440521,14.9,19.803369595559463,19.803369595559463,True
1466440581,15.4,14.31544108003056,14.31544108003056,True
1466440674,15.4,15.4,18.17762305945903,False
1466440727,15.4,15.4,12.101880437566646,False
1466440821,15.4,15.4,12.971977723088,False
1466440827,15.5,18.501713262225426,18.501713262225426,True
1466440897,15.5,15.5,19.05714540910654,False
1466440923,15.8,16.63653118394026,16.63653118394026,True
1466441012,15.8,15.8,12.069050447536169,False
1466441049,15.8,15.8,17.295208630918964,False
1466441147,16.2,15.985209501036714,15.985209501036714,True
1466441213,16.6,13.87044858859661,13.87044858859661,True
1466441311,16.6,15.133277788895413,15.133277788895413,True
1466441318,16.6,13.353685587007737,13.353685587007737,True
1466441418,16.6,13.096312628664144,13.096312628664144,True
1466441510,16.6,14.739127259568582,14.739127259568582,True
1466441541,16.2,16.2,14.061731798151847,False
1466441579,16.2,16.2,17.388549571617787,False
1466441630,16.2,12.437911596309554,12.437911596309554,True
1466441714,15.9,15.9,17.822453837574884,False
1466441724,16.4,13.405288779852842,13.405288779852842,True
1466441741,16.0,16.0,18.160671570738067,False
1466441822,16.0,16.0,17.56650233725737,False
1466441883,15.6,15.6,15.151130452855707,False
1466441934,15.6,15.6,14.50497746536174,False
1466441947,15.1,14.969286242738491,14.969286242738491,True
1466442046,15.3,14.300831856396545,14.300831856396545,True
1466442137,15.8,16.453920314858397,16.453920314858397,True
1466442175,15.8,15.8,13.220522776777663,False
1466442216,15.8,19.57419200052125,19.57419200052125,True
1466442284,15.8,13.76409354027711,13.76409354027711,True
1466442332,15.8,15.8,13.636447360914556,False
1466442358,16.1,16.1,15.506071618233154,False
1466442362,16.3,14.861639933510144,14.861639933510144,True
1466442439,16.3,16.3,19.975358644483094,False
1466442490,16.6,16.79956258246871,16.79956258246871,True
1466442498,17.1,17.1,17.570557474135214,False
1466442508,17.0,17.0,19.26431731727629,False
1466442518,17.3,17.3,16.485671191821005,False
1466442556,17.3,15.716060310966203,15.716060310966203,True
1466442656,17.4,17.4,14.556638725734857,False
1466442662,17.2,16.146021456090814,16.146021456090814,True
1466442703,16.7,13.988081735525956,13.988081735525956,True
1466442768,17.0,17.0,19.417229724432097,False
1466442788,17.2,17.2,16.198286057914054,False
1466442886,17.1,14.060395590305191,14.060395590305191,True
1466442980,17.1,16.27800330222081,16.27800330222081,True
1466443000,17.1,17.1,13.146147368309162,False
1466443029,17.1,17.1,17.403188128016687,False
1466443038,17.5,17.5,15.541516936645351,False
1466443089,17.0,17.0,15.047834924014207,False
1466443162,16.5,17.140106308818545,17.140106308818545,True
1466443201,16.5,14.565536924982617,14.565536924982617,True
1466443219,16.6,13.581015564561142,13.581015564561142,True
1466443263,16.6,14.204807904878571,14.204807904878571,True
1466443350,16.8,18.736805178823904,18.736805178823904,True
1466443373,17.3,15.425148322823548,15.425148322823548,True
1466443392,17.1,17.1,16.613467458229287,False
1466443402,16.9,16.9,18.53937041907187,False
1466443486,17.5,17.5,12.510710985174736,False
1466443511,17.4,19.046409188567452,19.046409188567452,True
1466443584,16.9,14.594768345249793,14.594768345249793,True
1466443677,16.9,16.9,16.19170574418647,False
1466443725,16.9,18.198405022649457,18.198405022649457,True
1466443727,16.9,16.9,12.921370229413059,False
1466443750,16.9,16.9,13.011365457470166,False
1466443761,16.9,18.739940959570557,18.739940959570557,True
1466443808,17.5,17.5,15.022580446903048,False
1466443861,17.5,19.310135830350646,19.310135830350646,True
1466443929,17.5,17.5,16.81520057748228,False
1466443986,17.6,17.6,19.87770337124671,False
1466444043,17.2,17.2,15.771560054229925,False
1466444110,17.6,12.765951692392969,12.765951692392969,True
1466444192,17.6,16.7278524298167,16.7278524298167,True
1466444287,17.6,18.568799404809013,18.568799404809013,True
1466444294,17.3,14.62717001046904,14.62717001046904,True
1466444366,17.3,17.3,17.343809606758867,False
1466444466,17.3,17.3,12.61512317748356,False
1466444505,17.3,18.87970778282488,18.87970778282488,True
1466444556,17.3,15.191155418135876,15.191155418135876,True
1466444624,17.3,12.117901636634837,12.117901636634837,True
1466444663,17.3,18.34302626489271,18.34302626489271,True
1466444685,17.4,14.399845068101818,14.399845068101818,True
1466444756,17.5,17.5,14.944578153546873,False
1466444781,17.8,14.161228230349234,14.161228230349234,True
1466444840,17.8,16.74909431272211,16.74909431272211,True
1466444854,17.8,17.8,14.294802476098681,False
1466444860,17.8,14.982642088600194,14.982642088600194,True
1466444959,17.8,17.8,14.599383200387521,False
1466445058,18.3,18.3,19.466201691079227,False
1466445107,18.3,18.218296526980936,18.218296526980936,True
1466445165,18.8,19.58788806704301,19.58788806704301,True
1466445170,18.6,19.17474895957008,19.17474895957008,True
1466445173,18.6,18.6,16.87330708651688,False
1466445247,18.5,18.5,16.917357190235066,False
1466445305,18.5,18.5,18.693300958371296,False
1466445333,18.3,12.780904705491047,12.780904705491047,True
1466445356,18.7,18.7,17.61254825918377,False
1466445430,18.4,18.4,16.452328462571074,False
1466445491,18.4,12.44352147295314,12.44352147295314,True
1466445497,18.1,19.51438721541725,19.51438721541725,True
1466445514,18.1,18.1,15.939202290102589,False
1466445549,18.1,19.465585150265824,19.465585150265824,True
1466445640,18.1,15.23628584337591,15.23628584337591,True
1466445648,18.1,18.1,16.069125808096487,False
1466445739,18.1,18.1,18.97150875675295,False
1466445814,18.4,18.4,15.480877546394202,False
1466445879,18.4,18.4,17.955279729499857,False
1466445909,18.6,15.942863390840118,15.942863390840118,True
1466445965,19.0,19.0,17.85001468575961,False
1466446021,19.0,16.76715391199565,16.76715391199565,True
1466446045,19.2,19.2,16.971551644963025,False
1466446071,19.0,18.423183878472774,18.423183878472774,True
1466446120,19.3,16.977721003798365,16.977721003798365,True
1466446168,19.3,17.140863413657748,17.140863413657748,True
1466446253,18.8,16.61030065719428,16.61030065719428,True
1466446302,19.4,19.4,19.24851611650614,False
1466446389,19.4,19.4,17.161940967364387,False
1466446404,19.4,13.673051237506245,13.673051237506245,True
1466446494,19.4,19.4,16.174346709047178,False
1466446594,19.4,19.4,13.606778472132692,False
1466446643,19.4,19.4,17.19254532323883,False
1466446669,19.3,17.571137946696837,17.571137946696837,True
1466446690,19.4,15.93071822032545,15.93071822032545,True
1466446735,19.4,19.4,15.269285535054642,False
1466446766,19.0,18.222168209712517,18.222168209712517,True
1466446852,19.0,14.586986695559585,14.586986695559585,True
1466446902,18.9,18.9,16.58869002099368,False
1466446945,19.0,19.598360556903256,19.598360556903256,True
1466446987,19.0,13.451078518269508,13.451078518269508,True
1466447036,19.0,18.772880764641513,18.772880764641513,True
1466447112,18.7,12.822589694734814,12.822589694734814,True
1466447129,18.2,15.926072010919473,15.926072010919473,True
1466447189,18.1,18.1,19.925622954513564,False
1466447224,18.1,13.673868651532793,13.673868651532793,True
1466447270,18.1,18.1,12.244703497498747,False
1466447272,18.1,13.856107367926539,13.856107367926539,True
1466447348,18.1,18.1,16.097041796774793,False
1466447359,18.5,18.5,15.418830487879756,False
1466447388,18.0,18.0,19.22122387175857,False
1466447390,18.0,18.0,19.83142001021261,False
1466447425,17.7,15.895179473604045,15.895179473604045,True
1466447463,17.9,17.9,14.23214435830052,False
1466447485,17.7,17.900257918186504,17.900257918186504,True
1466447545,17.2,18.97719662870135,18.97719662870135,True
1466447553,17.3,17.322307150551307,17.322307150551307,True
1466447554,17.3,13.44323640393629,13.44323640393629,True
1466447573,17.3,17.3,15.08377088092216,False
1466447634,17.3,17.3,15.47132964028419,False
1466447695,17.3,17.3,13.231198101357187,False
1466447762,17.5,19.810194062248716,19.810194062248716,True
1466447844,18.1,18.333640853819702,18.333640853819702,True
1466447885,18.1,16.723060800756713,16.723060800756713,True
1466447943,18.1,18.1,14.881816718080206,False
1466447956,17.6,17.6,14.038185890605536,False
1466448041,17.1,19.84643485830184,19.84643485830184,True
1466448140,17.1,17.484788846256677,17.484788846256677,True
1466448215,17.0,17.0,17.9141445155662,False
1466448270,16.8,16.715675731805426,16.715675731805426,True
1466448302,16.8,16.8,15.377951118285456,False
1466448368,16.8,16.8,13.974306147946873,False
1466448422,16.5,16.5,16.28579939382402,False
1466448517,16.5,17.84361897674153,17.84361897674153,True
1466448614,16.5,16.5,12.128060683268323,False
1466448701,16.5,16.5,15.505465217814272,False
1466448743,16.5,16.5,13.470979197004272,False
1466448805,16.5,12.500728545448842,12.500728545448842,True
1466448844,16.5,12.84901384073944,12.84901384073944,True
1466448896,16.1,16.1,13.393362543619748,False
1466448984,16.1,18.590555960113456,18.590555960113456,True
1466449031,16.1,16.1,16.55190480585292,False
1466449045,16.1,16.1,16.375513236954006,False
1466449099,16.3,16.65057746324213,16.65057746324213,True
1466449171,16.6,12.870949839746498,12.870949839746498,True
1466449261,16.4,16.88236271239954,16.88236271239954,True
1466449280,16.4,16.4,13.879200206152326,False
1466449359,16.9,18.84164311977409,18.84164311977409,True
1466449442,16.9,17.54422277183784,17.54422277183784,True
1466449496,16.3,16.3,17.020856429450145,False
1466449537,16.6,15.967520258100944,15.967520258100944,True
1466449555,16.6,16.6,18.554677328011596,False
1466449629,16.6,18.663586591174095,18.663586591174095,True
1466449635,16.3,16.941870356187266,16.941870356187266,True
1466449721,15.9,15.9,12.75315685701582,False
1466449772,16.1,16.1,14.193663306173816,False
1466449872,16.1,19.76281641037327,19.76281641037327,True
1466449873,16.1,14.558754252245958,14.558754252245958,True
1466449884,16.1,14.21514740141447,14.21514740141447,True
1466449937,16.1,16.1,16.5177286066717,False
1466449953,16.1,14.538119736862033,14.538119736862033,True
1466449959,16.1,16.1,16.565394420732844,False
1466449961,16.1,16.1,13.575082015998895,False
1466450018,16.1,12.87191532417572,12.87191532417572,True
1466450075,16.7,16.7,19.252706043711846,False
1466450150,16.7,17.269681900280787,17.269681900280787,True
1466450177,16.7,16.7,12.70155023554152,False
1466450255,16.7,16.7,17.74752680905517,False
1466450343,16.7,19.15865307672812,19.15865307672812,True
1466450348,16.3,16.743037910249463,16.743037910249463,True
1466450401,16.3,16.3,12.300765732757117,False
1466450433,16.3,16.3,15.433597139685343,False
1466450507,16.3,16.3,12.907888387056595,False
1466450536,16.4,14.748418236300681,14.748418236300681,True
1466450627,16.8,12.891817338354532,12.891817338354532,True
1466450723,16.8,13.138981155116042,13.138981155116042,True
1466450817,16.7,15.837619010772364,15.837619010772364,True
1466450900,16.4,16.4,14.885413656825975,False
1466450902,16.4,17.921940856904047,17.921940856904047,True
1466450971,16.4,16.4,18.758529835254006,False
1466451016,16.3,16.3,14.333203023613134,False
1466451023,16.6,16.6,13.562658595872408,False
1466451073,16.6,18.188730234746544,18.188730234746544,True
1466451166,16.6,15.058852607701628,15.058852607701628,True
1466451231,16.4,16.4,16.228684482573577,False
1466451245,16.4,16.4,16.454508702790594,False
1466451293,16.4,19.154687995341575,19.154687995341575,True
1466451295,16.4,15.861133616517943,15.861133616517943,True
1466451378,16.4,15.656458045503385,15.656458045503385,True
1466451445,16.4,18.915388827483376,18.915388827483376,True
1466451508,16.4,16.08708718699861,16.08708718699861,True
1466451599,16.4,16.4,15.31643793754493,False
1466451686,16.0,16.116236199463295,16.116236199463295,True
1466451761,15.9,12.989758446709011,12.989758446709011,True
1466451857,15.9,19.074959613566598,19.074959613566598,True
1466451909,15.9,16.56420461480384,16.56420461480384,True
1466451919,15.9,15.9,12.625757629649506,False
1466452006,15.9,16.297661004406102,16.297661004406102,True
1466452035,16.2,16.2,16.106293506111385,False
1466452039,16.2,19.527491253089217,19.527491253089217,True
1466452104,16.2,16.2,12.263796619710678,False
1466452167,16.2,16.2,13.067999196600653,False
1466452238,16.2,16.2,12.51588763760067,False
1466452313,15.8,12.890400476615977,12.890400476615977,True
1466452339,15.8,15.8,13.51530627352425,False
1466452419,16.0,16.0,12.369620919210274,False
1466452424,15.7,15.7,13.438882379184289,False
1466452435,15.7,15.7,14.80726610910957,False
1466452531,15.2,14.983505435666098,14.983505435666098,True
1466452584,15.2,15.2,19.446230106369583,False
1466452625,15.2,16.69068297305978,16.69068297305978,True
1466452676,15.2,15.2,18.1199661567869,False
1466452752,15.5,15.5,18.690479548291716,False
1466452796,15.5,17.887715212871782,17.887715212871782,True
1466452825,15.5,15.5,13.32618254899662,False
1466452860,16.0,13.277329004508918,13.277329004508918,True
1466452960,15.5,13.008381352836066,13.008381352836066,True
1466452979,15.5,15.5,14.989340372269366,False
1466453002,15.9,19.634598357659147,19.634598357659147,True
1466453016,16.0,16.0,12.772033397404186,False
1466453025,15.9,13.809768859352285,13.809768859352285,True
1466453089,16.4,16.4,15.00409617993985,False
1466453141,16.4,16.4,18.077180029764907,False
1466453154,16.4,16.4,17.76679571218091,False
1466453184,16.4,16.4,12.617785015786694,False
1466453202,16.8,16.8,12.49123872403757,False
1466453203,16.8,19.06838260755916,19.06838260755916,True
1466453222,16.8,16.8,15.742754837495141,False
1466453321,16.8,16.8,18.23717996584232,False
1466453379,16.8,16.237787266890795,16.237787266890795,True
1466453392,16.8,16.8,13.334446212841279,False
1466453422,16.8,17.486839192580526,17.486839192580526,True
1466453502,16.8,12.314455835161041,12.314455835161041,True
1466453518,16.7,16.425732747019012,16.425732747019012,True
1466453563,16.6,12.13766387398211,12.13766387398211,True
1466453604,16.6,17.417610996636814,17.417610996636814,True
1466453639,16.5,16.5,12.926670959449046,False
1466453705,16.5,13.569470631780106,13.569470631780106,True
1466453795,16.7,16.7,12.4374960243478,False
1466453816,17.1,19.362874614705984,19.362874614705984,True
1466453870,17.1,17.1,12.239190487201117,False
1466453910,17.1,14.352537387940252,14.352537387940252,True
1466454002,17.1,17.1,18.81650455377397,False
1466454051,17.1,17.1,16.053410719502043,False
1466454087,17.1,17.1,12.820283777910678,False
1466454129,17.0,17.0,19.462597364611405,False
1466454227,17.0,15.806810351884721,15.806810351884721,True
1466454259,17.1,14.058430750331567,14.058430750331567,True
1466454262,17.1,17.1,17.90075340982692,False
1466454298,17.6,17.6,16.463089532305897,False
1466454388,17.6,17.6,19.44498118606749,False
1466454399,18.1,18.1,16.215542576882495,False
1466454473,18.1,18.1,17.215186429627856,False
1466454529,18.1,18.1,13.437463290890184,False
1466454559,18.1,17.949655880331157,17.949655880331157,True
1466454648,18.1,18.1,15.25049832652384,False
1466454745,18.1,18.1,13.909767509678012,False
1466454763,18.0,13.456769609388713,13.456769609388713,True
1466454851,18.0,18.0,15.639347759189658,False
1466454936,18.0,18.0,16.606253292624583,False
1466454949,18.1,18.1,15.088397073154425,False
1466455032,18.1,14.430267293897536,14.430267293897536,True
1466455065,18.1,19.24236183152373,19.24236183152373,True
1466455119,18.1,18.1,18.98840437348427,False
1466455172,18.1,18.1,19.676003656486905,False
1466455196,18.1,18.1,15.491671962423766,False
1466455271,18.3,18.3,15.41799063075433,False
1466455357,18.3,18.3,14.117670081029141,False
1466455361,18.3,16.267859902379463,16.267859902379463,True
1466455394,18.3,18.3,17.585516219872307,False
1466455475,18.3,18.3,16.581435364203145,False
1466455497,18.8,18.8,16.33288016523418,False
1466455561,18.8,18.8,16.05229130652991,False
1466455575,18.8,18.8,17.970801705645492,False
1466455587,18.8,15.293864154428148,15.293864154428148,True
1466455651,18.8,12.361081787415333,12.361081787415333,True
1466455658,18.7,18.7,16.416534655066076,False
1466455732,18.7,14.334871541040632,14.334871541040632,True
1466455812,18.7,18.951416499611685,18.951416499611685,True
1466455910,18.7,18.7,12.235702296002028,False
1466455951,18.8,17.88166173009522,17.88166173009522,True
1466455999,18.6,18.6,18.31502380033127,False
1466456054,18.6,14.339660302560702,14.339660302560702,True
1466456058,18.6,14.662686117289553,14.662686117289553,True
1466456074,18.6,18.6,13.220494373580031,False
1466456088,18.6,14.233677334076614,14.233677334076614,True
1466456118,19.0,19.0,14.63468932539266,False
1466456218,19.0,17.02495638907592,17.02495638907592,True
1466456265,19.0,16.314977085136544,16.314977085136544,True
1466456270,19.0,17.33255083974206,17.33255083974206,True
1466456312,19.5,19.5,13.370794544526408,False
1466456346,19.3,19.3,19.724983140726096,False
1466456374,19.3,19.3,14.730909498363893,False
1466456406,19.3,19.3,12.60712769536274,False
1466456482,19.3,18.17214859143865,18.17214859143865,True
1466456512,19.3,19.3,16.65694827928371,False
1466456610,19.3,16.587234294162766,16.587234294162766,True
1466456683,18.9,18.9,13.207842691702565,False
1466456768,18.9,18.9,18.426820495916306,False
1466456856,18.9,14.619141681779123,14.619141681779123,True
1466456927,18.9,18.9,13.65895265788107,False
1466457014,18.9,18.9,18.48394059836779,False
1466457032,18.9,18.9,13.083448233932653,False
1466457067,18.9,15.92161508368627,15.92161508368627,True
1466457157,18.9,18.9,13.314097635227494,False
1466457215,18.9,18.9,18.478862362913365,False
1466457267,18.8,13.227377820726336,13.227377820726336,True
1466457357,19.1,15.531918483054142,15.531918483054142,True
1466457434,19.2,19.2,16.932425191594305,False
1466457487,19.2,19.2,17.170481183257923,False
1466457559,19.2,19.2,15.13126603121454,False
1466457603,19.2,16.653293900608777,16.653293900608777,True
1466457671,19.2,19.2,16.13265218857794,False
1466457713,19.2,19.2,19.68444058318464,False
1466457745,19.2,19.2,19.901416638482058,False
1466457782,19.1,19.04484873529332,19.04484873529332,True
1466457802,19.1,16.49964458455763,16.49964458455763,True
1466457817,19.1,16.666354163855246,16.666354163855246,True
1466457865,18.7,18.7,14.496417215901186,False
1466457884,19.2,19.2,19.633106098967314,False
1466457885,19.8,13.531397069361233,13.531397069361233,True
1466457917,19.8,19.8,13.646685256950217,False
1466457973,19.8,19.8,14.959830782290819,False
1466458045,19.4,13.644451541508648,13.644451541508648,True
1466458135,19.4,15.981755353943084,15.981755353943084,True
1466458151,19.1,13.432734490763588,13.432734490763588,True
1466458230,19.1,19.613284407981016,19.613284407981016,True
1466458324,19.1,17.814280806092825,17.814280806092825,True
1466458362,19.1,19.1,17.056776230774858,False
1466458438,19.1,16.276579636317702,16.276579636317702,True
1466458454,19.1,19.602511685039165,19.602511685039165,True
1466458496,19.2,16.43110677509396,16.43110677509396,True
1466458509,19.2,19.2,14.398675757307586,False
1466458580,19.2,19.2,18.82398534763235,False
1466458590,19.2,19.2,13.66965358798095,False
1466458626,19.2,13.350070104135957,13.350070104135957,True
1466458642,19.2,17.36151315052621,17.36151315052621,True
1466458665,18.9,18.69018020989283,18.69018020989283,True
1466458694,19.4,15.325767016010046,15.325767016010046,True
1466458762,19.4,19.840660599166213,19.840660599166213,True
1466458793,19.4,19.4,12.155207079357744,False
1466458824,19.4,17.023472274413486,17.023472274413486,True
1466458906,19.6,19.6,12.856911962534129,False
1466458982,19.6,15.377075317636487,15.377075317636487,True
1466459068,19.6,19.6,14.135884187243505,False
1466459159,19.6,14.402620270744524,14.402620270744524,True
1466459184,19.1,12.643390350998622,12.643390350998622,True
1466459273,19.1,19.1,19.208794677535796,False
1466459372,19.1,14.912532289118396,14.912532289118396,True
1466459415,19.1,19.1,14.04802199250328,False
1466459483,19.3,15.124162540141166,15.124162540141166,True
1466459504,19.3,19.3,15.962176444027893,False
1466459588,19.3,12.89331249020714,12.89331249020714,True
1466459595,19.3,13.358735235578358,13.358735235578358,True
1466459673,19.3,17.074630212848703,17.074630212848703,True
1466459726,19.3,19.3,16.071760318974093,False
1466459800,19.3,13.527427213138,13.527427213138,True
1466459857,19.3,19.3,14.762693262596777,False
1466459887,19.3,19.3,18.54718480496365,False
1466459913,19.3,19.3,14.061892479026689,False
1466459974,19.3,19.3,13.911874731844225,False
1466459995,19.0,15.230722506008416,15.230722506008416,True
1466460001,19.0,12.086591174265692,12.086591174265692,True
1466460054,19.0,17.982820423126213,17.982820423126213,True
1466460130,19.0,13.044571137275312,13.044571137275312,True
1466460215,19.0,19.0,17.118821620787923,False
1466460252,19.0,14.631267512363221,14.631267512363221,True
1466460272,19.0,19.0,19.952714692340287,False
1466460346,19.0,13.752230788954908,13.752230788954908,True
1466460440,18.5,18.5,14.737992262406504,False
1466460461,18.5,18.5,18.15484185666411,False
1466460528,18.5,18.5,19.416887837184806,False
1466460610,18.6,14.16743514575905,14.16743514575905,True
1466460630,18.6,14.000543839677537,14.000543839677537,True
1466460691,18.6,15.389893593189026,15.389893593189026,True
1466460706,18.7,17.74440949154303,17.74440949154303,True
1466460739,18.5,15.978520870769923,15.978520870769923,True
1466460765,18.5,15.74596791985831,15.74596791985831,True
1466460795,18.0,15.034935517293246,15.034935517293246,True
1466460877,18.0,18.535277863260184,18.535277863260184,True
1466460973,17.7,16.88466275546115,16.88466275546115,True
1466461009,17.7,17.7,18.791865682608357,False
1466461027,17.7,17.7,19.779237465507098,False
1466461032,17.3,14.343385713805045,14.343385713805045,True
1466461096,17.7,13.941141190665006,13.941141190665006,True
1466461169,17.8,15.633569980694556,15.633569980694556,True
1466461256,17.8,17.8,16.586773615536938,False
1466461351,17.5,19.416242547437676,19.416242547437676,True
1466461451,17.3,13.775669134802168,13.775669134802168,True
1466461531,17.3,12.627686527012811,12.627686527012811,True
1466461568,17.6,17.6,12.517846166176934,False
1466461583,17.6,17.6,18.976542949900324,False
1466461647,17.6,17.6,16.867520018709193,False
1466461703,18.1,18.1,14.032725421661242,False
1466461794,17.9,17.9,19.976267015647494,False
1466461813,18.4,17.454458453046136,17.454458453046136,True
1466461910,17.9,17.9,13.353736797357147,False
1466461988,18.3,15.432476137788711,15.432476137788711,True
1466462056,18.3,18.3,18.2810584357679,False
1466462101,18.3,15.992809482159199,15.992809482159199,True
1466462155,18.2,18.2,18.928230214838976,False
1466462215,17.9,13.426902103633818,13.426902103633818,True
1466462278,17.6,17.45715382221917,17.45715382221917,True
1466462368,17.5,17.5,16.394495862345103,False
1466462412,17.2,17.2,19.672640761870262,False
1466462512,17.7,17.7,15.876591895763621,False
1466462594,18.0,17.26352129779608,17.26352129779608,True
1466462671,18.0,14.852863586227311,14.852863586227311,True
1466462716,17.6,17.00829279892055,17.00829279892055,True
1466462746,17.1,16.083248760993392,16.083248760993392,True
1466462782,16.6,16.6,19.51763486515259,False
1466462820,16.8,19.018525538669856,19.018525538669856,True
1466462833,16.8,14.292303598853497,14.292303598853497,True
1466462842,16.8,13.839448937008955,13.839448937008955,True
1466462850,16.8,16.8,13.444180827013458,False
1466462941,16.8,16.052066419984726,16.052066419984726,True
1466463026,16.8,16.8,18.534693985994792,False
1466463117,16.8,16.8,12.764541068767443,False
1466463139,16.8,16.8,13.446381846006961,False
