1466410104,94.5,99.08230188213103,99.08230188213103,True
1466410114,96.3,96.3,98.29326881058641,False
1466410130,98.2,94.37290835527183,94.37290835527183,True
1466410181,98.2,97.58420652601077,97.58420652601077,True
1466410203,94.6,98.6339415861595,98.6339415861595,True
1466410250,94.6,99.42235740904542,99.42235740904542,True
1466410309,97.3,94.4955040218132,94.4955040218132,True
1466410397,97.3,99.54535330702089,99.54535330702089,True
1466410430,98.5,98.5,97.09300924219227,False
1466410469,99.3,96.69778412429753,96.69778412429753,True
1466410483,99.3,99.3,98.89582088011562,False
1466410498,99.3,99.3,94.36222916164583,False
1466410502,95.1,97.01778211376816,97.01778211376816,True
1466410532,95.2,99.07767654713427,99.07767654713427,True
1466410541,95.2,95.06767453164149,95.06767453164149,True
1466410573,95.2,95.2,98.45113883638949,False
1466410630,95.2,95.21697303041931,95.21697303041931,True
1466410653,99.3,97.93389212491641,97.93389212491641,True
1466410746,98.4,98.09389614025699,98.09389614025699,True
1466410814,95.2,95.2,96.4023625563291,False
1466410890,95.2,95.2,97.62279265032544,False
1466410902,95.2,95.2,98.14341967150273,False
1466410978,96.8,98.08558573966758,98.08558573966758,True
1466411008,93.6,97.90290261261744,97.90290261261744,True
1466411066,94.9,94.9,94.9699412664238,False
1466411094,99.4,97.25160426099649,97.25160426099649,True
1466411157,98.8,98.8,98.61113461385276,False
1466411223,98.8,98.8,96.81379809972778,False
1466411226,98.8,94.99095962067682,94.99095962067682,True
1466411272,96.3,96.3,96.34757074852263,False
1466411303,96.3,99.81377856038064,99.81377856038064,True
1466411318,96.3,98.52941177605516,98.52941177605516,True
1466411396,94.1,94.1,98.99823407754505,False
1466411493,94.1,94.1,94.7192967024867,False
1466411549,94.7,94.7,99.49993075193845,False
1466411560,97.8,98.017036292888,98.017036292888,True
1466411626,95.5,94.03137731314334,94.03137731314334,True
1466411723,96.6,95.83776153743739,95.83776153743739,True
1466411763,97.0,98.19196635783167,98.19196635783167,True
1466411785,96.1,96.1,96.3765312826964,False
1466411854,98.7,98.7,94.00467949471091,False
1466411889,96.8,96.8,96.46157225803664,False
1466411988,92.7,95.29786225428003,95.29786225428003,True
1466412022,92.7,96.58220454392092,96.58220454392092,True
1466412046,92.7,94.70586931240797,94.70586931240797,True
1466412076,95.1,97.76152672604466,97.76152672604466,True
1466412152,99.4,99.4,94.510333560504,False
1466412181,96.6,97.96537030422547,97.96537030422547,True
1466412201,96.6,95.66798787152884,95.66798787152884,True
1466412260,99.1,97.27324036078392,97.27324036078392,True
1466412347,94.6,94.6,98.00754568007645,False
1466412360,96.6,96.6,98.87941802472636,False
1466412438,96.6,98.84714771958214,98.84714771958214,True
1466412521,97.5,94.91984830027619,94.91984830027619,True
1466412599,97.9,98.343622918125,98.343622918125,True
1466412639,94.2,94.2,94.91319483595325,False
1466412691,97.1,98.87244219241451,98.87244219241451,True
1466412747,97.1,97.1,97.54206174219149,False
1466412794,96.9,95.5122812050916,95.5122812050916,True
1466412819,96.9,96.9,96.84682946922244,False
1466412832,100.0,100.0,95.35593714241791,False
1466412874,100.0,100.0,98.39036441457915,False
1466412943,95.6,99.96915104029131,99.96915104029131,True
1466412971,95.6,97.09989950778943,97.09989950778943,True
1466412990,99.5,99.5427838578427,99.5427838578427,True
1466413028,99.5,95.23916642305444,95.23916642305444,True
1466413053,95.5,95.5,95.52485317593296,False
1466413125,96.1,94.78072346766358,94.78072346766358,True
1466413200,97.7,99.01460939479523,99.01460939479523,True
1466413264,97.7,97.7,95.07288271049869,False
1466413311,97.7,97.7,99.02851151201386,False
1466413342,97.6,97.6,95.44663812775319,False
1466413440,97.6,98.11099955445535,98.11099955445535,True
1466413458,97.6,98.45041362137721,98.45041362137721,True
1466413529,98.0,95.96183615508058,95.96183615508058,True
1466413542,96.3,99.39931312588882,99.39931312588882,True
1466413638,96.3,96.3,97.7085492682783,False
1466413672,99.4,99.59874091340929,99.59874091340929,True
1466413733,99.4,99.4,96.70819362927227,False
1466413779,95.9,97.29750620462208,97.29750620462208,True
1466413780,97.6,97.6,94.90556894726984,False
1466413864,97.6,98.53333227768971,98.53333227768971,True
1466413885,97.6,99.140073503659,99.140073503659,True
1466413946,97.1,97.04054874265954,97.04054874265954,True
1466414033,97.1,94.80034522149067,94.80034522149067,True
1466414071,96.2,96.2,96.94530661100804,False
1466414164,96.4,96.4,98.12825419673102,False
1466414225,96.4,96.4,99.02016336559939,False
1466414312,95.9,95.9,99.70540104295908,False
1466414325,95.9,95.9,99.23305425241384,False
1466414328,95.9,95.97543900652418,95.97543900652418,True
1466414329,96.8,96.8,96.0879982349335,False
1466414402,96.8,96.8,95.52047304842223,False
1466414407,98.8,98.8,95.43922970509537,False
1466414413,97.4,96.39773343594811,96.39773343594811,True
1466414460,97.4,97.4,96.93457320661312,False
1466414552,97.4,96.00720312381068,96.00720312381068,True
1466414602,97.4,94.1374129209437,94.1374129209437,True
1466414662,97.4,99.0467056398772,99.0467056398772,True
1466414746,93.9,95.03225969613435,95.03225969613435,True
1466414844,93.9,96.33493092795146,96.33493092795146,True
1466414943,97.9,96.37786838157253,96.37786838157253,True
1466414946,95.2,95.2,97.1803632003861,False
1466414966,95.2,95.2,98.5361556740869,False
1466415038,95.2,98.0524205303981,98.0524205303981,True
1466415106,98.1,98.48614911756009,98.48614911756009,True
1466415130,94.3,95.43808013678681,95.43808013678681,True
1466415145,95.7,95.7,96.1066176860912,False
1466415202,97.8,95.41598829895145,95.41598829895145,True
1466415239,94.3,98.65620384195373,98.65620384195373,True
1466415249,98.4,98.4,97.17063672545062,False
1466415308,98.4,99.47196886814397,99.47196886814397,True
1466415357,98.4,98.4,99.23668902681712,False
1466415404,98.4,95.23237029453412,95.23237029453412,True
1466415469,97.1,96.07133324151216,96.07133324151216,True
1466415548,95.7,95.7,97.68093131256589,False
1466415588,95.7,96.71599698656418,96.71599698656418,True
1466415627,97.0,94.78817755763806,94.78817755763806,True
1466415719,98.2,98.2,97.57727843753796,False
1466415767,98.2,98.2,98.39215421769318,False
1466415860,98.2,98.2,96.96340963112056,False
1466415872,98.2,96.67604616418774,96.67604616418774,True
1466415914,93.8,95.12870942743109,95.12870942743109,True
1466415934,93.8,98.5137055279389,98.5137055279389,True
1466415988,93.8,93.8,96.14443229283913,False
1466416004,96.5,94.58939557834447,94.58939557834447,True
1466416050,95.1,96.1770452433145,96.1770452433145,True
1466416150,95.1,95.41302572062298,95.41302572062298,True
1466416161,95.1,95.1,95.10030393687273,False
1466416215,95.2,96.2217185272878,96.2217185272878,True
1466416315,95.2,99.26913675497738,99.26913675497738,True
1466416321,95.2,95.2,96.79782725382788,False
1466416393,97.9,94.5556542610891,94.5556542610891,True
1466416440,97.0,96.0890651510071,96.0890651510071,True
1466416510,97.0,96.79942335188142,96.79942335188142,True
1466416541,97.0,97.0,95.363534996143,False
1466416631,98.7,98.7,95.7038646348874,False
1466416671,98.5,98.5,98.44865060933883,False
1466416725,98.5,98.5,96.04405893198317,False
1466416815,94.2,94.2,95.19922054241384,False
1466416867,95.1,95.08045215510792,95.08045215510792,True
1466416933,97.8,97.8,95.50791299859632,False
1466416963,94.1,94.95937316253212,94.95937316253212,True
1466417034,96.9,99.80347413630076,99.80347413630076,True
1466417069,96.5,96.5,94.20247357755026,False
1466417095,97.5,94.53194557260119,94.53194557260119,True
1466417123,97.9,97.02422859614516,97.02422859614516,True
1466417219,97.1,95.82403675076812,95.82403675076812,True
1466417228,97.3,98.38160074393237,98.38160074393237,True
1466417235,97.9,97.9,98.14684883372703,False
1466417266,95.1,98.82202026773606,98.82202026773606,True
1466417298,95.1,94.88877073484555,94.88877073484555,True
1466417382,95.1,95.1,97.22775152606867,False
1466417429,95.4,95.4,96.7977697980171,False
1466417434,95.4,95.4,96.31019040191995,False
1466417513,96.3,97.04581536367013,97.04581536367013,True
1466417598,98.5,98.5,95.07580130995461,False
1466417615,98.5,98.5,97.67795413829246,False
1466417654,95.9,95.9,95.83753845775799,False
1466417749,96.7,96.7,94.04928775128108,False
1466417763,94.0,94.02160408582716,94.02160408582716,True
1466417822,97.4,94.77792097250222,94.77792097250222,True
1466417851,97.4,98.29587218886422,98.29587218886422,True
1466417855,97.4,97.4,96.61458213904585,False
1466417879,97.3,94.48377105326433,94.48377105326433,True
1466417895,97.7,97.7,94.40263974999158,False
1466417969,97.7,99.03465988977857,99.03465988977857,True
1466418049,94.7,96.51684373391055,96.51684373391055,True
1466418118,94.7,94.7,94.17378351480278,False
1466418129,94.7,94.7,95.90998298410246,False
1466418179,94.7,94.7,95.05679752738737,False
1466418254,98.4,99.33179541383367,99.33179541383367,True
1466418332,98.4,98.4,97.76727516405249,False
1466418428,97.5,97.5,95.97383252824525,False
1466418494,97.5,97.5,99.61444170502328,False
1466418554,97.9,96.35941943790652,96.35941943790652,True
1466418563,97.6,97.6,95.23155373891856,False
1466418564,99.6,98.24606457241013,98.24606457241013,True
1466418594,97.0,97.0,98.71853338069188,False
1466418674,97.0,95.27476796517792,95.27476796517792,True
1466418748,98.7,98.7,96.69055264512198,False
1466418847,98.7,99.89784760022364,99.89784760022364,True
1466418877,98.7,99.45640098392855,99.45640098392855,True
1466418917,95.9,95.9,96.3332604907973,False
1466418938,96.4,94.22811643592101,94.22811643592101,True
1466419031,97.7,97.7,94.30204406215798,False
1466419058,97.7,99.18055580329126,99.18055580329126,True
1466419104,97.7,99.54874086048348,99.54874086048348,True
1466419166,99.7,99.08003270216494,99.08003270216494,True
1466419261,95.4,98.93286299876152,98.93286299876152,True
1466419349,95.4,94.423006165971,94.423006165971,True
1466419442,95.4,95.4,95.76539546144578,False
1466419530,99.9,99.0851500434057,99.0851500434057,True
1466419595,96.5,99.25001094949626,99.25001094949626,True
1466419646,98.3,96.46574265542841,96.46574265542841,True
1466419737,98.1,98.1,95.79090607686733,False
1466419826,98.8,99.32138404690258,99.32138404690258,True
1466419880,97.9,97.9,97.79019983517327,False
1466419911,95.3,95.3,96.07650794411788,False
1466419938,94.4,94.60700202434867,94.60700202434867,True
1466420016,94.4,97.72690891424591,97.72690891424591,True
1466420019,94.3,94.3,94.35993526220398,False
1466420108,95.8,95.8,99.90373582447165,False
1466420205,95.8,99.42133519510828,99.42133519510828,True
1466420228,96.4,95.25374859502263,95.25374859502263,True
1466420257,97.5,97.5,97.63795692771856,False
1466420270,98.3,98.73186530717201,98.73186530717201,True
1466420296,97.5,97.5,97.4120989223285,False
1466420331,97.5,97.5,97.59829341068907,False
1466420407,96.5,96.5,94.82895522352221,False
1466420430,96.5,98.83078639282192,98.83078639282192,True
1466420453,96.5,96.5,96.12117823733813,False
1466420474,95.4,94.25952843211579,94.25952843211579,True
1466420566,98.5,96.59669126747713,96.59669126747713,True
1466420579,98.5,98.30746489844155,98.30746489844155,True
1466420618,98.5,98.5,96.64334873825874,False
1466420624,95.0,98.55458289282143,98.55458289282143,True
1466420643,95.0,95.0,98.2091797668037,False
1466420695,95.0,95.0,96.10983144767523,False
1466420788,96.2,96.2,97.33998921847072,False
1466420863,95.6,95.6,94.76065540693133,False
1466420947,98.7,98.7,97.6786920189078,False
1466421003,98.7,97.91238312149343,97.91238312149343,True
1466421032,96.2,94.0676006184743,94.0676006184743,True
1466421050,96.2,97.32466800274287,97.32466800274287,True
1466421116,94.5,95.75546217493977,95.75546217493977,True
1466421208,98.7,97.34771438802689,97.34771438802689,True
1466421234,98.7,98.7,99.58712540313982,False
1466421262,96.0,96.0,94.98210431355253,False
1466421353,97.8,98.54423836624935,98.54423836624935,True
1466421360,97.8,95.3490568221872,95.3490568221872,True
1466421392,97.8,97.8,94.08289559510408,False
1466421480,95.4,95.4,98.56814133565366,False
1466421530,95.4,95.4,99.88917534919284,False
1466421547,98.3,97.44027496663571,97.44027496663571,True
1466421591,94.9,94.9,95.33840177061113,False
1466421633,94.9,95.66043512375118,95.66043512375118,True
1466421636,98.4,98.4,94.87731913690139,False
1466421670,98.4,98.58662430901913,98.58662430901913,True
1466421695,99.3,99.3,98.25295994017802,False
1466421721,99.3,95.63830375668357,95.63830375668357,True
1466421804,99.2,99.2,96.1247205859999,False
1466421819,95.5,96.28050554218385,96.28050554218385,True
1466421862,95.5,95.5,95.83792832986913,False
1466421885,96.7,96.7,95.54059232156328,False
1466421936,94.2,94.2,96.38612177408181,False
1466422012,96.6,96.6,98.52640649657488,False
1466422044,96.6,95.43056454566769,95.43056454566769,True
1466422045,96.0,96.0,94.82889713675357,False
1466422137,95.8,95.92211608536994,95.92211608536994,True
1466422162,97.8,97.8,95.08362091366502,False
1466422189,97.8,95.90891023672638,95.90891023672638,True
1466422197,97.8,97.8,98.99553561015937,False
1466422264,96.9,94.9454819324754,94.9454819324754,True
1466422330,96.9,96.9,96.23852848356735,False
1466422378,96.9,96.9,96.93640728835192,False
1466422432,97.8,97.8,95.3076437489426,False
1466422488,95.9,95.9,94.95866101670006,False
1466422577,99.0,94.17858380393731,94.17858380393731,True
1466422628,99.0,95.08094959849255,95.08094959849255,True
1466422638,95.0,97.98838390442543,97.98838390442543,True
1466422666,98.4,99.32768707447366,99.32768707447366,True
1466422706,98.4,95.14499195018426,95.14499195018426,True
1466422731,95.6,95.6,97.7400242755256,False
1466422804,95.6,95.6,96.38113861722829,False
1466422866,94.2,95.0605162460674,95.0605162460674,True
1466422873,96.2,99.02050677698449,99.02050677698449,True
1466422895,98.1,98.1,99.59946250055154,False
1466422953,95.8,95.8,95.33084475598608,False
1466422973,97.1,97.1,99.14210739271066,False
1466423017,97.1,97.90918800626729,97.90918800626729,True
1466423051,99.9,99.9,95.67621572796916,False
1466423099,99.5,99.5,97.88644167926007,False
1466423150,96.4,96.4,96.47255474749407,False
1466423155,96.5,96.3227321567597,96.3227321567597,True
1466423168,96.5,99.56235013069256,99.56235013069256,True
1466423205,99.6,99.74461014988006,99.74461014988006,True
1466423275,99.6,97.25670389466616,97.25670389466616,True
1466423287,95.2,95.2,98.122573706202,False
1466423336,94.9,96.64713650250434,96.64713650250434,True
1466423340,94.9,94.9,94.974128289013,False
1466423355,94.9,96.07190654036631,96.07190654036631,True
1466423443,94.9,97.96168226279258,97.96168226279258,True
1466423499,96.6,96.6,99.24108839322857,False
1466423585,96.6,97.94837160883868,97.94837160883868,True
1466423612,96.6,96.6,97.87102713871467,False
1466423669,96.6,96.6,95.45209468713233,False
1466423705,97.6,97.6,96.31813883682611,False
1466423770,97.6,97.6,94.22155448456165,False
1466423844,97.6,98.46779900078539,98.46779900078539,True
1466423902,97.6,97.6,99.79344392839398,False
1466423913,99.1,98.21395319376717,98.21395319376717,True
1466423972,99.1,99.00229343185833,99.00229343185833,True
1466424014,99.1,99.1,94.47640779864098,False
1466424069,99.1,97.3284803458054,97.3284803458054,True
1466424154,99.1,99.1,97.26451449545928,False
1466424155,99.8,98.48540858730179,98.48540858730179,True
1466424169,99.8,95.25243701363831,95.25243701363831,True
1466424262,99.8,99.8,99.20186238596368,False
1466424339,99.5,99.5,98.28236291558633,False
1466424398,96.1,96.1,95.21165417718211,False
1466424497,97.1,94.41517073875586,94.41517073875586,True
1466424558,97.1,97.1,94.20851664596516,False
1466424613,97.1,98.50264260617013,98.50264260617013,True
1466424713,97.1,99.34682822379766,99.34682822379766,True
1466424804,97.1,97.3520154677872,97.3520154677872,True
1466424878,97.1,97.1,94.39725598272938,False
1466424924,97.1,94.17687888583878,94.17687888583878,True
1466425009,97.0,97.0083000421991,97.0083000421991,True
1466425106,95.2,95.2,98.37021202646899,False
1466425129,95.2,99.49566524688862,99.49566524688862,True
1466425179,95.2,95.2,94.11790122245961,False
1466425257,95.2,95.2,95.28985313251368,False
1466425262,96.4,96.4,94.62184931796193,False
1466425305,92.4,96.19104776383925,96.19104776383925,True
1466425331,95.3,97.13600799451935,97.13600799451935,True
1466425338,96.3,96.3,94.89638867478956,False
1466425377,96.3,99.55499930645067,99.55499930645067,True
1466425380,96.3,99.07669768565971,99.07669768565971,True
1466425417,99.3,99.3,97.90461097338256,False
1466425484,98.4,98.4,94.54241508948137,False
1466425517,98.0,98.0,99.11986144220586,False
1466425553,98.0,98.6550260372065,98.6550260372065,True
1466425640,98.0,98.0,98.25356297199718,False
1466425687,98.0,95.87842538061254,95.87842538061254,True
1466425711,97.1,98.51744218902098,98.51744218902098,True
1466425768,97.1,98.73593747811267,98.73593747811267,True
1466425811,99.5,96.40736106283491,96.40736106283491,True
1466425856,98.9,97.70244094446105,97.70244094446105,True
1466425869,98.9,98.9,97.81178037836605,False
1466425884,96.0,96.0,98.01761586766801,False
1466425962,95.0,95.0,97.65094486560925,False
1466425974,95.0,95.0,99.72139569844539,False
1466426016,95.0,98.30059907015719,98.30059907015719,True
1466426024,95.0,94.37694869428326,94.37694869428326,True
1466426034,95.0,95.0,99.32488754098128,False
1466426130,95.0,95.0,96.79465987709293,False
1466426189,95.0,95.13463679792335,95.13463679792335,True
1466426198,96.1,96.1,96.79325784266867,False
1466426280,91.7,96.91921640119412,96.91921640119412,True
1466426298,91.8,91.8,98.7286006157761,False
1466426380,92.1,92.1,95.36982789841397,False
1466426420,92.1,98.1138762746475,98.1138762746475,True
1466426509,92.1,95.59330080449857,95.59330080449857,True
1466426521,93.9,95.4893254808361,95.4893254808361,True
1466426535,93.9,97.59335718003902,97.59335718003902,True
1466426563,93.9,98.78855147311533,98.78855147311533,True
1466426620,93.9,94.02995096937245,94.02995096937245,True
1466426694,93.9,93.9,95.32688011361857,False
1466426764,95.3,95.3,99.9697556907675,False
1466426778,95.3,95.3,98.33347566733597,False
1466426866,95.3,97.46428497985094,97.46428497985094,True
1466426938,99.6,99.6,95.6307774112047,False
1466427022,97.9,97.9,94.78770153536621,False
1466427059,99.3,99.3,94.78392328109274,False
1466427125,97.9,97.9,98.0711533634258,False
1466427204,98.0,98.0,94.71664458826709,False
1466427240,95.6,98.7811711531551,98.7811711531551,True
1466427317,95.6,99.91079072928147,99.91079072928147,True
1466427319,95.6,95.6,96.34728002239477,False
1466427331,95.6,95.6,95.39056248764454,False
1466427425,97.4,97.4,94.41211901009359,False
1466427458,94.7,95.33117030215504,95.33117030215504,True
1466427495,95.3,96.85361313082475,96.85361313082475,True
1466427543,96.4,96.4,97.5909433160696,False
1466427625,95.8,95.8,95.15319508310496,False
1466427663,99.5,96.98590869958667,96.98590869958667,True
1466427672,97.3,97.3,95.71563219646227,False
1466427684,94.7,94.51740129478196,94.51740129478196,True
1466427739,96.9,96.9,99.11057847136234,False
1466427769,94.5,94.5,99.44494260302992,False
1466427775,94.5,94.5,94.7014526177778,False
1466427820,94.2,94.2,99.1514310530713,False
1466427837,95.5,95.56556790995474,95.56556790995474,True
1466427846,95.5,95.5,94.12304786083529,False
1466427904,95.5,96.33963215665739,96.33963215665739,True
1466427997,98.0,98.0,98.84973772457658,False
1466428027,95.8,95.8,97.33719900201115,False
1466428114,96.6,99.47479624122758,99.47479624122758,True
1466428212,95.5,95.5,98.62778954584441,False
1466428294,95.8,99.41709982093846,99.41709982093846,True
1466428321,95.8,99.30377891236246,99.30377891236246,True
1466428340,97.5,97.26441479492345,97.26441479492345,True
1466428378,99.1,99.0935976897347,99.0935976897347,True
1466428463,97.6,97.6,98.58175497758712,False
1466428551,98.7,98.90562564367261,98.90562564367261,True
1466428575,96.4,96.4,99.3959087415507,False
1466428593,95.8,95.8,96.20457689715619,False
1466428682,97.9,97.9,97.00338308993518,False
1466428699,96.4,96.4,94.74518542217028,False
1466428719,99.6,99.6,99.96959176684713,False
1466428819,99.6,99.6,95.12721509525626,False
1466428850,98.3,99.65905549264932,99.65905549264932,True
1466428884,98.3,94.83934609378323,94.83934609378323,True
1466428973,95.0,95.09847650332685,95.09847650332685,True
1466429006,96.2,97.41383446871231,97.41383446871231,True
1466429026,96.2,96.2,95.01771270387009,False
1466429066,96.2,96.2,95.45041308364988,False
1466429072,95.3,95.25094272424015,95.25094272424015,True
1466429103,99.5,99.5,95.85937591595214,False
1466429110,99.5,99.5,96.06648991510492,False
1466429123,99.5,99.5,99.56386386401356,False
1466429168,99.5,94.50847597138991,94.50847597138991,True
1466429182,99.5,99.5,94.45951041923863,False
1466429184,95.8,94.84720360836002,94.84720360836002,True
1466429197,95.8,95.32124494131529,95.32124494131529,True
1466429280,97.8,97.8,97.47719063546381,False
1466429378,97.8,97.8,99.27024659195341,False
1466429450,97.8,97.52818998205092,97.52818998205092,True
1466429455,97.8,99.32891511323025,99.32891511323025,True
1466429510,98.3,98.3,94.43867904146335,False
1466429565,98.3,96.2938852148054,96.2938852148054,True
1466429566,95.3,95.3,97.12740933159587,False
1466429592,97.1,94.17527158368843,94.17527158368843,True
1466429623,95.1,95.1,99.09976769788973,False
1466429691,97.7,97.7,95.06390366992396,False
1466429733,97.7,97.77207003281951,97.77207003281951,True
1466429803,97.7,97.7,97.19399433711527,False
1466429832,96.5,96.5,95.57751441920519,False
1466429905,96.5,96.5,95.97985886117215,False
1466429997,96.2,98.28836480203182,98.28836480203182,True
1466430050,96.2,96.91460736041697,96.91460736041697,True
1466430088,96.2,95.51519548319764,95.51519548319764,True
1466430174,98.1,98.1,97.31341364342026,False
1466430247,98.1,98.1,99.38456228734609,False
1466430344,98.1,97.68552206975164,97.68552206975164,True
1466430375,97.8,97.76784905267716,97.76784905267716,True
1466430400,97.8,97.8,95.76380024291336,False
1466430457,93.8,95.18768133341261,95.18768133341261,True
1466430483,97.2,97.2,96.96200759259563,False
1466430517,96.2,96.2,95.05902460721673,False
1466430524,96.2,94.11757830666117,94.11757830666117,True
1466430592,97.4,97.4,98.31596690474774,False
1466430616,95.0,95.0,95.40571701713174,False
1466430631,95.0,98.52634852975372,98.52634852975372,True
1466430680,97.4,97.4,94.2599489268674,False
1466430734,94.4,94.4,97.542991147318,False
1466430790,95.8,95.8,97.30546187307215,False
1466430815,95.9,97.40278680717934,97.40278680717934,True
1466430895,91.8,94.06012994940826,94.06012994940826,True
1466430916,93.6,93.6,97.30806287665165,False
1466430929,93.6,93.6,94.5199344968773,False
1466430936,93.6,93.6,99.0640337286021,False
1466431009,95.4,98.85998135396576,98.85998135396576,True
1466431036,94.5,94.5,94.42598361329608,False
1466431055,95.4,99.2328839627843,99.2328839627843,True
1466431145,95.4,95.20363718914757,95.20363718914757,True
1466431218,95.5,94.62576238949511,94.62576238949511,True
1466431290,95.5,95.5,94.73810319371991,False
1466431324,95.5,95.5,97.12177709619431,False
1466431400,95.5,95.5,97.71999688719083,False
1466431450,95.5,95.5,95.047554126832,False
1466431526,97.3,97.3,95.11363164357478,False
1466431589,96.6,96.4647900865452,96.4647900865452,True
1466431661,94.8,95.05432087129367,95.05432087129367,True
1466431760,97.7,99.88162189681397,99.88162189681397,True
1466431796,97.4,94.36161762618832,94.36161762618832,True
1466431848,94.5,94.5,99.22241563381277,False
1466431879,95.6,95.6,96.61133545086615,False
1466431954,98.0,96.92342708882485,96.92342708882485,True
1466431958,98.0,95.36825905198198,95.36825905198198,True
1466432002,98.0,98.0,97.90308033511309,False
1466432101,98.8,97.7867451892668,97.7867451892668,True
1466432177,98.8,97.58504885482753,97.58504885482753,True
1466432194,98.8,98.8,96.88471495157137,False
1466432237,95.2,97.72965295837542,97.72965295837542,True
1466432280,95.2,96.28999118548963,96.28999118548963,True
1466432373,95.2,95.2,98.90809435990354,False
1466432389,96.6,97.70586526082926,97.70586526082926,True
1466432415,96.6,95.34929296726492,95.34929296726492,True
1466432417,92.8,92.8,95.75532156232644,False
1466432506,92.8,92.8,95.54156684971544,False
1466432569,92.8,92.8,98.15491838254852,False
1466432577,92.8,94.1385591929906,94.1385591929906,True
1466432670,94.2,94.2,98.96180218991806,False
1466432706,94.2,94.2,97.78202278061846,False
1466432804,98.4,98.4,95.22726090995116,False
1466432853,98.4,98.4,96.05311027062646,False
1466432947,98.8,98.8,96.97461072923937,False
1466433040,98.8,98.8,94.67554884417993,False
1466433128,98.8,98.8,95.67276269190165,False
1466433145,96.2,96.6610360420719,96.6610360420719,True
1466433195,96.2,96.3390201600221,96.3390201600221,True
1466433289,96.2,96.71720732978761,96.71720732978761,True
1466433375,97.7,95.5212428079382,95.5212428079382,True
1466433427,94.3,99.03310413902594,99.03310413902594,True
1466433478,94.3,99.9485424441719,99.9485424441719,True
1466433517,94.3,96.24111112409628,96.24111112409628,True
1466433615,98.1,96.61961749929283,96.61961749929283,True
1466433672,96.9,96.9,98.38445247312131,False
1466433762,96.9,96.51120542049564,96.51120542049564,True
1466433809,96.9,95.09185870378539,95.09185870378539,True
1466433873,97.5,97.5,97.90637263498938,False
1466433910,98.5,98.5,95.53467914804405,False
1466433994,94.2,97.60491855879383,97.60491855879383,True
1466434003,95.8,95.8,97.9573706812432,False
1466434045,95.6,95.6,98.2113887515374,False
1466434096,94.2,98.03454342033143,98.03454342033143,True
1466434173,95.6,95.6,98.16180455249895,False
1466434199,99.0,96.95685936696546,96.95685936696546,True
1466434224,99.0,95.57655000344478,95.57655000344478,True
1466434308,99.0,97.30432918920235,97.30432918920235,True
1466434359,96.8,96.8,99.74696223429116,False
1466434371,96.8,96.8,94.85358740487614,False
1466434457,95.0,97.78972067513408,97.78972067513408,True
1466434498,97.2,97.2,95.81006189283214,False
1466434552,99.9,99.9,94.50175116936613,False
1466434622,99.9,97.8053875223384,97.8053875223384,True
1466434691,96.6,94.8996988893518,94.8996988893518,True
1466434718,96.6,98.16618092023259,98.16618092023259,True
1466434727,93.3,94.5142580016049,94.5142580016049,True
1466434815,94.5,94.5,94.95047296513357,False
1466434892,94.5,94.5,97.5034532243897,False
1466434915,97.1,98.73219093177278,98.73219093177278,True
1466434946,99.5,95.43580248237537,95.43580248237537,True
1466434988,95.1,94.36516873195252,94.36516873195252,True
1466435020,97.1,97.1,96.67065608605671,False
1466435090,99.9,99.9,97.31154829057617,False
1466435099,96.6,96.6,99.55663661083655,False
1466435145,96.6,96.6,97.43479401001755,False
1466435186,96.6,94.36788729772255,94.36788729772255,True
1466435246,96.6,96.6,98.47119042621487,False
1466435284,96.6,96.6,97.1400070303615,False
1466435327,96.6,99.66436896900706,99.66436896900706,True
1466435369,96.6,98.46907383324952,98.46907383324952,True
1466435408,92.3,92.3,96.58016059750207,False
1466435468,92.3,92.3,94.07761288969307,False
1466435486,92.3,97.47235153373046,97.47235153373046,True
1466435555,92.3,92.3,94.71169865100717,False
1466435624,92.3,92.3,94.22426489191501,False
1466435659,94.2,94.27523716022094,94.27523716022094,True
1466435682,95.0,95.0,99.32782406109946,False
1466435712,98.1,94.50235666320472,94.50235666320472,True
1466435794,94.9,94.9,95.77743761752713,False
1466435878,94.9,94.34413908644743,94.34413908644743,True
1466435904,94.9,97.89992566572418,97.89992566572418,True
1466435971,97.4,98.6413833100798,98.6413833100798,True
1466436041,97.8,97.8,96.10420223660275,False
1466436059,98.2,99.21775341754064,99.21775341754064,True
1466436093,98.2,98.2,99.4669514570866,False
1466436178,98.2,98.2,98.48276260458641,False
1466436230,98.2,98.2,96.83580765394878,False
1466436280,97.9,97.9,99.32675031765093,False
1466436332,95.8,99.61318272286015,99.61318272286015,True
1466436333,95.8,95.8,95.43177115453744,False
1466436431,95.5,99.45204951481855,99.45204951481855,True
1466436520,94.6,99.42774846664217,99.42774846664217,True
1466436572,96.5,94.91837495119913,94.91837495119913,True
1466436647,95.4,99.61491922552544,99.61491922552544,True
1466436655,95.4,95.4,99.40995351831778,False
1466436727,95.4,96.12175037279277,96.12175037279277,True
1466436793,97.7,97.7,97.48861548900916,False
1466436879,94.4,95.95163650904422,95.95163650904422,True
1466436880,96.3,96.3,94.26315582454437,False
1466436939,96.3,97.63040736937857,97.63040736937857,True
1466437015,96.3,95.99451734351898,95.99451734351898,True
1466437048,97.8,97.8,97.87966554475975,False
1466437088,97.8,94.38090764258313,94.38090764258313,True
1466437105,96.8,96.8,96.89683726853919,False
1466437122,99.9,99.9,99.96002148240841,False
1466437160,99.2,99.2,97.31490777155015,False
1466437232,96.2,94.41940236056888,94.41940236056888,True
1466437321,96.2,97.99216271111038,97.99216271111038,True
1466437335,99.6,96.6856246872209,96.6856246872209,True
1466437358,98.0,94.78918315318255,94.78918315318255,True
1466437441,98.0,98.54532845342246,98.54532845342246,True
1466437480,95.7,94.41449375399841,94.41449375399841,True
1466437561,95.7,99.56343853071117,99.56343853071117,True
1466437653,96.3,96.3,96.8789493964015,False
1466437709,96.6,97.94383739344178,97.94383739344178,True
1466437798,93.0,93.0,99.14681231142012,False
1466437869,95.8,98.81616147431117,98.81616147431117,True
1466437952,98.9,94.04577377094256,94.04577377094256,True
1466438037,98.9,99.75838215858506,99.75838215858506,True
1466438054,100.0,100.0,96.64950445270532,False
1466438056,97.6,97.6,98.86679132998567,False
1466438136,97.6,97.6,96.37632398884135,False
1466438234,97.6,97.6,98.34071966382774,False
1466438261,97.6,97.6,97.07187169649458,False
1466438348,97.6,99.5257266195883,99.5257266195883,True
1466438407,97.6,97.6,96.88298894255539,False
1466438422,95.2,95.48142957585519,95.48142957585519,True
1466438476,96.7,96.49530739698307,96.49530739698307,True
1466438571,96.2,99.74951470594314,99.74951470594314,True
1466438612,96.2,99.07749989940234,99.07749989940234,True
1466438620,96.2,95.81444718568777,95.81444718568777,True
1466438698,96.2,96.2,99.52825375996842,False
1466438747,96.2,96.2,98.46273947042701,False
1466438795,98.9,98.9,99.93278044704734,False
1466438810,99.3,99.3,95.96609462571632,False
1466438888,99.3,94.0068053825263,94.0068053825263,True
1466438975,97.0,97.0,95.1788758641448,False
1466439000,97.0,97.0,94.44106692738966,False
1466439092,97.0,98.81940280717944,98.81940280717944,True
1466439150,94.2,94.2,99.81747351690508,False
1466439229,94.2,97.18066771443898,97.18066771443898,True
1466439279,96.8,94.84439823336791,94.84439823336791,True
1466439328,97.1,96.37391721646841,96.37391721646841,True
1466439351,99.9,99.9,98.56372593640847,False
1466439447,97.3,96.63053439950582,96.63053439950582,True
1466439466,96.4,96.4,99.57800295107084,False
1466439480,96.4,97.81731421135218,97.81731421135218,True
1466439560,99.7,99.7,96.16321722506996,False
1466439600,99.7,95.18645429558221,95.18645429558221,True
1466439645,99.7,99.7,95.92085445781196,False
1466439729,99.7,99.2882574735857,99.2882574735857,True
1466439772,96.4,96.4,94.04259354950501,False
1466439827,96.4,96.23572899944718,96.23572899944718,True
1466439849,99.1,95.85410318952017,95.85410318952017,True
1466439910,98.8,98.8,96.47292558577443,False
1466439990,98.8,98.8,96.24587103526439,False
1466440005,98.8,98.8,95.8179116369863,False
1466440006,98.8,94.50391392631263,94.50391392631263,True
1466440045,98.8,98.95749758628908,98.95749758628908,True
1466440066,99.1,99.1,99.21668945548065,False
1466440154,97.3,97.2366667846105,97.2366667846105,True
1466440214,97.3,97.3,98.77264008453218,False
1466440226,97.3,98.70157358736355,98.70157358736355,True
1466440304,97.3,94.61746595237241,94.61746595237241,True
1466440385,96.7,99.87244625260341,99.87244625260341,True
1466440451,95.8,95.8,98.77897705764,False
1466440521,97.4,97.4,95.89082602258858,False
1466440581,97.4,97.94732556865338,97.94732556865338,True
1466440674,97.4,97.4,96.19242916944796,False
1466440727,99.4,95.8019838823906,95.8019838823906,True
1466440821,99.4,94.6931536934261,94.6931536934261,True
1466440827,97.5,95.61047398685292,95.61047398685292,True
1466440897,98.5,98.5,95.67121980642109,False
1466440923,99.4,99.4,99.35224092805045,False
1466441012,97.6,97.6,98.54864582459119,False
1466441049,97.6,97.6,94.76969586486314,False
1466441147,98.1,98.1,97.5469443490084,False
1466441213,98.1,98.1,94.64594049820846,False
1466441311,99.0,98.30292264653346,98.30292264653346,True
1466441318,99.0,96.99103488404576,96.99103488404576,True
1466441418,99.0,96.01903577681782,96.01903577681782,True
1466441510,98.7,98.68528163047544,98.68528163047544,True
1466441541,95.5,98.18744226018964,98.18744226018964,True
1466441579,98.6,97.0101244898877,97.0101244898877,True
1466441630,98.0,98.0,99.66651229515485,False
1466441714,98.0,98.0,98.68782037326939,False
1466441724,96.4,96.4,95.29170316331253,False
1466441741,98.8,98.8,97.51541982214718,False
1466441822,98.8,98.82450716078327,98.82450716078327,True
1466441883,98.8,98.8,94.76572652762057,False
1466441934,94.7,94.7,96.48260393456184,False
1466441947,95.7,94.21840049339774,94.21840049339774,True
1466442046,96.7,96.7,97.37208434971085,False
1466442137,97.4,99.66227575572658,99.66227575572658,True
1466442175,98.7,98.7,99.49322552423611,False
1466442216,95.3,95.3,99.95109906278931,False
1466442284,95.3,94.80544839460642,94.80544839460642,True
1466442332,97.8,97.91426429695869,97.91426429695869,True
1466442358,97.8,97.63069140429906,97.63069140429906,True
1466442362,97.8,97.8,98.30758862842283,False
1466442439,97.8,95.43228331504062,95.43228331504062,True
1466442490,97.8,94.99156157274784,94.99156157274784,True
1466442498,97.1,97.1,98.64028504450725,False
1466442508,98.8,98.8,95.5874770965866,False
1466442518,95.3,99.24788305756606,99.24788305756606,True
1466442556,96.4,95.98583187386178,95.98583187386178,True
1466442656,96.4,96.4,94.40208317417438,False
1466442662,94.1,94.1,95.04093428383631,False
1466442703,94.1,95.20588629913333,95.20588629913333,True
1466442768,94.1,96.8193228324796,96.8193228324796,True
1466442788,94.1,94.1,94.79680426850258,False
1466442886,95.0,96.1526035649577,96.1526035649577,True
1466442980,98.9,96.96768513705896,96.96768513705896,True
1466443000,98.9,98.9,97.97459172889329,False
1466443029,97.7,94.63354546513519,94.63354546513519,True
1466443038,94.1,96.35329661062714,96.35329661062714,True
1466443089,94.1,98.1524849248072,98.1524849248072,True
1466443162,94.5,94.5,95.55829128024298,False
1466443201,97.5,97.5,95.42411583043021,False
1466443219,95.5,94.02097920918735,94.02097920918735,True
1466443263,99.0,99.0,98.2501832288373,False
1466443350,99.0,99.4246151501175,99.4246151501175,True
1466443373,99.0,95.31821966729231,95.31821966729231,True
1466443392,99.0,99.0,94.51338036755243,False
1466443402,99.0,99.0,94.9374331979101,False
1466443486,99.7,99.7,94.69485773268696,False
1466443511,97.1,98.9544930103133,98.9544930103133,True
1466443584,98.7,98.24797454534794,98.24797454534794,True
1466443677,99.8,95.44352935653221,95.44352935653221,True
1466443725,97.5,97.5,96.36394812529835,False
1466443727,98.3,99.61009551214185,99.61009551214185,True
1466443750,98.3,96.02990346439759,96.02990346439759,True
1466443761,98.3,94.24318112065359,94.24318112065359,True
1466443808,95.6,95.6,98.73939315869927,False
1466443861,99.4,97.49216543751481,97.49216543751481,True
1466443929,99.4,99.4,98.9064983536889,False
1466443986,99.4,99.4,99.45286853083786,False
1466444043,95.0,97.69953367535899,97.69953367535899,True
1466444110,99.4,99.530991242277,99.530991242277,True
1466444192,99.4,99.26753667216582,99.26753667216582,True
1466444287,94.9,94.9,95.76733193274292,False
1466444294,95.6,97.0882608856412,97.0882608856412,True
1466444366,95.6,95.6,96.16631125053676,False
1466444466,96.3,98.15825750784967,98.15825750784967,True
1466444505,97.9,97.9,94.94504345347045,False
1466444556,94.4,94.4,95.2556214362419,False
1466444624,96.6,96.6,97.90599493608556,False
1466444663,97.3,97.3,96.02270949219876,False
1466444685,97.3,97.80659739360321,97.80659739360321,True
1466444756,98.8,98.8,94.91933150975156,False
1466444781,98.8,94.80836097349521,94.80836097349521,True
1466444840,94.5,94.5,99.12930690500366,False
1466444854,94.5,94.5,94.09751487862476,False
1466444860,97.6,97.6,95.67735393647939,False
1466444959,97.6,98.35860742748902,98.35860742748902,True
1466445058,96.2,96.2,98.61294097113627,False
1466445107,95.7,95.62256187483032,95.62256187483032,True
1466445165,96.8,97.82814915295407,97.82814915295407,True
1466445170,95.9,95.11609817788543,95.11609817788543,True
1466445173,95.9,95.9,94.04544182269187,False
1466445247,99.9,99.9,97.60277000164439,False
1466445305,95.7,95.7,97.71229970347618,False
1466445333,95.7,95.7,98.15694724619658,False
1466445356,99.6,99.6,96.24261889877732,False
1466445430,99.6,99.49927346476356,99.49927346476356,True
1466445491,99.6,99.6,99.53627538947677,False
1466445497,98.6,96.31263553181506,96.31263553181506,True
1466445514,98.6,95.23622052102236,95.23622052102236,True
1466445549,98.6,95.777120829039,95.777120829039,True
1466445640,98.4,94.65837490708526,94.65837490708526,True
1466445648,99.6,99.6,97.98494839584086,False
1466445739,96.6,96.6,94.34888798364722,False
1466445814,97.5,97.5,99.73082456173628,False
1466445879,97.2,97.2,96.25292326169618,False
1466445909,97.0,95.98500725946228,95.98500725946228,True
1466445965,97.6,97.6,95.62851187738252,False
1466446021,99.0,94.29590392241796,94.29590392241796,True
1466446045,95.7,96.08810325221512,96.08810325221512,True
1466446071,95.6,95.6,97.74489874882462,False
1466446120,95.6,95.6,97.81019174942048,False
1466446168,95.6,95.6,96.09535877755096,False
1466446253,95.6,95.6,98.14528497871584,False
1466446302,98.1,98.1,97.64290899474551,False
1466446389,96.3,97.67558896835645,97.67558896835645,True
1466446404,96.3,96.3,98.6643144019979,False
1466446494,96.3,94.3738256166821,94.3738256166821,True
1466446594,96.3,96.3,94.02108071604978,False
1466446643,96.3,99.6697409272996,99.6697409272996,True
1466446669,96.3,96.96713633484397,96.96713633484397,True
1466446690,95.5,95.5,99.96408559674866,False
1466446735,95.5,95.5,98.38061146981947,False
1466446766,95.5,94.78606236133803,94.78606236133803,True
1466446852,97.6,97.6,94.38725628948228,False
1466446902,98.0,98.0,94.14083084323987,False
1466446945,94.1,99.38162170698281,99.38162170698281,True
1466446987,98.0,98.0,94.16093461512618,False
1466447036,98.0,97.11907588708628,97.11907588708628,True
1466447112,94.3,94.3,99.93088845910718,False
1466447129,94.3,97.4802057410978,97.4802057410978,True
1466447189,98.2,98.2,98.00348665936824,False
1466447224,98.2,98.2,96.24864306337088,False
1466447270,95.1,95.1,94.98788021013043,False
1466447272,95.1,99.77717736963919,99.77717736963919,True
1466447348,95.1,97.53678445259163,97.53678445259163,True
1466447359,95.1,99.70584092814946,99.70584092814946,True
1466447388,96.9,98.97913545380626,98.97913545380626,True
1466447390,96.9,95.28218273429027,95.28218273429027,True
1466447425,95.1,94.85698439263427,94.85698439263427,True
1466447463,98.1,99.08506939341375,99.08506939341375,True
1466447485,98.6,96.76272054544002,96.76272054544002,True
1466447545,94.6,98.46067654824587,98.46067654824587,True
1466447553,98.4,98.4,99.82213677029996,False
1466447554,98.4,95.27039418394064,95.27039418394064,True
1466447573,96.4,96.4,99.90041206083428,False
1466447634,97.1,94.72595229684407,94.72595229684407,True
1466447695,98.0,98.0,95.85223254346865,False
1466447762,98.0,95.35408722485515,95.35408722485515,True
1466447844,99.4,99.4,96.13315465754081,False
1466447885,99.4,99.4,98.74225557228797,False
1466447943,99.4,99.4,97.03317520431492,False
1466447956,96.2,96.2,94.42294986410988,False
1466448041,96.2,96.2,98.91087919800249,False
1466448140,97.6,94.63079166433721,94.63079166433721,True
1466448215,97.6,97.6,94.9829652808872,False
1466448270,96.9,96.9,99.56162062560182,False
1466448302,96.9,96.9,96.70157049084763,False
1466448368,94.8,94.33759674237827,94.33759674237827,True
1466448422,94.8,99.59473616778082,99.59473616778082,True
1466448517,96.5,96.5,96.08320527946604,False
1466448614,99.9,96.97069992694112,96.97069992694112,True
1466448701,96.2,96.2,95.86147053349738,False
1466448743,99.1,94.04807284190203,94.04807284190203,True
1466448805,99.1,99.1,98.29999064777182,False
1466448844,95.5,95.5,96.3427390959507,False
1466448896,95.5,99.59452862055211,99.59452862055211,True
1466448984,96.5,97.63340777663008,97.63340777663008,True
1466449031,96.5,95.73619643629371,95.73619643629371,True
1466449045,96.5,96.82202582189511,96.82202582189511,True
1466449099,99.0,99.0,95.70846878512873,False
1466449171,96.2,98.77825828790377,98.77825828790377,True
1466449261,95.0,99.66368286630427,99.66368286630427,True
1466449280,99.2,99.7359715060085,99.7359715060085,True
1466449359,99.2,99.2,94.5661782970982,False
1466449442,99.2,99.2,95.23625218376722,False
1466449496,99.2,99.2,97.28843145674655,False
1466449537,99.2,99.2,96.97255523612681,False
1466449555,99.5,94.12389598310598,94.12389598310598,True
1466449629,97.0,94.92411009117966,94.92411009117966,True
1466449635,97.5,97.5,95.52302871250882,False
1466449721,97.5,97.5,95.61310445742991,False
1466449772,94.6,95.09621648607414,95.09621648607414,True
1466449872,94.6,99.66889309123006,99.66889309123006,True
1466449873,98.8,95.70815379033169,95.70815379033169,True
1466449884,98.6,98.6,96.03310412852939,False
1466449937,98.6,94.69295252188273,94.69295252188273,True
1466449953,98.6,98.6,98.5323929427773,False
1466449959,98.6,97.32832329578218,97.32832329578218,True
1466449961,97.6,97.6,99.38060017368417,False
1466450018,97.1,96.79964914681588,96.79964914681588,True
1466450075,98.1,97.36469482040157,97.36469482040157,True
1466450150,93.7,96.15604465649636,96.15604465649636,True
1466450177,95.2,95.5010530946115,95.5010530946115,True
1466450255,95.2,96.85474602857387,96.85474602857387,True
1466450343,95.2,95.2,94.80686751781575,False
1466450348,97.9,95.63384767067836,95.63384767067836,True
1466450401,97.9,97.9,94.27418856727135,False
1466450433,97.9,97.06437567109742,97.06437567109742,True
1466450507,94.4,97.52824915570012,97.52824915570012,True
1466450536,95.6,98.34274667329694,98.34274667329694,True
1466450627,99.4,97.12453255550933,97.12453255550933,True
1466450723,99.4,99.4,98.74633300480434,False
1466450817,98.8,98.8,96.8505717708853,False
1466450900,94.3,94.43506928216189,94.43506928216189,True
1466450902,94.3,94.3,97.94648841272505,False
1466450971,94.3,94.3,98.63863794272793,False
1466451016,94.9,94.9,96.62779761498535,False
1466451023,98.6,98.6,94.32616793017077,False
1466451073,98.6,94.6548752345346,94.6548752345346,True
1466451166,98.1,95.21282677235926,95.21282677235926,True
1466451231,98.1,96.64326309055055,96.64326309055055,True
1466451245,98.4,98.4,99.98814778886234,False
1466451293,98.5,95.80061632836481,95.80061632836481,True
1466451295,99.6,95.16899319169853,95.16899319169853,True
1466451378,99.6,99.6,98.56800521508215,False
1466451445,99.5,94.96776121348766,94.96776121348766,True
1466451508,97.9,97.9,95.31580075045042,False
1466451599,99.7,96.93974540740251,96.93974540740251,True
1466451686,99.0,99.0,99.93597498168215,False
1466451761,98.8,98.8,94.25670677057336,False
1466451857,98.8,98.8,98.7424021212136,False
1466451909,98.8,94.92207028835593,94.92207028835593,True
1466451919,98.8,96.9433005039732,96.9433005039732,True
1466452006,99.5,99.5,94.64785489450489,False
1466452035,95.9,94.67589903831664,94.67589903831664,True
1466452039,95.9,99.47798807971205,99.47798807971205,True
1466452104,95.9,95.9,94.87557210899992,False
1466452167,98.4,98.4,99.3863987855408,False
1466452238,98.4,98.62881489252997,98.62881489252997,True
1466452313,98.4,98.84095331458764,98.84095331458764,True
1466452339,97.4,98.66824804575866,98.66824804575866,True
1466452419,97.4,99.35692745091767,99.35692745091767,True
1466452424,98.0,98.0,97.20979223943552,False
1466452435,98.0,98.0,97.57756136736533,False
1466452531,97.3,97.3,98.82040632810796,False
1466452584,97.3,97.3,97.04204661949242,False
1466452625,97.3,98.49930315757649,98.49930315757649,True
1466452676,97.3,98.03412804309373,98.03412804309373,True
1466452752,97.3,97.54154634368011,97.54154634368011,True
1466452796,97.1,97.2199309551206,97.2199309551206,True
1466452825,97.7,96.28963678254988,96.28963678254988,True
1466452860,97.7,98.80302041479553,98.80302041479553,True
1466452960,97.7,97.38930864629785,97.38930864629785,True
1466452979,94.6,94.97416606560942,94.97416606560942,True
1466453002,94.6,94.6,94.57537449893275,False
1466453016,95.5,95.41501778607473,95.41501778607473,True
1466453025,95.5,94.45385272014829,94.45385272014829,True
1466453089,96.1,96.1,98.14646117855364,False
1466453141,97.2,97.98423720010376,97.98423720010376,True
1466453154,97.2,99.01397323138683,99.01397323138683,True
1466453184,97.2,97.34075284225042,97.34075284225042,True
1466453202,97.2,95.560864339406,95.560864339406,True
1466453203,97.2,95.05400760216418,95.05400760216418,True
1466453222,97.2,94.91133572754124,94.91133572754124,True
1466453321,97.2,97.2,95.40901811065399,False
1466453379,95.8,95.8,99.37169749750257,False
1466453392,95.2,95.2,95.934946454945,False
1466453422,95.2,95.2,95.44828461929539,False
1466453502,95.2,96.21260477699118,96.21260477699118,True
1466453518,95.2,97.9813734960182,97.9813734960182,True
1466453563,95.4,97.84514944999115,97.84514944999115,True
1466453604,96.4,95.88150600607042,95.88150600607042,True
1466453639,92.6,92.6,94.26685417417602,False
1466453705,95.3,95.3,95.10604707397206,False
1466453795,98.9,98.9,95.89347511311888,False
1466453816,98.9,96.85990525380785,96.85990525380785,True
1466453870,96.7,94.52839161245271,94.52839161245271,True
1466453910,96.7,95.17480848034975,95.17480848034975,True
1466454002,99.4,99.4,98.7375310878904,False
1466454051,94.9,94.9,99.91890824174223,False
1466454087,94.9,94.9,94.51920497640346,False
1466454129,94.9,98.2544620553434,98.2544620553434,True
1466454227,98.8,95.37295283953868,95.37295283953868,True
1466454259,98.8,98.8,94.82489269830852,False
1466454262,98.8,98.31517754005122,98.31517754005122,True
1466454298,98.8,94.2083845763388,94.2083845763388,True
1466454388,97.8,94.18878525403186,94.18878525403186,True
1466454399,98.5,98.5,97.69824970856689,False
1466454473,94.2,98.89918825715878,98.89918825715878,True
1466454529,97.6,97.6,97.2271450829314,False
1466454559,97.2,97.57139318846362,97.57139318846362,True
1466454648,96.1,97.90165399351213,97.90165399351213,True
1466454745,98.6,97.83752980354187,97.83752980354187,True
1466454763,97.0,94.73800065508956,94.73800065508956,True
1466454851,97.0,94.03330633703634,94.03330633703634,True
1466454936,97.5,97.5,97.92468641421975,False
1466454949,97.5,95.09853469339467,95.09853469339467,True
1466455032,97.5,97.5,94.34321326401378,False
1466455065,97.5,97.73737601857857,97.73737601857857,True
1466455119,96.2,96.2,94.96321146124572,False
1466455172,96.3,96.3,96.01821598117124,False
1466455196,98.7,98.7,99.18948050155966,False
1466455271,98.7,99.25771939056908,99.25771939056908,True
1466455357,96.2,96.2,97.29944688523433,False
1466455361,96.2,94.97689262649955,94.97689262649955,True
1466455394,96.2,94.47127274639276,94.47127274639276,True
1466455475,96.2,96.2,96.51010518413389,False
1466455497,96.6,96.6,98.93827324255035,False
1466455561,96.6,97.4123779736201,97.4123779736201,True
1466455575,96.4,96.15900952000673,96.15900952000673,True
1466455587,96.4,96.4,99.3346957147611,False
1466455651,96.4,95.21416344155695,95.21416344155695,True
1466455658,96.4,94.70453788617914,94.70453788617914,True
1466455732,98.4,98.4,98.78088787702893,False
1466455812,95.9,95.9,94.35561721512306,False
1466455910,100.0,100.0,99.21969029242624,False
1466455951,95.9,96.9255139584258,96.9255139584258,True
1466455999,99.6,99.6,98.44608802752437,False
1466456054,99.6,99.6,95.89882490711808,False
1466456058,99.2,95.45452379364782,95.45452379364782,True
1466456074,99.2,99.2,97.66841210955866,False
1466456088,97.3,97.3,99.53349232266908,False
1466456118,98.3,98.37782270382905,98.37782270382905,True
1466456218,98.3,96.42879387556876,96.42879387556876,True
1466456265,97.6,97.6,97.87607143851749,False
1466456270,97.5,95.22044771714474,95.22044771714474,True
1466456312,96.9,96.2881832381114,96.2881832381114,True
1466456346,98.7,97.19406069664461,97.19406069664461,True
1466456374,95.3,95.3,96.5620992200895,False
1466456406,98.8,99.37164547386405,99.37164547386405,True
1466456482,98.6,99.38174207603983,99.38174207603983,True
1466456512,98.0,97.0685150745393,97.0685150745393,True
1466456610,95.5,99.07800965407634,99.07800965407634,True
1466456683,99.1,99.1,98.40884180560727,False
1466456768,95.2,97.06452421409296,97.06452421409296,True
1466456856,98.3,96.19425629361511,96.19425629361511,True
1466456927,99.5,94.93440315292601,94.93440315292601,True
1466457014,99.5,94.87469074173156,94.87469074173156,True
1466457032,96.4,96.4,96.90830512204332,False
1466457067,95.4,95.97246435332114,95.97246435332114,True
1466457157,94.1,94.1,98.73271876848266,False
1466457215,95.9,99.56188884572849,99.56188884572849,True
1466457267,98.5,98.5,97.64520362741048,False
1466457357,96.9,96.16710289910067,96.16710289910067,True
1466457434,96.9,94.21116121510067,94.21116121510067,True
1466457487,96.9,96.9,94.82441821044564,False
1466457559,96.3,96.3,98.84811745015651,False
1466457603,96.3,96.3,96.22957479718603,False
1466457671,98.4,98.4,96.59309599372013,False
1466457713,98.9,94.1090308546566,94.1090308546566,True
1466457745,98.9,96.90412418169679,96.90412418169679,True
1466457782,96.0,99.9949983957488,99.9949983957488,True
1466457802,97.0,95.94195875247654,95.94195875247654,True
1466457817,99.2,99.2,97.35533656260212,False
1466457865,99.2,96.89376229861395,96.89376229861395,True
1466457884,99.2,99.2,94.05300540045843,False
1466457885,99.2,99.2,94.14916499888344,False
1466457917,97.7,99.87229665036928,99.87229665036928,True
1466457973,97.7,98.33422894817011,98.33422894817011,True
1466458045,97.1,95.3035687335461,95.3035687335461,True
1466458135,97.1,97.1,96.85432464309906,False
1466458151,94.5,98.7465479701844,98.7465479701844,True
1466458230,96.5,98.51126646832861,98.51126646832861,True
1466458324,96.5,96.5,98.79106730130295,False
1466458362,94.4,94.4,99.2715506892548,False
1466458438,94.4,98.174790464995,98.174790464995,True
1466458454,94.4,98.2208691148411,98.2208691148411,True
1466458496,94.4,94.4,97.02546488797928,False
1466458509,94.4,94.4,96.72680166410635,False
1466458580,94.4,94.4,97.1552465804755,False
1466458590,96.9,96.9,94.1965250505766,False
1466458626,94.8,94.8,98.25288897983145,False
1466458642,94.8,98.6930953677168,98.6930953677168,True
1466458665,94.8,94.8,94.68062556189474,False
1466458694,94.8,94.8,97.83695344580285,False
1466458762,98.0,95.54638106147189,95.54638106147189,True
1466458793,97.4,97.4,96.07872830336566,False
1466458824,99.8,97.76105266394188,97.76105266394188,True
1466458906,96.1,96.1,94.028120698465,False
1466458982,97.2,96.90473727561904,96.90473727561904,True
1466459068,95.1,95.1,97.84841938065533,False
1466459159,96.8,95.41342667117384,95.41342667117384,True
1466459184,96.8,96.8,95.41598475787954,False
1466459273,96.8,96.8,96.42910102226763,False
1466459372,96.8,99.4699924054598,99.4699924054598,True
1466459415,95.2,95.2,94.31785249501218,False
1466459483,95.2,96.89371405767699,96.89371405767699,True
1466459504,95.2,97.29563948904898,97.29563948904898,True
1466459588,98.9,95.06829662964391,95.06829662964391,True
1466459595,97.3,97.3,94.06028752898679,False
1466459673,95.8,95.8,99.87253058124446,False
1466459726,96.3,99.31045341802273,99.31045341802273,True
1466459800,96.3,95.10629678801733,95.10629678801733,True
1466459857,98.0,98.5547992896153,98.5547992896153,True
1466459887,96.8,94.93960485864314,94.93960485864314,True
1466459913,95.4,95.4,99.95664979671648,False
1466459974,95.4,95.4,97.55760239756844,False
1466459995,98.6,98.6,98.76137430568424,False
1466460001,96.2,94.71188273120588,94.71188273120588,True
1466460054,97.2,97.2,99.75774038171816,False
1466460130,94.0,94.0,99.63103076021281,False
1466460215,94.5,98.36689275845069,98.36689275845069,True
1466460252,94.5,94.5,98.37246977487332,False
1466460272,96.5,96.5,95.48112225138543,False
1466460346,97.2,98.51874292953606,98.51874292953606,True
1466460440,96.1,96.1,95.0722605297334,False
1466460461,96.1,96.1,95.04076927549269,False
1466460528,96.1,96.1,99.75387055721453,False
1466460610,100.0,99.26223976601304,99.26223976601304,True
1466460630,97.2,97.2,96.18960786234115,False
1466460691,94.0,94.0,96.08887283306173,False
1466460706,97.0,98.3552629466621,98.3552629466621,True
1466460739,98.3,98.3,94.3665975607456,False
1466460765,98.3,98.73780988470092,98.73780988470092,True
1466460795,94.3,94.3,96.72747640489666,False
1466460877,96.2,99.83767583921718,99.83767583921718,True
1466460973,94.9,94.01811258450803,94.01811258450803,True
1466461009,96.7,95.17654731668685,95.17654731668685,True
1466461027,96.7,96.7,97.57271426873648,False
1466461032,96.7,96.7,94.95572858342378,False
1466461096,96.7,96.7,98.2018838409492,False
1466461169,99.4,99.4,97.80918667360204,False
1466461256,99.0,99.0,94.17393637204161,False
1466461351,98.7,97.82032647970982,97.82032647970982,True
1466461451,95.1,96.6951135112154,96.6951135112154,True
1466461531,95.1,95.1,96.8479280216824,False
1466461568,97.9,97.9,98.88419481296025,False
1466461583,97.9,95.84318015957614,95.84318015957614,True
1466461647,95.1,95.1,99.16055748838482,False
1466461703,94.7,94.7,96.086708303876,False
1466461794,96.5,96.5,94.01820339629819,False
1466461813,96.8,95.52970596613577,95.52970596613577,True
1466461910,97.9,97.9,94.2753085315876,False
1466461988,97.9,97.07329597306236,97.07329597306236,True
1466462056,98.5,99.68429973781494,99.68429973781494,True
1466462101,98.5,98.5,98.55657740891749,False
1466462155,98.0,98.0,98.32740035608654,False
1466462215,98.8,98.8,95.03153023925915,False
1466462278,98.8,98.8,95.64275129908047,False
1466462368,94.5,94.82575325575212,94.82575325575212,True
1466462412,94.5,94.5,99.42313510356804,False
1466462512,94.5,94.5,99.14973464121042,False
1466462594,94.5,94.5,98.09083182179026,False
1466462671,95.6,95.6,96.4715259689017,False
1466462716,94.9,94.9,98.49652092870724,False
1466462746,95.7,95.7,99.27488723572941,False
1466462782,98.1,98.1,96.5440226322938,False
1466462820,94.7,97.35844363189008,97.35844363189008,True
1466462833,96.8,97.34270437799718,97.34270437799718,True
1466462842,95.3,95.3,97.21405068146017,False
1466462850,95.3,96.66529360437556,96.66529360437556,True
1466462941,95.3,95.3,97.27554884896725,False
1466463026,98.7,96.32385209126885,96.32385209126885,True
1466463117,98.7,95.54392433785752,95.54392433785752,True
1466463139,98.7,94.32694860068541,94.32694860068541,True
