1466410104,15.1,15.138657509907478,15.138657509907478,True
1466410114,15.0,14.423690091119726,14.423690091119726,True
1466410130,14.8,16.971570472325823,16.971570472325823,True
1466410181,14.9,12.655004345942405,12.655004345942405,True
1466410203,14.9,14.9,18.573778779637298,False
1466410250,14.8,12.529180261670941,12.529180261670941,True
1466410309,14.8,18.021900697671573,18.021900697671573,True
1466410397,14.8,14.8,19.59442273522112,False
1466410430,14.8,15.15191461932081,15.15191461932081,True
1466410469,14.8,12.658826858547837,12.658826858547837,True
1466410483,14.7,15.812217797566884,15.812217797566884,True
1466410498,14.7,19.76188699851476,19.76188699851476,True
1466410502,14.8,14.8,16.63561058207828,False
1466410532,14.8,19.826174332527867,19.826174332527867,True
1466410541,15.0,15.0,14.377144265029798,False
1466410573,15.0,15.0,14.060993485308074,False
1466410630,15.0,15.0,19.290990682517855,False
1466410653,15.0,15.0,14.319782715785466,False
1466410746,15.1,17.135413151550573,17.135413151550573,True
1466410814,15.1,15.83494822625674,15.83494822625674,True
1466410890,15.2,17.76405048502748,17.76405048502748,True
1466410902,15.2,15.2,13.448848300955198,False
1466410978,15.2,15.2,13.052300858890547,False
1466411008,15.2,15.2,15.395642055780138,False
1466411066,15.3,15.3,17.097079401103105,False
1466411094,15.3,17.63594543754454,17.63594543754454,True
1466411157,15.2,12.921567355635815,12.921567355635815,True
1466411223,15.4,18.057878008983714,18.057878008983714,True
1466411226,15.4,19.611779386535765,19.611779386535765,True
1466411272,15.4,15.898966075667962,15.898966075667962,True
1466411303,15.5,15.5,13.40966288318701,False
1466411318,15.3,16.083159625880537,16.083159625880537,True
1466411396,15.4,18.75470174574773,18.75470174574773,True
1466411493,15.2,15.2,16.918411785968495,False
1466411549,15.4,15.682505091614027,15.682505091614027,True
1466411560,15.6,18.116680578619444,18.116680578619444,True
1466411626,15.6,15.424765027308673,15.424765027308673,True
1466411723,15.8,19.620842386526213,19.620842386526213,True
1466411763,15.8,19.128632521632746,19.128632521632746,True
1466411785,15.8,17.585073126472388,17.585073126472388,True
1466411854,15.8,16.186219739826115,16.186219739826115,True
1466411889,15.6,15.6,18.088787283895027,False
1466411988,15.6,15.6,15.325094610307074,False
1466412022,15.7,14.968939683563868,14.968939683563868,True
1466412046,15.7,15.7,19.88217889875902,False
1466412076,15.7,18.773304969863993,18.773304969863993,True
1466412152,15.8,15.8,19.21236988646289,False
1466412181,15.8,15.8,14.026021732327596,False
1466412201,16.0,16.0,15.359183266984589,False
1466412260,16.2,19.311051227571873,19.311051227571873,True
1466412347,16.2,16.2,19.860312292658392,False
1466412360,16.3,13.37783797472498,13.37783797472498,True
1466412438,16.3,16.3,16.768003560310262,False
1466412521,16.5,18.32887195503897,18.32887195503897,True
1466412599,16.4,12.951288218397444,12.951288218397444,True
1466412639,16.4,14.424313735397067,14.424313735397067,True
1466412691,16.4,19.525766595161542,19.525766595161542,True
1466412747,16.2,16.00727754177319,16.00727754177319,True
1466412794,16.2,16.2,17.562998761851595,False
1466412819,16.0,16.0,17.379432367463952,False
1466412832,16.0,16.0,13.166552993079849,False
1466412874,16.2,14.262662167417101,14.262662167417101,True
1466412943,16.2,16.2,12.522339569623913,False
1466412971,16.2,16.2,16.876810774392684,False
1466412990,16.2,16.194031210854906,16.194031210854906,True
1466413028,16.2,16.2,14.1368928589399,False
1466413053,16.4,15.683277314824199,15.683277314824199,True
1466413125,16.4,16.4,12.674646164168497,False
1466413200,16.4,12.88005033790163,12.88005033790163,True
1466413264,16.5,14.221705121367464,14.221705121367464,True
1466413311,16.5,16.5,13.877904797211869,False
1466413342,16.5,13.543740671375655,13.543740671375655,True
1466413440,16.5,15.261757877393203,15.261757877393203,True
1466413458,16.5,16.5,18.558666140290015,False
1466413529,16.5,13.928404921256805,13.928404921256805,True
1466413542,16.5,16.5,18.185357436824546,False
1466413638,16.4,16.4,14.43494907883798,False
1466413672,16.2,16.2,18.24148936235416,False
1466413733,16.2,16.2,19.59187683624794,False
1466413779,16.2,19.860893508083855,19.860893508083855,True
1466413780,16.2,16.548888173276044,16.548888173276044,True
1466413864,16.2,16.2,18.33394057196577,False
1466413885,16.1,13.196020282278473,13.196020282278473,True
1466413946,16.1,12.945415434719116,12.945415434719116,True
1466414033,16.1,19.91287089392098,19.91287089392098,True
1466414071,16.4,16.4,13.681051554989041,False
1466414164,16.1,12.635853001315951,12.635853001315951,True
1466414225,16.0,19.383147373143146,19.383147373143146,True
1466414312,16.0,17.658992937234803,17.658992937234803,True
1466414325,15.7,15.7,15.75406165310574,False
1466414328,15.7,15.7,17.295657204439117,False
1466414329,15.7,15.288092608749992,15.288092608749992,True
1466414402,15.7,15.7,12.53685131473379,False
1466414407,15.7,15.7,14.195265387672826,False
1466414413,15.8,15.8,16.439669887743705,False
1466414460,15.8,15.8,19.318031524316964,False
1466414552,15.8,12.335767987008818,12.335767987008818,True
1466414602,15.9,15.9,13.362989946627273,False
1466414662,15.9,12.87752160687847,12.87752160687847,True
1466414746,16.0,16.0,18.373094371883198,False
1466414844,15.9,15.9,14.554899418211841,False
1466414943,15.9,19.181162811850207,19.181162811850207,True
1466414946,16.1,14.499008432996717,14.499008432996717,True
1466414966,16.1,18.885179480820433,18.885179480820433,True
1466415038,16.2,16.2,14.842763496861785,False
1466415106,16.2,13.99910693104052,13.99910693104052,True
1466415130,16.3,15.371356116682788,15.371356116682788,True
1466415145,16.4,15.567199317976419,15.567199317976419,True
1466415202,16.4,15.600880643329997,15.600880643329997,True
1466415239,16.4,19.892015408956752,19.892015408956752,True
1466415249,16.4,16.4,19.32312782005469,False
1466415308,16.4,16.4,19.33504905417516,False
1466415357,16.1,18.92336891737587,18.92336891737587,True
1466415404,16.1,17.051750739222523,17.051750739222523,True
1466415469,16.1,15.4325591456886,15.4325591456886,True
1466415548,16.3,12.82151011241351,12.82151011241351,True
1466415588,16.3,16.3,15.992774696454259,False
1466415627,16.3,16.3,15.805141310304199,False
1466415719,16.2,13.051911417306062,13.051911417306062,True
1466415767,16.2,16.918903357150306,16.918903357150306,True
1466415860,16.2,13.93313925641889,13.93313925641889,True
1466415872,16.1,16.1,13.18910598059657,False
1466415914,15.9,15.825112180049928,15.825112180049928,True
1466415934,15.9,15.9,19.832447946094227,False
1466415988,15.9,15.9,12.50299139094075,False
1466416004,15.9,15.876019099630508,15.876019099630508,True
1466416050,15.9,15.9,18.712365249924208,False
1466416150,15.7,15.7,19.14303815101313,False
1466416161,15.7,15.7,18.10023020817896,False
1466416215,15.7,15.7,19.94327895810772,False
1466416315,15.5,15.5,14.409094887511543,False
1466416321,15.5,16.256672109357563,16.256672109357563,True
1466416393,15.3,15.3,13.795784852151447,False
1466416440,15.3,17.834483697398984,17.834483697398984,True
1466416510,15.3,15.3,13.995667082470646,False
1466416541,15.3,15.3,18.399335931838372,False
1466416631,15.3,15.3,12.26426550586622,False
1466416671,15.3,16.458102974677807,16.458102974677807,True
1466416725,15.4,17.540108234657026,17.540108234657026,True
1466416815,15.3,15.3,17.826002442504212,False
1466416867,15.4,17.092043805273995,17.092043805273995,True
1466416933,15.2,17.561975741118413,17.561975741118413,True
1466416963,15.4,14.936682033783143,14.936682033783143,True
1466417034,15.6,19.299271268546597,19.299271268546597,True
1466417069,15.6,15.6,15.34743575103456,False
1466417095,15.6,15.6,12.630853286856723,False
1466417123,15.6,15.6,18.11646192750336,False
1466417219,15.7,15.7,13.914855968659687,False
1466417228,15.7,15.322927829855196,15.322927829855196,True
1466417235,15.7,18.290906342982296,18.290906342982296,True
1466417266,15.5,15.5,13.673715746569895,False
1466417298,15.6,14.919523909937595,14.919523909937595,True
1466417382,15.6,15.6,17.236870135318533,False
1466417429,15.6,13.00262911805019,13.00262911805019,True
1466417434,15.5,15.5,17.337722219575454,False
1466417513,15.4,15.4,16.74823124801015,False
1466417598,15.4,12.155956776813198,12.155956776813198,True
1466417615,15.4,17.485867447266106,17.485867447266106,True
1466417654,15.4,14.687549178474498,14.687549178474498,True
1466417749,15.3,17.746130780828757,17.746130780828757,True
1466417763,15.3,16.773536721266222,16.773536721266222,True
1466417822,15.4,18.410712425991917,18.410712425991917,True
1466417851,15.4,15.4,18.975557020645233,False
1466417855,15.2,17.956107183798114,17.956107183798114,True
1466417879,15.2,15.422596670211306,15.422596670211306,True
1466417895,15.1,12.18527220421577,12.18527220421577,True
1466417969,15.1,15.1,13.914425552299534,False
1466418049,15.1,12.90004432242361,12.90004432242361,True
1466418118,14.9,14.384534532038973,14.384534532038973,True
1466418129,14.8,14.8,19.552006249547652,False
1466418179,14.5,19.715831111603357,19.715831111603357,True
1466418254,14.7,12.912077838141487,12.912077838141487,True
1466418332,14.8,14.8,12.903768651819323,False
1466418428,15.0,12.617664383596704,12.617664383596704,True
1466418494,15.0,19.5837653492651,19.5837653492651,True
1466418554,15.0,13.481041510761937,13.481041510761937,True
1466418563,15.0,15.0,17.608486069591397,False
1466418564,15.0,16.751656283258033,16.751656283258033,True
1466418594,15.0,13.782759549169825,13.782759549169825,True
1466418674,15.0,17.79784923343569,17.79784923343569,True
1466418748,15.0,15.0,12.830188736668353,False
1466418847,15.2,13.016227068609506,13.016227068609506,True
1466418877,15.3,16.473676120663406,16.473676120663406,True
1466418917,15.3,15.3,15.695102489877968,False
1466418938,15.2,15.2,17.79234693431499,False
1466419031,15.4,15.4,19.719633521836553,False
1466419058,15.3,16.526398309962314,16.526398309962314,True
1466419104,15.2,14.59671264869375,14.59671264869375,True
1466419166,15.2,17.859195228716466,17.859195228716466,True
1466419261,15.1,15.1,19.711271737242683,False
1466419349,15.1,15.1,16.55425488762171,False
1466419442,15.2,14.097201982951534,14.097201982951534,True
1466419530,15.1,16.31098216272934,16.31098216272934,True
1466419595,15.3,19.79862176461487,19.79862176461487,True
1466419646,15.3,18.33257905412504,18.33257905412504,True
1466419737,15.3,15.3,13.971465168769353,False
1466419826,15.4,13.27165078958194,13.27165078958194,True
1466419880,15.4,15.4,15.775270739603686,False
1466419911,15.5,15.5,12.491773515213904,False
1466419938,15.5,16.84347429479307,16.84347429479307,True
1466420016,15.5,14.563149949707215,14.563149949707215,True
1466420019,15.5,18.09186179821486,18.09186179821486,True
1466420108,15.7,16.484679491442442,16.484679491442442,True
1466420205,15.9,15.9,17.547401484899122,False
1466420228,15.9,16.280192781496766,16.280192781496766,True
1466420257,15.9,13.904616796500052,13.904616796500052,True
1466420270,15.9,12.417690599883159,12.417690599883159,True
1466420296,15.9,15.9,13.736800278061814,False
1466420331,15.9,16.26098840491386,16.26098840491386,True
1466420407,15.7,16.686079269494346,16.686079269494346,True
1466420430,15.8,16.019143450759195,16.019143450759195,True
1466420453,15.8,16.01481865982437,16.01481865982437,True
1466420474,16.0,15.10729724659068,15.10729724659068,True
1466420566,16.3,12.842114812762485,12.842114812762485,True
1466420579,16.3,16.3,13.669422148606682,False
1466420618,16.3,16.3,16.923274278485376,False
1466420624,16.4,16.4,15.65950236585918,False
1466420643,16.2,16.2,15.327052452889337,False
1466420695,16.2,16.2,16.693607915855303,False
1466420788,16.2,16.2,15.880250127988472,False
1466420863,16.0,16.0,16.049194572113844,False
1466420947,16.2,16.2,15.814231170951896,False
1466421003,16.2,16.2,18.958515298153575,False
1466421032,16.2,13.597115543160664,13.597115543160664,True
1466421050,16.1,16.1,19.692635277397237,False
1466421116,16.3,19.017326796973634,19.017326796973634,True
1466421208,16.4,16.4,12.162506693350679,False
1466421234,16.5,17.30165901837448,17.30165901837448,True
1466421262,16.5,19.57698674085745,19.57698674085745,True
1466421353,16.5,18.863143678479023,18.863143678479023,True
1466421360,16.5,16.5,15.284032696323049,False
1466421392,16.5,19.383637535112136,19.383637535112136,True
1466421480,16.7,16.7,12.261145139179614,False
1466421530,16.7,16.7,13.078603896487843,False
1466421547,16.8,16.8,14.175252687979267,False
1466421591,16.8,16.8,12.916107713223123,False
1466421633,16.8,16.8,13.81048748745317,False
1466421636,17.0,17.0,12.928855917302318,False
1466421670,17.0,17.0,12.765335985438114,False
1466421695,17.0,17.0,17.331781041719026,False
1466421721,17.1,17.1,19.775950519739062,False
1466421804,17.1,17.1,18.860075696893983,False
1466421819,17.1,13.69002054717862,13.69002054717862,True
1466421862,17.1,17.1,12.93073013568894,False
1466421885,17.1,12.434407904531119,12.434407904531119,True
1466421936,17.1,17.1,15.367495159828238,False
1466422012,17.3,19.335192933198993,19.335192933198993,True
1466422044,17.3,13.778528920957324,13.778528920957324,True
1466422045,17.3,17.3,12.237729082013157,False
1466422137,17.3,15.155777858925497,15.155777858925497,True
1466422162,17.5,19.1728612622495,19.1728612622495,True
1466422189,17.7,12.127702060660631,12.127702060660631,True
1466422197,17.7,19.682715329837833,19.682715329837833,True
1466422264,17.8,17.8,16.57011487796331,False
1466422330,17.8,17.8,16.058978113233632,False
1466422378,17.7,17.7,16.30379189829685,False
1466422432,17.7,17.7,16.065955197583786,False
1466422488,17.4,16.585487832957394,16.585487832957394,True
1466422577,17.1,17.1,14.051697694213255,False
1466422628,17.1,17.1,13.255950427790724,False
1466422638,17.1,17.1,16.699518823159057,False
1466422666,17.0,19.510427695862766,19.510427695862766,True
1466422706,17.0,18.04529075832088,18.04529075832088,True
1466422731,17.1,17.1,15.908343413359898,False
1466422804,17.1,12.443692851995827,12.443692851995827,True
1466422866,17.1,19.979480457611704,19.979480457611704,True
1466422873,17.1,17.1,12.748613416971505,False
1466422895,17.1,15.839767796331792,15.839767796331792,True
1466422953,17.2,17.2,17.53662721966963,False
1466422973,17.2,13.292371554472481,13.292371554472481,True
1466423017,17.3,17.3,15.471450814720818,False
1466423051,17.3,17.3,19.40316882816608,False
1466423099,17.3,14.040660571314293,14.040660571314293,True
1466423150,17.3,12.659298531412656,12.659298531412656,True
1466423155,17.3,13.781676649740152,13.781676649740152,True
1466423168,17.3,16.658482508404955,16.658482508404955,True
1466423205,17.3,17.3,12.88061416777872,False
1466423275,17.4,17.4,19.910010693450296,False
1466423287,17.4,17.4,13.74116436246015,False
1466423336,17.4,17.4,16.24720411568817,False
1466423340,17.2,13.386704705311569,13.386704705311569,True
1466423355,17.2,17.2,15.234951099046743,False
1466423443,17.2,17.748976890295072,17.748976890295072,True
1466423499,17.2,15.376916604365828,15.376916604365828,True
1466423585,17.2,12.00465218878277,12.00465218878277,True
1466423612,17.2,17.2,12.172378918963624,False
1466423669,17.2,16.70039430587779,16.70039430587779,True
1466423705,16.9,16.914315788491244,16.914315788491244,True
1466423770,16.9,16.9,17.417211482184488,False
1466423844,16.9,16.9,16.7090876535951,False
1466423902,17.1,13.371275723332275,13.371275723332275,True
1466423913,17.2,19.905854063672503,19.905854063672503,True
1466423972,17.2,15.290293646492534,15.290293646492534,True
1466424014,17.2,18.515348123339216,18.515348123339216,True
1466424069,17.2,17.2,16.100817603268112,False
1466424154,17.2,15.06339362628429,15.06339362628429,True
1466424155,17.4,17.4,13.196017088431695,False
1466424169,17.3,17.3,12.13315370529579,False
1466424262,17.1,19.6208101471235,19.6208101471235,True
1466424339,17.1,17.1,14.103450791040816,False
1466424398,17.1,16.349490820390105,16.349490820390105,True
1466424497,17.2,17.2,16.9010116462197,False
1466424558,17.3,17.3,14.32479705967128,False
1466424613,17.4,12.62121085076606,12.62121085076606,True
1466424713,17.4,17.4,14.30168571371861,False
1466424804,17.2,17.2,15.589719177643591,False
1466424878,17.2,13.880710811014708,13.880710811014708,True
1466424924,17.4,17.4,12.93510153213031,False
1466425009,17.4,18.930021831219943,18.930021831219943,True
1466425106,17.4,17.4,17.70578239210885,False
1466425129,17.4,19.9927763475209,19.9927763475209,True
1466425179,17.2,16.114140329623908,16.114140329623908,True
1466425257,17.3,17.3,18.04019869099486,False
1466425262,17.1,17.1,18.58893592126113,False
1466425305,17.1,17.1,19.672564712803073,False
1466425331,17.0,17.0,14.289664029957049,False
1466425338,17.1,17.1,14.052198607202335,False
1466425377,17.2,17.2,17.673307213893775,False
1466425380,17.2,17.2,12.338867829367345,False
1466425417,17.2,17.193554583044065,17.193554583044065,True
1466425484,17.2,16.904816159247638,16.904816159247638,True
1466425517,17.1,17.353989732564326,17.353989732564326,True
1466425553,17.1,17.845806086506553,17.845806086506553,True
1466425640,17.1,14.245341379914532,14.245341379914532,True
1466425687,17.1,16.867981076853933,16.867981076853933,True
1466425711,17.3,19.28734768823906,19.28734768823906,True
1466425768,17.3,17.3,14.543141450510095,False
1466425811,17.3,19.036340999429164,19.036340999429164,True
1466425856,17.3,19.292737272536844,19.292737272536844,True
1466425869,17.1,17.1,15.354155015162267,False
1466425884,17.1,17.1,12.373512975232071,False
1466425962,17.1,17.1,16.502611369246367,False
1466425974,17.1,19.007968574087283,19.007968574087283,True
1466426016,17.1,16.702183062766863,16.702183062766863,True
1466426024,16.9,16.9,17.82475300979417,False
1466426034,16.9,16.9,15.586375317346377,False
1466426130,16.9,13.693733180016658,13.693733180016658,True
1466426189,16.9,16.9,13.885142078068935,False
1466426198,16.9,16.9,14.810500597740518,False
1466426280,16.9,16.9,14.268043954765881,False
1466426298,16.9,16.9,14.796135074468133,False
1466426380,16.9,12.863484117061414,12.863484117061414,True
1466426420,16.7,15.033368584733969,15.033368584733969,True
1466426509,16.7,18.114575867462566,18.114575867462566,True
1466426521,16.7,16.7,15.909615457283088,False
1466426535,16.8,16.8,16.967543368520058,False
1466426563,16.8,16.694563998873498,16.694563998873498,True
1466426620,16.8,16.8,15.331317256893305,False
1466426694,16.8,16.8,19.275043744960268,False
1466426764,16.8,16.8,19.62729255208546,False
1466426778,16.8,16.8,12.143833550035557,False
1466426866,16.8,16.8,14.804579116711784,False
1466426938,16.8,14.364495066656808,14.364495066656808,True
1466427022,16.8,16.18092247055447,16.18092247055447,True
1466427059,16.8,12.232203096337628,12.232203096337628,True
1466427125,16.8,16.16805457997836,16.16805457997836,True
1466427204,16.8,16.8,14.728390691291372,False
1466427240,16.8,14.382465491714466,14.382465491714466,True
1466427317,16.7,16.7,14.1522168797324,False
1466427319,16.7,16.7,17.866611607272258,False
1466427331,16.7,16.7,13.182925312684784,False
1466427425,16.7,16.7,14.823487207759896,False
1466427458,16.8,16.900723465765793,16.900723465765793,True
1466427495,16.8,12.658950691281358,12.658950691281358,True
1466427543,16.8,16.8,13.576166542657994,False
1466427625,16.9,16.9,16.639770124573264,False
1466427663,16.9,16.9,15.032270872436383,False
1466427672,16.9,13.188675561824937,13.188675561824937,True
1466427684,17.1,17.1,18.049730302281475,False
1466427739,17.1,17.1,13.114361270982164,False
1466427769,17.1,17.70127555618513,17.70127555618513,True
1466427775,17.3,17.3,16.48469091199435,False
1466427820,17.3,17.3,13.367977212622176,False
1466427837,17.2,14.860347713572827,14.860347713572827,True
1466427846,17.2,19.36888208429219,19.36888208429219,True
1466427904,17.2,17.798795107074785,17.798795107074785,True
1466427997,17.2,13.857421515431701,13.857421515431701,True
1466428027,17.2,17.2,16.283396305586045,False
1466428114,17.2,17.2,19.199470133451165,False
1466428212,17.2,17.2,12.893434203260483,False
1466428294,17.2,18.07192731790797,18.07192731790797,True
1466428321,17.0,17.681836589058413,17.681836589058413,True
1466428340,17.0,17.0,18.013522171931957,False
1466428378,17.0,17.0,13.593242715812938,False
1466428463,17.0,17.0,17.8397618757608,False
1466428551,17.0,17.0,13.650963293240704,False
1466428575,16.9,16.9,19.383359276615764,False
1466428593,16.8,16.8,12.55981552417438,False
1466428682,16.8,19.810684552722655,19.810684552722655,True
1466428699,16.7,18.45574653202172,18.45574653202172,True
1466428719,16.4,19.323517983002265,19.323517983002265,True
1466428819,16.5,16.5,17.9332351085858,False
1466428850,16.5,12.117439379062374,12.117439379062374,True
1466428884,16.5,16.5,13.72975548858413,False
1466428973,16.5,18.099899720554262,18.099899720554262,True
1466429006,16.5,14.292622041317781,14.292622041317781,True
1466429026,16.5,16.83784480878242,16.83784480878242,True
1466429066,16.5,15.733567629472278,15.733567629472278,True
1466429072,16.7,16.7,18.10416169785743,False
1466429103,16.8,16.8,19.012796401123957,False
1466429110,17.0,17.0,17.101005991619193,False
1466429123,16.8,12.373015659520986,12.373015659520986,True
1466429168,17.0,19.814082678932895,19.814082678932895,True
1466429182,17.2,16.161729974582485,16.161729974582485,True
1466429184,17.2,14.749712732583516,14.749712732583516,True
1466429197,17.2,17.2,12.796124648380697,False
1466429280,17.3,16.411382252965495,16.411382252965495,True
1466429378,17.3,17.3,16.214739183380605,False
1466429450,17.3,16.857729038837753,16.857729038837753,True
1466429455,17.1,16.728552555764676,16.728552555764676,True
1466429510,17.2,14.463280009101,14.463280009101,True
1466429565,17.2,19.63869964805009,19.63869964805009,True
1466429566,17.2,17.2,17.51459846077177,False
1466429592,17.2,17.2,19.04112662303578,False
1466429623,17.2,17.2,12.7466210673556,False
1466429691,17.2,13.885620047918767,13.885620047918767,True
1466429733,17.0,17.0,17.397668795415544,False
1466429803,17.1,17.1,15.65730737143371,False
1466429832,17.1,17.1,12.771130951747548,False
1466429905,16.9,12.189614740834898,12.189614740834898,True
1466429997,17.0,19.939635600691272,19.939635600691272,True
1466430050,17.0,17.0,12.160510134435828,False
1466430088,17.0,13.289832711897642,13.289832711897642,True
1466430174,16.9,17.366028009365667,17.366028009365667,True
1466430247,17.1,12.691107375965563,12.691107375965563,True
1466430344,17.1,16.51782706544246,16.51782706544246,True
1466430375,17.1,17.1,14.841443118920521,False
1466430400,17.3,14.051072207291561,14.051072207291561,True
1466430457,17.1,17.1,14.080858288220842,False
1466430483,17.1,17.810779217752035,17.810779217752035,True
1466430517,16.9,17.77199483565928,17.77199483565928,True
1466430524,16.9,16.9,17.79634929483883,False
1466430592,17.1,12.07165836809477,12.07165836809477,True
1466430616,17.1,15.661899896128466,15.661899896128466,True
1466430631,17.2,19.42719092655903,19.42719092655903,True
1466430680,17.1,12.852103597156106,12.852103597156106,True
1466430734,17.1,17.1,18.727346211494645,False
1466430790,16.9,16.9,17.236797593918926,False
1466430815,17.0,19.40339771542785,19.40339771542785,True
1466430895,17.0,17.0,13.58327599934072,False
1466430916,17.0,17.0,17.998281538642413,False
1466430929,17.0,13.7957953803445,13.7957953803445,True
1466430936,16.8,18.39304871173932,18.39304871173932,True
1466431009,16.8,16.8,19.89617923866682,False
1466431036,16.8,16.8,14.566931268607451,False
1466431055,17.0,14.924216499715218,14.924216499715218,True
1466431145,16.9,16.9,16.370275407198708,False
1466431218,16.9,14.547393701031964,14.547393701031964,True
1466431290,17.1,17.1,13.970701510794797,False
1466431324,17.1,16.006905368760343,16.006905368760343,True
1466431400,17.1,16.325622627551184,16.325622627551184,True
1466431450,17.1,17.1,16.180775806071964,False
1466431526,17.1,18.722125127191525,18.722125127191525,True
1466431589,16.8,13.368912483117626,13.368912483117626,True
1466431661,16.8,13.134565693375707,13.134565693375707,True
1466431760,16.8,15.263810052961865,15.263810052961865,True
1466431796,16.8,16.8,19.695300139513275,False
1466431848,16.6,16.6,18.93450501492483,False
1466431879,16.6,16.6,13.701772871846526,False
1466431954,16.9,17.254272072401992,17.254272072401992,True
1466431958,16.9,16.9,17.710248780797503,False
1466432002,16.9,16.9,15.979502756017748,False
1466432101,16.9,15.87510914448635,15.87510914448635,True
1466432177,16.9,16.9,18.69347058971225,False
1466432194,17.0,17.0,14.383364248916045,False
1466432237,16.9,16.9,12.456482672970074,False
1466432280,17.0,19.754645358590405,19.754645358590405,True
1466432373,17.0,17.50308744852023,17.50308744852023,True
1466432389,16.8,18.87018795620802,18.87018795620802,True
1466432415,16.8,12.044147425434398,12.044147425434398,True
1466432417,16.8,16.8,14.750674572164392,False
1466432506,16.7,16.7,15.579490591411563,False
1466432569,16.9,13.776068533492309,13.776068533492309,True
1466432577,16.9,16.9,16.35256114817367,False
1466432670,16.9,16.9,16.341072930136207,False
1466432706,16.9,16.9,16.7556035945543,False
1466432804,16.9,16.9,13.83922813138874,False
1466432853,16.9,16.9,12.803546302548362,False
1466432947,16.9,12.339689515691838,12.339689515691838,True
1466433040,16.8,19.32714608675259,19.32714608675259,True
1466433128,16.8,16.8,16.666119790825963,False
1466433145,16.8,16.8,18.629119217749754,False
1466433195,16.8,16.8,19.67521731858195,False
1466433289,16.8,16.018071629833585,16.018071629833585,True
1466433375,16.7,17.804147842347597,17.804147842347597,True
1466433427,16.7,14.189547441418252,14.189547441418252,True
1466433478,16.9,16.9,13.540793700966207,False
1466433517,16.7,17.664459492693965,17.664459492693965,True
1466433615,16.8,16.8,15.11953036823785,False
1466433672,16.8,16.8,18.879679382542903,False
1466433762,16.8,16.8,16.369820297862486,False
1466433809,16.8,19.919856149235407,19.919856149235407,True
1466433873,16.8,16.8,15.053641642645651,False
1466433910,16.8,18.43906334636955,18.43906334636955,True
1466433994,17.0,18.84376782884306,18.84376782884306,True
1466434003,17.2,17.2,18.36359679241447,False
1466434045,17.2,17.2,17.395792727567883,False
1466434096,17.2,17.952914330231994,17.952914330231994,True
1466434173,17.2,18.535547068872877,18.535547068872877,True
1466434199,17.2,15.578937009387582,15.578937009387582,True
1466434224,17.2,17.2,17.420081843081554,False
1466434308,17.1,13.451437625461885,13.451437625461885,True
1466434359,17.1,17.1,17.62254678931074,False
1466434371,17.1,18.86704374397597,18.86704374397597,True
1466434457,17.1,17.1,14.204255915130183,False
1466434498,17.1,17.1,14.250646907658314,False
1466434552,17.1,17.759272893488788,17.759272893488788,True
1466434622,17.1,17.1,19.291397904858016,False
1466434691,16.9,18.771805623200258,18.771805623200258,True
1466434718,16.6,16.6,14.928450174703286,False
1466434727,16.6,16.6,13.989968011661528,False
1466434815,16.4,16.4,12.587600889822141,False
1466434892,16.5,18.167860895973426,18.167860895973426,True
1466434915,16.5,16.5,17.041444067090403,False
1466434946,16.3,18.10039521277266,18.10039521277266,True
1466434988,16.3,14.888711332787919,14.888711332787919,True
1466435020,16.5,16.5,18.900232008966057,False
1466435090,16.5,18.535364942092247,18.535364942092247,True
1466435099,16.5,12.138607288782673,12.138607288782673,True
1466435145,16.4,16.4,18.010971025812538,False
1466435186,16.2,16.2,19.19132491513379,False
1466435246,16.2,15.880383364754993,15.880383364754993,True
1466435284,16.2,18.23701877213123,18.23701877213123,True
1466435327,16.2,13.470322032181102,13.470322032181102,True
1466435369,16.0,16.66363469210419,16.66363469210419,True
1466435408,16.2,13.375363798033657,13.375363798033657,True
1466435468,16.5,16.272224389881977,16.272224389881977,True
1466435486,16.5,16.5,14.242848588026682,False
1466435555,16.5,14.87987520175881,14.87987520175881,True
1466435624,16.5,16.5,18.139452693448764,False
1466435659,16.5,16.5,16.020181757288015,False
1466435682,16.5,18.962474193756556,18.962474193756556,True
1466435712,16.5,16.5,16.8728021859461,False
1466435794,16.7,18.226249686027924,18.226249686027924,True
1466435878,16.5,12.228122865317541,12.228122865317541,True
1466435904,16.5,17.85373225449903,17.85373225449903,True
1466435971,16.5,16.5,17.683536065403203,False
1466436041,16.5,15.80658229027922,15.80658229027922,True
1466436059,16.5,16.5,13.26327400712109,False
1466436093,16.5,16.5,15.357822689904854,False
1466436178,16.5,14.72166381984935,14.72166381984935,True
1466436230,16.5,16.08307670505416,16.08307670505416,True
1466436280,16.5,17.945623846476884,17.945623846476884,True
1466436332,16.6,14.71258057676676,14.71258057676676,True
1466436333,16.6,18.9331951777911,18.9331951777911,True
1466436431,16.6,16.374828457282625,16.374828457282625,True
1466436520,16.6,16.6,19.377964846518818,False
1466436572,16.6,16.6,17.75401235201986,False
1466436647,16.6,16.6,16.23978336846811,False
1466436655,16.6,16.6,13.717044750713635,False
1466436727,16.7,16.7,14.153397572428089,False
1466436793,16.7,14.261095574622445,14.261095574622445,True
1466436879,16.7,16.7,13.34755989866406,False
1466436880,16.5,16.5,17.63072669481954,False
1466436939,16.5,16.5,17.13296168396086,False
1466437015,16.7,13.892679542968883,13.892679542968883,True
1466437048,16.7,16.7,19.70042389796701,False
1466437088,16.5,16.5,17.431718581384768,False
1466437105,16.5,16.5,12.978798256684382,False
1466437122,16.5,16.5,18.61081135593925,False
1466437160,16.5,16.934847817022135,16.934847817022135,True
1466437232,16.3,19.706299213836065,19.706299213836065,True
1466437321,16.3,16.3,14.381770703133347,False
1466437335,16.3,16.479474846772966,16.479474846772966,True
1466437358,16.3,12.028952026514595,12.028952026514595,True
1466437441,16.1,16.1,17.442882858368826,False
1466437480,16.1,16.543275424431613,16.543275424431613,True
1466437561,16.1,16.1,19.06510407239041,False
1466437653,16.1,16.1,18.55270464314794,False
1466437709,16.1,19.01710423461978,19.01710423461978,True
1466437798,16.1,13.434330910413818,13.434330910413818,True
1466437869,15.9,15.9,18.10656806592997,False
1466437952,15.9,15.9,18.068239180824044,False
1466438037,16.0,16.0,12.576205328900897,False
1466438054,16.0,15.334893700986873,15.334893700986873,True
1466438056,16.2,13.768012948780592,13.768012948780592,True
1466438136,16.2,16.2,16.96784075033233,False
1466438234,16.2,16.2,16.45979626193277,False
1466438261,16.4,15.424152099685514,15.424152099685514,True
1466438348,16.4,13.722080257951202,13.722080257951202,True
1466438407,16.4,12.116002873927645,12.116002873927645,True
1466438422,16.5,16.5,12.475437712510326,False
1466438476,16.4,15.90125596039078,15.90125596039078,True
1466438571,16.4,16.4,19.369722358619775,False
1466438612,16.4,16.4,12.386502854935015,False
1466438620,16.4,18.278400939505516,18.278400939505516,True
1466438698,16.1,16.1,19.772089769246712,False
1466438747,16.1,16.1,19.69890594588394,False
1466438795,16.1,17.815263818575293,17.815263818575293,True
1466438810,16.1,16.1,12.818623471757796,False
1466438888,16.1,18.89901170922807,18.89901170922807,True
1466438975,15.9,16.828239555753562,16.828239555753562,True
1466439000,15.9,15.9,17.52325105031938,False
1466439092,15.9,15.9,16.643134432118273,False
1466439150,16.1,16.1,13.51188940791095,False
1466439229,16.1,16.1,16.368981963392226,False
1466439279,16.0,16.0,12.011006052543213,False
1466439328,16.2,18.201399342659293,18.201399342659293,True
1466439351,16.2,16.2,15.459334061256849,False
1466439447,16.2,16.2,14.015846018090652,False
1466439466,16.0,17.11262488940652,17.11262488940652,True
1466439480,16.0,16.0,18.075025581637348,False
1466439560,16.0,15.643086592973422,15.643086592973422,True
1466439600,15.8,15.8,13.042191278172314,False
1466439645,15.9,15.9,15.669972014486326,False
1466439729,15.9,13.028677974674515,13.028677974674515,True
1466439772,16.0,16.0,16.209537462712163,False
1466439827,16.0,16.0,18.2735082060377,False
1466439849,16.0,16.0,14.435571605219284,False
1466439910,16.0,16.0,17.295972926753553,False
1466439990,15.8,15.8,17.155669560428127,False
1466440005,15.8,16.719245389211004,16.719245389211004,True
1466440006,15.8,19.8336989364212,19.8336989364212,True
1466440045,15.8,15.8,15.587180538122865,False
1466440066,15.8,15.383256312995648,15.383256312995648,True
1466440154,15.7,17.03337328147277,17.03337328147277,True
1466440214,15.7,15.529429536528333,15.529429536528333,True
1466440226,15.7,15.7,14.56693921757908,False
1466440304,15.7,17.036314320910066,17.036314320910066,True
1466440385,15.8,15.8,19.948053081025922,False
1466440451,15.8,18.077366549391947,18.077366549391947,True
1466440521,15.9,15.9,14.017499941587419,False
1466440581,15.9,15.9,15.720907520250268,False
1466440674,15.9,13.01342185916288,13.01342185916288,True
1466440727,15.9,15.9,19.40262909943847,False
1466440821,15.9,14.709289400863003,14.709289400863003,True
1466440827,15.9,12.375062031555123,12.375062031555123,True
1466440897,15.9,12.663129043308611,12.663129043308611,True
1466440923,15.9,15.9,15.255683145152018,False
1466441012,15.8,15.8,14.406863898940125,False
1466441049,15.7,16.92648763448447,16.92648763448447,True
1466441147,15.6,14.802752601852237,14.802752601852237,True
1466441213,15.6,15.6,18.84957589068526,False
1466441311,15.6,18.730689235201993,18.730689235201993,True
1466441318,15.6,15.6,18.50845256375413,False
1466441418,15.6,19.350225760981314,19.350225760981314,True
1466441510,15.8,12.624944965346923,12.624944965346923,True
1466441541,15.8,19.294600249625802,19.294600249625802,True
1466441579,16.0,15.996203725954553,15.996203725954553,True
1466441630,16.0,16.0,14.954583468345863,False
1466441714,16.0,14.500729777890115,14.500729777890115,True
1466441724,16.0,13.623699689956835,13.623699689956835,True
1466441741,16.0,16.0,12.163771576343391,False
1466441822,16.1,16.1,16.819862643697544,False
1466441883,16.1,15.502397725205142,15.502397725205142,True
1466441934,16.3,17.384927855018873,17.384927855018873,True
1466441947,16.3,16.3,13.714797455034393,False
1466442046,16.0,16.0,13.061421170376356,False
1466442137,16.1,16.1,19.837945879425742,False
1466442175,16.1,14.74140312805685,14.74140312805685,True
1466442216,16.4,13.953984517844333,13.953984517844333,True
1466442284,16.4,16.4,12.274073197161785,False
1466442332,16.4,18.57188046310472,18.57188046310472,True
1466442358,16.4,16.4,14.47313817043014,False
1466442362,16.4,16.4,17.042269325413997,False
1466442439,16.2,14.032051631795962,14.032051631795962,True
1466442490,16.2,16.2,14.887278039848537,False
1466442498,16.2,13.470546617198014,13.470546617198014,True
1466442508,16.2,14.397272163618885,14.397272163618885,True
1466442518,16.2,17.311526901953947,17.311526901953947,True
1466442556,16.2,16.2,13.341006383618693,False
1466442656,16.1,16.179240114594517,16.179240114594517,True
1466442662,16.1,16.1,13.63190059791777,False
1466442703,16.1,16.1,17.261307037932237,False
1466442768,16.1,16.1,19.858854235665316,False
1466442788,16.2,16.2,18.907969743080727,False
1466442886,16.0,16.0,18.28933150989737,False
1466442980,15.9,15.9,12.11187749165697,False
1466443000,15.9,12.555479084508754,12.555479084508754,True
1466443029,15.8,15.8,13.917239685918023,False
1466443038,15.8,14.153518541552522,14.153518541552522,True
1466443089,15.8,16.02154230896135,16.02154230896135,True
1466443162,15.8,15.8,15.002002075850378,False
1466443201,15.8,13.556518536700555,13.556518536700555,True
1466443219,15.7,15.7,15.010522333965646,False
1466443263,15.7,15.7,18.48705185407551,False
1466443350,15.7,14.013960783479392,14.013960783479392,True
1466443373,15.6,15.6,13.60051288366217,False
1466443392,15.6,15.6,13.585976051349686,False
1466443402,15.7,15.7,17.005430389628447,False
1466443486,15.7,14.043887483010867,14.043887483010867,True
1466443511,15.7,14.113804757595968,14.113804757595968,True
1466443584,15.9,19.762692843474614,19.762692843474614,True
1466443677,15.9,15.9,12.857708113605636,False
1466443725,16.0,16.0,13.497814294151244,False
1466443727,16.0,15.579122882530566,15.579122882530566,True
1466443750,16.0,12.563576326636024,12.563576326636024,True
1466443761,16.0,18.076699375885518,18.076699375885518,True
1466443808,16.0,16.0,18.89762624289347,False
1466443861,16.0,17.16336970445078,17.16336970445078,True
1466443929,16.0,18.225449842819234,18.225449842819234,True
1466443986,15.9,17.654218260711566,17.654218260711566,True
1466444043,15.8,12.533550881185167,12.533550881185167,True
1466444110,15.8,18.949100735502796,18.949100735502796,True
1466444192,15.8,15.316848694745385,15.316848694745385,True
1466444287,15.8,16.74483845406115,16.74483845406115,True
1466444294,15.8,15.8,13.060335667388777,False
1466444366,15.9,15.9,15.00102035737298,False
1466444466,15.9,15.9,13.56434863168298,False
1466444505,16.0,16.0,15.213945911971567,False
1466444556,16.0,14.879635781484167,14.879635781484167,True
1466444624,16.0,13.74825418814612,13.74825418814612,True
1466444663,16.3,16.811144854968873,16.811144854968873,True
1466444685,16.3,16.3,18.74017911859389,False
1466444756,16.5,15.705909953835455,15.705909953835455,True
1466444781,16.8,16.8,15.877994951383958,False
1466444840,16.8,12.63296766042087,12.63296766042087,True
1466444854,16.8,12.41911767338272,12.41911767338272,True
1466444860,16.8,16.8,12.857577187788003,False
1466444959,16.8,16.8,18.998189735199563,False
1466445058,16.8,16.8,15.481212270998867,False
1466445107,16.8,15.38678358195348,15.38678358195348,True
1466445165,17.0,18.32398389789613,18.32398389789613,True
1466445170,16.8,16.8,14.581280723049266,False
1466445173,16.8,16.8,17.451938488320142,False
1466445247,16.8,17.69562960031485,17.69562960031485,True
1466445305,16.9,16.9,16.664822400057783,False
1466445333,16.9,16.9,16.759915669855573,False
1466445356,16.9,16.9,14.49888972117911,False
1466445430,16.8,18.35219200829166,18.35219200829166,True
1466445491,17.0,17.0,17.681242731371896,False
1466445497,16.9,18.836866113111732,18.836866113111732,True
1466445514,16.9,18.204682097059283,18.204682097059283,True
1466445549,16.8,13.840534498754565,13.840534498754565,True
1466445640,16.6,14.118530839972774,14.118530839972774,True
1466445648,16.5,16.5,13.165904488193831,False
1466445739,16.5,16.5,17.783565696550696,False
1466445814,16.6,15.52844057116646,15.52844057116646,True
1466445879,16.6,15.83650283978498,15.83650283978498,True
1466445909,16.6,13.38090477081962,13.38090477081962,True
1466445965,16.8,16.8,13.627836131793702,False
1466446021,16.8,19.017277474810307,19.017277474810307,True
1466446045,16.8,19.353157327457335,19.353157327457335,True
1466446071,16.8,18.506834910178096,18.506834910178096,True
1466446120,16.8,16.8,16.14144691245747,False
1466446168,16.8,16.8,16.909634240581642,False
1466446253,16.8,16.8,18.889896046847213,False
1466446302,16.8,12.180332956021852,12.180332956021852,True
1466446389,16.8,16.8,14.19946292360499,False
1466446404,16.8,15.89469215535608,15.89469215535608,True
1466446494,16.8,14.558838696039059,14.558838696039059,True
1466446594,16.8,16.8,13.122791326682322,False
1466446643,16.6,16.6,16.818922048137175,False
1466446669,16.6,15.8246329390288,15.8246329390288,True
1466446690,16.6,18.929918601096592,18.929918601096592,True
1466446735,16.6,19.784431101482667,19.784431101482667,True
1466446766,16.6,16.579425477040363,16.579425477040363,True
1466446852,16.6,18.84417204071382,18.84417204071382,True
1466446902,16.6,16.6,15.65134047204506,False
1466446945,16.6,16.6,12.934799626829209,False
1466446987,16.7,16.816962344058528,16.816962344058528,True
1466447036,16.9,15.390983695021006,15.390983695021006,True
1466447112,16.9,17.29651745556131,17.29651745556131,True
1466447129,16.9,16.9,14.04398605235983,False
1466447189,16.9,16.9,13.034334050999128,False
1466447224,16.9,16.9,18.493403378236096,False
1466447270,16.7,16.7,19.666723595561557,False
1466447272,16.6,17.71980257572541,17.71980257572541,True
1466447348,16.6,14.956951115545577,14.956951115545577,True
1466447359,16.7,14.940432657775839,14.940432657775839,True
1466447388,16.7,14.903376853642495,14.903376853642495,True
1466447390,16.7,16.7,18.77130854205818,False
1466447425,17.0,17.0,16.982015149332554,False
1466447463,17.0,17.0,12.380110954438091,False
1466447485,17.0,17.547381541716092,17.547381541716092,True
1466447545,17.0,12.28704707893059,12.28704707893059,True
1466447553,17.0,17.0,17.164570743304566,False
1466447554,17.0,18.02068806522277,18.02068806522277,True
1466447573,17.3,19.863688474639346,19.863688474639346,True
1466447634,17.3,15.788440346317913,15.788440346317913,True
1466447695,17.1,13.502042827763109,13.502042827763109,True
1466447762,17.0,17.0,18.27940419656816,False
1466447844,16.9,16.9,15.014594226990553,False
1466447885,16.9,12.592855646167244,12.592855646167244,True
1466447943,16.9,13.709268601135376,13.709268601135376,True
1466447956,16.9,15.030742150383503,15.030742150383503,True
1466448041,16.8,18.808823803547682,18.808823803547682,True
1466448140,16.6,16.6,17.65629182874403,False
1466448215,16.4,16.4,17.084309172802804,False
1466448270,16.4,16.4,12.043647410401979,False
1466448302,16.4,16.4,16.734492472789505,False
1466448368,16.6,16.6,15.211195144583861,False
1466448422,16.6,16.6,19.49366721094723,False
1466448517,16.6,16.6,15.923875548815904,False
1466448614,16.6,16.6,15.378282084190174,False
1466448701,16.4,13.581130290641877,13.581130290641877,True
1466448743,16.7,16.7,19.37896328419076,False
1466448805,16.6,16.6,19.003542556444707,False
1466448844,16.6,17.268505693197714,17.268505693197714,True
1466448896,16.5,16.5,13.545694491137391,False
1466448984,16.5,16.5,18.897321230861035,False
1466449031,16.5,16.5,12.285176573140962,False
1466449045,16.5,16.92199815872991,16.92199815872991,True
1466449099,16.5,18.174131126819503,18.174131126819503,True
1466449171,16.5,16.5,16.240120627675697,False
1466449261,16.5,13.039697339052367,13.039697339052367,True
1466449280,16.5,16.5,12.203280104723202,False
1466449359,16.2,15.441727851210759,15.441727851210759,True
1466449442,16.1,12.216408681227412,12.216408681227412,True
1466449496,16.1,16.1,13.800560451626591,False
1466449537,16.2,16.2,16.13428260032481,False
1466449555,16.2,18.261554187679618,18.261554187679618,True
1466449629,16.2,19.86935029686428,19.86935029686428,True
1466449635,16.2,12.149052066030606,12.149052066030606,True
1466449721,16.2,13.841794419053961,13.841794419053961,True
1466449772,16.2,14.026890304741963,14.026890304741963,True
1466449872,16.2,19.39084686586269,19.39084686586269,True
1466449873,16.2,16.734182951972947,16.734182951972947,True
1466449884,16.2,16.2,17.55894007470685,False
1466449937,16.2,16.2,16.5000618131896,False
1466449953,16.0,16.0,19.679233726079683,False
1466449959,16.0,16.0,16.906400583981778,False
1466449961,15.9,15.9,19.92387973024302,False
1466450018,15.9,15.9,19.421605933141905,False
1466450075,15.8,12.00047224096088,12.00047224096088,True
1466450150,15.7,15.7,16.977036366777305,False
1466450177,15.7,12.620846710280322,12.620846710280322,True
1466450255,15.6,15.6,14.701331498562213,False
1466450343,15.8,15.564893280619248,15.564893280619248,True
1466450348,15.8,18.138192211319065,18.138192211319065,True
1466450401,15.9,19.586388042501408,19.586388042501408,True
1466450433,15.9,16.241403939285092,16.241403939285092,True
1466450507,16.1,16.1,16.523817940168264,False
1466450536,16.1,16.1,16.3267212898266,False
1466450627,16.1,16.1,15.065464248121518,False
1466450723,16.1,19.834885601760462,19.834885601760462,True
1466450817,16.1,16.1,13.601059042555384,False
1466450900,16.1,16.1,18.659080024794534,False
1466450902,16.1,16.1,15.066575006669375,False
1466450971,16.2,16.2,19.39575212263536,False
1466451016,16.2,19.9430702145678,19.9430702145678,True
1466451023,16.5,15.138882622554256,15.138882622554256,True
1466451073,16.4,16.222345560085753,16.222345560085753,True
1466451166,16.4,12.914610330233707,12.914610330233707,True
1466451231,16.4,14.648655503369472,14.648655503369472,True
1466451245,16.4,16.4,14.400435040488194,False
1466451293,16.4,14.400004957596291,14.400004957596291,True
1466451295,16.4,16.4,14.850968089582544,False
1466451378,16.6,16.6,19.835914296876098,False
1466451445,16.6,12.380811396129578,12.380811396129578,True
1466451508,16.6,13.188191358598438,13.188191358598438,True
1466451599,16.5,16.5,13.878385673633638,False
1466451686,16.3,16.3,13.046643191790462,False
1466451761,16.1,18.916816883476635,18.916816883476635,True
1466451857,16.2,18.025267537509784,18.025267537509784,True
1466451909,16.2,16.2,19.63182112026985,False
1466451919,16.2,16.2,16.40408695679937,False
1466452006,16.1,18.16667053920591,18.16667053920591,True
1466452035,16.1,16.1,19.163880101661945,False
1466452039,16.1,16.1,13.092471648917961,False
1466452104,16.0,16.0,14.133788720325985,False
1466452167,16.2,13.710586199354058,13.710586199354058,True
1466452238,16.2,16.2,19.16369909037305,False
1466452313,16.2,16.2,18.81916084418765,False
1466452339,16.2,15.707411183732466,15.707411183732466,True
1466452419,16.2,13.240573166202397,13.240573166202397,True
1466452424,16.2,17.200823777939448,17.200823777939448,True
1466452435,16.2,17.148738904335328,17.148738904335328,True
1466452531,16.2,16.2,18.209222483839742,False
1466452584,16.2,13.990504863595632,13.990504863595632,True
1466452625,16.2,16.2,18.38499350655028,False
1466452676,16.2,16.2,13.240327759578177,False
1466452752,16.4,14.347154069482418,14.347154069482418,True
1466452796,16.4,17.836277883392047,17.836277883392047,True
1466452825,16.3,16.3,16.15982449086719,False
1466452860,16.1,16.1,13.823869024667836,False
1466452960,16.1,16.1,18.153138395741653,False
1466452979,16.1,16.1,18.823288235739767,False
1466453002,16.1,16.1,16.021662705360264,False
1466453016,16.1,16.1,15.760494881375244,False
1466453025,15.9,15.9,14.977884933362432,False
1466453089,16.0,16.0,15.182344240757214,False
1466453141,16.0,16.0,13.853748800134216,False
1466453154,16.0,18.55715707016533,18.55715707016533,True
1466453184,15.9,15.9,14.081088359880898,False
1466453202,15.9,19.146857998046684,19.146857998046684,True
1466453203,15.9,19.046062872292836,19.046062872292836,True
1466453222,15.9,15.9,14.614953683488244,False
1466453321,16.0,16.131936772284824,16.131936772284824,True
1466453379,15.8,12.515237554296082,12.515237554296082,True
1466453392,15.8,19.07641035705421,19.07641035705421,True
1466453422,15.8,13.631974146459475,13.631974146459475,True
1466453502,15.9,19.292908348829467,19.292908348829467,True
1466453518,16.0,13.610454550298165,13.610454550298165,True
1466453563,16.1,13.62052022606212,13.62052022606212,True
1466453604,16.1,16.880644624480702,16.880644624480702,True
1466453639,16.1,16.1,16.63250198741873,False
1466453705,16.2,18.954015363247734,18.954015363247734,True
1466453795,16.2,16.2,19.940980710156143,False
1466453816,16.4,16.4,17.72210526600101,False
1466453870,16.2,16.2,12.608232904998378,False
1466453910,16.2,13.94711461936998,13.94711461936998,True
1466454002,16.2,16.2,14.00930227178478,False
1466454051,16.2,12.123462646585562,12.123462646585562,True
1466454087,16.2,14.181222542852273,14.181222542852273,True
1466454129,16.3,18.21414507139375,18.21414507139375,True
1466454227,16.1,14.3877575994184,14.3877575994184,True
1466454259,16.1,17.967921705616877,17.967921705616877,True
1466454262,16.1,13.040746421259197,13.040746421259197,True
1466454298,16.1,19.715792633322387,19.715792633322387,True
1466454388,15.9,14.532133011655109,14.532133011655109,True
1466454399,15.8,19.866890609075213,19.866890609075213,True
1466454473,15.8,15.8,18.928397746713138,False
1466454529,15.6,13.527624484924205,13.527624484924205,True
1466454559,15.6,15.6,19.172140657075126,False
1466454648,15.6,15.6,12.561307600120719,False
1466454745,15.8,14.92490178518087,14.92490178518087,True
1466454763,15.8,13.577419868684803,13.577419868684803,True
1466454851,15.8,12.254202650289916,12.254202650289916,True
1466454936,15.8,16.134149938621277,16.134149938621277,True
1466454949,15.8,12.54911682794156,12.54911682794156,True
1466455032,15.7,15.7,16.611317351442025,False
1466455065,15.7,15.7,14.135059712879016,False
1466455119,15.7,15.7,18.39643855687804,False
1466455172,15.7,15.7,15.48766366755314,False
1466455196,15.7,15.7,15.041509827535098,False
1466455271,15.7,15.7,17.21524657498162,False
1466455357,15.8,13.494909475608042,13.494909475608042,True
1466455361,15.8,18.799685971686657,18.799685971686657,True
1466455394,15.8,15.8,18.159292769970115,False
1466455475,15.9,15.9,17.27235278428795,False
1466455497,15.8,15.8,14.390571314804411,False
1466455561,15.7,18.934669585555458,18.934669585555458,True
1466455575,15.8,15.8,13.305509485674989,False
1466455587,15.8,15.8,14.709750736701723,False
1466455651,15.8,15.8,18.540521036978024,False
1466455658,15.8,15.8,18.857917149867284,False
1466455732,15.8,18.33228179577682,18.33228179577682,True
1466455812,15.8,19.120508327290082,19.120508327290082,True
1466455910,15.8,14.886139353178985,14.886139353178985,True
1466455951,15.8,12.121975277749293,12.121975277749293,True
1466455999,16.1,16.1,12.483454004065642,False
1466456054,16.0,15.974164525361608,15.974164525361608,True
1466456058,16.1,18.660209952602635,18.660209952602635,True
1466456074,16.1,13.82727782310322,13.82727782310322,True
1466456088,16.1,16.377634481271986,16.377634481271986,True
1466456118,16.2,16.2,19.82047150274025,False
1466456218,16.1,16.1,13.09946983953516,False
1466456265,16.1,16.1,19.517910150837466,False
1466456270,15.9,15.592728834197779,15.592728834197779,True
1466456312,15.9,15.9,12.356957974078341,False
1466456346,15.9,16.511069603006234,16.511069603006234,True
1466456374,15.9,15.9,13.722650819735083,False
1466456406,15.8,15.8,17.63005124079122,False
1466456482,15.8,15.797860834330924,15.797860834330924,True
1466456512,15.8,15.8,17.33026455720483,False
1466456610,15.6,15.6,15.967831531489002,False
1466456683,15.6,17.75893084988363,17.75893084988363,True
1466456768,15.6,13.794900091444095,13.794900091444095,True
1466456856,15.6,16.390842306535298,16.390842306535298,True
1466456927,15.6,15.6,18.56253951933742,False
1466457014,15.8,13.529235295023401,13.529235295023401,True
1466457032,15.8,13.534072572383089,13.534072572383089,True
1466457067,15.8,12.63901463757771,12.63901463757771,True
1466457157,15.8,15.8,16.68198329805749,False
1466457215,16.0,16.932907756034783,16.932907756034783,True
1466457267,16.0,16.0,17.790682836288386,False
1466457357,16.0,15.614982337105607,15.614982337105607,True
1466457434,16.0,19.827769994343328,19.827769994343328,True
1466457487,16.0,16.0,13.444032595710883,False
1466457559,16.1,16.1,15.085560392436777,False
1466457603,16.2,16.2,18.07969357360463,False
1466457671,16.2,16.309806892850684,16.309806892850684,True
1466457713,16.3,16.3,12.544151504497169,False
1466457745,16.3,16.3,12.315971325630231,False
1466457782,16.3,16.3,12.04484328180018,False
1466457802,16.5,16.5,16.6658225427599,False
1466457817,16.5,16.5,13.886010117258026,False
1466457865,16.4,16.4,18.203615415390896,False
1466457884,16.5,17.965211304609028,17.965211304609028,True
1466457885,16.7,19.46194511465263,19.46194511465263,True
1466457917,16.7,14.654618637749163,14.654618637749163,True
1466457973,16.5,16.5,17.46082638877645,False
1466458045,16.6,19.054394971335142,19.054394971335142,True
1466458135,16.6,16.6,14.279639403701694,False
1466458151,16.7,12.927772552227594,12.927772552227594,True
1466458230,16.6,16.109740019678004,16.109740019678004,True
1466458324,16.6,16.725384925917332,16.725384925917332,True
1466458362,16.6,16.6,13.061876802194162,False
1466458438,16.4,13.015219666376456,13.015219666376456,True
1466458454,16.4,16.4,15.559127489446801,False
1466458496,16.5,16.258949342204104,16.258949342204104,True
1466458509,16.5,19.564220157014116,19.564220157014116,True
1466458580,16.2,14.039571827837351,14.039571827837351,True
1466458590,16.3,16.3,19.296693294898795,False
1466458626,16.3,14.201894405272622,14.201894405272622,True
1466458642,16.5,16.5,18.794395667291766,False
1466458665,16.6,16.6,17.288457614213353,False
1466458694,16.5,16.5,15.266464780821801,False
1466458762,16.7,18.29706466460023,18.29706466460023,True
1466458793,16.7,16.7,12.548195159590328,False
1466458824,16.7,16.7,19.682290816927562,False
1466458906,16.6,17.248105581520292,17.248105581520292,True
1466458982,16.6,16.6,17.701643723053177,False
1466459068,16.6,16.6,19.008926882432878,False
1466459159,16.6,16.6,16.73468870760111,False
1466459184,16.4,13.531595726939642,13.531595726939642,True
1466459273,16.4,16.4,12.646242019700228,False
1466459372,16.4,16.4,13.820897664790873,False
1466459415,16.4,16.4,15.201782233081397,False
1466459483,16.5,16.5,18.58558099204341,False
1466459504,16.5,16.5,16.86425408690991,False
1466459588,16.7,17.883668614111848,17.883668614111848,True
1466459595,16.7,16.7,14.444577928991489,False
1466459673,16.7,16.7,18.621087043770068,False
1466459726,16.5,16.5,13.341209440576911,False
1466459800,16.5,16.5,18.52907505719683,False
1466459857,16.5,13.630805273886871,13.630805273886871,True
1466459887,16.5,19.986156503048665,19.986156503048665,True
1466459913,16.5,16.900920201539925,16.900920201539925,True
1466459974,16.5,16.5,13.607676888768776,False
1466459995,16.6,15.564970707639414,15.564970707639414,True
1466460001,16.6,16.6,18.461285628012163,False
1466460054,16.8,13.676814567878242,13.676814567878242,True
1466460130,16.8,17.52377921615032,17.52377921615032,True
1466460215,16.6,16.6,19.392621286882555,False
1466460252,16.6,16.6,14.366882115290114,False
1466460272,16.8,16.8,12.675664338472092,False
1466460346,16.8,16.8,18.865891101336313,False
1466460440,16.8,18.94960947258691,18.94960947258691,True
1466460461,16.9,16.9,15.064660510730086,False
1466460528,17.0,17.0,12.5132280273751,False
1466460610,17.0,17.0,13.969842250434752,False
1466460630,17.0,14.797756305928665,14.797756305928665,True
1466460691,17.0,17.0,16.59667635364377,False
1466460706,17.0,17.0,18.976548677480423,False
1466460739,17.0,18.71312641828233,18.71312641828233,True
1466460765,17.0,16.431220958213117,16.431220958213117,True
1466460795,16.9,16.9,12.953212237688469,False
1466460877,16.8,16.8,14.407140032038363,False
1466460973,16.8,16.8,16.19199503711426,False
1466461009,16.9,16.9,15.536199685159769,False
1466461027,16.9,17.384346872319313,17.384346872319313,True
1466461032,16.9,19.85276246664962,19.85276246664962,True
1466461096,17.1,17.1,12.937741934783062,False
1466461169,17.3,14.109291000736864,14.109291000736864,True
1466461256,17.3,18.374423619534873,18.374423619534873,True
1466461351,17.3,17.3,14.973902774566557,False
1466461451,17.3,17.3,12.62498019245368,False
1466461531,17.3,17.3,18.091412661875225,False
1466461568,17.2,17.2,17.737473220872623,False
1466461583,17.3,17.3,18.180290869153946,False
1466461647,17.3,12.60160413887407,12.60160413887407,True
1466461703,17.3,15.695315867739001,15.695315867739001,True
1466461794,17.3,19.870731334779233,19.870731334779233,True
1466461813,17.4,14.734720224386487,14.734720224386487,True
1466461910,17.4,15.984319483236199,15.984319483236199,True
1466461988,17.4,17.4,17.93113126167478,False
1466462056,17.6,18.596113711149805,18.596113711149805,True
1466462101,17.6,17.6,12.198739416481839,False
1466462155,17.9,17.9,19.567101121642814,False
1466462215,18.1,16.52235993053603,16.52235993053603,True
1466462278,18.1,18.223509931128017,18.223509931128017,True
1466462368,18.1,13.254018765995749,13.254018765995749,True
1466462412,18.1,18.1,13.849164485257532,False
1466462512,18.1,18.1,16.72958883169134,False
1466462594,18.1,18.1,14.71865612882469,False
1466462671,17.9,13.913328573275004,13.913328573275004,True
1466462716,17.9,12.58875157912936,12.58875157912936,True
1466462746,17.9,18.238646087989057,18.238646087989057,True
1466462782,17.9,17.9,19.48741774160009,False
1466462820,17.9,17.9,18.753614693859713,False
1466462833,17.7,15.56477855695459,15.56477855695459,True
1466462842,17.7,17.7,17.243920834424348,False
1466462850,17.9,18.781797645182536,18.781797645182536,True
1466462941,17.8,17.8,13.785370951409359,False
1466463026,17.8,17.8,16.36780584989918,False
1466463117,18.1,18.24574173335579,18.24574173335579,True
1466463139,18.1,19.788050262831646,19.788050262831646,True
