1466410104,0.98,0.5927501843823365,0.5927501843823365,True
1466410114,0.98,0.4083898020163248,0.4083898020163248,True
1466410130,0.98,0.98,0.9355785527779461,False
1466410181,0.98,0.9901741951964965,0.9901741951964965,True
1466410203,0.91,0.91,0.5966492926958734,False
1466410250,0.86,0.86,0.8361738119233411,False
1466410309,0.8,0.8,0.39078416690883566,False
1466410397,0.87,0.26872246890115803,0.26872246890115803,True
1466410430,0.87,0.87,0.42920033332786045,False
1466410469,0.87,0.87,0.22200766856179688,False
1466410483,0.85,0.85,0.14768381725818502,False
1466410498,0.86,0.86,0.5113555130815117,False
1466410502,0.86,0.4438953371117187,0.4438953371117187,True
1466410532,0.86,0.7555365619658503,0.7555365619658503,True
1466410541,0.86,0.5950398814211301,0.5950398814211301,True
1466410573,0.94,0.94,0.10886225480824574,False
1466410630,0.95,0.95,0.5700954447067715,False
1466410653,0.93,0.4765527702986597,0.4765527702986597,True
1466410746,0.97,0.6243005542667879,0.6243005542667879,True
1466410814,0.88,0.7181858287149544,0.7181858287149544,True
1466410890,0.97,0.97,0.43178157930746786,False
1466410902,0.99,0.7790200381197707,0.7790200381197707,True
1466410978,0.99,0.3275007787622709,0.3275007787622709,True
1466411008,0.99,0.3399521905115912,0.3399521905115912,True
1466411066,0.99,0.99,0.07145637260361437,False
1466411094,0.98,0.4827783919083368,0.4827783919083368,True
1466411157,0.97,0.97,0.3577146400055331,False
1466411223,0.97,0.8033721575809913,0.8033721575809913,True
1466411226,0.98,0.98,0.4019434847907012,False
1466411272,0.89,0.4317969755765252,0.4317969755765252,True
1466411303,0.85,0.060793417138070405,0.060793417138070405,True
1466411318,0.85,0.04847026965853629,0.04847026965853629,True
1466411396,0.85,0.2823022514499588,0.2823022514499588,True
1466411493,0.85,0.2556790378887347,0.2556790378887347,True
1466411549,0.77,0.8715880302900152,0.8715880302900152,True
1466411560,0.77,0.77,0.045218868525011335,False
1466411626,0.77,0.151288900788485,0.151288900788485,True
1466411723,0.85,0.4708756009070112,0.4708756009070112,True
1466411763,0.85,0.85,0.3806666705308417,False
1466411785,0.84,0.84,0.130013011680988,False
1466411854,0.9,0.9,0.6263751837640241,False
1466411889,0.9,0.2892668454258728,0.2892668454258728,True
1466411988,0.9,0.9,0.510890459219832,False
1466412022,0.86,0.8428915807833622,0.8428915807833622,True
1466412046,0.86,0.86,0.2287775190336222,False
1466412076,0.86,0.9712639630078377,0.9712639630078377,True
1466412152,0.89,0.34256568661511644,0.34256568661511644,True
1466412181,0.9,0.9,0.2596378677718596,False
1466412201,0.9,0.9,0.8997575460498647,False
1466412260,0.9,0.02328672581963176,0.02328672581963176,True
1466412347,0.93,0.17527026130551027,0.17527026130551027,True
1466412360,0.97,0.97,0.41912403580124447,False
1466412438,0.96,0.96,0.115277423113463,False
1466412521,0.96,0.96,0.5084111072784051,False
1466412599,0.96,0.20102075673725406,0.20102075673725406,True
1466412639,0.99,0.99,0.2801476954866069,False
1466412691,0.99,0.09296533186030809,0.09296533186030809,True
1466412747,0.98,0.98,0.9729044149741856,False
1466412794,0.98,0.98,0.726020880375855,False
1466412819,0.98,0.21237074796827737,0.21237074796827737,True
1466412832,0.92,0.92,0.0065212844838938855,False
1466412874,0.93,0.2997920856587529,0.2997920856587529,True
1466412943,0.93,0.93,0.03138653273807612,False
1466412971,0.84,0.8758742307529506,0.8758742307529506,True
1466412990,0.84,0.84,0.19194427898956645,False
1466413028,0.83,0.7192591807447936,0.7192591807447936,True
1466413053,0.83,0.9650152732768746,0.9650152732768746,True
1466413125,0.89,0.89,0.9706768414292013,False
1466413200,0.88,0.5948821364352379,0.5948821364352379,True
1466413264,0.91,0.91,0.2737312121633019,False
1466413311,0.91,0.91,0.9883703335046429,False
1466413342,0.94,0.8865778720838624,0.8865778720838624,True
1466413440,0.93,0.6370877818233309,0.6370877818233309,True
1466413458,0.91,0.91,0.35396571013174827,False
1466413529,0.91,0.6671924190944845,0.6671924190944845,True
1466413542,0.91,0.3072319630279502,0.3072319630279502,True
1466413638,0.83,0.3627198187253263,0.3627198187253263,True
1466413672,0.83,0.83,0.6602049975223027,False
1466413733,0.87,0.9818561942115945,0.9818561942115945,True
1466413779,0.86,0.41726707314713196,0.41726707314713196,True
1466413780,0.86,0.02860249365044798,0.02860249365044798,True
1466413864,0.86,0.86,0.7881210136412372,False
1466413885,0.86,0.07121253586191745,0.07121253586191745,True
1466413946,0.86,0.86,0.6433953793114272,False
1466414033,0.86,0.4295719875186872,0.4295719875186872,True
1466414071,0.86,0.86,0.9369112651907496,False
1466414164,0.77,0.5561836880721317,0.5561836880721317,True
1466414225,0.77,0.6059271783439827,0.6059271783439827,True
1466414312,0.7,0.6718105201199094,0.6718105201199094,True
1466414325,0.67,0.67,0.7956340421818304,False
1466414328,0.67,0.67,0.886268258734603,False
1466414329,0.67,0.67,0.0937862545975029,False
1466414402,0.6,0.0899521566759165,0.0899521566759165,True
1466414407,0.6,0.9389162322971837,0.9389162322971837,True
1466414413,0.57,0.7023250523973865,0.7023250523973865,True
1466414460,0.57,0.57,0.6928486469012387,False
1466414552,0.57,0.57,0.8534433267446282,False
1466414602,0.57,0.2083013586818494,0.2083013586818494,True
1466414662,0.57,0.02647367152510538,0.02647367152510538,True
1466414746,0.48,0.48,0.9001514891777574,False
1466414844,0.48,0.48,0.4644253692401721,False
1466414943,0.55,0.55,0.08326375645417872,False
1466414946,0.55,0.4724861591188525,0.4724861591188525,True
1466414966,0.46,0.46,0.8455225354234766,False
1466415038,0.46,0.521914716115602,0.521914716115602,True
1466415106,0.55,0.55,0.3591846722495299,False
1466415130,0.61,0.61,0.7662448074929448,False
1466415145,0.61,0.61,0.5809118689572238,False
1466415202,0.61,0.6843625843100486,0.6843625843100486,True
1466415239,0.6,0.6,0.14594511086236195,False
1466415249,0.6,0.6,0.6373654997594211,False
1466415308,0.59,0.59,0.09529657234806732,False
1466415357,0.64,0.25694932268846205,0.25694932268846205,True
1466415404,0.64,0.017915303735275057,0.017915303735275057,True
1466415469,0.64,0.9160602034512086,0.9160602034512086,True
1466415548,0.59,0.59,0.08460264285432706,False
1466415588,0.55,0.55,0.6245550370349553,False
1466415627,0.55,0.55,0.4084043818657396,False
1466415719,0.56,0.2505351192187798,0.2505351192187798,True
1466415767,0.56,0.8656636857563161,0.8656636857563161,True
1466415860,0.51,0.51,0.13114056812751362,False
1466415872,0.51,0.51,0.03207407765875603,False
1466415914,0.51,0.51,0.5539752898227925,False
1466415934,0.51,0.9866660168938475,0.9866660168938475,True
1466415988,0.59,0.009776335356844301,0.009776335356844301,True
1466416004,0.61,0.61,0.05706009909652554,False
1466416050,0.67,0.67,0.41203896055619527,False
1466416150,0.58,0.58,0.5805527361778502,False
1466416161,0.57,0.57,0.2093139041978359,False
1466416215,0.57,0.57,0.42003348960451037,False
1466416315,0.58,0.1816002740953938,0.1816002740953938,True
1466416321,0.58,0.4827697749834814,0.4827697749834814,True
1466416393,0.58,0.58,0.9338306795410327,False
1466416440,0.58,0.5794140110469486,0.5794140110469486,True
1466416510,0.57,0.57,0.34993533903387697,False
1466416541,0.57,0.57,0.7613584410517934,False
1466416631,0.57,0.9598518834949206,0.9598518834949206,True
1466416671,0.57,0.57,0.1276888354176141,False
1466416725,0.57,0.044713166790209424,0.044713166790209424,True
1466416815,0.66,0.8671976556831315,0.8671976556831315,True
1466416867,0.74,0.74,0.4408409057058428,False
1466416933,0.74,0.74,0.5068418287229669,False
1466416963,0.83,0.3647104831869854,0.3647104831869854,True
1466417034,0.83,0.83,0.6543326700357694,False
1466417069,0.83,0.2085869089256882,0.2085869089256882,True
1466417095,0.92,0.13748436361089544,0.13748436361089544,True
1466417123,0.92,0.6327501222418855,0.6327501222418855,True
1466417219,0.93,0.93,0.1584856328213614,False
1466417228,0.93,0.93,0.22299509121348327,False
1466417235,0.93,0.6957613220039204,0.6957613220039204,True
1466417266,0.91,0.5859042871316351,0.5859042871316351,True
1466417298,0.92,0.92,0.4460989865341787,False
1466417382,0.92,0.92,0.4076876644921221,False
1466417429,0.92,0.9856129579820322,0.9856129579820322,True
1466417434,0.92,0.8213868393696321,0.8213868393696321,True
1466417513,0.92,0.92,0.31536304124308856,False
1466417598,0.92,0.92,0.8551171920539424,False
1466417615,0.86,0.86,0.5034577222383205,False
1466417654,0.86,0.12748621492443846,0.12748621492443846,True
1466417749,0.86,0.86,0.25596964091913255,False
1466417763,0.86,0.86,0.7167911905285775,False
1466417822,0.88,0.3729920624319333,0.3729920624319333,True
1466417851,0.83,0.3576909413123788,0.3576909413123788,True
1466417855,0.83,0.83,0.3714801392569953,False
1466417879,0.83,0.3271319815920293,0.3271319815920293,True
1466417895,0.87,0.87,0.18736598001079174,False
1466417969,0.93,0.3118004096894271,0.3118004096894271,True
1466418049,0.93,0.93,0.9682073696631261,False
1466418118,0.85,0.85,0.29031652729201407,False
1466418129,0.85,0.31662582742959156,0.31662582742959156,True
1466418179,0.85,0.8804873273534514,0.8804873273534514,True
1466418254,0.85,0.5844010113151608,0.5844010113151608,True
1466418332,0.85,0.26253910109006584,0.26253910109006584,True
1466418428,0.85,0.85,0.6424378834945802,False
1466418494,0.85,0.85,0.7170112128940017,False
1466418554,0.85,0.37260586276677854,0.37260586276677854,True
1466418563,0.85,0.3491716159296121,0.3491716159296121,True
1466418564,0.85,0.85,0.041037644029120135,False
1466418594,0.85,0.85,0.2808029324448009,False
1466418674,0.85,0.85,0.8426412826954403,False
1466418748,0.85,0.85,0.4310508657444889,False
1466418847,0.85,0.5149965972241289,0.5149965972241289,True
1466418877,0.85,0.85,0.8255746404414226,False
1466418917,0.85,0.37502146108173795,0.37502146108173795,True
1466418938,0.85,0.85,0.3281568874092554,False
1466419031,0.85,0.6032705521314248,0.6032705521314248,True
1466419058,0.85,0.85,0.7046049103931791,False
1466419104,0.83,0.4302424634710541,0.4302424634710541,True
1466419166,0.83,0.4834195694195318,0.4834195694195318,True
1466419261,0.83,0.18992584050644612,0.18992584050644612,True
1466419349,0.83,0.1898962954279364,0.1898962954279364,True
1466419442,0.83,0.7923749930305474,0.7923749930305474,True
1466419530,0.83,0.83,0.9674463171228657,False
1466419595,0.83,0.6414068713389504,0.6414068713389504,True
1466419646,0.75,0.4597622519377115,0.4597622519377115,True
1466419737,0.75,0.75,0.5612180979910811,False
1466419826,0.75,0.75,0.1568711629493984,False
1466419880,0.71,0.71,0.15317780965887184,False
1466419911,0.68,0.379360353895815,0.379360353895815,True
1466419938,0.68,0.004098175756991784,0.004098175756991784,True
1466420016,0.74,0.8990421107470326,0.8990421107470326,True
1466420019,0.74,0.74,0.019633102536179114,False
1466420108,0.74,0.74,0.2642158279238216,False
1466420205,0.76,0.76,0.22515407996230485,False
1466420228,0.69,0.2579248446644512,0.2579248446644512,True
1466420257,0.67,0.67,0.9271366612678746,False
1466420270,0.67,0.67,0.7894607114464819,False
1466420296,0.67,0.67,0.4704214972701892,False
1466420331,0.65,0.5502845034769265,0.5502845034769265,True
1466420407,0.66,0.66,0.6025430433994355,False
1466420430,0.69,0.38621693006407165,0.38621693006407165,True
1466420453,0.72,0.72,0.4049727914750062,False
1466420474,0.72,0.72,0.5053518454684098,False
1466420566,0.74,0.05048624545459268,0.05048624545459268,True
1466420579,0.78,0.14340329396108487,0.14340329396108487,True
1466420618,0.78,0.78,0.8930625659028534,False
1466420624,0.76,0.76,0.616720274591726,False
1466420643,0.7,0.814771545523436,0.814771545523436,True
1466420695,0.7,0.8257648653928169,0.8257648653928169,True
1466420788,0.7,0.97236984855586,0.97236984855586,True
1466420863,0.79,0.79,0.48859705591065383,False
1466420947,0.79,0.5173914673123339,0.5173914673123339,True
1466421003,0.79,0.79,0.17388636239860744,False
1466421032,0.79,0.44841039612274947,0.44841039612274947,True
1466421050,0.79,0.8521393106967398,0.8521393106967398,True
1466421116,0.79,0.21479849364380232,0.21479849364380232,True
1466421208,0.79,0.79,0.5872795156170798,False
1466421234,0.79,0.79,0.10265902911399183,False
1466421262,0.79,0.7735844095634137,0.7735844095634137,True
1466421353,0.81,0.9715439818189777,0.9715439818189777,True
1466421360,0.81,0.0035459555178501967,0.0035459555178501967,True
1466421392,0.81,0.81,0.9280006201087252,False
1466421480,0.81,0.81,0.36827377691710494,False
1466421530,0.81,0.6584521185195893,0.6584521185195893,True
1466421547,0.81,0.19490955336393823,0.19490955336393823,True
1466421591,0.74,0.74,0.01650832134019098,False
1466421633,0.78,0.04231857199379574,0.04231857199379574,True
1466421636,0.78,0.78,0.17681297989418232,False
1466421670,0.87,0.7569890157382139,0.7569890157382139,True
1466421695,0.87,0.87,0.029099168666020137,False
1466421721,0.8,0.8,0.031123642020079667,False
1466421804,0.8,0.6295214249463353,0.6295214249463353,True
1466421819,0.83,0.8114234389452598,0.8114234389452598,True
1466421862,0.83,0.06582111680825953,0.06582111680825953,True
1466421885,0.76,0.3366234652008424,0.3366234652008424,True
1466421936,0.76,0.40093091369428335,0.40093091369428335,True
1466422012,0.76,0.76,0.8756063594265303,False
1466422044,0.76,0.76,0.6161978157748544,False
1466422045,0.76,0.76,0.24905814712781182,False
1466422137,0.76,0.8049704580856687,0.8049704580856687,True
1466422162,0.8,0.7575475768521905,0.7575475768521905,True
1466422189,0.8,0.8,0.8420600616005245,False
1466422197,0.81,0.2525278734906693,0.2525278734906693,True
1466422264,0.81,0.81,0.29243398763822837,False
1466422330,0.81,0.81,0.4291507411404928,False
1466422378,0.81,0.9095063654751907,0.9095063654751907,True
1466422432,0.81,0.411977504327938,0.411977504327938,True
1466422488,0.83,0.83,0.8186383578717443,False
1466422577,0.8,0.8,0.3956115190839963,False
1466422628,0.8,0.8,0.7405708922590233,False
1466422638,0.76,0.9432076892579835,0.9432076892579835,True
1466422666,0.8,0.05059437697413127,0.05059437697413127,True
1466422706,0.8,0.8,0.39171195721484,False
1466422731,0.8,0.8,0.4892934852827424,False
1466422804,0.8,0.4615293334667071,0.4615293334667071,True
1466422866,0.85,0.14670981684678175,0.14670981684678175,True
1466422873,0.8,0.9096521293907583,0.9096521293907583,True
1466422895,0.88,0.8219755299483663,0.8219755299483663,True
1466422953,0.88,0.1861047843917769,0.1861047843917769,True
1466422973,0.88,0.2807666474561762,0.2807666474561762,True
1466423017,0.88,0.88,0.0049184175956399345,False
1466423051,0.82,0.82,0.8446513019305916,False
1466423099,0.82,0.82,0.6971340656621164,False
1466423150,0.82,0.8753136441029158,0.8753136441029158,True
1466423155,0.82,0.7657121263851911,0.7657121263851911,True
1466423168,0.73,0.73,0.2011054789588831,False
1466423205,0.73,0.73,0.207587158613443,False
1466423275,0.72,0.7550200088758344,0.7550200088758344,True
1466423287,0.67,0.6109202539805944,0.6109202539805944,True
1466423336,0.67,0.8855663544749949,0.8855663544749949,True
1466423340,0.67,0.67,0.6125110277216925,False
1466423355,0.67,0.67,0.2128983588504415,False
1466423443,0.68,0.68,0.18100383953997323,False
1466423499,0.72,0.9199362300798345,0.9199362300798345,True
1466423585,0.72,0.9241760959736978,0.9241760959736978,True
1466423612,0.72,0.7571624016514248,0.7571624016514248,True
1466423669,0.72,0.43149715558155033,0.43149715558155033,True
1466423705,0.72,0.19266776372709504,0.19266776372709504,True
1466423770,0.72,0.72,0.8050706161062606,False
1466423844,0.72,0.72,0.6080602343425178,False
1466423902,0.72,0.8905380930649156,0.8905380930649156,True
1466423913,0.72,0.72,0.6338226599639636,False
1466423972,0.72,0.6266682600296684,0.6266682600296684,True
1466424014,0.72,0.72,0.5978366497888318,False
1466424069,0.72,0.72,0.457090589841579,False
1466424154,0.79,0.79,0.9138098984827416,False
1466424155,0.79,0.79,0.6974786787064066,False
1466424169,0.78,0.8300472120772263,0.8300472120772263,True
1466424262,0.78,0.5905238897574301,0.5905238897574301,True
1466424339,0.72,0.72,0.35945686291715806,False
1466424398,0.72,0.06235344624835504,0.06235344624835504,True
1466424497,0.72,0.72,0.01461980169049193,False
1466424558,0.72,0.72,0.3703340114760524,False
1466424613,0.72,0.72,0.5610256924245127,False
1466424713,0.72,0.7368277193308204,0.7368277193308204,True
1466424804,0.75,0.75,0.46797146200669304,False
1466424878,0.75,0.75,0.7228461818872721,False
1466424924,0.75,0.75,0.9279621164227445,False
1466425009,0.75,0.75,0.03226310960194967,False
1466425106,0.7,0.454730360704518,0.454730360704518,True
1466425129,0.7,0.6345604334287906,0.6345604334287906,True
1466425179,0.79,0.79,0.9420874666186505,False
1466425257,0.76,0.2758369834792165,0.2758369834792165,True
1466425262,0.76,0.76,0.9288435497518828,False
1466425305,0.82,0.82,0.7890565149068531,False
1466425331,0.77,0.77,0.9999109854794697,False
1466425338,0.77,0.77,0.34063140207057685,False
1466425377,0.75,0.22736156462698298,0.22736156462698298,True
1466425380,0.71,0.8193837226761969,0.8193837226761969,True
1466425417,0.7,0.7,0.8955543537300771,False
1466425484,0.7,0.6570783878524371,0.6570783878524371,True
1466425517,0.7,0.7,0.8797797737520975,False
1466425553,0.78,0.78,0.17116198876424848,False
1466425640,0.78,0.78,0.6239367202292131,False
1466425687,0.78,0.13703228873523432,0.13703228873523432,True
1466425711,0.78,0.78,0.37355576954623704,False
1466425768,0.78,0.5263573823146093,0.5263573823146093,True
1466425811,0.78,0.01342832299276897,0.01342832299276897,True
1466425856,0.78,0.2991157278355496,0.2991157278355496,True
1466425869,0.75,0.75,0.8876320858633197,False
1466425884,0.75,0.10024961704020585,0.10024961704020585,True
1466425962,0.78,0.78,0.3985223813450365,False
1466425974,0.82,0.82,0.7041950552707064,False
1466426016,0.82,0.82,0.5104135583196774,False
1466426024,0.87,0.38812913973964713,0.38812913973964713,True
1466426034,0.87,0.4694463027238627,0.4694463027238627,True
1466426130,0.79,0.79,0.7484790194656289,False
1466426189,0.83,0.83,0.044141475809121644,False
1466426198,0.83,0.83,0.00038996612067432324,False
1466426280,0.9,0.669956737617961,0.669956737617961,True
1466426298,0.9,0.15758755935437707,0.15758755935437707,True
1466426380,0.9,0.9,0.923061149519565,False
1466426420,0.9,0.9,0.6497496326406553,False
1466426509,0.86,0.86,0.6454608955024941,False
1466426521,0.8,0.8,0.625368460899191,False
1466426535,0.87,0.030158594210346612,0.030158594210346612,True
1466426563,0.8,0.08211882015893868,0.08211882015893868,True
1466426620,0.82,0.82,0.5101247955051312,False
1466426694,0.82,0.82,0.7804801075004432,False
1466426764,0.82,0.4962048588853931,0.4962048588853931,True
1466426778,0.91,0.9027434003494764,0.9027434003494764,True
1466426866,0.91,0.7133213053711073,0.7133213053711073,True
1466426938,0.91,0.7440810779930414,0.7440810779930414,True
1466427022,0.94,0.94,0.04144658453931538,False
1466427059,0.94,0.042134304774451015,0.042134304774451015,True
1466427125,0.94,0.6408668962162263,0.6408668962162263,True
1466427204,0.94,0.37685571801606266,0.37685571801606266,True
1466427240,0.94,0.2166775169718299,0.2166775169718299,True
1466427317,0.89,0.762614486277042,0.762614486277042,True
1466427319,0.91,0.4177522507594428,0.4177522507594428,True
1466427331,0.91,0.1365956843264905,0.1365956843264905,True
1466427425,0.91,0.91,0.6089973795272496,False
1466427458,0.91,0.25561037274727094,0.25561037274727094,True
1466427495,0.91,0.91,0.31987977008487256,False
1466427543,0.91,0.91,0.974473615020159,False
1466427625,0.91,0.8132575148024228,0.8132575148024228,True
1466427663,0.91,0.91,0.8996836100148995,False
1466427672,0.91,0.4963322025930408,0.4963322025930408,True
1466427684,0.96,0.96,0.37404545797014854,False
1466427739,0.96,0.7779201124754234,0.7779201124754234,True
1466427769,1.0,0.030904774831190807,0.030904774831190807,True
1466427775,1.0,1.0,0.8739646514059998,False
1466427820,0.94,0.14108303131453737,0.14108303131453737,True
1466427837,0.92,0.6350831396078896,0.6350831396078896,True
1466427846,0.92,0.4256374886647609,0.4256374886647609,True
1466427904,0.93,0.93,0.8553405267499885,False
1466427997,0.93,0.93,0.5035055599020536,False
1466428027,0.88,0.88,0.4682748030134447,False
1466428114,0.89,0.89,0.8704339249324273,False
1466428212,0.89,0.33792243569555447,0.33792243569555447,True
1466428294,0.92,0.44085674723385904,0.44085674723385904,True
1466428321,0.84,0.3314725035748076,0.3314725035748076,True
1466428340,0.84,0.5612352950459292,0.5612352950459292,True
1466428378,0.84,0.908430335790061,0.908430335790061,True
1466428463,0.84,0.84,0.26670022086713796,False
1466428551,0.84,0.909670489596612,0.909670489596612,True
1466428575,0.84,0.9253517893476679,0.9253517893476679,True
1466428593,0.84,0.84,0.17430785749553024,False
1466428682,0.84,0.84,0.28105497213056985,False
1466428699,0.84,0.19831791543342614,0.19831791543342614,True
1466428719,0.84,0.49436115817857096,0.49436115817857096,True
1466428819,0.88,0.88,0.956025936266832,False
1466428850,0.8,0.15599977743227023,0.15599977743227023,True
1466428884,0.8,0.8,0.8516697668987735,False
1466428973,0.83,0.83,0.14802560522867214,False
1466429006,0.83,0.83,0.5691772083970762,False
1466429026,0.83,0.11258426005132494,0.11258426005132494,True
1466429066,0.83,0.9813766076857512,0.9813766076857512,True
1466429072,0.83,0.83,0.26125207227447234,False
1466429103,0.83,0.83,0.028941311529814162,False
1466429110,0.83,0.83,0.11351048729653457,False
1466429123,0.83,0.83,0.4230159813589114,False
1466429168,0.83,0.29829335819894154,0.29829335819894154,True
1466429182,0.83,0.5696793997277316,0.5696793997277316,True
1466429184,0.83,0.40594370359820153,0.40594370359820153,True
1466429197,0.76,0.8436695873134369,0.8436695873134369,True
1466429280,0.68,0.68,0.7025483737611604,False
1466429378,0.68,0.21149960481858332,0.21149960481858332,True
1466429450,0.72,0.2949084678748728,0.2949084678748728,True
1466429455,0.78,0.78,0.8229840753205966,False
1466429510,0.78,0.78,0.16698722680313527,False
1466429565,0.78,0.78,0.14348658735347197,False
1466429566,0.78,0.07699999870391117,0.07699999870391117,True
1466429592,0.78,0.3194888484802333,0.3194888484802333,True
1466429623,0.78,0.5555411975246889,0.5555411975246889,True
1466429691,0.78,0.78,0.02267348534620217,False
1466429733,0.72,0.72,0.5091096931990661,False
1466429803,0.63,0.63,0.45811796561634355,False
1466429832,0.69,0.3516044640730661,0.3516044640730661,True
1466429905,0.69,0.8784311826639287,0.8784311826639287,True
1466429997,0.69,0.7375667481834423,0.7375667481834423,True
1466430050,0.69,0.69,0.7731634649192118,False
1466430088,0.75,0.75,0.0029458994246677195,False
1466430174,0.76,0.9061896388793391,0.9061896388793391,True
1466430247,0.76,0.76,0.9753088248844412,False
1466430344,0.76,0.76,0.4010204015449502,False
1466430375,0.72,0.8992019370284484,0.8992019370284484,True
1466430400,0.72,0.72,0.22262234187086605,False
1466430457,0.76,0.76,0.04014951663506605,False
1466430483,0.8,0.8,0.8485483897489743,False
1466430517,0.74,0.7934877282514357,0.7934877282514357,True
1466430524,0.74,0.74,0.5670832724184711,False
1466430592,0.74,0.09460820786177138,0.09460820786177138,True
1466430616,0.74,0.74,0.8165376591691993,False
1466430631,0.68,0.68,0.7117038546518936,False
1466430680,0.68,0.68,0.026686832279994466,False
1466430734,0.68,0.68,0.37828157149588404,False
1466430790,0.68,0.9777479154992295,0.9777479154992295,True
1466430815,0.68,0.68,0.13882885684788415,False
1466430895,0.62,0.08147698329163233,0.08147698329163233,True
1466430916,0.61,0.61,0.943102475221235,False
1466430929,0.54,0.14640026630011216,0.14640026630011216,True
1466430936,0.54,0.39846456584300227,0.39846456584300227,True
1466431009,0.54,0.22913925809507452,0.22913925809507452,True
1466431036,0.54,0.54,0.28486368817487207,False
1466431055,0.5,0.5,0.81919357138925,False
1466431145,0.55,0.9528203311380617,0.9528203311380617,True
1466431218,0.55,0.3891566831780652,0.3891566831780652,True
1466431290,0.6,0.13544719072612788,0.13544719072612788,True
1466431324,0.6,0.7365308004414963,0.7365308004414963,True
1466431400,0.56,0.2796620921666594,0.2796620921666594,True
1466431450,0.49,0.49,0.3599776431456303,False
1466431526,0.49,0.20206466674523604,0.20206466674523604,True
1466431589,0.53,0.6657404643766548,0.6657404643766548,True
1466431661,0.56,0.56,0.916465970939972,False
1466431760,0.48,0.6692601917243044,0.6692601917243044,True
1466431796,0.48,0.6748420867144748,0.6748420867144748,True
1466431848,0.42,0.42,0.249787155909587,False
1466431879,0.36,0.11074528352424229,0.11074528352424229,True
1466431954,0.36,0.02243248079172766,0.02243248079172766,True
1466431958,0.4,0.4,0.476758291927488,False
1466432002,0.4,0.4,0.318881837760559,False
1466432101,0.39,0.8761622561507393,0.8761622561507393,True
1466432177,0.35,0.35,0.23137704843291862,False
1466432194,0.35,0.9268606851503671,0.9268606851503671,True
1466432237,0.35,0.09720797568874173,0.09720797568874173,True
1466432280,0.35,0.5692374599705067,0.5692374599705067,True
1466432373,0.35,0.6269829121282899,0.6269829121282899,True
1466432389,0.35,0.9730350604357735,0.9730350604357735,True
1466432415,0.35,0.35,0.18658537517292384,False
1466432417,0.39,0.6200183842718465,0.6200183842718465,True
1466432506,0.39,0.39,0.24167135587947386,False
1466432569,0.39,0.39,0.0992393268081605,False
1466432577,0.39,0.39,0.967608910265728,False
1466432670,0.4,0.6211121912362885,0.6211121912362885,True
1466432706,0.4,0.4,0.0059061104072613,False
1466432804,0.45,0.45,0.1302541371663153,False
1466432853,0.52,0.010235476717808667,0.010235476717808667,True
1466432947,0.52,0.4866304147410624,0.4866304147410624,True
1466433040,0.52,0.52,0.8383774469621554,False
1466433128,0.57,0.45994131629638624,0.45994131629638624,True
1466433145,0.57,0.49235401651285593,0.49235401651285593,True
1466433195,0.55,0.55,0.7295561253891292,False
1466433289,0.55,0.004896786517587737,0.004896786517587737,True
1466433375,0.55,0.07401352524640759,0.07401352524640759,True
1466433427,0.61,0.61,0.9139367404987926,False
1466433478,0.61,0.61,0.3522793564130262,False
1466433517,0.62,0.4941647920143202,0.4941647920143202,True
1466433615,0.65,0.924272537573508,0.924272537573508,True
1466433672,0.56,0.06229867099695641,0.06229867099695641,True
1466433762,0.56,0.17614152692602592,0.17614152692602592,True
1466433809,0.56,0.32805339575285397,0.32805339575285397,True
1466433873,0.56,0.56,0.3895987581334852,False
1466433910,0.65,0.694732816363987,0.694732816363987,True
1466433994,0.7,0.7,0.23551733027337818,False
1466434003,0.67,0.11288707980634816,0.11288707980634816,True
1466434045,0.67,0.6913219184149728,0.6913219184149728,True
1466434096,0.66,0.66,0.6369714932295523,False
1466434173,0.6,0.6,0.8062755594740196,False
1466434199,0.6,0.2628405042637485,0.2628405042637485,True
1466434224,0.6,0.6,0.716957321582871,False
1466434308,0.6,0.8945573990236472,0.8945573990236472,True
1466434359,0.6,0.6,0.22841263408645662,False
1466434371,0.6,0.013788145759249693,0.013788145759249693,True
1466434457,0.55,0.5470034712914172,0.5470034712914172,True
1466434498,0.55,0.4278470728152698,0.4278470728152698,True
1466434552,0.55,0.7265194623540986,0.7265194623540986,True
1466434622,0.58,0.004332498536374962,0.004332498536374962,True
1466434691,0.61,0.8572491305941299,0.8572491305941299,True
1466434718,0.61,0.5921796399977769,0.5921796399977769,True
1466434727,0.57,0.57,0.8694156182863638,False
1466434815,0.57,0.3138203782624286,0.3138203782624286,True
1466434892,0.57,0.008495412695479043,0.008495412695479043,True
1466434915,0.57,0.5026806394745633,0.5026806394745633,True
1466434946,0.57,0.57,0.12647021148845572,False
1466434988,0.57,0.9290325368036217,0.9290325368036217,True
1466435020,0.49,0.49,0.5499864598628491,False
1466435090,0.49,0.8732493230524997,0.8732493230524997,True
1466435099,0.49,0.29477837478503877,0.29477837478503877,True
1466435145,0.5,0.7387926017647143,0.7387926017647143,True
1466435186,0.5,0.5528459261962052,0.5528459261962052,True
1466435246,0.56,0.6459599077134783,0.6459599077134783,True
1466435284,0.56,0.9423760237395156,0.9423760237395156,True
1466435327,0.6,0.37369583559444397,0.37369583559444397,True
1466435369,0.6,0.6,0.8186325546284481,False
1466435408,0.53,0.5826747319175024,0.5826747319175024,True
1466435468,0.5,0.5,0.7985680961115287,False
1466435486,0.48,0.48,0.6447550551763068,False
1466435555,0.57,0.8364793431281885,0.8364793431281885,True
1466435624,0.57,0.57,0.9481951402635841,False
1466435659,0.54,0.54,0.058509828736539204,False
1466435682,0.54,0.4103966315065868,0.4103966315065868,True
1466435712,0.46,0.46,0.6630045985363134,False
1466435794,0.46,0.7311360466828389,0.7311360466828389,True
1466435878,0.46,0.46,0.12050775885804477,False
1466435904,0.46,0.46,0.5104899412791791,False
1466435971,0.46,0.6062494529012924,0.6062494529012924,True
1466436041,0.46,0.46,0.2754143735156287,False
1466436059,0.5,0.04996878370748703,0.04996878370748703,True
1466436093,0.5,0.5,0.18122141147938697,False
1466436178,0.5,0.5,0.7903208074507092,False
1466436230,0.54,0.54,0.2909089653567425,False
1466436280,0.52,0.12334525049277456,0.12334525049277456,True
1466436332,0.53,0.53,0.07197610446160208,False
1466436333,0.53,0.2115010486796176,0.2115010486796176,True
1466436431,0.44,0.44,0.5339735218994723,False
1466436520,0.44,0.5719939483701971,0.5719939483701971,True
1466436572,0.38,0.38,0.8747832896019005,False
1466436647,0.37,0.05311261868234218,0.05311261868234218,True
1466436655,0.45,0.2603786765782339,0.2603786765782339,True
1466436727,0.51,0.5322465382864048,0.5322465382864048,True
1466436793,0.51,0.51,0.9447626638606623,False
1466436879,0.51,0.51,0.469205451564509,False
1466436880,0.51,0.3215176819844956,0.3215176819844956,True
1466436939,0.51,0.51,0.6398558942882345,False
1466437015,0.51,0.51,0.9317369352648203,False
1466437048,0.59,0.59,0.1383802234113204,False
1466437088,0.64,0.8165801433664133,0.8165801433664133,True
1466437105,0.64,0.9497947739549403,0.9497947739549403,True
1466437122,0.64,0.64,0.0430959541682141,False
1466437160,0.64,0.19472409715380845,0.19472409715380845,True
1466437232,0.65,0.65,0.9438105755106514,False
1466437321,0.6,0.39871681844684204,0.39871681844684204,True
1466437335,0.6,0.37195224936055404,0.37195224936055404,True
1466437358,0.6,0.6591438860664789,0.6591438860664789,True
1466437441,0.6,0.6,0.36627718693017874,False
1466437480,0.54,0.6347785935740318,0.6347785935740318,True
1466437561,0.5,0.5,0.8510887366844831,False
1466437653,0.5,0.5,0.0924900004611372,False
1466437709,0.5,0.6408286023329984,0.6408286023329984,True
1466437798,0.5,0.35650627317925543,0.35650627317925543,True
1466437869,0.5,0.5,0.15001236591186817,False
1466437952,0.5,0.3260371408624312,0.3260371408624312,True
1466438037,0.5,0.6879093062478997,0.6879093062478997,True
1466438054,0.5,0.5,0.9833950047706994,False
1466438056,0.5,0.8113221197077702,0.8113221197077702,True
1466438136,0.43,0.43,0.2393754758861043,False
1466438234,0.43,0.8776023865376607,0.8776023865376607,True
1466438261,0.41,0.41,0.3666019765026982,False
1466438348,0.41,0.41,0.34188196827222783,False
1466438407,0.41,0.9847639360607902,0.9847639360607902,True
1466438422,0.48,0.48,0.23013533254139418,False
1466438476,0.48,0.48,0.10832346376520274,False
1466438571,0.43,0.43,0.45200337585874284,False
1466438612,0.37,0.3147983940277105,0.3147983940277105,True
1466438620,0.43,0.5861320280313581,0.5861320280313581,True
1466438698,0.52,0.002829741874791125,0.002829741874791125,True
1466438747,0.52,0.52,0.41299212155667087,False
1466438795,0.52,0.5855663200907986,0.5855663200907986,True
1466438810,0.52,0.23212077943898923,0.23212077943898923,True
1466438888,0.52,0.52,0.9929401986230444,False
1466438975,0.52,0.52,0.8350614824326725,False
1466439000,0.52,0.52,0.012183046845970269,False
1466439092,0.52,0.7996125261089367,0.7996125261089367,True
1466439150,0.52,0.6117158483273167,0.6117158483273167,True
1466439229,0.52,0.1809063044292082,0.1809063044292082,True
1466439279,0.52,0.52,0.33830521307765404,False
1466439328,0.59,0.3711492671907264,0.3711492671907264,True
1466439351,0.67,0.9582404805154217,0.9582404805154217,True
1466439447,0.73,0.9936206514295749,0.9936206514295749,True
1466439466,0.73,0.31038641273138556,0.31038641273138556,True
1466439480,0.68,0.8700859387018532,0.8700859387018532,True
1466439560,0.63,0.63,0.9770616042444639,False
1466439600,0.63,0.9677699438407381,0.9677699438407381,True
1466439645,0.63,0.63,0.005047714865761499,False
1466439729,0.72,0.6850036698300755,0.6850036698300755,True
1466439772,0.79,0.5267048719099917,0.5267048719099917,True
1466439827,0.79,0.79,0.5113445427301619,False
1466439849,0.79,0.35484781887448025,0.35484781887448025,True
1466439910,0.79,0.79,0.21956173789649924,False
1466439990,0.79,0.79,0.5870635500952167,False
1466440005,0.79,0.79,0.8974069873473339,False
1466440006,0.79,0.79,0.5629061310085867,False
1466440045,0.79,0.79,0.1206175600863928,False
1466440066,0.86,0.86,0.9775452675214398,False
1466440154,0.86,0.8942945752243501,0.8942945752243501,True
1466440214,0.86,0.86,0.5056296509518649,False
1466440226,0.86,0.86,0.6630998315866674,False
1466440304,0.86,0.060661628168327986,0.060661628168327986,True
1466440385,0.8,0.11721495021031714,0.11721495021031714,True
1466440451,0.74,0.9869792934087338,0.9869792934087338,True
1466440521,0.74,0.74,0.6952931713474723,False
1466440581,0.74,0.3723898538317023,0.3723898538317023,True
1466440674,0.76,0.76,0.8141495096480766,False
1466440727,0.75,0.9318946527559528,0.9318946527559528,True
1466440821,0.75,0.08528815214038266,0.08528815214038266,True
1466440827,0.75,0.6777398585170661,0.6777398585170661,True
1466440897,0.75,0.75,0.6504391924844315,False
1466440923,0.68,0.68,0.5995414407563214,False
1466441012,0.68,0.46429252489994177,0.46429252489994177,True
1466441049,0.68,0.68,0.42022268278554864,False
1466441147,0.75,0.07045792327586509,0.07045792327586509,True
1466441213,0.75,0.75,0.1335714328786589,False
1466441311,0.75,0.7210267792313598,0.7210267792313598,True
1466441318,0.75,0.75,0.24592352674065943,False
1466441418,0.75,0.5228243052672917,0.5228243052672917,True
1466441510,0.75,0.75,0.9341531072059996,False
1466441541,0.75,0.8126406992322641,0.8126406992322641,True
1466441579,0.75,0.75,0.8310751129279138,False
1466441630,0.75,0.9205013969410618,0.9205013969410618,True
1466441714,0.75,0.5500163863829125,0.5500163863829125,True
1466441724,0.75,0.4703096596442541,0.4703096596442541,True
1466441741,0.84,0.4740576699382184,0.4740576699382184,True
1466441822,0.84,0.84,0.4066337574695902,False
1466441883,0.81,0.873609531732125,0.873609531732125,True
1466441934,0.88,0.88,0.6070424976878706,False
1466441947,0.81,0.81,0.0692079316462123,False
1466442046,0.72,0.72,0.624176465507204,False
1466442137,0.72,0.2399988384719305,0.2399988384719305,True
1466442175,0.72,0.1448485599625131,0.1448485599625131,True
1466442216,0.72,0.38769115292243284,0.38769115292243284,True
1466442284,0.76,0.758864644769838,0.758864644769838,True
1466442332,0.75,0.6857665562152462,0.6857665562152462,True
1466442358,0.8,0.8,0.11761201942857558,False
1466442362,0.8,0.8,0.19488173436562595,False
1466442439,0.8,0.8,0.8857833389655597,False
1466442490,0.8,0.7375839582954117,0.7375839582954117,True
1466442498,0.89,0.89,0.2601913983802083,False
1466442508,0.89,0.89,0.5239245593715802,False
1466442518,0.89,0.89,0.6915864847743326,False
1466442556,0.89,0.89,0.13863953866283907,False
1466442656,0.89,0.787574011701111,0.787574011701111,True
1466442662,0.81,0.9874018322194125,0.9874018322194125,True
1466442703,0.81,0.8370513964289377,0.8370513964289377,True
1466442768,0.87,0.87,0.1498348928882749,False
1466442788,0.82,0.82,0.6124028763128742,False
1466442886,0.82,0.6251275365512592,0.6251275365512592,True
1466442980,0.82,0.82,0.8547405705145003,False
1466443000,0.82,0.2635429659918519,0.2635429659918519,True
1466443029,0.82,0.82,0.29671139411356584,False
1466443038,0.89,0.30385020366241133,0.30385020366241133,True
1466443089,0.89,0.7321507602428118,0.7321507602428118,True
1466443162,0.83,0.21208574310410344,0.21208574310410344,True
1466443201,0.83,0.83,0.28327688804785467,False
1466443219,0.83,0.83,0.8822859521947914,False
1466443263,0.83,0.83,0.22163846600015613,False
1466443350,0.83,0.83,0.7532459045412198,False
1466443373,0.83,0.83,0.5739167853033135,False
1466443392,0.82,0.4602175110421597,0.4602175110421597,True
1466443402,0.82,0.82,0.16642079037151958,False
1466443486,0.82,0.82,0.7835035773588582,False
1466443511,0.89,0.89,0.024700169004486017,False
1466443584,0.82,0.48464110070553446,0.48464110070553446,True
1466443677,0.76,0.5829000971597494,0.5829000971597494,True
1466443725,0.76,0.76,0.9024030819432003,False
1466443727,0.76,0.76,0.8199478760018931,False
1466443750,0.73,0.7024187162433234,0.7024187162433234,True
1466443761,0.73,0.73,0.278388847070998,False
1466443808,0.73,0.73,0.7045713451308072,False
1466443861,0.65,0.8523167968968529,0.8523167968968529,True
1466443929,0.62,0.62,0.28187853760889325,False
1466443986,0.6,0.6,0.38364119774964456,False
1466444043,0.58,0.58,0.9531950390635339,False
1466444110,0.58,0.6277583580858357,0.6277583580858357,True
1466444192,0.49,0.4192602630654545,0.4192602630654545,True
1466444287,0.49,0.49,0.02688399975683664,False
1466444294,0.49,0.0810622372645784,0.0810622372645784,True
1466444366,0.48,0.48,0.7002073094217942,False
1466444466,0.48,0.48,0.16430657470774812,False
1466444505,0.47,0.47,0.8109988473510779,False
1466444556,0.42,0.42,0.14175339740660964,False
1466444624,0.46,0.46,0.1597456763697357,False
1466444663,0.53,0.04715361221050407,0.04715361221050407,True
1466444685,0.58,0.21884465823021249,0.21884465823021249,True
1466444756,0.54,0.04057292647228472,0.04057292647228472,True
1466444781,0.49,0.49,0.0070786867404980525,False
1466444840,0.47,0.47,0.319147638630518,False
1466444854,0.47,0.6183821666183837,0.6183821666183837,True
1466444860,0.54,0.5637026493440295,0.5637026493440295,True
1466444959,0.49,0.16208321360755162,0.16208321360755162,True
1466445058,0.49,0.42373880038270473,0.42373880038270473,True
1466445107,0.49,0.49,0.3342096545622132,False
1466445165,0.43,0.43,0.5516304206335878,False
1466445170,0.46,0.12239967621275105,0.12239967621275105,True
1466445173,0.46,0.9298883090974613,0.9298883090974613,True
1466445247,0.47,0.13835861513015402,0.13835861513015402,True
1466445305,0.47,0.05418045974143115,0.05418045974143115,True
1466445333,0.47,0.47,0.12433381710065483,False
1466445356,0.47,0.47,0.8440604562578469,False
1466445430,0.47,0.5111129537244272,0.5111129537244272,True
1466445491,0.39,0.28061429492661916,0.28061429492661916,True
1466445497,0.48,0.27753340726742437,0.27753340726742437,True
1466445514,0.48,0.8372585143329052,0.8372585143329052,True
1466445549,0.48,0.48,0.01564201464742032,False
1466445640,0.44,0.7367353730153242,0.7367353730153242,True
1466445648,0.51,0.035874962708049685,0.035874962708049685,True
1466445739,0.45,0.3317633355694797,0.3317633355694797,True
1466445814,0.45,0.6761393676903087,0.6761393676903087,True
1466445879,0.45,0.45,0.4115865569932474,False
1466445909,0.45,0.45,0.29627422554102,False
1466445965,0.45,0.8159254069999436,0.8159254069999436,True
1466446021,0.45,0.17832800191288944,0.17832800191288944,True
1466446045,0.45,0.16290660199512375,0.16290660199512375,True
1466446071,0.45,0.5472329447013051,0.5472329447013051,True
1466446120,0.45,0.9054586891002487,0.9054586891002487,True
1466446168,0.46,0.696409737156415,0.696409737156415,True
1466446253,0.46,0.32397369391703446,0.32397369391703446,True
1466446302,0.46,0.4831800006354018,0.4831800006354018,True
1466446389,0.37,0.07913165170619807,0.07913165170619807,True
1466446404,0.44,0.6328180709210368,0.6328180709210368,True
1466446494,0.43,0.5060998564333892,0.5060998564333892,True
1466446594,0.43,0.05275885278426595,0.05275885278426595,True
1466446643,0.45,0.9567244501969782,0.9567244501969782,True
1466446669,0.4,0.8660827228298323,0.8660827228298323,True
1466446690,0.4,0.4,0.1733052220062392,False
1466446735,0.4,0.4,0.5919857248998196,False
1466446766,0.46,0.46,0.9069297477327921,False
1466446852,0.54,0.6122416580923693,0.6122416580923693,True
1466446902,0.63,0.63,0.5571662755023605,False
1466446945,0.71,0.71,0.03364471892180365,False
1466446987,0.71,0.46099659151993433,0.46099659151993433,True
1466447036,0.71,0.71,0.41812854004574185,False
1466447112,0.71,0.06694577969325743,0.06694577969325743,True
1466447129,0.71,0.12054430671053973,0.12054430671053973,True
1466447189,0.71,0.71,0.4805489718653351,False
1466447224,0.68,0.23521424789988366,0.23521424789988366,True
1466447270,0.73,0.73,0.38140814639298803,False
1466447272,0.7,0.7,0.9584971726546546,False
1466447348,0.7,0.7,0.18868304253056167,False
1466447359,0.74,0.03433090479223189,0.03433090479223189,True
1466447388,0.74,0.40105287993071415,0.40105287993071415,True
1466447390,0.74,0.729927949054669,0.729927949054669,True
1466447425,0.82,0.6790543605518042,0.6790543605518042,True
1466447463,0.84,0.84,0.6058485975221095,False
1466447485,0.84,0.3131983141359661,0.3131983141359661,True
1466447545,0.82,0.0648005313427289,0.0648005313427289,True
1466447553,0.82,0.82,0.734612919433217,False
1466447554,0.81,0.38832224335901855,0.38832224335901855,True
1466447573,0.81,0.81,0.6477406473199027,False
1466447634,0.88,0.13064840583535597,0.13064840583535597,True
1466447695,0.88,0.38413737193177266,0.38413737193177266,True
1466447762,0.88,0.88,0.6774487113529587,False
1466447844,0.89,0.5389514047941628,0.5389514047941628,True
1466447885,0.85,0.85,0.7939380559081439,False
1466447943,0.85,0.9059325575314442,0.9059325575314442,True
1466447956,0.85,0.6184767383851186,0.6184767383851186,True
1466448041,0.79,0.25755992767381897,0.25755992767381897,True
1466448140,0.79,0.79,0.3465381973015973,False
1466448215,0.83,0.83,0.7584684032518807,False
1466448270,0.83,0.9398621329680563,0.9398621329680563,True
1466448302,0.78,0.7753930242737624,0.7753930242737624,True
1466448368,0.72,0.72,0.11295062322815319,False
1466448422,0.72,0.7723139621812084,0.7723139621812084,True
1466448517,0.72,0.72,0.8932644421660236,False
1466448614,0.72,0.752271899431535,0.752271899431535,True
1466448701,0.71,0.71,0.1097610099596712,False
1466448743,0.71,0.4304367373220037,0.4304367373220037,True
1466448805,0.67,0.67,0.40044520060237454,False
1466448844,0.64,0.64,0.42474697785553783,False
1466448896,0.64,0.64,0.7136348000365141,False
1466448984,0.64,0.64,0.007256852207948028,False
1466449031,0.65,0.65,0.9944758851777382,False
1466449045,0.63,0.63,0.3572456720229831,False
1466449099,0.69,0.4179538642637174,0.4179538642637174,True
1466449171,0.69,0.69,0.7106356484108425,False
1466449261,0.67,0.67,0.5905769127873127,False
1466449280,0.67,0.67,0.14311430293877936,False
1466449359,0.67,0.67,0.8406011867312045,False
1466449442,0.61,0.61,0.5760197050395254,False
1466449496,0.62,0.6570841733393404,0.6570841733393404,True
1466449537,0.62,0.62,0.711559703632133,False
1466449555,0.54,0.3925456926863463,0.3925456926863463,True
1466449629,0.54,0.05226125465683518,0.05226125465683518,True
1466449635,0.53,0.426463462151762,0.426463462151762,True
1466449721,0.53,0.53,0.8186645753459848,False
1466449772,0.61,0.6200328476539054,0.6200328476539054,True
1466449872,0.69,0.69,0.5476392711850522,False
1466449873,0.67,0.67,0.42541566379546913,False
1466449884,0.68,0.42532506747716303,0.42532506747716303,True
1466449937,0.68,0.7697258908831793,0.7697258908831793,True
1466449953,0.68,0.68,0.7891347752854011,False
1466449959,0.68,0.2607443370515321,0.2607443370515321,True
1466449961,0.59,0.8762741463405456,0.8762741463405456,True
1466450018,0.59,0.59,0.42311238746478774,False
1466450075,0.55,0.55,0.12362401231150755,False
1466450150,0.48,0.48,0.14040165430152385,False
1466450177,0.48,0.5556485727710828,0.5556485727710828,True
1466450255,0.48,0.5214306528457986,0.5214306528457986,True
1466450343,0.48,0.8365129292254978,0.8365129292254978,True
1466450348,0.48,0.48,0.6147150602886348,False
1466450401,0.48,0.3378841599093986,0.3378841599093986,True
1466450433,0.48,0.4945468763750138,0.4945468763750138,True
1466450507,0.48,0.6806948801574703,0.6806948801574703,True
1466450536,0.47,0.47,0.02092778071713275,False
1466450627,0.54,0.54,0.03646525526376976,False
1466450723,0.52,0.52,0.3759293321867119,False
1466450817,0.52,0.52,0.9285158916440217,False
1466450900,0.52,0.52,0.44896129397220697,False
1466450902,0.52,0.52,0.8817859114266092,False
1466450971,0.47,0.6589946938736456,0.6589946938736456,True
1466451016,0.47,0.8164186100943869,0.8164186100943869,True
1466451023,0.49,0.49,0.17687637029580583,False
1466451073,0.57,0.49183751293227407,0.49183751293227407,True
1466451166,0.57,0.6074277718627586,0.6074277718627586,True
1466451231,0.59,0.59,0.7492048441535233,False
1466451245,0.61,0.61,0.35486083976495153,False
1466451293,0.61,0.08470994093159434,0.08470994093159434,True
1466451295,0.61,0.61,0.4445158183007113,False
1466451378,0.61,0.019255960319697896,0.019255960319697896,True
1466451445,0.61,0.4342262873278897,0.4342262873278897,True
1466451508,0.61,0.13108598523724857,0.13108598523724857,True
1466451599,0.54,0.8369000479057845,0.8369000479057845,True
1466451686,0.54,0.54,0.6555207113773093,False
1466451761,0.54,0.54,0.36853719118990014,False
1466451857,0.53,0.53,0.6354773347022437,False
1466451909,0.62,0.03359476956408369,0.03359476956408369,True
1466451919,0.66,0.6421895955118355,0.6421895955118355,True
1466452006,0.66,0.10249659114027143,0.10249659114027143,True
1466452035,0.66,0.7752938230187062,0.7752938230187062,True
1466452039,0.7,0.5081873851318711,0.5081873851318711,True
1466452104,0.7,0.7,0.5785472067036582,False
1466452167,0.7,0.7,0.9481488728375154,False
1466452238,0.7,0.8203042122006641,0.8203042122006641,True
1466452313,0.7,0.20455033282380086,0.20455033282380086,True
1466452339,0.7,0.20695147136830527,0.20695147136830527,True
1466452419,0.7,0.7,0.5269478735190011,False
1466452424,0.7,0.7,0.5829685743910145,False
1466452435,0.63,0.9348665970059657,0.9348665970059657,True
1466452531,0.62,0.5870403370696126,0.5870403370696126,True
1466452584,0.66,0.7102908789471286,0.7102908789471286,True
1466452625,0.66,0.66,0.3611383767451054,False
1466452676,0.69,0.69,0.8879020281352022,False
1466452752,0.69,0.69,0.9007217917755467,False
1466452796,0.69,0.69,0.30258850249595104,False
1466452825,0.77,0.8682899033685074,0.8682899033685074,True
1466452860,0.77,0.6425751719112398,0.6425751719112398,True
1466452960,0.82,0.82,0.7654175464167075,False
1466452979,0.82,0.82,0.9070734665630523,False
1466453002,0.82,0.9777365751373456,0.9777365751373456,True
1466453016,0.82,0.5334058417527989,0.5334058417527989,True
1466453025,0.82,0.3285029359274422,0.3285029359274422,True
1466453089,0.82,0.82,0.11230527427280812,False
1466453141,0.83,0.83,0.4507766646722371,False
1466453154,0.83,0.006751948988615641,0.006751948988615641,True
1466453184,0.79,0.79,0.11028780572243979,False
1466453202,0.75,0.75,0.21489350273406926,False
1466453203,0.75,0.75,0.8549230821602701,False
1466453222,0.75,0.5375694483142621,0.5375694483142621,True
1466453321,0.73,0.73,0.8788214471065069,False
1466453379,0.78,0.6013460994566746,0.6013460994566746,True
1466453392,0.82,0.24863868867292938,0.24863868867292938,True
1466453422,0.82,0.9382469642782908,0.9382469642782908,True
1466453502,0.82,0.13453976669675094,0.13453976669675094,True
1466453518,0.8,0.0038355743303526424,0.0038355743303526424,True
1466453563,0.8,0.8901519499758745,0.8901519499758745,True
1466453604,0.8,0.8,0.546919976680475,False
1466453639,0.8,0.3640769844415346,0.3640769844415346,True
1466453705,0.72,0.72,0.6307749330466593,False
1466453795,0.78,0.869722064348237,0.869722064348237,True
1466453816,0.72,0.72,0.8944185360971688,False
1466453870,0.81,0.81,0.9619991350533654,False
1466453910,0.81,0.81,0.44973106469494106,False
1466454002,0.81,0.47633903695642776,0.47633903695642776,True
1466454051,0.73,0.73,0.36288982728768593,False
1466454087,0.79,0.47249830990508424,0.47249830990508424,True
1466454129,0.79,0.79,0.37339627769360506,False
1466454227,0.79,0.79,0.28574034210668064,False
1466454259,0.79,0.20528548468386332,0.20528548468386332,True
1466454262,0.83,0.83,0.5516602475875978,False
1466454298,0.83,0.7802844053183065,0.7802844053183065,True
1466454388,0.83,0.83,0.8748982632321404,False
1466454399,0.9,0.19760788998491785,0.19760788998491785,True
1466454473,0.9,0.9,0.960227554572684,False
1466454529,0.9,0.5718212888429319,0.5718212888429319,True
1466454559,0.89,0.6745884719332732,0.6745884719332732,True
1466454648,0.8,0.009809583536424027,0.009809583536424027,True
1466454745,0.8,0.8,0.4490896682940647,False
1466454763,0.8,0.8,0.4922875639203288,False
1466454851,0.8,0.35803338366554927,0.35803338366554927,True
1466454936,0.88,0.8227573730451669,0.8227573730451669,True
1466454949,0.92,0.6698335471563667,0.6698335471563667,True
1466455032,0.86,0.86,0.0339528335093493,False
1466455065,0.86,0.86,0.3734858388954053,False
1466455119,0.85,0.3356844453033564,0.3356844453033564,True
1466455172,0.85,0.31785785411110845,0.31785785411110845,True
1466455196,0.81,0.81,0.6638518245153743,False
1466455271,0.77,0.77,0.9469862392655676,False
1466455357,0.77,0.16615213262765993,0.16615213262765993,True
1466455361,0.78,0.4567275661503697,0.4567275661503697,True
1466455394,0.78,0.9961669998037956,0.9961669998037956,True
1466455475,0.78,0.5636858770258447,0.5636858770258447,True
1466455497,0.79,0.6964382953676462,0.6964382953676462,True
1466455561,0.79,0.79,0.7334560164213616,False
1466455575,0.79,0.79,0.9008717501727083,False
1466455587,0.79,0.40628156082945255,0.40628156082945255,True
1466455651,0.79,0.79,0.8596330121761449,False
1466455658,0.79,0.22128387579343745,0.22128387579343745,True
1466455732,0.86,0.10867209252822163,0.10867209252822163,True
1466455812,0.86,0.86,0.31948364743885393,False
1466455910,0.86,0.86,0.6584054000811176,False
1466455951,0.86,0.86,0.9368468506246369,False
1466455999,0.92,0.92,0.9856351477070341,False
1466456054,0.92,0.5817347379744381,0.5817347379744381,True
1466456058,1.0,1.0,0.789849322282152,False
1466456074,0.97,0.8474982580375726,0.8474982580375726,True
1466456088,0.97,0.97,0.2106303040539136,False
1466456118,0.96,0.96,0.5239899374768983,False
1466456218,0.96,0.4666765351196772,0.4666765351196772,True
1466456265,0.96,0.23081283923552576,0.23081283923552576,True
1466456270,0.96,0.96,0.8850816503982327,False
1466456312,0.9,0.8122563843019571,0.8122563843019571,True
1466456346,0.9,0.9,0.085968275475514,False
1466456374,0.9,0.9472926970605325,0.9472926970605325,True
1466456406,0.9,0.9,0.27233671153031513,False
1466456482,0.9,0.9,0.9688203548625022,False
1466456512,0.9,0.9,0.3183724474674339,False
1466456610,0.9,0.9,0.48089629406159284,False
1466456683,0.9,0.3112351427284068,0.3112351427284068,True
1466456768,0.82,0.82,0.9443775025558353,False
1466456856,0.82,0.4656023153451395,0.4656023153451395,True
1466456927,0.73,0.73,0.2270387337468922,False
1466457014,0.73,0.5452975990390734,0.5452975990390734,True
1466457032,0.65,0.65,0.30521814061151953,False
1466457067,0.65,0.65,0.9167451492128813,False
1466457157,0.73,0.8423332391943315,0.8423332391943315,True
1466457215,0.7,0.7,0.05103895740398279,False
1466457267,0.72,0.22425271410099978,0.22425271410099978,True
1466457357,0.8,0.8021703565458949,0.8021703565458949,True
1466457434,0.8,0.11490025345906008,0.11490025345906008,True
1466457487,0.77,0.16247949318904176,0.16247949318904176,True
1466457559,0.77,0.77,0.528803606696672,False
1466457603,0.85,0.007127291291454951,0.007127291291454951,True
1466457671,0.85,0.5186072269947176,0.5186072269947176,True
1466457713,0.85,0.2343852974338444,0.2343852974338444,True
1466457745,0.91,0.91,0.9071062403523648,False
1466457782,0.99,0.99,0.6180937488219745,False
1466457802,0.9,0.28225346795649786,0.28225346795649786,True
1466457817,0.9,0.31701407045688423,0.31701407045688423,True
1466457865,0.98,0.98,0.1840931779975965,False
1466457884,0.98,0.98,0.7253874843870444,False
1466457885,0.98,0.825012049631039,0.825012049631039,True
1466457917,0.98,0.98,0.19527939851118858,False
1466457973,0.98,0.8127330990476116,0.8127330990476116,True
1466458045,0.9,0.9,0.7603227133363889,False
1466458135,0.9,0.38511584788081454,0.38511584788081454,True
1466458151,0.9,0.13774612190549773,0.13774612190549773,True
1466458230,0.9,0.004366708983854717,0.004366708983854717,True
1466458324,0.9,0.20234532549178685,0.20234532549178685,True
1466458362,0.9,0.32943629978838973,0.32943629978838973,True
1466458438,0.9,0.09922758795441022,0.09922758795441022,True
1466458454,0.87,0.87,0.309686652848702,False
1466458496,0.87,0.04603580028651488,0.04603580028651488,True
1466458509,0.87,0.87,0.028547258462833236,False
1466458580,0.83,0.8082003231875633,0.8082003231875633,True
1466458590,0.82,0.12418605853562825,0.12418605853562825,True
1466458626,0.8,0.8,0.9690159895361069,False
1466458642,0.72,0.72,0.7664967826242678,False
1466458665,0.72,0.72,0.20816056468006394,False
1466458694,0.72,0.8320388350336575,0.8320388350336575,True
1466458762,0.72,0.72,0.5710021615933296,False
1466458793,0.72,0.72,0.6682267017164442,False
1466458824,0.72,0.72,0.3640932224405582,False
1466458906,0.72,0.39876293645132466,0.39876293645132466,True
1466458982,0.63,0.63,0.003310539203277174,False
1466459068,0.71,0.71,0.3125931404656753,False
1466459159,0.65,0.65,0.5833573283198973,False
1466459184,0.65,0.65,0.2369133462694858,False
1466459273,0.65,0.65,0.8125685112967791,False
1466459372,0.65,0.04530970272783563,0.04530970272783563,True
1466459415,0.65,0.65,0.6368185198756954,False
1466459483,0.6,0.4256141782429371,0.4256141782429371,True
1466459504,0.6,0.6,0.8349568698754964,False
1466459588,0.6,0.6,0.8063195977527245,False
1466459595,0.6,0.5768013066730344,0.5768013066730344,True
1466459673,0.6,0.25362371191300614,0.25362371191300614,True
1466459726,0.6,0.8346472723183065,0.8346472723183065,True
1466459800,0.6,0.5883909923018871,0.5883909923018871,True
1466459857,0.6,0.6,0.8442816683169749,False
1466459887,0.6,0.012126085785516882,0.012126085785516882,True
1466459913,0.56,0.56,0.5168316015727519,False
1466459974,0.56,0.56,0.6927896168744034,False
1466459995,0.57,0.57,0.7403066440573962,False
1466460001,0.56,0.56,0.8684930467402574,False
1466460054,0.56,0.56,0.3207359819752911,False
1466460130,0.56,0.30415360909161937,0.30415360909161937,True
1466460215,0.56,0.56,0.03784062817116096,False
1466460252,0.56,0.56,0.9937463566629156,False
1466460272,0.56,0.2526023621978214,0.2526023621978214,True
1466460346,0.56,0.56,0.8158294040361548,False
1466460440,0.65,0.9773496333771412,0.9773496333771412,True
1466460461,0.65,0.39411197243291696,0.39411197243291696,True
1466460528,0.65,0.5571895134342613,0.5571895134342613,True
1466460610,0.65,0.65,0.8416771162706392,False
1466460630,0.61,0.61,0.6337439683750468,False
1466460691,0.7,0.8918477753380545,0.8918477753380545,True
1466460706,0.69,0.18781715923414288,0.18781715923414288,True
1466460739,0.69,0.23407850897908078,0.23407850897908078,True
1466460765,0.61,0.1586227633832149,0.1586227633832149,True
1466460795,0.61,0.2717256414638637,0.2717256414638637,True
1466460877,0.61,0.987769772635883,0.987769772635883,True
1466460973,0.66,0.66,0.643926918259993,False
1466461009,0.66,0.8242236263798243,0.8242236263798243,True
1466461027,0.57,0.57,0.8191719176335647,False
1466461032,0.66,0.66,0.31645801450589184,False
1466461096,0.66,0.66,0.2184080731171023,False
1466461169,0.66,0.66,0.09747882830107724,False
1466461256,0.66,0.66,0.3278616191121313,False
1466461351,0.73,0.73,0.20417736219631655,False
1466461451,0.73,0.36303458955132817,0.36303458955132817,True
1466461531,0.73,0.36486838426382484,0.36486838426382484,True
1466461568,0.81,0.5022707364463184,0.5022707364463184,True
1466461583,0.81,0.81,0.2206675202289191,False
1466461647,0.81,0.6061340070152161,0.6061340070152161,True
1466461703,0.87,0.87,0.967249044800822,False
1466461794,0.82,0.9454583017340384,0.9454583017340384,True
1466461813,0.82,0.82,0.3905550810361149,False
1466461910,0.82,0.4044431171106472,0.4044431171106472,True
1466461988,0.82,0.82,0.3025609734407513,False
1466462056,0.81,0.81,0.0625302939059924,False
1466462101,0.8,0.9907106213404426,0.9907106213404426,True
1466462155,0.88,0.21225133022826637,0.21225133022826637,True
1466462215,0.84,0.7603328862927929,0.7603328862927929,True
1466462278,0.84,0.005592335813720428,0.005592335813720428,True
1466462368,0.84,0.84,0.2684866587188989,False
1466462412,0.84,0.84,0.597798482719078,False
1466462512,0.84,0.24524805486657952,0.24524805486657952,True
1466462594,0.84,0.2207864978683537,0.2207864978683537,True
1466462671,0.75,0.75,0.8742815426005194,False
1466462716,0.76,0.76,0.9843372294034718,False
1466462746,0.76,0.76,0.5415832654793616,False
1466462782,0.76,0.2562511276763968,0.2562511276763968,True
1466462820,0.76,0.5544445125056167,0.5544445125056167,True
1466462833,0.76,0.6382393851575309,0.6382393851575309,True
1466462842,0.71,0.1306467220038402,0.1306467220038402,True
1466462850,0.79,0.79,0.15584210361001383,False
1466462941,0.72,0.72,0.865929879279309,False
1466463026,0.7,0.7,0.9457453426648551,False
1466463117,0.7,0.7,0.40786317459791355,False
1466463139,0.76,0.76,0.9856199472840221,False
