1466410104,36.4,37.353699031308466,37.353699031308466,True
1466410114,36.4,36.93878010520252,36.93878010520252,True
1466410130,36.5,36.5,36.56522632149653,False
1466410181,36.5,36.5,36.59393301961481,False
1466410203,36.5,36.594659969606205,36.594659969606205,True
1466410250,36.5,36.5,36.78048237254182,False
1466410309,36.5,37.051146756375516,37.051146756375516,True
1466410397,36.5,37.376717579541264,37.376717579541264,True
1466410430,36.5,36.5,36.986173196338676,False
1466410469,36.5,36.70861561330877,36.70861561330877,True
1466410483,36.5,36.5,36.79617190697431,False
1466410498,36.5,36.5,36.75396102027081,False
1466410502,36.4,37.1993759622813,37.1993759622813,True
1466410532,36.4,36.4,37.32503108804594,False
1466410541,36.4,36.4,36.70936201173923,False
1466410573,36.4,36.4,37.19556898325282,False
1466410630,36.4,37.46800240016267,37.46800240016267,True
1466410653,36.5,37.46461551807479,37.46461551807479,True
1466410746,36.4,36.4,37.279784312082825,False
1466410814,36.4,37.31266728923863,37.31266728923863,True
1466410890,36.5,36.5,37.23565622375642,False
1466410902,36.5,36.5,36.86258870135132,False
1466410978,36.5,37.07043998422816,37.07043998422816,True
1466411008,36.5,36.77940353559912,36.77940353559912,True
1466411066,36.5,36.5,37.0893102862311,False
1466411094,36.5,37.07816287652649,37.07816287652649,True
1466411157,36.5,36.78208846900724,36.78208846900724,True
1466411223,36.5,36.81315818619447,36.81315818619447,True
1466411226,36.4,36.9542717113367,36.9542717113367,True
1466411272,36.4,36.569375953770155,36.569375953770155,True
1466411303,36.4,37.43056811360025,37.43056811360025,True
1466411318,36.5,36.5,36.7402309442273,False
1466411396,36.5,37.30738989523381,37.30738989523381,True
1466411493,36.5,36.5,37.352318774640786,False
1466411549,36.7,37.27619741809205,37.27619741809205,True
1466411560,36.5,37.353262313551205,37.353262313551205,True
1466411626,36.5,36.5,37.01952257551653,False
1466411723,36.6,37.43069187027328,37.43069187027328,True
1466411763,36.2,36.2,36.690378048175425,False
1466411785,36.2,36.2,36.775802064936826,False
1466411854,36.2,37.02750337104191,37.02750337104191,True
1466411889,36.7,36.57510370384371,36.57510370384371,True
1466411988,36.7,37.027259805847685,37.027259805847685,True
1466412022,36.7,37.24496660845402,37.24496660845402,True
1466412046,36.7,36.7,36.837816609323575,False
1466412076,36.7,36.7,36.56904543929782,False
1466412152,36.7,36.7,36.95729210920072,False
1466412181,36.5,36.88176832216463,36.88176832216463,True
1466412201,36.5,36.86073270908916,36.86073270908916,True
1466412260,36.5,37.07566281179919,37.07566281179919,True
1466412347,36.5,36.5,36.95210841683826,False
1466412360,36.5,36.5,36.926927861772135,False
1466412438,36.5,36.566084565374055,36.566084565374055,True
1466412521,36.5,36.5,36.74086250012636,False
1466412599,36.5,36.5,36.9410240297928,False
1466412639,36.5,36.5,37.43415020112225,False
1466412691,36.5,37.29132302759803,37.29132302759803,True
1466412747,36.5,36.725440515460384,36.725440515460384,True
1466412794,36.5,37.17284298566665,37.17284298566665,True
1466412819,36.5,36.5,36.9516746053111,False
1466412832,36.5,36.5,37.1083207083728,False
1466412874,36.5,36.5,36.544861664101965,False
1466412943,36.5,37.1900161763958,37.1900161763958,True
1466412971,36.5,36.5,37.43293895735652,False
1466412990,36.4,36.4,36.54177817291691,False
1466413028,36.5,37.1949617760933,37.1949617760933,True
1466413053,36.5,36.5,37.25134405402096,False
1466413125,36.5,36.5,37.283320487584255,False
1466413200,36.5,37.06666576617499,37.06666576617499,True
1466413264,36.4,36.87999796395427,36.87999796395427,True
1466413311,36.5,36.91883812421515,36.91883812421515,True
1466413342,36.5,36.5,37.13654672959393,False
1466413440,36.5,36.5,36.78603371978194,False
1466413458,36.5,36.59519210177562,36.59519210177562,True
1466413529,36.5,37.35532182847836,37.35532182847836,True
1466413542,36.5,37.21048955592783,37.21048955592783,True
1466413638,36.5,37.472337293184204,37.472337293184204,True
1466413672,36.4,36.4,37.28461495438751,False
1466413733,36.5,37.434861662414534,37.434861662414534,True
1466413779,36.5,36.83485623000129,36.83485623000129,True
1466413780,36.5,37.1845345488129,37.1845345488129,True
1466413864,36.5,36.5,37.42960151903061,False
1466413885,36.5,36.5,37.25866563257712,False
1466413946,36.5,36.5,37.1510370196715,False
1466414033,36.5,36.5,36.644460468222206,False
1466414071,36.4,36.4,36.6105255180685,False
1466414164,36.4,36.558961278018536,36.558961278018536,True
1466414225,36.4,36.4,37.42592515701058,False
1466414312,36.4,37.18105335534028,37.18105335534028,True
1466414325,36.4,36.4,36.8449160146481,False
1466414328,36.6,36.6,37.22156850356244,False
1466414329,36.5,36.98132502464699,36.98132502464699,True
1466414402,36.5,37.42353327114815,37.42353327114815,True
1466414407,36.5,36.85943866974098,36.85943866974098,True
1466414413,36.5,36.5,36.5719965083236,False
1466414460,36.5,36.5,36.58707372279151,False
1466414552,36.5,36.5,37.43966970423148,False
1466414602,36.5,36.53543392248039,36.53543392248039,True
1466414662,36.6,36.52488954951986,36.52488954951986,True
1466414746,36.6,36.99523269468966,36.99523269468966,True
1466414844,36.6,37.204903178360105,37.204903178360105,True
1466414943,36.7,36.7,37.0525264692966,False
1466414946,36.7,37.28214273597979,37.28214273597979,True
1466414966,36.7,36.882642579002045,36.882642579002045,True
1466415038,36.7,37.39298726724856,37.39298726724856,True
1466415106,36.6,36.51933396476938,36.51933396476938,True
1466415130,36.6,36.6,37.36116729027096,False
1466415145,36.6,37.34347857460051,37.34347857460051,True
1466415202,36.6,36.6,36.61511697055723,False
1466415239,36.6,36.6,36.548099673599154,False
1466415249,36.5,37.44853787296828,37.44853787296828,True
1466415308,36.6,36.6,37.46713619549547,False
1466415357,36.6,37.01888373841715,37.01888373841715,True
1466415404,36.6,37.12974759605076,37.12974759605076,True
1466415469,36.6,36.6,36.9526298854635,False
1466415548,36.7,36.7,36.73359262276593,False
1466415588,36.7,36.7,37.00150593368217,False
1466415627,36.5,37.126289510430404,37.126289510430404,True
1466415719,36.5,36.5,37.03500771802278,False
1466415767,36.5,36.5,37.374343010598245,False
1466415860,36.6,36.6,37.39517557736361,False
1466415872,36.6,37.21923066920056,37.21923066920056,True
1466415914,36.6,36.66218395325564,36.66218395325564,True
1466415934,36.6,36.6,37.31698641307864,False
1466415988,36.6,36.6,36.880469818974746,False
1466416004,36.6,36.6,36.756661506139935,False
1466416050,36.7,37.318711169612655,37.318711169612655,True
1466416150,36.7,36.94293411091566,36.94293411091566,True
1466416161,36.7,36.63807440868578,36.63807440868578,True
1466416215,36.7,36.7,36.98677323397763,False
1466416315,36.7,36.7,37.34775743188976,False
1466416321,36.9,36.84366439948039,36.84366439948039,True
1466416393,36.9,36.81011941048958,36.81011941048958,True
1466416440,36.9,36.9,36.581724068081414,False
1466416510,36.9,37.24300988950669,37.24300988950669,True
1466416541,36.9,36.89173928696534,36.89173928696534,True
1466416631,36.8,36.979123030932016,36.979123030932016,True
1466416671,36.8,37.32198362217954,37.32198362217954,True
1466416725,36.8,36.63639648091523,36.63639648091523,True
1466416815,37.0,37.18322652827594,37.18322652827594,True
1466416867,36.8,36.68616617008805,36.68616617008805,True
1466416933,37.0,37.470050594938385,37.470050594938385,True
1466416963,36.9,36.9,36.97082652299816,False
1466417034,36.9,36.82354839751942,36.82354839751942,True
1466417069,36.9,37.49306245184918,37.49306245184918,True
1466417095,36.9,36.9,37.08610240427851,False
1466417123,37.0,37.0,37.46761790626495,False
1466417219,37.0,37.0,36.50256569729913,False
1466417228,37.0,36.91238643482729,36.91238643482729,True
1466417235,37.0,36.8384840153724,36.8384840153724,True
1466417266,36.6,36.6,37.374224757197226,False
1466417298,36.6,37.45184070425133,37.45184070425133,True
1466417382,36.6,36.505036043083365,36.505036043083365,True
1466417429,36.6,36.552252473074304,36.552252473074304,True
1466417434,36.6,36.6,37.26988517489999,False
1466417513,36.6,37.230483168238145,37.230483168238145,True
1466417598,36.6,36.6,37.20744834559825,False
1466417615,36.4,36.755875678209655,36.755875678209655,True
1466417654,36.4,36.6248466621909,36.6248466621909,True
1466417749,36.4,36.4,36.814282250281565,False
1466417763,36.7,36.7,36.539887371633505,False
1466417822,36.6,36.59878747704541,36.59878747704541,True
1466417851,36.6,36.6,37.386136429279524,False
1466417855,36.6,36.6,37.476421514084926,False
1466417879,36.5,36.5,36.52045379859268,False
1466417895,36.5,36.5,37.128763345444284,False
1466417969,36.8,36.8,36.74210404287152,False
1466418049,36.8,36.8,36.95479770515596,False
1466418118,36.8,36.8,37.09042725455085,False
1466418129,36.6,37.37563827213789,37.37563827213789,True
1466418179,36.6,37.339876674925755,37.339876674925755,True
1466418254,36.6,36.692408895523094,36.692408895523094,True
1466418332,36.6,36.79259498196884,36.79259498196884,True
1466418428,36.6,36.768447877852765,36.768447877852765,True
1466418494,36.6,36.6,36.94599782666153,False
1466418554,36.6,36.6,37.449491581887635,False
1466418563,36.6,37.25966987929512,37.25966987929512,True
1466418564,36.6,36.930758201731315,36.930758201731315,True
1466418594,36.6,36.6,36.7093723713344,False
1466418674,36.6,36.919309657133624,36.919309657133624,True
1466418748,36.6,37.37059816207055,37.37059816207055,True
1466418847,36.5,36.5,37.26619841777053,False
1466418877,36.6,36.6,37.47995643075082,False
1466418917,36.4,37.18550216341634,37.18550216341634,True
1466418938,36.7,36.7,36.63078261562131,False
1466419031,36.7,36.7,37.28037184330664,False
1466419058,36.7,36.7,37.20797150196511,False
1466419104,36.5,36.5,37.17394601485107,False
1466419166,36.5,36.5,37.24797121073535,False
1466419261,36.5,37.18377535179277,37.18377535179277,True
1466419349,36.5,36.5,37.47583288533474,False
1466419442,36.5,36.5,36.732154978951016,False
1466419530,36.5,36.80624977389748,36.80624977389748,True
1466419595,36.5,36.5,36.74312174843811,False
1466419646,36.5,36.5,37.41552688945821,False
1466419737,36.5,36.620263293866515,36.620263293866515,True
1466419826,36.5,37.30609373683196,37.30609373683196,True
1466419880,36.6,36.6,36.58160951076259,False
1466419911,36.6,36.6,36.86941305641457,False
1466419938,36.6,36.6,36.64168026296456,False
1466420016,36.4,36.4,37.304804783593895,False
1466420019,36.4,37.070948856959376,37.070948856959376,True
1466420108,36.6,36.6,36.83544014534116,False
1466420205,36.6,36.6,37.127376056277306,False
1466420228,36.6,36.6,37.22162841041871,False
1466420257,36.6,37.00818680361465,37.00818680361465,True
1466420270,36.6,36.6,36.94287078971097,False
1466420296,36.4,36.4,36.524407817577114,False
1466420331,36.4,37.45419611102742,37.45419611102742,True
1466420407,36.4,36.4,37.27246197144853,False
1466420430,36.5,36.84889228923016,36.84889228923016,True
1466420453,36.5,36.5,36.86555051045778,False
1466420474,36.5,36.5,37.02845055309528,False
1466420566,36.5,36.5,36.78570814523179,False
1466420579,36.5,36.525276759467324,36.525276759467324,True
1466420618,36.5,36.528199752236176,36.528199752236176,True
1466420624,36.5,36.966942989041165,36.966942989041165,True
1466420643,36.5,36.5,37.254815451957406,False
1466420695,36.5,37.03588490209299,37.03588490209299,True
1466420788,36.5,36.5,37.04491368088935,False
1466420863,36.5,36.5,37.166060328720974,False
1466420947,36.9,36.9,36.70006911537367,False
1466421003,36.9,36.63211637294455,36.63211637294455,True
1466421032,36.9,36.89106517035885,36.89106517035885,True
1466421050,36.8,36.8,37.2491777485975,False
1466421116,36.8,37.43328765929813,37.43328765929813,True
1466421208,36.8,36.8,36.84045858756185,False
1466421234,36.8,36.95132047527243,36.95132047527243,True
1466421262,36.8,36.8,36.647424578129055,False
1466421353,36.9,37.40673818580935,37.40673818580935,True
1466421360,36.9,37.46271581600513,37.46271581600513,True
1466421392,36.9,37.375139892515264,37.375139892515264,True
1466421480,36.7,36.89519365098553,36.89519365098553,True
1466421530,36.7,36.7,36.95070791623298,False
1466421547,36.7,36.94620960776588,36.94620960776588,True
1466421591,36.7,36.7,36.5528906026933,False
1466421633,36.7,36.7,36.82954107693513,False
1466421636,36.7,36.7,36.91262969540487,False
1466421670,36.7,37.227570512224,37.227570512224,True
1466421695,36.7,37.457868580857415,37.457868580857415,True
1466421721,37.0,36.899397551216374,36.899397551216374,True
1466421804,37.0,37.0,37.42892721306134,False
1466421819,37.0,37.20795916500758,37.20795916500758,True
1466421862,37.0,37.29408393868025,37.29408393868025,True
1466421885,36.9,36.6935432244246,36.6935432244246,True
1466421936,36.6,36.6,37.26822160117606,False
1466422012,36.6,36.72233533570431,36.72233533570431,True
1466422044,36.6,36.6,37.1021495550291,False
1466422045,36.9,36.9,36.932942187935026,False
1466422137,36.9,37.29520008021787,37.29520008021787,True
1466422162,36.8,36.679555111990666,36.679555111990666,True
1466422189,36.9,36.9,36.51735908335037,False
1466422197,36.7,36.87306270785734,36.87306270785734,True
1466422264,36.7,36.624822122092624,36.624822122092624,True
1466422330,36.7,37.22703924519027,37.22703924519027,True
1466422378,36.9,36.9,37.471084207055505,False
1466422432,36.9,36.9,37.27884992372913,False
1466422488,36.9,36.9,37.099305253928655,False
1466422577,36.9,36.8753200656243,36.8753200656243,True
1466422628,36.9,37.305997886910276,37.305997886910276,True
1466422638,36.7,37.47456579973521,37.47456579973521,True
1466422666,36.7,36.50082145955706,36.50082145955706,True
1466422706,36.7,36.7,36.70044535022074,False
1466422731,36.7,36.7,37.415109098570376,False
1466422804,36.7,37.315079043489085,37.315079043489085,True
1466422866,36.8,36.532781271528954,36.532781271528954,True
1466422873,36.8,37.16732504963363,37.16732504963363,True
1466422895,36.8,36.92660783237938,36.92660783237938,True
1466422953,36.8,37.06621646029106,37.06621646029106,True
1466422973,36.8,36.8,36.900627688739874,False
1466423017,36.8,36.8,36.77002284261964,False
1466423051,36.9,36.98742019625449,36.98742019625449,True
1466423099,36.9,37.44609634708191,37.44609634708191,True
1466423150,36.9,36.9,36.95919151713751,False
1466423155,37.0,37.0,37.260934894594804,False
1466423168,36.8,36.8,37.0344228543012,False
1466423205,36.5,37.13858892457661,37.13858892457661,True
1466423275,36.5,36.5,36.701758612600614,False
1466423287,36.7,37.215756375212436,37.215756375212436,True
1466423336,36.7,36.7,37.19689607092604,False
1466423340,37.0,37.0,36.54646761573335,False
1466423355,37.0,36.921172229516344,36.921172229516344,True
1466423443,36.6,37.38998934346812,37.38998934346812,True
1466423499,36.6,36.6,36.58663859878161,False
1466423585,37.0,37.0,36.94436284508025,False
1466423612,37.0,37.0,36.78268119319518,False
1466423669,37.0,36.89505939048181,36.89505939048181,True
1466423705,36.5,36.7223900339181,36.7223900339181,True
1466423770,36.5,37.257282324604375,37.257282324604375,True
1466423844,36.5,36.5,36.7456331012825,False
1466423902,36.6,37.13391032814555,37.13391032814555,True
1466423913,36.6,37.16124539922434,37.16124539922434,True
1466423972,36.6,37.1718060250072,37.1718060250072,True
1466424014,36.6,37.14273071461081,37.14273071461081,True
1466424069,36.4,37.021948874838564,37.021948874838564,True
1466424154,36.5,37.299251862447214,37.299251862447214,True
1466424155,36.7,36.50001410518398,36.50001410518398,True
1466424169,36.7,36.7,37.472890550774736,False
1466424262,36.7,37.30252019459817,37.30252019459817,True
1466424339,36.9,36.9,37.41754113084672,False
1466424398,36.9,36.9,37.269895106906475,False
1466424497,36.9,36.9,37.13935972040652,False
1466424558,36.9,36.56329791792685,36.56329791792685,True
1466424613,36.7,37.035470807264495,37.035470807264495,True
1466424713,36.7,36.7,36.830177820727734,False
1466424804,36.7,36.7,37.04763611752347,False
1466424878,36.7,36.7,36.98777275185767,False
1466424924,36.7,36.94992893206986,36.94992893206986,True
1466425009,36.6,36.6,37.45107771677688,False
1466425106,37.0,37.043832935103794,37.043832935103794,True
1466425129,36.7,36.7,36.77596569642977,False
1466425179,36.9,37.41201284624132,37.41201284624132,True
1466425257,36.9,36.9,37.36452882807192,False
1466425262,36.9,37.0475768383102,37.0475768383102,True
1466425305,36.9,36.9,36.93304268287428,False
1466425331,36.9,36.64535267095561,36.64535267095561,True
1466425338,36.9,36.8270529670333,36.8270529670333,True
1466425377,36.9,36.9,36.64539286137578,False
1466425380,36.7,36.7,37.10235173977063,False
1466425417,36.7,36.7,36.83428791516641,False
1466425484,36.7,36.7,37.33680126576622,False
1466425517,36.7,36.68511468758935,36.68511468758935,True
1466425553,36.7,36.7,37.14102982692893,False
1466425640,36.7,36.7,36.93834488892361,False
1466425687,36.7,36.7,36.53222656414778,False
1466425711,36.7,36.90811804956073,36.90811804956073,True
1466425768,36.7,36.7,37.233863980422484,False
1466425811,36.7,37.227452898761904,37.227452898761904,True
1466425856,36.9,36.9,36.88730511644528,False
1466425869,36.9,37.24222191940726,37.24222191940726,True
1466425884,36.7,36.7,37.05786242659728,False
1466425962,36.7,37.044513583249156,37.044513583249156,True
1466425974,36.9,36.66030807401571,36.66030807401571,True
1466426016,36.6,36.84309771630304,36.84309771630304,True
1466426024,36.7,37.052400237961095,37.052400237961095,True
1466426034,36.7,36.7,37.3501810435963,False
1466426130,36.7,36.7,37.011807556378486,False
1466426189,36.7,37.461040070276105,37.461040070276105,True
1466426198,36.7,36.82105657916937,36.82105657916937,True
1466426280,36.7,37.36548355595844,37.36548355595844,True
1466426298,36.7,36.7,36.70721763483735,False
1466426380,36.7,37.45577844815892,37.45577844815892,True
1466426420,36.8,37.21071930573102,37.21071930573102,True
1466426509,36.8,36.8,36.88456532495835,False
1466426521,36.8,37.11853840116927,37.11853840116927,True
1466426535,36.8,37.491040866257066,37.491040866257066,True
1466426563,36.8,36.8,37.02245025334023,False
1466426620,36.8,36.509913356738174,36.509913356738174,True
1466426694,36.8,36.8,37.293073133366356,False
1466426764,36.8,36.8,37.20793901943147,False
1466426778,36.8,36.99914643896452,36.99914643896452,True
1466426866,36.8,36.8,37.49023534330821,False
1466426938,36.8,36.8,37.31532381002184,False
1466427022,37.0,36.59732439151335,36.59732439151335,True
1466427059,37.0,36.60069906706821,36.60069906706821,True
1466427125,37.0,37.424532946682774,37.424532946682774,True
1466427204,37.0,37.03859785272642,37.03859785272642,True
1466427240,37.0,37.38441359788597,37.38441359788597,True
1466427317,36.7,37.36110083795297,37.36110083795297,True
1466427319,36.7,36.54933292468847,36.54933292468847,True
1466427331,36.6,36.6,36.90179248067798,False
1466427425,36.6,36.91609985001715,36.91609985001715,True
1466427458,36.7,37.36340988240849,37.36340988240849,True
1466427495,36.7,36.7,36.897345919827295,False
1466427543,36.8,36.716931064171646,36.716931064171646,True
1466427625,36.8,36.747009417875574,36.747009417875574,True
1466427663,36.8,37.099233032293675,37.099233032293675,True
1466427672,36.8,36.8,37.47813332481555,False
1466427684,36.8,37.14248429814482,37.14248429814482,True
1466427739,36.9,36.9,36.54327066198991,False
1466427769,36.9,36.80506747619252,36.80506747619252,True
1466427775,37.2,36.711771244332816,36.711771244332816,True
1466427820,37.2,37.2,37.49971146732643,False
1466427837,37.2,37.2,36.89584651394632,False
1466427846,37.1,37.1,36.674950194095175,False
1466427904,37.1,36.60452330766879,36.60452330766879,True
1466427997,37.1,37.1,37.161782168292355,False
1466428027,37.0,37.0,37.10115861979535,False
1466428114,37.0,36.93382670882946,36.93382670882946,True
1466428212,36.9,36.9,37.471502471797145,False
1466428294,36.7,36.7,36.638299638589544,False
1466428321,36.7,36.7,37.11443884769206,False
1466428340,36.7,36.7,37.31663252272248,False
1466428378,36.7,36.7,37.09176601665187,False
1466428463,36.6,37.343301817166065,37.343301817166065,True
1466428551,37.0,37.2930512554918,37.2930512554918,True
1466428575,37.0,36.649119511531644,36.649119511531644,True
1466428593,37.0,37.0,37.020002983261136,False
1466428682,36.8,36.8,37.03627456837482,False
1466428699,36.8,37.42068277344266,37.42068277344266,True
1466428719,36.7,36.7,37.323402274366664,False
1466428819,36.7,36.7,36.73538182394324,False
1466428850,36.7,37.44724632602347,37.44724632602347,True
1466428884,36.7,36.7,37.33388859912419,False
1466428973,37.0,37.45877002063836,37.45877002063836,True
1466429006,36.9,36.66551929775103,36.66551929775103,True
1466429026,36.9,36.9,37.45188873713379,False
1466429066,36.9,36.9,37.32077869064096,False
1466429072,36.7,36.7,37.295164157553636,False
1466429103,36.7,37.25607503880039,37.25607503880039,True
1466429110,36.7,36.69976825567509,36.69976825567509,True
1466429123,36.7,36.7,36.68050906964349,False
1466429168,36.7,36.7,36.872641851215725,False
1466429182,36.7,37.03111020412159,37.03111020412159,True
1466429184,36.6,36.72788868068984,36.72788868068984,True
1466429197,36.6,36.6,36.53293652067222,False
1466429280,36.6,36.6,37.498045838195054,False
1466429378,36.6,37.14329009547729,37.14329009547729,True
1466429450,36.6,37.46982891575417,37.46982891575417,True
1466429455,36.6,37.4077910086684,37.4077910086684,True
1466429510,36.6,36.585176404101034,36.585176404101034,True
1466429565,36.9,37.24664437777808,37.24664437777808,True
1466429566,36.9,37.38803888682904,37.38803888682904,True
1466429592,36.9,37.36176484562863,37.36176484562863,True
1466429623,36.9,37.37277766887251,37.37277766887251,True
1466429691,36.9,36.5115059216587,36.5115059216587,True
1466429733,36.9,36.9,37.263868043502086,False
1466429803,36.9,36.522656355016494,36.522656355016494,True
1466429832,36.6,36.6,37.477065691874714,False
1466429905,36.6,37.3485593612697,37.3485593612697,True
1466429997,36.6,36.6,37.04972291858724,False
1466430050,36.6,37.322137066868464,37.322137066868464,True
1466430088,36.6,37.475274176185344,37.475274176185344,True
1466430174,36.6,36.6,36.981523250029596,False
1466430247,36.6,36.6,36.81103819589728,False
1466430344,36.6,36.6,37.39595001298278,False
1466430375,36.6,37.206741208333476,37.206741208333476,True
1466430400,36.8,36.8,36.82245201635985,False
1466430457,36.8,36.8,37.00392850423281,False
1466430483,36.8,36.59946469872194,36.59946469872194,True
1466430517,36.8,36.8,36.51286059926497,False
1466430524,36.9,37.030373056102356,37.030373056102356,True
1466430592,36.9,36.9,36.6139668834063,False
1466430616,36.9,37.497690027484936,37.497690027484936,True
1466430631,37.0,37.0,37.08410453915943,False
1466430680,37.0,37.0,37.16519587020589,False
1466430734,37.0,37.18016650469491,37.18016650469491,True
1466430790,37.0,37.0,36.80052323872068,False
1466430815,37.0,37.26416307902269,37.26416307902269,True
1466430895,37.0,37.0,37.20430771502726,False
1466430916,37.0,36.623196224273634,36.623196224273634,True
1466430929,37.0,36.64076602909833,36.64076602909833,True
1466430936,37.0,37.0,37.49318375470075,False
1466431009,37.0,36.727608159453126,36.727608159453126,True
1466431036,37.0,37.0,36.95221843321314,False
1466431055,36.7,37.19790510199798,37.19790510199798,True
1466431145,36.7,36.7,36.98557917469111,False
1466431218,36.5,37.0155926776801,37.0155926776801,True
1466431290,36.5,36.5,36.73705800979319,False
1466431324,36.5,36.65174002910585,36.65174002910585,True
1466431400,36.5,36.5,37.48227100410507,False
1466431450,36.5,37.208329395520195,37.208329395520195,True
1466431526,36.5,37.24281985672712,37.24281985672712,True
1466431589,36.6,37.09073630116289,37.09073630116289,True
1466431661,36.6,36.6,36.78003187739445,False
1466431760,36.6,36.6,36.95517914490791,False
1466431796,36.7,37.086972761472545,37.086972761472545,True
1466431848,36.7,36.874100668207255,36.874100668207255,True
1466431879,36.5,36.5,36.574553564592314,False
1466431954,36.5,36.5,36.600786057324235,False
1466431958,36.5,36.5,37.03141815205714,False
1466432002,36.4,37.1214578556361,37.1214578556361,True
1466432101,36.4,36.4,36.97737688976579,False
1466432177,36.4,36.4,37.33690485169808,False
1466432194,36.5,37.495633617458246,37.495633617458246,True
1466432237,36.5,36.5,36.84230811102712,False
1466432280,36.5,36.5588781405285,36.5588781405285,True
1466432373,36.5,36.5,37.40867972692239,False
1466432389,36.5,36.5,36.57467929447829,False
1466432415,36.5,36.5,36.5948231249772,False
1466432417,36.5,37.28599136601312,37.28599136601312,True
1466432506,36.5,36.77939581347126,36.77939581347126,True
1466432569,36.5,37.225876371712026,37.225876371712026,True
1466432577,36.5,37.385390692949414,37.385390692949414,True
1466432670,36.5,36.555100393970896,36.555100393970896,True
1466432706,36.5,36.5,36.80171709533751,False
1466432804,36.5,36.8646770242896,36.8646770242896,True
1466432853,36.5,36.5,37.18080297910446,False
1466432947,36.5,36.5,36.706295974604934,False
1466433040,36.5,36.77357846339246,36.77357846339246,True
1466433128,36.5,36.78765738166667,36.78765738166667,True
1466433145,36.7,37.20299650089767,37.20299650089767,True
1466433195,36.5,36.5,36.76782957818268,False
1466433289,36.6,36.6,37.38298125430871,False
1466433375,36.6,36.6,37.316517247430006,False
1466433427,36.6,37.018305618114844,37.018305618114844,True
1466433478,36.6,36.70367696143561,36.70367696143561,True
1466433517,36.6,36.6,37.40567390694773,False
1466433615,36.5,36.75017931322043,36.75017931322043,True
1466433672,36.5,36.50637940075179,36.50637940075179,True
1466433762,36.5,36.5,37.04780508382027,False
1466433809,36.4,36.4,37.21557665682052,False
1466433873,36.7,37.25830771825769,37.25830771825769,True
1466433910,36.7,37.39312391634854,37.39312391634854,True
1466433994,36.5,36.5,36.84271315798322,False
1466434003,36.6,36.8395812086122,36.8395812086122,True
1466434045,36.6,36.851362160831734,36.851362160831734,True
1466434096,36.6,36.6,37.11134006721082,False
1466434173,36.6,36.6,36.810963494659816,False
1466434199,36.4,36.4,36.75397276235563,False
1466434224,36.6,36.6,36.75370819144066,False
1466434308,36.5,36.5,36.99741690410206,False
1466434359,36.7,36.7,37.25240962164486,False
1466434371,36.7,36.822800997182256,36.822800997182256,True
1466434457,36.7,37.220528037571995,37.220528037571995,True
1466434498,36.7,36.7,37.04995486454287,False
1466434552,36.7,37.24065113645668,37.24065113645668,True
1466434622,36.6,37.13119762222328,37.13119762222328,True
1466434691,36.7,37.131051900388194,37.131051900388194,True
1466434718,36.7,37.47717478496255,37.47717478496255,True
1466434727,36.7,36.933925424768766,36.933925424768766,True
1466434815,36.7,36.7,37.20462555000804,False
1466434892,36.7,36.7,36.79386685067815,False
1466434915,36.5,37.19452495334173,37.19452495334173,True
1466434946,36.4,36.66480141550001,36.66480141550001,True
1466434988,36.4,36.4,37.410044397994064,False
1466435020,36.4,36.4,36.56766248695749,False
1466435090,36.4,36.4,36.73370337559118,False
1466435099,36.4,36.4,37.38471932053045,False
1466435145,36.4,36.4,37.38800748499764,False
1466435186,36.4,36.67856809166076,36.67856809166076,True
1466435246,36.6,37.11445167584551,37.11445167584551,True
1466435284,36.6,36.77170287957513,36.77170287957513,True
1466435327,36.7,36.573738056613315,36.573738056613315,True
1466435369,36.7,36.7,36.92489970547271,False
1466435408,36.7,37.37029826998849,37.37029826998849,True
1466435468,36.7,36.7,36.724277204370885,False
1466435486,36.7,36.560996054876775,36.560996054876775,True
1466435555,36.6,37.33287747690991,37.33287747690991,True
1466435624,36.6,36.6,36.74779272251417,False
1466435659,36.6,36.6,36.713329253557944,False
1466435682,36.6,37.1215416588659,37.1215416588659,True
1466435712,36.6,36.61315141501144,36.61315141501144,True
1466435794,36.7,36.94189509672546,36.94189509672546,True
1466435878,36.7,36.7,36.60108367023313,False
1466435904,36.7,37.19344213672296,37.19344213672296,True
1466435971,36.7,37.42841087548629,37.42841087548629,True
1466436041,36.7,36.969914667267055,36.969914667267055,True
1466436059,36.7,36.7,37.17275372371836,False
1466436093,36.7,36.71836969511027,36.71836969511027,True
1466436178,36.7,36.89493203767076,36.89493203767076,True
1466436230,36.7,37.470643812528316,37.470643812528316,True
1466436280,36.7,36.7,37.42757337311516,False
1466436332,36.5,36.76496086644191,36.76496086644191,True
1466436333,36.5,37.1112137151469,37.1112137151469,True
1466436431,36.5,36.53820955603738,36.53820955603738,True
1466436520,36.5,37.11151306715868,37.11151306715868,True
1466436572,36.5,36.5,37.32267434142302,False
1466436647,36.7,37.25890991138011,37.25890991138011,True
1466436655,36.7,36.95645212364246,36.95645212364246,True
1466436727,36.7,37.311393604164714,37.311393604164714,True
1466436793,36.7,37.29005560985837,37.29005560985837,True
1466436879,36.7,37.226322928523985,37.226322928523985,True
1466436880,36.5,36.5,36.87497493533225,False
1466436939,36.5,36.5,36.51125947031817,False
1466437015,36.5,36.779930772868084,36.779930772868084,True
1466437048,36.9,36.9,36.843389749594266,False
1466437088,36.9,36.9,37.15477398133323,False
1466437105,36.5,36.64466516324991,36.64466516324991,True
1466437122,36.5,37.137901444930556,37.137901444930556,True
1466437160,36.5,37.451778758949494,37.451778758949494,True
1466437232,36.6,36.62388338381357,36.62388338381357,True
1466437321,36.6,36.6,36.9098519472835,False
1466437335,36.7,36.7,37.41874597904301,False
1466437358,36.7,36.7,36.555855560904476,False
1466437441,36.5,36.5,36.85190333702589,False
1466437480,36.5,37.18612693078408,37.18612693078408,True
1466437561,36.5,36.52851106913529,36.52851106913529,True
1466437653,36.5,36.75977422858946,36.75977422858946,True
1466437709,36.4,36.76677200803972,36.76677200803972,True
1466437798,36.4,36.4,36.52156042228198,False
1466437869,36.4,36.94825692012202,36.94825692012202,True
1466437952,36.4,37.19884979156546,37.19884979156546,True
1466438037,36.4,36.4,37.30024638284353,False
1466438054,36.4,37.457512593712494,37.457512593712494,True
1466438056,36.4,36.98531201447885,36.98531201447885,True
1466438136,36.4,36.4,37.000875216968375,False
1466438234,36.4,36.4,36.8654669902589,False
1466438261,36.6,37.32659176508189,37.32659176508189,True
1466438348,36.6,37.246423428312475,37.246423428312475,True
1466438407,36.6,36.6,37.31743064008206,False
1466438422,36.6,36.6,37.40594653175383,False
1466438476,36.6,36.958862015611466,36.958862015611466,True
1466438571,36.5,37.256006765276936,37.256006765276936,True
1466438612,36.5,37.0761844506416,37.0761844506416,True
1466438620,36.5,36.707793844593944,36.707793844593944,True
1466438698,36.5,37.197738018787106,37.197738018787106,True
1466438747,36.4,37.01394093323633,37.01394093323633,True
1466438795,36.6,37.317911604450565,37.317911604450565,True
1466438810,36.6,37.376632097300885,37.376632097300885,True
1466438888,36.6,37.129807725340946,37.129807725340946,True
1466438975,36.6,36.6,36.547623420272394,False
1466439000,36.5,36.85314530884831,36.85314530884831,True
1466439092,36.6,36.6,37.072520965703106,False
1466439150,36.6,36.6,36.6113883786628,False
1466439229,36.6,36.6,36.74496431551213,False
1466439279,36.6,36.6,37.061736444846474,False
1466439328,36.6,36.660851881810125,36.660851881810125,True
1466439351,36.6,36.6,37.38667819987202,False
1466439447,36.6,36.91443421142229,36.91443421142229,True
1466439466,36.6,36.80698242874894,36.80698242874894,True
1466439480,36.6,37.10474503883429,37.10474503883429,True
1466439560,36.5,36.82452682729309,36.82452682729309,True
1466439600,36.5,36.65764386613473,36.65764386613473,True
1466439645,36.5,36.612506566177956,36.612506566177956,True
1466439729,36.5,36.5,36.51151500427919,False
1466439772,36.5,37.17362359805955,37.17362359805955,True
1466439827,36.6,37.058870870412356,37.058870870412356,True
1466439849,36.6,36.6,37.157126328457984,False
1466439910,36.6,36.956058627724424,36.956058627724424,True
1466439990,36.6,36.6,36.70426421564558,False
1466440005,36.3,36.3,37.27126804931211,False
1466440006,36.6,37.11863673213173,37.11863673213173,True
1466440045,36.6,36.6,37.157574113095585,False
1466440066,36.6,36.56197060077103,36.56197060077103,True
1466440154,36.6,36.620806596199444,36.620806596199444,True
1466440214,36.4,36.4,36.94696710837863,False
1466440226,36.5,37.42148654624409,37.42148654624409,True
1466440304,36.5,37.08534875759965,37.08534875759965,True
1466440385,36.5,36.5,37.165031511062736,False
1466440451,36.5,36.99486267871958,36.99486267871958,True
1466440521,36.5,36.50391643387774,36.50391643387774,True
1466440581,36.6,37.07290357541263,37.07290357541263,True
1466440674,36.6,37.38357631850325,37.38357631850325,True
1466440727,36.6,36.6,36.90665148924816,False
1466440821,36.5,36.5,37.361768101989405,False
1466440827,36.5,36.5,37.02400023628521,False
1466440897,36.7,37.31544890569084,37.31544890569084,True
1466440923,36.7,36.7,37.314324113975275,False
1466441012,36.7,37.47276123560172,37.47276123560172,True
1466441049,36.7,36.7,37.4120985123314,False
1466441147,36.4,36.4,37.045363843721006,False
1466441213,36.4,36.4,37.206311135459785,False
1466441311,36.4,36.6625623129701,36.6625623129701,True
1466441318,36.4,36.4,36.78046820633347,False
1466441418,36.5,36.5,36.9623825151416,False
1466441510,36.5,36.5,37.247467562885326,False
1466441541,36.5,36.546071905603796,36.546071905603796,True
1466441579,36.6,36.67390215492809,36.67390215492809,True
1466441630,36.6,36.6,37.30763831699536,False
1466441714,36.6,36.6,37.25167694873944,False
1466441724,36.5,36.5,36.68748488164707,False
1466441741,36.5,37.29143053645265,37.29143053645265,True
1466441822,36.5,37.20826736780297,37.20826736780297,True
1466441883,36.5,36.81906332662432,36.81906332662432,True
1466441934,36.5,36.800247744517236,36.800247744517236,True
1466441947,36.5,36.558327037458426,36.558327037458426,True
1466442046,36.5,36.5,37.37087070942822,False
1466442137,36.5,36.586891469453725,36.586891469453725,True
1466442175,36.5,36.5,36.88959473334394,False
1466442216,36.5,36.6672082445632,36.6672082445632,True
1466442284,36.5,37.387430121180394,37.387430121180394,True
1466442332,36.5,36.5,36.97442717515141,False
1466442358,36.6,36.6,36.83208431829632,False
1466442362,36.6,36.6,37.09488765355849,False
1466442439,36.6,36.56834587815911,36.56834587815911,True
1466442490,36.5,37.46802502757021,37.46802502757021,True
1466442498,36.5,36.5,37.38609641447302,False
1466442508,36.5,36.958125388908186,36.958125388908186,True
1466442518,36.5,37.32578361734821,37.32578361734821,True
1466442556,36.5,36.5,36.876819512106415,False
1466442656,36.5,36.5,37.27840715660368,False
1466442662,36.7,36.7,37.43678210410053,False
1466442703,36.7,36.7,37.290513421750745,False
1466442768,36.7,36.7,36.87648517074544,False
1466442788,36.7,36.7,37.296825350024484,False
1466442886,36.7,37.03139659867944,37.03139659867944,True
1466442980,36.6,36.6,36.96286940826694,False
1466443000,36.7,36.87014653969437,36.87014653969437,True
1466443029,36.9,36.9,37.21931658967409,False
1466443038,36.6,37.48990358869093,37.48990358869093,True
1466443089,36.6,36.6,36.52822143022184,False
1466443162,36.6,37.419942069579385,37.419942069579385,True
1466443201,36.7,36.7,37.32806553942856,False
1466443219,36.7,37.12260265395391,37.12260265395391,True
1466443263,36.6,36.6,36.82115623367163,False
1466443350,36.6,36.642826528400605,36.642826528400605,True
1466443373,36.8,37.00973691209476,37.00973691209476,True
1466443392,36.8,37.3662770401198,37.3662770401198,True
1466443402,36.8,37.32898981599927,37.32898981599927,True
1466443486,36.8,36.8,37.32584016590582,False
1466443511,36.8,36.8,37.198818287096344,False
1466443584,36.8,36.8,36.73319999625178,False
1466443677,36.9,36.9,37.14598761709487,False
1466443725,36.9,36.963862208634445,36.963862208634445,True
1466443727,36.7,37.2770541537417,37.2770541537417,True
1466443750,36.7,36.7,37.36056711629009,False
1466443761,36.6,36.6,36.541240734814906,False
1466443808,36.6,36.566081851226606,36.566081851226606,True
1466443861,36.6,37.139164711202774,37.139164711202774,True
1466443929,36.9,36.9,37.298603613818145,False
1466443986,36.6,36.6,36.766459175775836,False
1466444043,36.6,37.41958565170506,37.41958565170506,True
1466444110,36.8,36.8,36.84610986860132,False
1466444192,36.8,36.593968556362945,36.593968556362945,True
1466444287,36.9,36.9,36.53579393229389,False
1466444294,36.9,36.508940514532135,36.508940514532135,True
1466444366,36.9,36.9,36.94195220737276,False
1466444466,36.5,36.5,37.293423068579344,False
1466444505,36.5,37.37290350175822,37.37290350175822,True
1466444556,36.5,37.27132365038954,37.27132365038954,True
1466444624,36.5,36.65780828699524,36.65780828699524,True
1466444663,36.5,36.5,36.51437938744633,False
1466444685,36.5,36.76258429360685,36.76258429360685,True
1466444756,36.7,36.76172522057397,36.76172522057397,True
1466444781,36.7,37.015823330504396,37.015823330504396,True
1466444840,36.7,37.17200321036333,37.17200321036333,True
1466444854,36.4,36.4,36.611687023343954,False
1466444860,36.4,36.82922927429237,36.82922927429237,True
1466444959,36.4,36.4,36.68695880936166,False
1466445058,36.4,36.4,37.03919924212353,False
1466445107,36.4,36.60400197736492,36.60400197736492,True
1466445165,36.4,37.095047337027914,37.095047337027914,True
1466445170,36.6,36.6,36.86989781495394,False
1466445173,36.6,36.777971099188306,36.777971099188306,True
1466445247,36.6,36.6,36.8171514689354,False
1466445305,36.6,37.35509031293232,37.35509031293232,True
1466445333,36.6,36.73191330964168,36.73191330964168,True
1466445356,36.5,36.5,37.09886547894521,False
1466445430,36.5,36.79060621872096,36.79060621872096,True
1466445491,36.3,37.37649997577913,37.37649997577913,True
1466445497,36.3,36.786982192860954,36.786982192860954,True
1466445514,36.3,36.89909763193506,36.89909763193506,True
1466445549,36.3,36.3,37.33466863824427,False
1466445640,36.6,36.6,36.94253519463117,False
1466445648,36.6,37.10229019151857,37.10229019151857,True
1466445739,36.6,36.6,37.37726809385993,False
1466445814,36.5,36.5,36.875525197214436,False
1466445879,36.5,36.5,36.81316958827652,False
1466445909,36.5,36.5,36.55969237797305,False
1466445965,36.5,36.5,37.31706396829131,False
1466446021,36.5,36.75577927129532,36.75577927129532,True
1466446045,36.4,36.4,36.72604641298661,False
1466446071,36.5,36.55833591145192,36.55833591145192,True
1466446120,36.4,36.4,36.51218305060002,False
1466446168,36.4,37.03245518690149,37.03245518690149,True
1466446253,36.4,37.175208282804284,37.175208282804284,True
1466446302,36.6,36.6,37.04820051322836,False
1466446389,36.4,36.8421032790125,36.8421032790125,True
1466446404,36.6,37.4600420936475,37.4600420936475,True
1466446494,36.6,36.6,37.31157159419422,False
1466446594,36.5,36.75277449605887,36.75277449605887,True
1466446643,36.5,36.5,36.73503001255984,False
1466446669,36.5,36.57395637792176,36.57395637792176,True
1466446690,36.7,36.7,37.017067996381954,False
1466446735,36.7,36.7,37.0355264667844,False
1466446766,36.7,36.94500008030933,36.94500008030933,True
1466446852,36.7,36.62589950249488,36.62589950249488,True
1466446902,36.7,36.7,36.59320227298776,False
1466446945,36.6,37.137257361339735,37.137257361339735,True
1466446987,36.6,36.6,36.78702286095099,False
1466447036,36.6,36.6,37.27299060803382,False
1466447112,36.6,36.6,37.14966794410835,False
1466447129,36.7,36.7,37.123400868924904,False
1466447189,36.5,37.141821386073715,37.141821386073715,True
1466447224,36.7,37.41580381549932,37.41580381549932,True
1466447270,36.7,36.7,37.34233256674599,False
1466447272,37.0,37.0,36.7340612375299,False
1466447348,37.0,37.0,36.64931066386156,False
1466447359,37.0,37.0,37.363236911893,False
1466447388,37.0,37.160444532531834,37.160444532531834,True
1466447390,36.7,36.7,36.536457382608916,False
1466447425,36.8,36.96140773052277,36.96140773052277,True
1466447463,36.6,36.6,37.289707819540205,False
1466447485,36.6,36.62652250967507,36.62652250967507,True
1466447545,36.9,37.162643216953406,37.162643216953406,True
1466447553,36.9,37.4583183460492,37.4583183460492,True
1466447554,36.9,36.73795318101684,36.73795318101684,True
1466447573,36.9,36.9,37.44557999740162,False
1466447634,36.9,36.9,36.589233704357184,False
1466447695,36.9,36.9,36.80426769906409,False
1466447762,36.8,37.289424997309474,37.289424997309474,True
1466447844,36.7,37.22468703644875,37.22468703644875,True
1466447885,36.7,36.905570502706155,36.905570502706155,True
1466447943,36.7,37.40787341623165,37.40787341623165,True
1466447956,36.7,36.7,36.753110639472176,False
1466448041,36.7,36.7,36.68598317857657,False
1466448140,36.7,37.162176175986765,37.162176175986765,True
1466448215,36.7,37.0532791585875,37.0532791585875,True
1466448270,36.7,36.7,37.31832693387373,False
1466448302,36.7,36.7,36.84021257622307,False
1466448368,36.7,36.75681156559564,36.75681156559564,True
1466448422,36.7,37.30557983144224,37.30557983144224,True
1466448517,36.7,37.39270463483568,37.39270463483568,True
1466448614,37.0,37.0,36.50721142009839,False
1466448701,37.0,36.77798162460992,36.77798162460992,True
1466448743,37.0,37.102200645443595,37.102200645443595,True
1466448805,37.0,37.0,37.38473457697291,False
1466448844,36.7,37.39819048263282,37.39819048263282,True
1466448896,36.7,36.7,37.011628665985214,False
1466448984,36.7,36.7,36.63141381688876,False
1466449031,36.7,36.7,36.92529137552449,False
1466449045,36.7,37.16117571839357,37.16117571839357,True
1466449099,36.6,37.00591716321442,37.00591716321442,True
1466449171,36.6,36.6,36.774691767581395,False
1466449261,36.6,37.46323732592671,37.46323732592671,True
1466449280,36.6,36.6,37.329782133834804,False
1466449359,36.7,37.48918694788935,37.48918694788935,True
1466449442,36.7,37.03034232086969,37.03034232086969,True
1466449496,36.7,37.40596948189809,37.40596948189809,True
1466449537,36.7,36.7,37.00702963974543,False
1466449555,36.7,37.46384306081147,37.46384306081147,True
1466449629,36.7,36.7,36.88418185586537,False
1466449635,36.7,36.7,36.95106592693504,False
1466449721,36.7,37.456626612060255,37.456626612060255,True
1466449772,36.7,37.36976785524964,37.36976785524964,True
1466449872,36.8,36.8,36.735447071188474,False
1466449873,36.8,36.8,36.858749429316774,False
1466449884,36.8,36.8,36.52430497511036,False
1466449937,36.8,36.8,37.44542010837865,False
1466449953,36.8,36.8,37.191153828900084,False
1466449959,36.6,36.6,37.45024482946715,False
1466449961,36.6,36.6,37.04122050624514,False
1466450018,36.6,36.892344210556445,36.892344210556445,True
1466450075,36.6,37.05883601592023,37.05883601592023,True
1466450150,36.6,36.6,36.949236446109126,False
1466450177,36.6,37.080728355703414,37.080728355703414,True
1466450255,36.8,36.8,36.7583873201071,False
1466450343,36.8,36.8,36.827685162508715,False
1466450348,36.9,36.9,36.94558721568315,False
1466450401,36.9,36.96359396700088,36.96359396700088,True
1466450433,36.9,36.9,36.57534402024951,False
1466450507,36.9,37.107743921407895,37.107743921407895,True
1466450536,36.9,37.03603141581908,37.03603141581908,True
1466450627,36.9,36.9,37.23636220031273,False
1466450723,36.9,36.9,36.701193427062506,False
1466450817,36.9,36.56542638418005,36.56542638418005,True
1466450900,37.0,37.0,36.78271598793989,False
1466450902,37.0,37.0,36.526660202500416,False
1466450971,37.0,36.726090473422985,36.726090473422985,True
1466451016,37.0,37.0,37.277824941273984,False
1466451023,36.7,37.20823619551559,37.20823619551559,True
1466451073,36.6,36.6,36.77838985398419,False
1466451166,36.6,37.21179448000864,37.21179448000864,True
1466451231,36.7,37.477134731574445,37.477134731574445,True
1466451245,36.7,36.7,36.5487740660055,False
1466451293,36.7,36.54976646266247,36.54976646266247,True
1466451295,36.7,37.452619744560344,37.452619744560344,True
1466451378,36.7,36.7,37.40362230058258,False
1466451445,36.7,36.7,36.62607453410241,False
1466451508,36.7,37.27491578721564,37.27491578721564,True
1466451599,36.7,36.84546893360358,36.84546893360358,True
1466451686,36.7,36.7,37.36834731915144,False
1466451761,37.0,37.0,37.45456049225026,False
1466451857,36.6,36.6,36.899006623329825,False
1466451909,36.8,36.56674829638175,36.56674829638175,True
1466451919,36.8,37.0658105730953,37.0658105730953,True
1466452006,36.8,36.8,36.76493520061132,False
1466452035,36.7,36.611549243740825,36.611549243740825,True
1466452039,36.7,36.7,36.90894599035016,False
1466452104,36.8,36.76783563628276,36.76783563628276,True
1466452167,36.6,36.6,37.33134416129019,False
1466452238,36.7,37.24880095964638,37.24880095964638,True
1466452313,36.7,36.7,37.25856961564099,False
1466452339,37.0,37.0,37.26594711239501,False
1466452419,37.0,36.6911395415446,36.6911395415446,True
1466452424,37.0,36.94150708714415,36.94150708714415,True
1466452435,37.0,37.0,36.744892280666306,False
1466452531,37.0,37.0,37.27409733976542,False
1466452584,37.0,37.0,37.21166529765678,False
1466452625,37.0,36.95730345499026,36.95730345499026,True
1466452676,36.9,37.17153406452767,37.17153406452767,True
1466452752,36.9,36.78944381692681,36.78944381692681,True
1466452796,36.9,36.9,37.3622628558547,False
1466452825,36.9,36.9,37.49236384671426,False
1466452860,36.9,36.71042058093014,36.71042058093014,True
1466452960,36.6,37.447810971024246,37.447810971024246,True
1466452979,36.6,37.25999351498269,37.25999351498269,True
1466453002,36.7,36.7,36.623547918218144,False
1466453016,36.7,36.75419249106467,36.75419249106467,True
1466453025,36.6,36.88517898140141,36.88517898140141,True
1466453089,36.6,36.6,36.79073738201559,False
1466453141,36.6,36.6,36.64292750098569,False
1466453154,36.8,36.8,37.344103955868334,False
1466453184,36.9,36.9,37.109386107139585,False
1466453202,36.9,36.9,37.07151098325638,False
1466453203,36.6,37.16345670458731,37.16345670458731,True
1466453222,36.6,37.30630021493707,37.30630021493707,True
1466453321,36.6,36.6,37.217764113871425,False
1466453379,36.6,36.750551409188226,36.750551409188226,True
1466453392,36.6,36.6,36.919154250147905,False
1466453422,36.7,36.60074187269561,36.60074187269561,True
1466453502,36.7,37.468337218245225,37.468337218245225,True
1466453518,36.9,36.9,37.28286946040169,False
1466453563,36.9,36.9,37.382853019189106,False
1466453604,36.9,36.9,36.75498129682915,False
1466453639,36.9,36.9,36.94758992735037,False
1466453705,36.9,37.13919790794982,37.13919790794982,True
1466453795,36.7,36.7,36.725634437370765,False
1466453816,36.7,36.7,36.67215797930156,False
1466453870,36.7,36.7,36.86888837062784,False
1466453910,36.7,36.7,36.70130602187371,False
1466454002,36.7,36.7,36.948562384737826,False
1466454051,36.7,37.01563127885487,37.01563127885487,True
1466454087,36.4,36.4,37.07482083664851,False
1466454129,36.5,36.5,36.92417272587714,False
1466454227,36.6,37.01470203755094,37.01470203755094,True
1466454259,36.6,37.29482865203328,37.29482865203328,True
1466454262,36.6,37.25385107266803,37.25385107266803,True
1466454298,36.6,36.50398862149796,36.50398862149796,True
1466454388,36.7,36.7,37.25522063079663,False
1466454399,36.6,36.90492971650669,36.90492971650669,True
1466454473,36.6,36.686166228647906,36.686166228647906,True
1466454529,36.5,36.5,36.60692347147222,False
1466454559,36.6,37.115292728028706,37.115292728028706,True
1466454648,36.6,37.223865231435134,37.223865231435134,True
1466454745,36.6,36.962331635424114,36.962331635424114,True
1466454763,36.6,37.047475306859276,37.047475306859276,True
1466454851,36.6,37.37135280380822,37.37135280380822,True
1466454936,36.6,37.13437203091035,37.13437203091035,True
1466454949,36.6,36.6,37.47302819736596,False
1466455032,36.8,36.8,36.60542612270585,False
1466455065,36.9,37.4024559063471,37.4024559063471,True
1466455119,36.9,37.22604420838918,37.22604420838918,True
1466455172,36.9,36.65066314887876,36.65066314887876,True
1466455196,36.9,36.9,37.06014298367405,False
1466455271,36.9,36.9,36.71879708695262,False
1466455357,36.9,37.372886298530496,37.372886298530496,True
1466455361,36.9,36.97729056683658,36.97729056683658,True
1466455394,36.9,36.9,36.83749599287896,False
1466455475,36.9,36.9,36.89067605505959,False
1466455497,36.8,36.70564968781149,36.70564968781149,True
1466455561,36.6,37.01749562511683,37.01749562511683,True
1466455575,36.6,36.6,36.70280167263544,False
1466455587,36.6,36.76258245370086,36.76258245370086,True
1466455651,36.6,36.6,37.44377857475606,False
1466455658,36.6,36.6,36.94475941838676,False
1466455732,36.7,36.7,37.400049884367384,False
1466455812,36.7,36.7,37.295789224952244,False
1466455910,36.9,36.66505414721431,36.66505414721431,True
1466455951,36.9,36.9,36.80272752554303,False
1466455999,36.9,36.94670976605516,36.94670976605516,True
1466456054,36.6,36.6,36.81664989730502,False
1466456058,36.6,36.6,36.70587544099862,False
1466456074,36.6,36.6,36.852829766475594,False
1466456088,36.6,37.07402178970312,37.07402178970312,True
1466456118,36.7,37.25903601674255,37.25903601674255,True
1466456218,37.0,37.0,36.98098059391609,False
1466456265,37.0,37.320889800772164,37.320889800772164,True
1466456270,37.0,36.98069234411764,36.98069234411764,True
1466456312,37.0,37.0,36.688229213874045,False
1466456346,36.6,36.6,37.45339108353266,False
1466456374,36.6,36.6,37.03439161454535,False
1466456406,36.8,36.9119551289974,36.9119551289974,True
1466456482,36.8,37.35216374754941,37.35216374754941,True
1466456512,36.8,37.378841702937706,37.378841702937706,True
1466456610,36.8,36.58307078537465,36.58307078537465,True
1466456683,36.8,37.430598207816885,37.430598207816885,True
1466456768,36.8,36.61329957531505,36.61329957531505,True
1466456856,36.8,37.354055135187906,37.354055135187906,True
1466456927,36.9,36.9,37.17302451546079,False
1466457014,36.9,36.9,37.02644515857766,False
1466457032,36.9,36.95720808383269,36.95720808383269,True
1466457067,36.8,36.8,36.68643119793052,False
1466457157,36.8,36.818125830436635,36.818125830436635,True
1466457215,36.8,36.8,37.19218479090709,False
1466457267,36.8,36.8,37.131337263653855,False
1466457357,37.0,37.0,36.84855355846253,False
1466457434,37.0,36.96333849854659,36.96333849854659,True
1466457487,36.8,36.8,36.84150021962281,False
1466457559,36.8,36.8,37.17390366277199,False
1466457603,36.8,37.030143258274194,37.030143258274194,True
1466457671,36.8,36.72813486073439,36.72813486073439,True
1466457713,36.7,36.7,37.44680477997176,False
1466457745,36.9,36.9,37.23606015715587,False
1466457782,36.7,36.5301136797054,36.5301136797054,True
1466457802,36.9,36.527766656637795,36.527766656637795,True
1466457817,36.9,36.9,36.573881627718194,False
1466457865,36.9,36.9,37.48595376120604,False
1466457884,36.9,36.96450396126278,36.96450396126278,True
1466457885,36.8,36.8,37.030477442619365,False
1466457917,36.9,36.9,36.901794201757305,False
1466457973,36.9,36.9,36.63783387757822,False
1466458045,36.9,36.68841701384919,36.68841701384919,True
1466458135,36.9,36.9536014850979,36.9536014850979,True
1466458151,36.9,36.88229063344364,36.88229063344364,True
1466458230,36.6,36.6,36.68300145405025,False
1466458324,36.9,36.9,37.397325833052605,False
1466458362,36.9,36.754463221658476,36.754463221658476,True
1466458438,36.9,37.366230553167405,37.366230553167405,True
1466458454,36.9,37.31856271810725,37.31856271810725,True
1466458496,36.9,36.56568243733532,36.56568243733532,True
1466458509,36.9,36.9,36.906896743322676,False
1466458580,36.9,36.95369236144618,36.95369236144618,True
1466458590,36.9,36.72342228318022,36.72342228318022,True
1466458626,36.9,36.9,37.15361095866564,False
1466458642,36.9,36.9,36.756920240549285,False
1466458665,36.9,36.59937866946297,36.59937866946297,True
1466458694,37.0,37.0,36.663602216510114,False
1466458762,37.0,37.034569690422394,37.034569690422394,True
1466458793,37.0,37.0,37.04532854188788,False
1466458824,36.6,36.6,37.06371067230115,False
1466458906,36.6,36.6,36.706363546094494,False
1466458982,36.6,36.78374582350903,36.78374582350903,True
1466459068,36.6,37.13177294750219,37.13177294750219,True
1466459159,36.7,37.3238258075653,37.3238258075653,True
1466459184,36.9,36.9,36.973437055443455,False
1466459273,36.9,36.9,37.00762398240139,False
1466459372,36.9,36.9,36.95664755778635,False
1466459415,36.9,36.524347475978004,36.524347475978004,True
1466459483,36.6,36.6,37.139834776879205,False
1466459504,36.6,37.49392225301563,37.49392225301563,True
1466459588,36.6,36.6,37.0266073216696,False
1466459595,36.7,36.660770962952235,36.660770962952235,True
1466459673,36.7,36.7,36.821341393108476,False
1466459726,37.0,37.23313764903133,37.23313764903133,True
1466459800,37.0,36.63344096982712,36.63344096982712,True
1466459857,37.0,36.53472572004532,36.53472572004532,True
1466459887,37.0,37.0,36.54040212048786,False
1466459913,37.0,37.40706657112338,37.40706657112338,True
1466459974,37.0,37.42986437984543,37.42986437984543,True
1466459995,37.0,37.229247491829796,37.229247491829796,True
1466460001,37.0,37.0,36.50867780922183,False
1466460054,37.0,37.0,37.16423440616875,False
1466460130,37.0,37.0,36.59085218309358,False
1466460215,36.6,36.56436557995386,36.56436557995386,True
1466460252,36.6,37.19010468681369,37.19010468681369,True
1466460272,36.6,36.6,36.60490780649718,False
1466460346,36.6,36.6,36.80314646945436,False
1466460440,36.6,36.6,36.90734876276941,False
1466460461,36.9,36.9,37.31820756457872,False
1466460528,36.9,36.844476991399226,36.844476991399226,True
1466460610,36.9,36.9,37.28044043785095,False
1466460630,36.9,37.24685474899298,37.24685474899298,True
1466460691,36.6,36.742145570575275,36.742145570575275,True
1466460706,36.6,37.361604803316766,37.361604803316766,True
1466460739,36.6,36.6,37.46984643043671,False
1466460765,36.9,36.9,36.78658635000239,False
1466460795,36.9,36.943135745665785,36.943135745665785,True
1466460877,36.6,37.263631299936485,37.263631299936485,True
1466460973,36.8,36.89086965819819,36.89086965819819,True
1466461009,36.8,36.8,37.4451901095423,False
1466461027,36.9,36.509514233578855,36.509514233578855,True
1466461032,36.9,36.9,36.58984456556162,False
1466461096,36.7,36.7,36.52523063008159,False
1466461169,36.7,36.7,37.15940526582448,False
1466461256,36.7,36.7,37.39126677600253,False
1466461351,36.5,36.88533583832621,36.88533583832621,True
1466461451,36.5,36.5,36.712258645232566,False
1466461531,36.5,37.347125585451586,37.347125585451586,True
1466461568,36.5,36.5,37.29635410130559,False
1466461583,36.5,36.5,36.66568094583312,False
1466461647,36.5,36.5,36.65402909492429,False
1466461703,36.6,36.85192320909853,36.85192320909853,True
1466461794,36.9,36.87339196765326,36.87339196765326,True
1466461813,36.5,36.5,36.57817364097119,False
1466461910,36.5,37.06662732151382,37.06662732151382,True
1466461988,36.5,36.5,36.75923930526555,False
1466462056,36.8,37.22443565140421,37.22443565140421,True
1466462101,36.8,37.407132747825834,37.407132747825834,True
1466462155,36.8,36.8,36.690607176762875,False
1466462215,36.8,36.8,37.035433376311474,False
1466462278,36.8,36.8,37.485792781008875,False
1466462368,36.4,36.4,37.11635039936873,False
1466462412,36.5,36.5,37.15980924781768,False
1466462512,36.5,37.46663921611995,37.46663921611995,True
1466462594,36.5,37.48112387717887,37.48112387717887,True
1466462671,36.4,36.4,36.628286730348755,False
1466462716,36.4,36.4,37.39363582805945,False
1466462746,36.4,37.24573435430327,37.24573435430327,True
1466462782,36.4,37.06386733920939,37.06386733920939,True
1466462820,36.5,37.34030717761346,37.34030717761346,True
1466462833,36.5,37.28192442706299,37.28192442706299,True
1466462842,36.5,36.5,37.26193896530961,False
1466462850,36.4,36.4,37.48035107255766,False
1466462941,36.4,36.4,36.52369804106561,False
1466463026,36.4,37.24344497641683,37.24344497641683,True
1466463117,36.4,36.893581274716944,36.893581274716944,True
1466463139,36.4,36.4,36.829911905684924,False
