1466410104,0.4,0.29752034562692387,0.29752034562692387,True
1466410114,0.4,0.4,0.2030141060782792,False
1466410130,0.4,0.4,0.5944626318929613,False
1466410181,0.4,0.4,0.6153594974927249,False
1466410203,0.4,0.4,0.2398149546234153,False
1466410250,0.4,0.6787777127340754,0.6787777127340754,True
1466410309,0.2,0.2,0.5870207047672042,False
1466410397,0.2,0.8689961070027354,0.8689961070027354,True
1466410430,0.2,0.3010677850287822,0.3010677850287822,True
1466410469,0.2,0.8412505736051142,0.8412505736051142,True
1466410483,0.2,0.12283068923767337,0.12283068923767337,True
1466410498,0.2,0.7221370481607665,0.7221370481607665,True
1466410502,0.2,0.9752836180901394,0.9752836180901394,True
1466410532,0.1,0.1,0.7564100906936327,False
1466410541,0.1,0.1,0.9891357845138602,False
1466410573,0.2,0.2,0.4215895526097623,False
1466410630,0.2,0.2,0.01613778905304175,False
1466410653,0.2,0.0322240154465564,0.0322240154465564,True
1466410746,0.9,0.9,0.613726106574864,False
1466410814,0.9,0.9,0.003684707582904956,False
1466410890,0.2,0.2,0.42211353455557843,False
1466410902,0.2,0.2,0.35912874332758427,False
1466410978,0.2,0.2,0.2498154980007754,False
1466411008,0.2,0.9237211538883394,0.9237211538883394,True
1466411066,0.2,0.2,0.11006476709114721,False
1466411094,0.2,0.14033315457291862,0.14033315457291862,True
1466411157,0.2,0.2,0.6306298807363913,False
1466411223,0.2,0.2037101867040526,0.2037101867040526,True
1466411226,0.2,0.2,0.2689841796515279,False
1466411272,0.2,0.4057215065403027,0.4057215065403027,True
1466411303,0.2,0.10352925767078569,0.10352925767078569,True
1466411318,0.2,0.2,0.9656744355087649,False
1466411396,0.8,0.14430801123173786,0.14430801123173786,True
1466411493,0.8,0.3808729550471335,0.3808729550471335,True
1466411549,0.8,0.3004632851752419,0.3004632851752419,True
1466411560,0.8,0.8,0.21006185072420092,False
1466411626,0.8,0.8,0.3150652093875619,False
1466411723,0.3,0.1944721996321509,0.1944721996321509,True
1466411763,0.3,0.3601840073831878,0.3601840073831878,True
1466411785,0.3,0.3,0.1940869793797393,False
1466411854,0.3,0.07715407521033624,0.07715407521033624,True
1466411889,0.3,0.10475429944205916,0.10475429944205916,True
1466411988,0.3,0.3,0.7255191274567347,False
1466412022,0.3,0.4505063751226799,0.4505063751226799,True
1466412046,0.3,0.3,0.04647032678955154,False
1466412076,0.3,0.10770266739292167,0.10770266739292167,True
1466412152,0.3,0.7268099800552983,0.7268099800552983,True
1466412181,0.3,0.3,0.891834626594291,False
1466412201,0.1,0.06959197693325991,0.06959197693325991,True
1466412260,0.1,0.1,0.14483807951602878,False
1466412347,0.1,0.21828488951300495,0.21828488951300495,True
1466412360,0.3,0.4180182345038632,0.4180182345038632,True
1466412438,0.3,0.44480479180646704,0.44480479180646704,True
1466412521,0.3,0.5119005176842261,0.5119005176842261,True
1466412599,0.3,0.35860623529069946,0.35860623529069946,True
1466412639,0.3,0.9488695771800497,0.9488695771800497,True
1466412691,0.3,0.8022846191320814,0.8022846191320814,True
1466412747,0.3,0.34396437456913276,0.34396437456913276,True
1466412794,0.3,0.3,0.28515492924663866,False
1466412819,0.3,0.3,0.015792854697287195,False
1466412832,0.3,0.3,0.8432428148243475,False
1466412874,0.3,0.3,0.03451483447788617,False
1466412943,0.3,0.1553733231233826,0.1553733231233826,True
1466412971,0.3,0.13518287075912994,0.13518287075912994,True
1466412990,0.3,0.6242991609833043,0.6242991609833043,True
1466413028,0.4,0.33147553975080113,0.33147553975080113,True
1466413053,0.4,0.4,0.9353688320744412,False
1466413125,0.4,0.4,0.6888833529282955,False
1466413200,0.4,0.19724614838494858,0.19724614838494858,True
1466413264,0.4,0.4,0.039471441581187205,False
1466413311,0.4,0.4,0.10977360129342806,False
1466413342,0.4,0.4,0.881216026086797,False
1466413440,0.7,0.4294506106028577,0.4294506106028577,True
1466413458,0.7,0.7,0.2950263129885634,False
1466413529,0.7,0.5318053936792067,0.5318053936792067,True
1466413542,0.1,0.1,0.8697105505785359,False
1466413638,0.1,0.32198630213497337,0.32198630213497337,True
1466413672,0.1,0.19981859070735586,0.19981859070735586,True
1466413733,0.1,0.1,0.25001250701547806,False
1466413779,0.1,0.1,0.3974713589346941,False
1466413780,0.1,0.1,0.47639930812884934,False
1466413864,0.2,0.2,0.07062873608580722,False
1466413885,0.2,0.2,0.445268228641859,False
1466413946,0.8,0.8,0.8374370028208963,False
1466414033,0.8,0.8,0.8780643430395181,False
1466414071,0.8,0.9842731331413724,0.9842731331413724,True
1466414164,0.8,0.06383476247067332,0.06383476247067332,True
1466414225,0.8,0.8,0.6684552186312093,False
1466414312,0.8,0.24886460599915494,0.24886460599915494,True
1466414325,0.8,0.8,0.1326827551753048,False
1466414328,0.8,0.8070295350882813,0.8070295350882813,True
1466414329,0.5,0.5,0.649916875152791,False
1466414402,0.5,0.8301526506828371,0.8301526506828371,True
1466414407,0.7,0.7,0.7138059718311531,False
1466414413,0.7,0.1640747964186131,0.1640747964186131,True
1466414460,0.7,0.7,0.6692092140278139,False
1466414552,0.7,0.7,0.38830083039721286,False
1466414602,0.4,0.49045864127212413,0.49045864127212413,True
1466414662,0.4,0.4,0.22005136982065399,False
1466414746,0.4,0.4,0.2261510731028623,False
1466414844,0.4,0.4,0.16960080613726947,False
1466414943,0.4,0.5859985203664089,0.5859985203664089,True
1466414946,0.4,0.4,0.41633360590838386,False
1466414966,1.0,0.3830439351547852,0.3830439351547852,True
1466415038,1.0,1.0,0.0797528571155881,False
1466415106,1.0,0.4798316034761816,0.4798316034761816,True
1466415130,1.0,0.37620322109741366,0.37620322109741366,True
1466415145,1.0,0.6530037881843717,0.6530037881843717,True
1466415202,0.5,0.5,0.4844433853152539,False
1466415239,0.8,0.9769060531120739,0.9769060531120739,True
1466415249,0.8,0.9699254394625643,0.9699254394625643,True
1466415308,0.9,0.9,0.13656999787819624,False
1466415357,0.9,0.07162801821474762,0.07162801821474762,True
1466415404,0.9,0.9,0.19062207102394202,False
1466415469,0.6,0.29833313016308294,0.29833313016308294,True
1466415548,0.6,0.6,0.7153950399177487,False
1466415588,0.6,0.32108012536739783,0.32108012536739783,True
1466415627,0.6,0.6,0.5946936912327281,False
1466415719,0.6,0.6,0.6823388097610616,False
1466415767,0.6,0.6,0.4215135961609039,False
1466415860,0.6,0.4867231898530363,0.4867231898530363,True
1466415872,0.6,0.06646015294401797,0.06646015294401797,True
1466415914,0.7,0.9620542752526366,0.9620542752526366,True
1466415934,0.7,0.7,0.819548056127033,False
1466415988,0.7,0.7,0.2366913076335806,False
1466416004,0.7,0.7,0.15100300966931068,False
1466416050,0.7,0.7,0.8976058558455163,False
1466416150,0.7,0.7,0.22891584874444793,False
1466416161,0.7,0.7,0.9617062325938466,False
1466416215,0.7,0.43245625040633595,0.43245625040633595,True
1466416315,0.7,0.7,0.26517456700467756,False
1466416321,0.7,0.7,0.040502217519235884,False
1466416393,0.4,0.52895372156626,0.52895372156626,True
1466416440,0.4,0.4,0.7570963247976505,False
1466416510,0.4,0.4,0.6659297771308107,False
1466416541,0.7,0.7,0.3730837431286498,False
1466416631,0.7,0.7,0.535966880468807,False
1466416671,0.7,0.7920809309694274,0.7920809309694274,True
1466416725,0.7,0.7,0.9952250784916051,False
1466416815,0.7,0.7,0.437576460364856,False
1466416867,0.7,0.9346091182033393,0.9346091182033393,True
1466416933,0.4,0.4,0.4523882022669803,False
1466416963,0.4,0.007002879712339483,0.007002879712339483,True
1466417034,0.4,0.4,0.722563293298281,False
1466417069,0.4,0.792883345622259,0.792883345622259,True
1466417095,0.4,0.29731778706894874,0.29731778706894874,True
1466417123,0.4,0.4,0.6915160427686955,False
1466417219,0.4,0.2705769120740852,0.2705769120740852,True
1466417228,0.4,0.4,0.855199800144739,False
1466417235,0.4,0.5224664825196469,0.5224664825196469,True
1466417266,0.4,0.4,0.4233670210973819,False
1466417298,0.4,0.4,0.31211449141593206,False
1466417382,0.4,0.4,0.9070794549240891,False
1466417429,0.4,0.9900644309782453,0.9900644309782453,True
1466417434,0.4,0.1628092408195836,0.1628092408195836,True
1466417513,0.7,0.9627851059912549,0.9627851059912549,True
1466417598,0.8,0.8,0.010442394850512016,False
1466417615,0.9,0.8990675275774753,0.8990675275774753,True
1466417654,0.9,0.8148338685316437,0.8148338685316437,True
1466417749,0.9,0.1748785850904493,0.1748785850904493,True
1466417763,0.9,0.8403363629156985,0.8403363629156985,True
1466417822,0.8,0.8,0.015511671070178368,False
1466417851,0.8,0.8,0.09366316052711487,False
1466417855,0.8,0.8,0.4989783155317735,False
1466417879,0.8,0.8,0.23974266512981945,False
1466417895,0.8,0.8,0.28872744499252423,False
1466417969,0.8,0.7617273843154068,0.7617273843154068,True
1466418049,0.8,0.5652982651803014,0.5652982651803014,True
1466418118,0.8,0.8,0.2788955359964579,False
1466418129,0.8,0.8270073709485178,0.8270073709485178,True
1466418179,0.8,0.8,0.457254363008174,False
1466418254,0.8,0.8,0.6757817014394428,False
1466418332,0.8,0.6986277027944174,0.6986277027944174,True
1466418428,0.8,0.8,0.6015007610622334,False
1466418494,0.8,0.7831922238454219,0.7831922238454219,True
1466418554,0.3,0.47098914255380664,0.47098914255380664,True
1466418563,0.3,0.3,0.19244142377071294,False
1466418564,0.3,0.3,0.7196081657346595,False
1466418594,0.2,0.5888645042967866,0.5888645042967866,True
1466418674,0.2,0.2,0.5347954442202119,False
1466418748,0.2,0.9398694854005729,0.9398694854005729,True
1466418847,0.2,0.2337828621112079,0.2337828621112079,True
1466418877,0.2,0.2,0.7109454256563136,False
1466418917,0.2,0.03248830073717901,0.03248830073717901,True
1466418938,0.2,0.5256375460958788,0.5256375460958788,True
1466419031,0.2,0.5945633884028501,0.5945633884028501,True
1466419058,0.2,0.2,0.03752947585110433,False
1466419104,0.2,0.2,0.5581901947444893,False
1466419166,0.2,0.30971873085226265,0.30971873085226265,True
1466419261,0.2,0.2,0.7410567574104211,False
1466419349,0.2,0.2,0.6797943275004721,False
1466419442,0.2,0.6657926110804491,0.6657926110804491,True
1466419530,0.2,0.015569040054037142,0.015569040054037142,True
1466419595,0.2,0.2,0.5425440287123751,False
1466419646,0.2,0.2,0.7660849590492359,False
1466419737,0.4,0.4,0.44288905075954843,False
1466419826,0.4,0.580398432869644,0.580398432869644,True
1466419880,0.4,0.4,0.3298245081871204,False
1466419911,0.4,0.4,0.6331351138570871,False
1466419938,0.4,0.11218675085637198,0.11218675085637198,True
1466420016,0.4,0.06411752489541167,0.06411752489541167,True
1466420019,0.4,0.5828655342685615,0.5828655342685615,True
1466420108,0.4,0.4,0.6035461003766577,False
1466420205,0.4,0.4,0.11231264659784612,False
1466420228,0.4,0.19544527185896743,0.19544527185896743,True
1466420257,0.4,0.7125581375686862,0.7125581375686862,True
1466420270,0.4,0.48823411436562203,0.48823411436562203,True
1466420296,0.4,0.4957865881179687,0.4957865881179687,True
1466420331,0.4,0.5595484826909631,0.5595484826909631,True
1466420407,0.4,0.32899798664756674,0.32899798664756674,True
1466420430,0.4,0.9336102479243533,0.9336102479243533,True
1466420453,0.4,0.4,0.7958213839159756,False
1466420474,0.9,0.9,0.020996903779720744,False
1466420566,0.9,0.9,0.7641075804205297,False
1466420579,0.9,0.9,0.17716069986066207,False
1466420618,0.7,0.7185960063339668,0.7185960063339668,True
1466420624,0.7,0.30930622447743994,0.30930622447743994,True
1466420643,0.7,0.5911790667719975,0.5911790667719975,True
1466420695,0.7,0.7,0.4356102383676016,False
1466420788,0.7,0.5656919527069749,0.5656919527069749,True
1466420863,0.7,0.104148068481829,0.104148068481829,True
1466420947,0.7,0.7078072594522351,0.7078072594522351,True
1466421003,0.7,0.08272874489575766,0.08272874489575766,True
1466421032,0.7,0.22107416215361908,0.22107416215361908,True
1466421050,0.7,0.7,0.4346951795349375,False
1466421116,0.7,0.7809047656486283,0.7809047656486283,True
1466421208,0.7,0.7,0.7037957732516313,False
1466421234,0.7,0.47195230842069225,0.47195230842069225,True
1466421262,1.0,1.0,0.5386630280484728,False
1466421353,1.0,0.6214236572713651,0.6214236572713651,True
1466421360,1.0,0.8960698457562871,0.8960698457562871,True
1466421392,1.0,0.6589032137942569,0.6589032137942569,True
1466421480,1.0,0.30059241235759526,0.30059241235759526,True
1466421530,0.3,0.19214723054216132,0.19214723054216132,True
1466421547,0.3,0.3,0.5729018631836084,False
1466421591,0.3,0.3,0.6602394188121393,False
1466421633,0.2,0.5041121860446822,0.5041121860446822,True
1466421636,0.2,0.7016112172578033,0.7016112172578033,True
1466421670,0.2,0.2,0.9618759341553914,False
1466421695,0.2,0.624392100928305,0.624392100928305,True
1466421721,0.2,0.2,0.9216375324772462,False
1466421804,0.8,0.8,0.14180792943998954,False
1466421819,0.8,0.8,0.02201982676102965,False
1466421862,0.6,0.6,0.6635049092382463,False
1466421885,1.0,1.0,0.787722923402366,False
1466421936,0.2,0.2226033292327717,0.2226033292327717,True
1466422012,0.2,0.2556735249987653,0.2556735249987653,True
1466422044,0.2,0.10335317274483391,0.10335317274483391,True
1466422045,0.2,0.3756416392973577,0.3756416392973577,True
1466422137,0.2,0.18494834162351537,0.18494834162351537,True
1466422162,0.2,0.9034371192030232,0.9034371192030232,True
1466422189,0.2,0.2,0.9285166880869236,False
1466422197,0.2,0.9370061740063657,0.9370061740063657,True
1466422264,0.2,0.2,0.30293922411925167,False
1466422330,0.2,0.09447238460579221,0.09447238460579221,True
1466422378,0.2,0.029216084892361938,0.029216084892361938,True
1466422432,0.2,0.2,0.8228061239336613,False
1466422488,0.2,0.2,0.6441306384469005,False
1466422577,0.5,0.23064648188357184,0.23064648188357184,True
1466422628,0.5,0.5,0.6060355422510888,False
1466422638,0.5,0.5,0.7504132590491381,False
1466422666,0.5,0.5645094886790843,0.5645094886790843,True
1466422706,0.5,0.8202365995018123,0.8202365995018123,True
1466422731,0.5,0.00044898572814977555,0.00044898572814977555,True
1466422804,0.7,0.7,0.3284682721518025,False
1466422866,0.5,0.33827086013604113,0.33827086013604113,True
1466422873,0.5,0.03520885189665324,0.03520885189665324,True
1466422895,0.4,0.4,0.25862758825064014,False
1466422953,0.9,0.9,0.8790514820634043,False
1466422973,0.9,0.0020847303511623005,0.0020847303511623005,True
1466423017,0.9,0.7353332043337616,0.7353332043337616,True
1466423051,0.9,0.9,0.14016147322699335,False
1466423099,0.9,0.9,0.8561365709637639,False
1466423150,0.9,0.9,0.8392514821187752,False
1466423155,0.9,0.003709254748505031,0.003709254748505031,True
1466423168,0.9,0.7422569772610854,0.7422569772610854,True
1466423205,0.9,0.3452762955871851,0.3452762955871851,True
1466423275,0.9,0.19820197587106136,0.19820197587106136,True
1466423287,0.9,0.9,0.14044062473433128,False
1466423336,0.9,0.9,0.5382298796971343,False
1466423340,0.9,0.9,0.2485668822909013,False
1466423355,0.9,0.9,0.5335766627136994,False
1466423443,0.9,0.8400898563289056,0.8400898563289056,True
1466423499,0.9,0.8318059615967737,0.8318059615967737,True
1466423585,0.9,0.9,0.15782162168860192,False
1466423612,0.9,0.2117106935512707,0.2117106935512707,True
1466423669,0.9,0.7140212407243539,0.7140212407243539,True
1466423705,0.9,0.9,0.17962603133507438,False
1466423770,0.9,0.4638018125191271,0.4638018125191271,True
1466423844,0.9,0.9810045295887312,0.9810045295887312,True
1466423902,0.9,0.9,0.7395388180972626,False
1466423913,0.9,0.9,0.4091328162727408,False
1466423972,0.9,0.3123187258712765,0.3123187258712765,True
1466424014,0.9,0.1866277264632744,0.1866277264632744,True
1466424069,0.9,0.9,0.20390495977765954,False
1466424154,0.9,0.22024606274788294,0.22024606274788294,True
1466424155,0.9,0.49758712289220286,0.49758712289220286,True
1466424169,0.9,0.16227785780777326,0.16227785780777326,True
1466424262,0.9,0.9,0.11242725932835473,False
1466424339,0.9,0.9,0.09923161344151488,False
1466424398,0.7,0.7,0.5914987595132569,False
1466424497,0.7,0.7,0.8217618880833846,False
1466424558,0.7,0.7,0.5789665362399059,False
1466424613,0.7,0.7,0.6806399677122437,False
1466424713,0.2,0.5703391729063141,0.5703391729063141,True
1466424804,0.3,0.15074715990513443,0.15074715990513443,True
1466424878,0.3,0.3,0.5814825584014299,False
1466424924,0.3,0.3,0.8273398610832343,False
1466425009,1.0,1.0,0.4176978974992971,False
1466425106,1.0,1.0,0.7847787092361859,False
1466425129,1.0,0.4378217170040267,0.4378217170040267,True
1466425179,1.0,1.0,0.6433604134393519,False
1466425257,1.0,1.0,0.1964123361643726,False
1466425262,1.0,1.0,0.14762477667270624,False
1466425305,1.0,0.6012440319310665,0.6012440319310665,True
1466425331,1.0,1.0,0.5515563012038126,False
1466425338,1.0,0.08069536907518171,0.08069536907518171,True
1466425377,1.0,0.825295343137295,0.825295343137295,True
1466425380,1.0,1.0,0.6753939761501907,False
1466425417,1.0,1.0,0.4231522324603264,False
1466425484,1.0,0.8489557535791784,0.8489557535791784,True
1466425517,1.0,0.6908578716721425,0.6908578716721425,True
1466425553,1.0,1.0,0.914124007733883,False
1466425640,1.0,0.5728261027396263,0.5728261027396263,True
1466425687,1.0,1.0,0.7122476960334109,False
1466425711,1.0,0.607625441980906,0.607625441980906,True
1466425768,1.0,1.0,0.24196095701065656,False
1466425811,0.8,0.8,0.7648941803128074,False
1466425856,0.8,0.8,0.287818391682641,False
1466425869,0.8,0.020959680495386213,0.020959680495386213,True
1466425884,0.8,0.8,0.8815099854776661,False
1466425962,0.5,0.6401567197679858,0.6401567197679858,True
1466425974,0.5,0.987840518747995,0.987840518747995,True
1466426016,0.5,0.5,0.8894305310887649,False
1466426024,0.5,0.09108128294635587,0.09108128294635587,True
1466426034,0.4,0.4,0.1692751973866089,False
1466426130,0.4,0.9082173487842583,0.9082173487842583,True
1466426189,0.4,0.5165573899085057,0.5165573899085057,True
1466426198,0.4,0.4,0.17709415184498178,False
1466426280,0.3,0.6290527286242229,0.6290527286242229,True
1466426298,0.3,0.3,0.6506115804253079,False
1466426380,0.3,0.8300470308246316,0.8300470308246316,True
1466426420,0.3,0.3,0.4620027623993246,False
1466426509,0.3,0.3,0.15554510002757294,False
1466426521,0.3,0.5382135820408347,0.5382135820408347,True
1466426535,0.3,0.1271365178207159,0.1271365178207159,True
1466426563,0.5,0.9976846265257114,0.9976846265257114,True
1466426620,0.4,0.746191659045314,0.746191659045314,True
1466426694,0.4,0.4,0.6118159871972909,False
1466426764,0.4,0.4572314223224563,0.4572314223224563,True
1466426778,0.4,0.9216086780233642,0.9216086780233642,True
1466426866,0.4,0.6049453586122566,0.6049453586122566,True
1466426938,0.4,0.4,0.8490915245042977,False
1466427022,0.4,0.4,0.33355773283430135,False
1466427059,0.4,0.4,0.31390176502229516,False
1466427125,0.4,0.4,0.9542997877423905,False
1466427204,0.4,0.4,0.38169023233065347,False
1466427240,0.8,0.33796349844187956,0.33796349844187956,True
1466427317,0.8,0.8,0.009283349000176244,False
1466427319,0.8,0.8,0.6509048754654423,False
1466427331,0.8,0.269453985576669,0.269453985576669,True
1466427425,0.8,0.8,0.8899619849874725,False
1466427458,0.8,0.7420149489479145,0.7420149489479145,True
1466427495,0.8,0.8,0.7925990517023064,False
1466427543,0.8,0.8,0.9413848659222617,False
1466427625,0.6,0.749321190773974,0.749321190773974,True
1466427663,0.6,0.6,0.6698948429300434,False
1466427672,0.6,0.6,0.7042150451814715,False
1466427684,0.6,0.5319698603641372,0.5319698603641372,True
1466427739,0.6,0.15310894715910706,0.15310894715910706,True
1466427769,0.6,0.6,0.9221808275346772,False
1466427775,0.3,0.3,0.5110468876829437,False
1466427820,0.3,0.3402117967966798,0.3402117967966798,True
1466427837,0.3,0.3,0.965481475640934,False
1466427846,0.3,0.40812627183264616,0.40812627183264616,True
1466427904,0.3,0.75550508161385,0.75550508161385,True
1466427997,0.4,0.8044103418982009,0.8044103418982009,True
1466428027,1.0,0.6932211649379528,0.6932211649379528,True
1466428114,1.0,1.0,0.8556808034266937,False
1466428212,0.3,0.3,0.33929183866698176,False
1466428294,0.3,0.6122127943421116,0.6122127943421116,True
1466428321,0.3,0.3,0.2550592143821113,False
1466428340,0.3,0.3,0.3921352171110061,False
1466428378,0.3,0.3,0.05075040332031866,False
1466428463,0.3,0.8479723709293268,0.8479723709293268,True
1466428551,0.3,0.20568090575182507,0.20568090575182507,True
1466428575,0.3,0.3,0.7494409830758642,False
1466428593,0.3,0.3,0.29182778459170644,False
1466428682,0.3,0.6776720612725299,0.6776720612725299,True
1466428699,0.3,0.3625245642950129,0.3625245642950129,True
1466428719,0.3,0.8065587480592296,0.8065587480592296,True
1466428819,0.3,0.3,0.9995887997338946,False
1466428850,0.3,0.7460412077414141,0.7460412077414141,True
1466428884,0.3,0.3,0.877602975947531,False
1466428973,0.3,0.3,0.18561997497398097,False
1466429006,0.6,0.6,0.718369495750411,False
1466429026,0.6,0.6,0.6919105368621234,False
1466429066,0.6,0.6224666246057858,0.6224666246057858,True
1466429072,0.6,0.126253168021482,0.126253168021482,True
1466429103,0.6,0.16424886287837925,0.16424886287837925,True
1466429110,0.6,0.6,0.277557231833808,False
1466429123,0.6,0.6,0.9858749615246619,False
1466429168,0.3,0.41755454770224487,0.41755454770224487,True
1466429182,0.4,0.4,0.7748422990376908,False
1466429184,0.9,0.13465765446011635,0.13465765446011635,True
1466429197,0.9,0.38148754422315145,0.38148754422315145,True
1466429280,0.9,0.8890687482289384,0.8890687482289384,True
1466429378,0.9,0.9,0.9452559644206268,False
1466429450,0.9,0.9,0.505903109791006,False
1466429455,0.9,0.45673501829633745,0.45673501829633745,True
1466429510,0.9,0.9,0.6630038476345678,False
1466429565,0.9,0.9,0.6033425875091778,False
1466429566,0.9,0.9,0.4008344878708292,False
1466429592,0.9,0.9,0.9626539430897824,False
1466429623,0.9,0.6463673305700246,0.6463673305700246,True
1466429691,0.4,0.7496450090924943,0.7496450090924943,True
1466429733,0.4,0.34040382829504323,0.34040382829504323,True
1466429803,0.4,0.22522956629055768,0.22522956629055768,True
1466429832,0.2,0.2,0.7277473354192531,False
1466429905,0.2,0.6105301039642929,0.6105301039642929,True
1466429997,0.2,0.10143131482826406,0.10143131482826406,True
1466430050,0.2,0.4688941028621767,0.4688941028621767,True
1466430088,0.2,0.2,0.7753933731273334,False
1466430174,0.2,0.24332846095750305,0.24332846095750305,True
1466430247,0.4,0.4,0.2673318337433608,False
1466430344,0.4,0.6444387512453285,0.6444387512453285,True
1466430375,0.5,0.5,0.4319091048471807,False
1466430400,0.5,0.5,0.6349302771747716,False
1466430457,0.5,0.6216387437313512,0.6216387437313512,True
1466430483,0.5,0.5,0.4275261681526681,False
1466430517,0.5,0.5,0.041157464739072,False
1466430524,0.5,0.5,0.6379682548962707,False
1466430592,0.5,0.16611057042312072,0.16611057042312072,True
1466430616,0.5,0.26718208199396454,0.26718208199396454,True
1466430631,0.5,0.5,0.47462672900425007,False
1466430680,0.5,0.5,0.5290016009006411,False
1466430734,0.5,0.5,0.2030543462076494,False
1466430790,0.5,0.5,0.8269079384387934,False
1466430815,0.5,0.5,0.6287898048460552,False
1466430895,0.5,0.8429447387774543,0.8429447387774543,True
1466430916,0.8,0.09225642926164135,0.09225642926164135,True
1466430929,0.8,0.08383849351673955,0.08383849351673955,True
1466430936,0.3,0.5138382754396121,0.5138382754396121,True
1466431009,0.3,0.3,0.3348664522486875,False
1466431036,0.3,0.7288971911025174,0.7288971911025174,True
1466431055,0.3,0.3,0.7243272255012283,False
1466431145,0.3,0.8341449123968997,0.8341449123968997,True
1466431218,0.3,0.3,0.6234906461456404,False
1466431290,0.3,0.4338488255767269,0.4338488255767269,True
1466431324,0.3,0.7601451827626086,0.7601451827626086,True
1466431400,0.3,0.21885521295734967,0.21885521295734967,True
1466431450,0.7,0.6705476982393845,0.6705476982393845,True
1466431526,0.3,0.15246765959974873,0.15246765959974873,True
1466431589,0.3,0.3,0.7138711027376792,False
1466431661,0.3,0.36824876106674165,0.36824876106674165,True
1466431760,0.3,0.3,0.7482983818501154,False
1466431796,0.3,0.46025518264526133,0.46025518264526133,True
1466431848,0.4,0.4,0.9247688119973977,False
1466431879,0.7,0.14990274147836513,0.14990274147836513,True
1466431954,0.7,0.2499461287691005,0.2499461287691005,True
1466431958,0.7,0.7,0.8377830938609379,False
1466432002,0.7,0.23668541976689517,0.23668541976689517,True
1466432101,0.7,0.7,0.5299891184986876,False
1466432177,0.1,0.8067488583062501,0.8067488583062501,True
1466432194,0.6,0.6,0.8999481105938334,False
1466432237,0.6,0.861251387976363,0.861251387976363,True
1466432280,0.6,0.6,0.8719849501288819,False
1466432373,0.6,0.6,0.7215035945364344,False
1466432389,0.6,0.6,0.8406689017479625,False
1466432415,0.6,0.6,0.7271694634360428,False
1466432417,0.6,0.8335423165634817,0.8335423165634817,True
1466432506,0.6,0.7034578054816415,0.7034578054816415,True
1466432569,0.6,0.12066089331484253,0.12066089331484253,True
1466432577,0.3,0.23863184724512387,0.23863184724512387,True
1466432670,0.3,0.3,0.8547855509421003,False
1466432706,0.3,0.3,0.5571738306801847,False
1466432804,0.3,0.3783624981316066,0.3783624981316066,True
1466432853,0.3,0.3,0.1446336023488194,False
1466432947,0.8,0.7149490936441338,0.7149490936441338,True
1466433040,0.3,0.3,0.9323052243191832,False
1466433128,0.3,0.3,0.9164828328817511,False
1466433145,0.3,0.3,0.8882528208590013,False
1466433195,0.6,0.2680373572106409,0.2680373572106409,True
1466433289,0.6,0.6,0.90480944541583,False
1466433375,0.6,0.4390532971554698,0.4390532971554698,True
1466433427,0.6,0.6,0.8610781267811035,False
1466433478,0.6,0.11981680149333795,0.11981680149333795,True
1466433517,0.6,0.795663944099457,0.795663944099457,True
1466433615,0.6,0.6,0.29874663346507846,False
1466433672,0.5,0.6940536153362593,0.6940536153362593,True
1466433762,0.5,0.9703109888620836,0.9703109888620836,True
1466433809,0.8,0.8,0.9959851019411164,False
1466433873,0.8,0.7251793797839049,0.7251793797839049,True
1466433910,0.8,0.8,0.050583052097518344,False
1466433994,0.8,0.8,0.8780424963837338,False
1466434003,0.8,0.2709878888758669,0.2709878888758669,True
1466434045,0.8,0.03211640830153051,0.03211640830153051,True
1466434096,1.0,0.7472180705408423,0.7472180705408423,True
1466434173,1.0,0.726672293556119,0.726672293556119,True
1466434199,1.0,1.0,0.5513635456997728,False
1466434224,1.0,1.0,0.23031762622098073,False
1466434308,1.0,1.0,0.7541619065882949,False
1466434359,1.0,1.0,0.46492205242096785,False
1466434371,1.0,1.0,0.014151626316518673,False
1466434457,1.0,1.0,0.9751659248075782,False
1466434498,1.0,1.0,0.7110056352149249,False
1466434552,1.0,0.9985333193538269,0.9985333193538269,True
1466434622,1.0,0.6116461715761382,0.6116461715761382,True
1466434691,1.0,1.0,0.11854868949187591,False
1466434718,1.0,0.9016891906311746,0.9016891906311746,True
1466434727,0.6,0.6,0.5852514741376184,False
1466434815,0.8,0.4512294208168782,0.4512294208168782,True
1466434892,0.8,0.39257220763411893,0.39257220763411893,True
1466434915,0.8,0.625794677202968,0.625794677202968,True
1466434946,0.8,0.4488454208652858,0.4488454208652858,True
1466434988,0.8,0.9233177399981659,0.9233177399981659,True
1466435020,0.8,0.8,0.6114367455743825,False
1466435090,0.6,0.6,0.08930703405650142,False
1466435099,0.6,0.6,0.8220197748444383,False
1466435145,0.6,0.6,0.49884427101835604,False
1466435186,0.6,0.25599124039898546,0.25599124039898546,True
1466435246,0.6,0.03980474266468814,0.03980474266468814,True
1466435284,0.6,0.6,0.19880283742084515,False
1466435327,0.6,0.6,0.08091903294758263,False
1466435369,0.6,0.6,0.5100204871561957,False
1466435408,0.6,0.1893497737173806,0.1893497737173806,True
1466435468,0.6,0.6,0.01972182638606046,False
1466435486,0.6,0.6,0.809355028059376,False
1466435555,0.6,0.06822618801630165,0.06822618801630165,True
1466435624,0.6,0.4725172729984849,0.4725172729984849,True
1466435659,0.6,0.8488043305732775,0.8488043305732775,True
1466435682,0.6,0.8599705252836485,0.8599705252836485,True
1466435712,0.6,0.6,0.18696272107067458,False
1466435794,0.6,0.6,0.6780553104785009,False
1466435878,0.6,0.6,0.8292511081867515,False
1466435904,0.6,0.6,0.5687690982817792,False
1466435971,0.3,0.3,0.6007483411171947,False
1466436041,0.3,0.3,0.514519087558671,False
1466436059,0.3,0.24318447988031233,0.24318447988031233,True
1466436093,0.8,0.8825769706756955,0.8825769706756955,True
1466436178,0.8,0.8,0.9133205935474994,False
1466436230,0.8,0.8,0.36999404985515294,False
1466436280,0.8,0.8,0.7265486321893775,False
1466436332,0.8,0.8,0.7570952761567573,False
1466436333,0.8,0.8,0.4634754341653704,False
1466436431,0.8,0.4276729400573148,0.4276729400573148,True
1466436520,0.8,0.40864476677768924,0.40864476677768924,True
1466436572,0.3,0.3,0.4050521030791412,False
1466436647,0.1,0.1,0.342693565930952,False
1466436655,0.1,0.114449364332332,0.114449364332332,True
1466436727,0.1,0.1,0.17087200182034834,False
1466436793,0.5,0.5,0.6389622940157541,False
1466436879,0.5,0.5,0.15663493723097033,False
1466436880,0.5,0.3868516591870377,0.3868516591870377,True
1466436939,0.3,0.3,0.12884589124215928,False
1466437015,0.3,0.6293154914948604,0.6293154914948604,True
1466437048,0.7,0.7,0.3200012121048077,False
1466437088,0.6,0.6,0.1690020045623728,False
1466437105,0.6,0.1531965423606697,0.1531965423606697,True
1466437122,0.6,0.9877039531908144,0.9877039531908144,True
1466437160,0.6,0.32659506507179425,0.32659506507179425,True
1466437232,0.6,0.4073103170103717,0.4073103170103717,True
1466437321,0.6,0.595468012528033,0.595468012528033,True
1466437335,0.6,0.6,0.5189577443085712,False
1466437358,0.6,0.6,0.5608145379291555,False
1466437441,0.6,0.6,0.9272528480597002,False
1466437480,0.6,0.023797526741877628,0.023797526741877628,True
1466437561,0.6,0.6,0.18648830882121903,False
1466437653,0.6,0.263367313990862,0.263367313990862,True
1466437709,0.6,0.6,0.20046490206042955,False
1466437798,0.6,0.8832075668804462,0.8832075668804462,True
1466437869,0.6,0.6,0.5721973972854814,False
1466437952,0.6,0.9457462773778733,0.9457462773778733,True
1466438037,0.6,0.9464763898467654,0.9464763898467654,True
1466438054,0.6,0.6,0.6501644548057645,False
1466438056,0.3,0.12606686290636038,0.12606686290636038,True
1466438136,0.3,0.997470056267487,0.997470056267487,True
1466438234,0.3,0.28115717145311103,0.28115717145311103,True
1466438261,0.3,0.7981477592517344,0.7981477592517344,True
1466438348,0.3,0.5557394751624097,0.5557394751624097,True
1466438407,0.3,0.5993990976683157,0.5993990976683157,True
1466438422,0.3,0.3,0.18673879482948508,False
1466438476,0.3,0.9606428339142766,0.9606428339142766,True
1466438571,0.3,0.5159456873310322,0.5159456873310322,True
1466438612,0.3,0.3,0.9025263963694478,False
1466438620,0.3,0.36584666920911724,0.36584666920911724,True
1466438698,0.3,0.3,0.04381705755044685,False
1466438747,0.3,0.3,0.2530157409855921,False
1466438795,0.5,0.874509467207803,0.874509467207803,True
1466438810,0.5,0.1469490957924835,0.1469490957924835,True
1466438888,0.5,0.05074613035804332,0.05074613035804332,True
1466438975,0.5,0.5,0.3039667811673269,False
1466439000,0.5,0.6588634152047308,0.6588634152047308,True
1466439092,0.3,0.41977810966332296,0.41977810966332296,True
1466439150,0.3,0.4579338077011782,0.4579338077011782,True
1466439229,0.2,0.6036284177466508,0.6036284177466508,True
1466439279,0.9,0.9,0.39081568522999943,False
1466439328,0.9,0.9,0.7224707847235093,False
1466439351,0.9,0.49716300718688855,0.49716300718688855,True
1466439447,0.9,0.9,0.6768739216427271,False
1466439466,0.9,0.7296559025905822,0.7296559025905822,True
1466439480,0.9,0.9,0.8517256132675184,False
1466439560,0.1,0.25317205159228173,0.25317205159228173,True
1466439600,0.1,0.7353190462269158,0.7353190462269158,True
1466439645,0.1,0.07823936563344436,0.07823936563344436,True
1466439729,0.4,0.3686139737200538,0.3686139737200538,True
1466439772,0.4,0.4,0.3752646247737068,False
1466439827,0.4,0.4,0.495721176256109,False
1466439849,0.4,0.4,0.3005400175634947,False
1466439910,0.4,0.4,0.7579235668148445,False
1466439990,0.4,0.4,0.6529049142552507,False
1466440005,0.4,0.7068935462709788,0.7068935462709788,True
1466440006,0.4,0.12293722460862255,0.12293722460862255,True
1466440045,0.4,0.38357992852000944,0.38357992852000944,True
1466440066,0.4,0.5868253899519319,0.5868253899519319,True
1466440154,0.4,0.8391184072069356,0.8391184072069356,True
1466440214,0.4,0.872110227587535,0.872110227587535,True
1466440226,0.4,0.4,0.5837522265205797,False
1466440304,0.4,0.4,0.6491733722055508,False
1466440385,0.4,0.4,0.05010966591700772,False
1466440451,0.4,0.5428149989192412,0.5428149989192412,True
1466440521,0.4,0.31499964025175775,0.31499964025175775,True
1466440581,0.4,0.4,0.21244325905070782,False
1466440674,0.4,0.4,0.9563747528265452,False
1466440727,0.4,0.48970034281806574,0.48970034281806574,True
1466440821,0.7,0.30569501537063704,0.30569501537063704,True
1466440827,0.7,0.7507861617579208,0.7507861617579208,True
1466440897,0.7,0.7,0.9656195057716206,False
1466440923,0.7,0.4622274688461804,0.4622274688461804,True
1466441012,0.7,0.3761776477653408,0.3761776477653408,True
1466441049,0.7,0.7,0.416084220475437,False
1466441147,0.7,0.7,0.7413837623848918,False
1466441213,0.3,0.07109853796959298,0.07109853796959298,True
1466441311,0.3,0.3,0.2805059488915579,False
1466441318,0.9,0.9,0.4470752269929865,False
1466441418,0.9,0.9,0.688834941096475,False
1466441510,0.9,0.11853530680391267,0.11853530680391267,True
1466441541,0.9,0.9,0.5446428093892419,False
1466441579,0.9,0.9,0.5895824062436815,False
1466441630,0.9,0.6065388645298014,0.6065388645298014,True
1466441714,0.9,0.4959678646784904,0.4959678646784904,True
1466441724,0.8,0.8,0.7697618019319594,False
1466441741,0.8,0.6820070195861326,0.6820070195861326,True
1466441822,0.1,0.04305189043500002,0.04305189043500002,True
1466441883,0.1,0.3408753903512709,0.3408753903512709,True
1466441934,0.9,0.15136909496389173,0.15136909496389173,True
1466441947,0.9,0.9,0.708447642737467,False
1466442046,0.9,0.983120227650269,0.983120227650269,True
1466442137,0.9,0.9,0.9480883788801457,False
1466442175,0.9,0.9,0.3926087705441731,False
1466442216,0.4,0.4,0.6124952773528353,False
1466442284,0.4,0.6136954623622524,0.6136954623622524,True
1466442332,0.4,0.4,0.2587719106840439,False
1466442358,0.4,0.3193812958886425,0.3193812958886425,True
1466442362,0.4,0.4,0.7336580640491219,False
1466442439,0.4,0.9132048638102064,0.9132048638102064,True
1466442490,0.4,0.4,0.5710638872920699,False
1466442498,0.7,0.7,0.0880846144832329,False
1466442508,0.7,0.7,0.1380230874599504,False
1466442518,0.6,0.6,0.37012554531407826,False
1466442556,0.6,0.06791814940892937,0.06791814940892937,True
1466442656,0.6,0.14427715751493908,0.14427715751493908,True
1466442662,0.7,0.7,0.48724456187615184,False
1466442703,0.7,0.8146319574533194,0.8146319574533194,True
1466442768,0.7,0.5136350494691908,0.5136350494691908,True
1466442788,0.7,0.04593633830639021,0.04593633830639021,True
1466442886,0.7,0.7,0.7232729132150034,False
1466442980,0.7,0.7,0.2170652653371099,False
1466443000,0.7,0.7,0.3573102229422088,False
1466443029,0.7,0.7,0.8140090648280727,False
1466443038,0.7,0.7,0.9529076330708077,False
1466443089,0.7,0.06844403270313393,0.06844403270313393,True
1466443162,0.7,0.7695970379112272,0.7695970379112272,True
1466443201,0.7,0.7955119904126303,0.7955119904126303,True
1466443219,0.7,0.28758855664496463,0.28758855664496463,True
1466443263,0.7,0.7,0.2556198867471138,False
1466443350,0.7,0.7,0.717047249525611,False
1466443373,0.7,0.1327910313982188,0.1327910313982188,True
1466443392,0.7,0.9918272631018606,0.9918272631018606,True
1466443402,0.7,0.34063632510370845,0.34063632510370845,True
1466443486,0.7,0.7,0.04592642897592336,False
1466443511,0.7,0.7,0.20000958983509798,False
1466443584,0.7,0.7,0.26178791213324515,False
1466443677,0.7,0.7,0.9704706348164289,False
1466443725,0.7,0.031104639597366646,0.031104639597366646,True
1466443727,0.7,0.7,0.43374875720180495,False
1466443750,0.7,0.7,0.7359108507821449,False
1466443761,0.3,0.3,0.5303212525155485,False
1466443808,0.3,0.41534182659665086,0.41534182659665086,True
1466443861,0.3,0.021347560178329283,0.021347560178329283,True
1466443929,0.3,0.8544074560515265,0.8544074560515265,True
1466443986,0.3,0.3,0.16945694633636488,False
1466444043,0.3,0.3,0.5079922131192935,False
1466444110,0.3,0.18949477439113316,0.18949477439113316,True
1466444192,0.3,0.8157632909496711,0.8157632909496711,True
1466444287,0.3,0.8700127107720232,0.8700127107720232,True
1466444294,0.3,0.3,0.19281285120880787,False
1466444366,0.3,0.8698760660536116,0.8698760660536116,True
1466444466,0.3,0.3,0.8762244899800637,False
1466444505,0.2,0.2,0.7091025682018873,False
1466444556,0.2,0.23503772423343816,0.23503772423343816,True
1466444624,0.2,0.2,0.7842335750348981,False
1466444663,0.2,0.2,0.3642955879887999,False
1466444685,0.1,0.1,0.48691283766466986,False
1466444756,0.1,0.1,0.31723622689407727,False
1466444781,0.1,0.1,0.5854414934177685,False
1466444840,0.1,0.7584367106846717,0.7584367106846717,True
1466444854,0.1,0.9806682296137055,0.9806682296137055,True
1466444860,1.0,0.3825026369510919,0.3825026369510919,True
1466444959,1.0,1.0,0.4107288649453764,False
1466445058,1.0,0.9893797825860317,0.9893797825860317,True
1466445107,1.0,0.5589081012397684,0.5589081012397684,True
1466445165,1.0,1.0,0.10107411720995185,False
1466445170,1.0,0.6206745997807692,0.6206745997807692,True
1466445173,1.0,0.4030665751725564,0.4030665751725564,True
1466445247,1.0,0.39138563636492096,0.39138563636492096,True
1466445305,1.0,1.0,0.4221957639539553,False
1466445333,0.5,0.035437691542323124,0.035437691542323124,True
1466445356,0.8,0.017710474662144926,0.017710474662144926,True
1466445430,0.8,0.7109217039499481,0.7109217039499481,True
1466445491,0.8,0.9011364584380746,0.9011364584380746,True
1466445497,0.8,0.8,0.795687171876999,False
1466445514,0.8,0.8,0.8367073939498375,False
1466445549,0.2,0.9256849668153061,0.9256849668153061,True
1466445640,0.2,0.2,0.3153113129709255,False
1466445648,0.2,0.2,0.8156796564615635,False
1466445739,0.2,0.2,0.6274497705434803,False
1466445814,0.2,0.2,0.5100657418495871,False
1466445879,0.2,0.2,0.037954186730559725,False
1466445909,0.2,0.2,0.10861198465273314,False
1466445965,0.9,0.9,0.7493286936423753,False
1466446021,0.2,0.2,0.6047301252822583,False
1466446045,0.2,0.9949193390640052,0.9949193390640052,True
1466446071,0.2,0.41724156943356205,0.41724156943356205,True
1466446120,0.4,0.4,0.42609958657950975,False
1466446168,0.6,0.7622868356173723,0.7622868356173723,True
1466446253,0.6,0.6,0.7208357765309251,False
1466446302,0.4,0.4,0.23971518518265233,False
1466446389,0.4,0.4,0.9297589456188131,False
1466446404,0.4,0.15029501990343253,0.15029501990343253,True
1466446494,0.4,0.19280301455696092,0.19280301455696092,True
1466446594,0.4,0.4,0.02426259285742227,False
1466446643,0.7,0.7,0.9125473815851564,False
1466446669,0.7,0.7,0.8544200943162,False
1466446690,0.7,0.7,0.0990913645718633,False
1466446735,0.8,0.9193013291065273,0.9193013291065273,True
1466446766,0.8,0.8348607134922809,0.8348607134922809,True
1466446852,0.5,0.5,0.9731092638561604,False
1466446902,0.5,0.14735075418637655,0.14735075418637655,True
1466446945,0.5,0.4442736285711476,0.4442736285711476,True
1466446987,0.5,0.5,0.12129834602809964,False
1466447036,0.5,0.5,0.046898842982372124,False
1466447112,0.5,0.5,0.5435005452557998,False
1466447129,0.5,0.3620101992279825,0.3620101992279825,True
1466447189,0.5,0.41551688641846984,0.41551688641846984,True
1466447224,0.4,0.4,0.41041196997567053,False
1466447270,0.4,0.6633807508608232,0.6633807508608232,True
1466447272,0.4,0.4,0.03978180420164579,False
1466447348,0.4,0.4,0.8321048300477377,False
1466447359,0.4,0.9616175546059699,0.9616175546059699,True
1466447388,0.4,0.20170312944084767,0.20170312944084767,True
1466447390,0.4,0.4,0.43640133052268515,False
1466447425,0.4,0.6551983031071618,0.6551983031071618,True
1466447463,0.4,0.009606323296767805,0.009606323296767805,True
1466447485,0.4,0.5247101472147015,0.5247101472147015,True
1466447545,0.5,0.5,0.9066907447568683,False
1466447553,0.5,0.24477791095448687,0.24477791095448687,True
1466447554,0.6,0.6,0.8300678217725648,False
1466447573,0.6,0.6,0.7055672638334866,False
1466447634,0.6,0.020511245508806897,0.020511245508806897,True
1466447695,0.6,0.6,0.22719038062428853,False
1466447762,0.8,0.98090583549361,0.98090583549361,True
1466447844,0.5,0.5,0.10536664447355737,False
1466447885,0.5,0.5691143664917537,0.5691143664917537,True
1466447943,0.5,0.5,0.5652762107484247,False
1466447956,0.5,0.5941449980484985,0.5941449980484985,True
1466448041,0.5,0.5,0.9765347616200336,False
1466448140,0.5,0.5,0.4884305757612616,False
1466448215,0.5,0.21041292501971498,0.21041292501971498,True
1466448270,0.5,0.18613886790829737,0.18613886790829737,True
1466448302,0.5,0.5,0.5394443504909122,False
1466448368,0.5,0.8032898296604832,0.8032898296604832,True
1466448422,0.5,0.5,0.6339398207653874,False
1466448517,0.5,0.5,0.3761037879306849,False
1466448614,0.5,0.5,0.6494191347458956,False
1466448701,0.5,0.5,0.3973290647041512,False
1466448743,0.5,0.5,0.3118585269330808,False
1466448805,0.5,0.701929088328179,0.701929088328179,True
1466448844,0.5,0.5,0.7411114648041865,False
1466448896,0.6,0.6152666858237947,0.6152666858237947,True
1466448984,0.6,0.6198502872122158,0.6198502872122158,True
1466449031,0.6,0.6,0.8593873900174467,False
1466449045,0.6,0.24532335858625498,0.24532335858625498,True
1466449099,0.6,0.6,0.48488657982071215,False
1466449171,0.7,0.5462048053259341,0.5462048053259341,True
1466449261,0.7,0.7445497353067482,0.7445497353067482,True
1466449280,0.3,0.05461122994332113,0.05461122994332113,True
1466449359,0.3,0.3,0.7464414084375469,False
1466449442,0.1,0.1,0.5755999616122559,False
1466449496,0.1,0.1,0.22511805150928899,False
1466449537,0.3,0.3,0.4886083020367764,False
1466449555,0.3,0.47001028467137274,0.47001028467137274,True
1466449629,0.3,0.3509405267714669,0.3509405267714669,True
1466449635,0.3,0.4268812516229338,0.4268812516229338,True
1466449721,0.3,0.3,0.7142345117899398,False
1466449772,0.2,0.22948171299303188,0.22948171299303188,True
1466449872,0.2,0.2,0.8583481215285107,False
1466449873,0.2,0.16131942200667881,0.16131942200667881,True
1466449884,0.4,0.8585895141505352,0.8585895141505352,True
1466449937,0.4,0.4,0.2087269874862251,False
1466449953,0.4,0.4,0.8609106178456369,False
1466449959,0.4,0.9335558338814253,0.9335558338814253,True
1466449961,0.4,0.41427592070135233,0.41427592070135233,True
1466450018,0.4,0.4,0.8547823049371002,False
1466450075,0.2,0.24474064058514589,0.24474064058514589,True
1466450150,0.2,0.4110271624147048,0.4110271624147048,True
1466450177,0.2,0.2,0.13273071444865325,False
1466450255,0.2,0.7282717457953437,0.7282717457953437,True
1466450343,0.2,0.3154342222731905,0.3154342222731905,True
1466450348,0.2,0.2757695488674057,0.2757695488674057,True
1466450401,0.2,0.2,0.22003769500438108,False
1466450433,0.2,0.2,0.2787497139304761,False
1466450507,0.2,0.2,0.6719985226611589,False
1466450536,1.0,1.0,0.8788695665333599,False
1466450627,1.0,1.0,0.5913613616359812,False
1466450723,1.0,1.0,0.6525793673154492,False
1466450817,1.0,1.0,0.4944032040756462,False
1466450900,0.6,0.6,0.3353166861720318,False
1466450902,0.6,0.04806738685899681,0.04806738685899681,True
1466450971,0.6,0.6,0.2564550871827813,False
1466451016,0.6,0.05694649504314597,0.05694649504314597,True
1466451023,0.6,0.6,0.5543734932976896,False
1466451073,0.9,0.9,0.10008773722333986,False
1466451166,0.6,0.04618607991767021,0.04618607991767021,True
1466451231,0.6,0.049467075916233005,0.049467075916233005,True
1466451245,0.6,0.5507285991732401,0.5507285991732401,True
1466451293,1.0,0.8321522302396421,0.8321522302396421,True
1466451295,1.0,0.1238894499473504,0.1238894499473504,True
1466451378,0.6,0.9549474824521195,0.9549474824521195,True
1466451445,0.6,0.6,0.6649920999262421,False
1466451508,0.6,0.6,0.9097057775726015,False
1466451599,0.6,0.7070296830012313,0.7070296830012313,True
1466451686,0.6,0.08183119796676619,0.08183119796676619,True
1466451761,0.6,0.6,0.7360694094976716,False
1466451857,0.6,0.6,0.06905201069107969,False
1466451909,0.6,0.17630902056992337,0.17630902056992337,True
1466451919,0.6,0.6,0.2368030053579252,False
1466452006,0.6,0.6,0.7735037008236588,False
1466452035,0.6,0.8800222784163784,0.8800222784163784,True
1466452039,0.6,0.6,0.903880952614046,False
1466452104,0.6,0.6,0.8518369948088261,False
1466452167,0.6,0.7960683144012884,0.7960683144012884,True
1466452238,0.6,0.0793958861954388,0.0793958861954388,True
1466452313,0.6,0.5925255768574244,0.5925255768574244,True
1466452339,0.6,0.6,0.7460984668856324,False
1466452419,0.6,0.6320215297847015,0.6320215297847015,True
1466452424,0.6,0.8357883032205107,0.8357883032205107,True
1466452435,0.6,0.09182047268583737,0.09182047268583737,True
1466452531,0.6,0.6,0.29144023279677056,False
1466452584,0.2,0.3142839892753485,0.3142839892753485,True
1466452625,0.2,0.2,0.9254841995973373,False
1466452676,0.2,0.2,0.9937651951974428,False
1466452752,0.2,0.2,0.67869753547144,False
1466452796,0.2,0.2,0.09934954672642882,False
1466452825,0.2,0.12140921159009932,0.12140921159009932,True
1466452860,0.2,0.4524720986676791,0.4524720986676791,True
1466452960,0.2,0.4176407642325032,0.4176407642325032,True
1466452979,0.2,0.2,0.14997388345304852,False
1466453002,0.2,0.2,0.1172764713745088,False
1466453016,0.2,0.9143154955963376,0.9143154955963376,True
1466453025,0.9,0.4295147528023172,0.4295147528023172,True
1466453089,0.9,0.9,0.6892878211607872,False
1466453141,0.9,0.9,0.27964509953919636,False
1466453154,0.7,0.7,0.6627029832096003,False
1466453184,0.4,0.4,0.8949791475323948,False
1466453202,0.4,0.4,0.5979138185683726,False
1466453203,0.4,0.4,0.4586428528446842,False
1466453222,0.9,0.4160735529258355,0.4160735529258355,True
1466453321,0.9,0.17835569903896298,0.17835569903896298,True
1466453379,0.9,0.9,0.4460128189386897,False
1466453392,1.0,0.6307788646075173,0.6307788646075173,True
1466453422,0.1,0.1,0.5774095890338701,False
1466453502,0.1,0.1,0.7508799609025235,False
1466453518,0.1,0.1,0.9133366871008183,False
1466453563,0.1,0.22445020651394476,0.22445020651394476,True
1466453604,0.8,0.8108335805048492,0.8108335805048492,True
1466453639,0.8,0.04529181101406121,0.04529181101406121,True
1466453705,0.8,0.1229637333196828,0.1229637333196828,True
1466453795,0.8,0.8,0.48801265568615204,False
1466453816,0.8,0.09559089720903657,0.09559089720903657,True
1466453870,0.8,0.8,0.46779203251340873,False
1466453910,0.8,0.8,0.8097296282806181,False
1466454002,0.8,0.33641102592891725,0.33641102592891725,True
1466454051,0.8,0.4183236162861568,0.4183236162861568,True
1466454087,0.8,0.8,0.040252599207782236,False
1466454129,0.8,0.8,0.5989102766649842,False
1466454227,0.8,0.46871463755730336,0.46871463755730336,True
1466454259,0.8,0.8,0.9036634502623121,False
1466454262,0.8,0.8,0.5701399214242517,False
1466454298,0.8,0.020776250720530465,0.020776250720530465,True
1466454388,0.8,0.6549182578323955,0.6549182578323955,True
1466454399,0.5,0.7264799244202121,0.7264799244202121,True
1466454473,0.5,0.8211318407633968,0.8211318407633968,True
1466454529,0.9,0.9,0.9962517222465254,False
1466454559,0.5,0.5,0.03612425573879685,False
1466454648,0.5,0.5,0.3341157985871839,False
1466454745,0.5,0.5,0.6331967425484722,False
1466454763,0.5,0.4114664337267925,0.4114664337267925,True
1466454851,0.5,0.1078637509062843,0.1078637509062843,True
1466454936,0.5,0.5,0.7582387837466911,False
1466454949,0.6,0.6,0.16944982301818334,False
1466455032,0.6,0.6,0.7052793913438491,False
1466455065,0.6,0.03801885045490472,0.03801885045490472,True
1466455119,0.6,0.3039122435657895,0.3039122435657895,True
1466455172,0.6,0.6,0.8450572694118318,False
1466455196,0.6,0.6,0.03604504249416429,False
1466455271,0.6,0.6,0.13444626387398384,False
1466455357,0.6,0.32205281651666884,0.32205281651666884,True
1466455361,0.3,0.995414678157767,0.995414678157767,True
1466455394,0.3,0.5826491931230394,0.5826491931230394,True
1466455475,0.3,0.3,0.12405542173265938,False
1466455497,0.3,0.4916863986460437,0.4916863986460437,True
1466455561,0.3,0.010358477067698102,0.010358477067698102,True
1466455575,0.7,0.7,0.6277289989558431,False
1466455587,0.7,0.548911821028015,0.548911821028015,True
1466455651,0.7,0.7,0.6667723655060492,False
1466455658,0.9,0.8765712008206161,0.8765712008206161,True
1466455732,0.8,0.7428418805756437,0.7428418805756437,True
1466455812,0.8,0.8824819354405936,0.8824819354405936,True
1466455910,0.8,0.668261415462701,0.668261415462701,True
1466455951,0.7,0.7621208125159271,0.7621208125159271,True
1466455999,0.5,0.3651388788081359,0.3651388788081359,True
1466456054,0.5,0.5,0.8646849610265092,False
1466456058,0.5,0.8919841994420485,0.8919841994420485,True
1466456074,0.5,0.5,0.8475401235025852,False
1466456088,0.5,0.5,0.6328290774356433,False
1466456118,0.5,0.8448127490856007,0.8448127490856007,True
1466456218,0.5,0.5,0.05865338820470234,False
1466456265,0.5,0.3737235347097245,0.3737235347097245,True
1466456270,0.5,0.38292837010565295,0.38292837010565295,True
1466456312,0.2,0.2,0.9193227097879817,False
1466456346,0.2,0.46946816335086805,0.46946816335086805,True
1466456374,0.2,0.09757654097223545,0.09757654097223545,True
1466456406,0.5,0.5,0.38289745420459065,False
1466456482,0.5,0.030991942536857664,0.030991942536857664,True
1466456512,0.9,0.9,0.7892414544297468,False
1466456610,0.9,0.9,0.23320817119214987,False
1466456683,0.5,0.5,0.5155047994030157,False
1466456768,0.5,0.5,0.8899008636887463,False
1466456856,0.5,0.09353411145148205,0.09353411145148205,True
1466456927,0.5,0.5,0.28189909139536673,False
1466457014,0.1,0.15769611997703636,0.15769611997703636,True
1466457032,0.1,0.5871833661140634,0.5871833661140634,True
1466457067,0.1,0.7438498440558855,0.7438498440558855,True
1466457157,0.1,0.11300585002814789,0.11300585002814789,True
1466457215,0.1,0.1,0.3358730266338591,False
1466457267,0.1,0.1,0.9643330951482769,False
1466457357,0.6,0.6,0.6311398295922191,False
1466457434,0.6,0.22928651567269354,0.22928651567269354,True
1466457487,0.4,0.17227787417704532,0.17227787417704532,True
1466457559,0.4,0.4,0.30814778938003473,False
1466457603,0.4,0.4,0.9587501167606908,False
1466457671,0.4,0.4,0.6368644847145719,False
1466457713,0.4,0.367657624782309,0.367657624782309,True
1466457745,0.4,0.26019484037855034,0.26019484037855034,True
1466457782,0.4,0.4,0.6499376876314547,False
1466457802,0.4,0.4,0.1840402854872758,False
1466457817,0.4,0.4,0.5197382171004477,False
1466457865,0.4,0.4,0.6637439709965599,False
1466457884,0.4,0.45195088394216953,0.45195088394216953,True
1466457885,0.4,0.4,0.26518129844769556,False
1466457917,0.4,0.929651196662155,0.929651196662155,True
1466457973,0.4,0.5520868976157739,0.5520868976157739,True
1466458045,0.8,0.8,0.6593752145946601,False
1466458135,0.8,0.2670168134566673,0.2670168134566673,True
1466458151,0.8,0.4624308701383335,0.4624308701383335,True
1466458230,0.8,0.4955954111828811,0.4955954111828811,True
1466458324,0.8,0.8424921068949969,0.8424921068949969,True
1466458362,0.8,0.32071205663628577,0.32071205663628577,True
1466458438,0.8,0.8,0.5240262052774421,False
1466458454,0.8,0.5974569229104558,0.5974569229104558,True
1466458496,0.8,0.5519536556469614,0.5519536556469614,True
1466458509,0.8,0.8,0.6469245206870338,False
1466458580,0.7,0.4487499018543114,0.4487499018543114,True
1466458590,0.5,0.2502335038751071,0.2502335038751071,True
1466458626,0.5,0.10962993803799448,0.10962993803799448,True
1466458642,0.7,0.7,0.10308042078855073,False
1466458665,0.6,0.9346924894542069,0.9346924894542069,True
1466458694,0.6,0.981126234221698,0.981126234221698,True
1466458762,0.4,0.5976427079629643,0.5976427079629643,True
1466458793,0.4,0.4,0.9867953762787558,False
1466458824,0.4,0.7561647305977306,0.7561647305977306,True
1466458906,0.7,0.7,0.803191374649343,False
1466458982,0.3,0.18338157024074464,0.18338157024074464,True
1466459068,0.3,0.3,0.6646090052838071,False
1466459159,0.3,0.3,0.12098904290554424,False
1466459184,0.9,0.9,0.07817533848528468,False
1466459273,0.9,0.27301761256955437,0.27301761256955437,True
1466459372,0.9,0.20337253742911043,0.20337253742911043,True
1466459415,0.9,0.41635355722599865,0.41635355722599865,True
1466459483,0.8,0.613552165419933,0.613552165419933,True
1466459504,0.8,0.8,0.7688481606942827,False
1466459588,0.8,0.8,0.3411890722784924,False
1466459595,0.8,0.5628611796266881,0.5628611796266881,True
1466459673,0.8,0.7688827397159619,0.7688827397159619,True
1466459726,0.8,0.8,0.07861490149649542,False
1466459800,0.8,0.6756872935223932,0.6756872935223932,True
1466459857,0.8,0.6547427248136575,0.6547427248136575,True
1466459887,0.8,0.8,0.6463151474824227,False
1466459913,0.8,0.8,0.8665033943364676,False
1466459974,0.8,0.41895537873867916,0.41895537873867916,True
1466459995,0.8,0.8,0.9291444343589915,False
1466460001,0.8,0.044867933375643765,0.044867933375643765,True
1466460054,0.8,0.8,0.3371622231355117,False
1466460130,0.6,0.3337735726964234,0.3337735726964234,True
1466460215,0.1,0.13519634725429885,0.13519634725429885,True
1466460252,0.1,0.1,0.4460512105760488,False
1466460272,0.1,0.1,0.1855687169051029,False
1466460346,0.6,0.6,0.27100222108296546,False
1466460440,0.6,0.6,0.7723925820630498,False
1466460461,0.8,0.8,0.3875307068247228,False
1466460528,0.8,0.8,0.5525957047498259,False
1466460610,0.8,0.8,0.8799910017581201,False
1466460630,0.8,0.8,0.9224128646978605,False
1466460691,0.8,0.49356022264331223,0.49356022264331223,True
1466460706,0.8,0.3783851309957864,0.3783851309957864,True
1466460739,0.6,0.9561194461370952,0.9561194461370952,True
1466460765,0.6,0.6,0.4993236186884751,False
1466460795,0.6,0.6,0.03162171042423123,False
1466460877,0.6,0.3813968201563491,0.3813968201563491,True
1466460973,0.6,0.8478964084200676,0.8478964084200676,True
1466461009,0.6,0.6,0.38621669654713764,False
1466461027,0.6,0.8695628661305157,0.8695628661305157,True
1466461032,0.6,0.6,0.25209817954659197,False
1466461096,0.6,0.34325899617576394,0.34325899617576394,True
1466461169,0.6,0.8949427631853653,0.8949427631853653,True
1466461256,0.6,0.6,0.09266652998133151,False
1466461351,0.6,0.6,0.31483132339110487,False
1466461451,0.6,0.07973470366588054,0.07973470366588054,True
1466461531,0.6,0.9481709438891739,0.9481709438891739,True
1466461568,0.3,0.5950668789263259,0.5950668789263259,True
1466461583,0.3,0.614049493153387,0.614049493153387,True
1466461647,0.3,0.9077309802641156,0.9077309802641156,True
1466461703,0.3,0.6057144734158416,0.6057144734158416,True
1466461794,0.3,0.3,0.2142348107333406,False
1466461813,0.3,0.3,0.8637249794117027,False
1466461910,0.3,0.3,0.36965554360986674,False
1466461988,0.3,0.6683519433273113,0.6683519433273113,True
1466462056,0.3,0.6570917597065798,0.6570917597065798,True
1466462101,0.3,0.3,0.10884388434430725,False
1466462155,0.3,0.9083459116100553,0.9083459116100553,True
1466462215,0.6,0.6,0.19617469223560213,False
1466462278,0.6,0.6,0.25488856852102404,False
1466462368,0.6,0.31276825402035746,0.31276825402035746,True
1466462412,0.6,0.6,0.9240951380622514,False
1466462512,0.6,0.9672404281198758,0.9672404281198758,True
1466462594,0.6,0.6,0.7214642354129543,False
1466462671,0.6,0.6,0.4532074628511322,False
1466462716,0.8,0.8,0.8280869593600001,False
1466462746,0.3,0.1894937699935797,0.1894937699935797,True
1466462782,0.3,0.7070392608593544,0.7070392608593544,True
1466462820,0.3,0.3,0.28021775865642695,False
1466462833,0.3,0.37979344192025866,0.37979344192025866,True
1466462842,0.3,0.3,0.2603337802927662,False
1466462850,0.3,0.3,0.4028660931488227,False
1466462941,0.3,0.009751984652401458,0.009751984652401458,True
1466463026,0.3,0.6350216158136593,0.6350216158136593,True
1466463117,0.3,0.9711517311883245,0.9711517311883245,True
1466463139,0.3,0.33232931494516815,0.33232931494516815,True
