1466410104,0.8,0.9058453062952916,0.9058453062952916,True
1466410114,0.8,0.3283317271870928,0.3283317271870928,True
1466410130,0.8,0.8,0.31754474811816447,False
1466410181,0.8,0.8,0.756637390916843,False
1466410203,0.8,0.8,0.4375090564828633,False
1466410250,0.8,0.15198400756000952,0.15198400756000952,True
1466410309,0.8,0.14207848138467116,0.14207848138467116,True
1466410397,0.8,0.5449603012869674,0.5449603012869674,True
1466410430,0.8,0.9930134893249118,0.9930134893249118,True
1466410469,0.8,0.8,0.7519892111515305,False
1466410483,0.8,0.48282569081306814,0.48282569081306814,True
1466410498,0.5,0.5,0.9782246855802508,False
1466410502,0.5,0.5,0.6601460267550235,False
1466410532,0.5,0.8550608094824529,0.8550608094824529,True
1466410541,0.5,0.15264833123001587,0.15264833123001587,True
1466410573,0.5,0.5,0.5972843938500805,False
1466410630,0.5,0.5,0.6454042416276411,False
1466410653,0.5,0.5429246147822295,0.5429246147822295,True
1466410746,0.5,0.30049366429054414,0.30049366429054414,True
1466410814,0.5,0.5,0.8479775162113294,False
1466410890,0.5,0.8143202430652051,0.8143202430652051,True
1466410902,0.5,0.5,0.24309232538112135,False
1466410978,0.5,0.5,0.7860694301753223,False
1466411008,0.5,0.5,0.44944460140741005,False
1466411066,0.5,0.5,0.39638840529989905,False
1466411094,0.5,0.5460941460396627,0.5460941460396627,True
1466411157,0.5,0.5,0.6394083657333519,False
1466411223,0.5,0.9265078909050993,0.9265078909050993,True
1466411226,0.5,0.9296811099820218,0.9296811099820218,True
1466411272,0.5,0.008030450664128441,0.008030450664128441,True
1466411303,0.5,0.5,0.1834504198724316,False
1466411318,0.5,0.5,0.0964728619575358,False
1466411396,0.5,0.9713345698830608,0.9713345698830608,True
1466411493,0.5,0.5,0.8164262825691988,False
1466411549,0.5,0.6960472821982319,0.6960472821982319,True
1466411560,0.5,0.34303232029235364,0.34303232029235364,True
1466411626,0.5,0.5,0.699409852079738,False
1466411723,0.5,0.17799570411937915,0.17799570411937915,True
1466411763,0.5,0.5,0.3497713267669562,False
1466411785,0.5,0.7772032145115793,0.7772032145115793,True
1466411854,0.5,0.4467948573477738,0.4467948573477738,True
1466411889,0.5,0.5,0.18315774863723133,False
1466411988,0.5,0.5,0.6337596557473701,False
1466412022,0.5,0.5,0.9329199928303956,False
1466412046,0.5,0.9039013476761127,0.9039013476761127,True
1466412076,0.5,0.5,0.621998113917546,False
1466412152,0.5,0.5,0.5609677702462694,False
1466412181,0.5,0.5,0.33101480502217395,False
1466412201,0.5,0.8137480376900567,0.8137480376900567,True
1466412260,0.5,0.5,0.17989854783116743,False
1466412347,0.5,0.9729135046546739,0.9729135046546739,True
1466412360,0.5,0.15412269376153842,0.15412269376153842,True
1466412438,0.5,0.5699148770161795,0.5699148770161795,True
1466412521,0.5,0.5,0.44289166595505136,False
1466412599,0.5,0.16052486716671188,0.16052486716671188,True
1466412639,0.5,0.4238525548725668,0.4238525548725668,True
1466412691,0.5,0.5,0.42274910855672276,False
1466412747,0.5,0.2396791030623131,0.2396791030623131,True
1466412794,0.5,0.5,0.6968824921345173,False
1466412819,0.5,0.5303670969213253,0.5303670969213253,True
1466412832,0.5,0.5,0.11782645708391648,False
1466412874,0.5,0.5,0.16200386364787678,False
1466412943,0.5,0.859539747005276,0.859539747005276,True
1466412971,0.5,0.5,0.21077584911466662,False
1466412990,0.5,0.5,0.48874626547557987,False
1466413028,0.5,0.9992548846849427,0.9992548846849427,True
1466413053,0.5,0.6367707249350388,0.6367707249350388,True
1466413125,0.5,0.5,0.7978669299137551,False
1466413200,0.5,0.5,0.4935945077668292,False
1466413264,0.5,0.9907526637889976,0.9907526637889976,True
1466413311,0.5,0.5,0.4545912951198017,False
1466413342,0.5,0.4080597502518638,0.4080597502518638,True
1466413440,0.5,0.886555012069034,0.886555012069034,True
1466413458,0.5,0.9064921786849413,0.9064921786849413,True
1466413529,0.5,0.5,0.802211378171657,False
1466413542,0.5,0.37581857040528055,0.37581857040528055,True
1466413638,0.5,0.5,0.37974324820993977,False
1466413672,0.5,0.5,0.9129119865294609,False
1466413733,0.5,0.8737487400584747,0.8737487400584747,True
1466413779,0.5,0.5,0.07996985370541454,False
1466413780,0.5,0.28015735950922005,0.28015735950922005,True
1466413864,0.5,0.49721129225415506,0.49721129225415506,True
1466413885,0.5,0.5,0.044174207004656574,False
1466413946,0.5,0.5,0.7537586333715727,False
1466414033,0.5,0.5308604286735729,0.5308604286735729,True
1466414071,0.5,0.5,0.6971651512746538,False
1466414164,0.5,0.5,0.03769651898489901,False
1466414225,0.5,0.24742834716004836,0.24742834716004836,True
1466414312,0.5,0.5857756507312607,0.5857756507312607,True
1466414325,0.5,0.8510240443125464,0.8510240443125464,True
1466414328,0.5,0.5,0.5678714431635432,False
1466414329,0.5,0.5,0.11525051261692909,False
1466414402,0.5,0.8606657343966182,0.8606657343966182,True
1466414407,0.5,0.5,0.15202839061957096,False
1466414413,0.5,0.8010379984238322,0.8010379984238322,True
1466414460,0.5,0.8767809883228959,0.8767809883228959,True
1466414552,0.5,0.5,0.8720400600098462,False
1466414602,0.5,0.8885466881348396,0.8885466881348396,True
1466414662,0.5,0.17231376828325196,0.17231376828325196,True
1466414746,0.5,0.2393450816725261,0.2393450816725261,True
1466414844,0.5,0.5776872013323602,0.5776872013323602,True
1466414943,0.5,0.6087289706307853,0.6087289706307853,True
1466414946,0.5,0.5,0.4569889251960464,False
1466414966,0.5,0.5,0.12954170145916222,False
1466415038,0.5,0.1794969999149022,0.1794969999149022,True
1466415106,0.5,0.5,0.2607297562691371,False
1466415130,0.5,0.4473668346185823,0.4473668346185823,True
1466415145,0.5,0.22289117290398752,0.22289117290398752,True
1466415202,0.5,0.5,0.9689418990640427,False
1466415239,0.5,0.5,0.0312171139691253,False
1466415249,0.5,0.1935021737386866,0.1935021737386866,True
1466415308,0.5,0.5,0.7007885116145727,False
1466415357,0.5,0.5,0.24599390170971125,False
1466415404,0.5,0.8489481833230141,0.8489481833230141,True
1466415469,0.5,0.8774806764877529,0.8774806764877529,True
1466415548,0.5,0.5,0.27057555442233516,False
1466415588,0.5,0.5,0.19441950843342604,False
1466415627,0.5,0.2438569990307644,0.2438569990307644,True
1466415719,0.5,0.5,0.2987552812602803,False
1466415767,0.5,0.5,0.4326261033729588,False
1466415860,0.5,0.5,0.00012552763661688449,False
1466415872,0.5,0.5,0.584655057244084,False
1466415914,0.5,0.5,0.8511325414732445,False
1466415934,0.5,0.5,0.6175484487492142,False
1466415988,0.5,0.29427493538842886,0.29427493538842886,True
1466416004,0.5,0.8924103799154798,0.8924103799154798,True
1466416050,0.5,0.5,0.1268699057060605,False
1466416150,0.5,0.556031224078919,0.556031224078919,True
1466416161,0.5,0.5,0.0005058748621215026,False
1466416215,0.5,0.1377296664786204,0.1377296664786204,True
1466416315,0.5,0.5,0.24932187660091853,False
1466416321,0.5,0.06284179615755336,0.06284179615755336,True
1466416393,0.5,0.4120194612866561,0.4120194612866561,True
1466416440,0.5,0.012668293384891727,0.012668293384891727,True
1466416510,0.5,0.5833694421191906,0.5833694421191906,True
1466416541,0.5,0.5,0.3098719022336247,False
1466416631,0.5,0.09354431589326406,0.09354431589326406,True
1466416671,0.5,0.24356293097544468,0.24356293097544468,True
1466416725,0.5,0.5,0.9187966620540443,False
1466416815,0.5,0.5,0.9906153804329628,False
1466416867,0.5,0.8238087523885599,0.8238087523885599,True
1466416933,0.5,0.5,0.6441655084742386,False
1466416963,0.5,0.5,0.296240225427268,False
1466417034,0.5,0.5,0.9262616418597359,False
1466417069,0.5,0.5,0.6308042041494444,False
1466417095,0.5,0.9289404004609048,0.9289404004609048,True
1466417123,0.5,0.5,0.9473082654936739,False
1466417219,0.5,0.5,0.3366584158832382,False
1466417228,0.5,0.7445771857214454,0.7445771857214454,True
1466417235,0.5,0.7289529442895997,0.7289529442895997,True
1466417266,0.5,0.5,0.5072524798089445,False
1466417298,0.5,0.901463535786379,0.901463535786379,True
1466417382,0.5,0.6515514231101306,0.6515514231101306,True
1466417429,0.5,0.5,0.05291869554327644,False
1466417434,0.5,0.8329646818237937,0.8329646818237937,True
1466417513,0.5,0.5,0.7170173726613925,False
1466417598,0.5,0.5,0.5964062279672322,False
1466417615,0.5,0.287326867817819,0.287326867817819,True
1466417654,0.5,0.43741631021749816,0.43741631021749816,True
1466417749,0.5,0.5,0.4854408845327959,False
1466417763,0.5,0.5,0.23785721919057945,False
1466417822,0.5,0.5,0.6364443180527948,False
1466417851,0.5,0.5,0.8493263068356363,False
1466417855,0.5,0.5,0.4118620640163698,False
1466417879,0.5,0.835509654608772,0.835509654608772,True
1466417895,0.5,0.5,0.89544729606688,False
1466417969,0.5,0.6406892805443282,0.6406892805443282,True
1466418049,0.5,0.03424753202497144,0.03424753202497144,True
1466418118,0.5,0.8357156072510159,0.8357156072510159,True
1466418129,0.5,0.5,0.53161182952228,False
1466418179,0.5,0.5,0.3987248283612369,False
1466418254,0.5,0.5,0.6213772685737061,False
1466418332,0.5,0.9360505525773685,0.9360505525773685,True
1466418428,0.5,0.4275255936039474,0.4275255936039474,True
1466418494,0.5,0.5,0.5997251509750936,False
1466418554,0.5,0.9180893588207549,0.9180893588207549,True
1466418563,0.5,0.47811992051706576,0.47811992051706576,True
1466418564,0.5,0.5433068003353173,0.5433068003353173,True
1466418594,0.5,0.6372651305259669,0.6372651305259669,True
1466418674,0.5,0.5,0.2540493238910819,False
1466418748,0.5,0.5949816704081065,0.5949816704081065,True
1466418847,0.5,0.24520623069633196,0.24520623069633196,True
1466418877,0.5,0.8709388384753894,0.8709388384753894,True
1466418917,0.5,0.5,0.7205846998630251,False
1466418938,0.6,0.23172394368321503,0.23172394368321503,True
1466419031,0.6,0.6,0.39785052108503405,False
1466419058,0.6,0.4326457279377991,0.4326457279377991,True
1466419104,0.6,0.3999970481365305,0.3999970481365305,True
1466419166,0.6,0.6,0.37388177245869536,False
1466419261,0.6,0.6,0.9279206153870846,False
1466419349,0.6,0.5107102844083473,0.5107102844083473,True
1466419442,0.6,0.6449679953764755,0.6449679953764755,True
1466419530,0.6,0.6,0.6349180761242804,False
1466419595,0.6,0.6,0.0763692243469638,False
1466419646,0.6,0.3866705517494874,0.3866705517494874,True
1466419737,0.6,0.09678850954571994,0.09678850954571994,True
1466419826,0.6,0.6,0.3094265995482066,False
1466419880,0.6,0.42864867514826865,0.42864867514826865,True
1466419911,0.6,0.5607842697017291,0.5607842697017291,True
1466419938,0.6,0.36477082625089907,0.36477082625089907,True
1466420016,0.6,0.8662484837425702,0.8662484837425702,True
1466420019,0.6,0.6686326080584812,0.6686326080584812,True
1466420108,0.6,0.6,0.06817489256870335,False
1466420205,0.6,0.6,0.7676609706408736,False
1466420228,0.6,0.6,0.6038190795470453,False
1466420257,0.6,0.17720386022407164,0.17720386022407164,True
1466420270,0.6,0.4341888197118742,0.4341888197118742,True
1466420296,0.6,0.6155594479019351,0.6155594479019351,True
1466420331,0.6,0.26314989796008414,0.26314989796008414,True
1466420407,0.6,0.6,0.31490321592248094,False
1466420430,0.6,0.6,0.06214019937951265,False
1466420453,0.6,0.6,0.5986065580704318,False
1466420474,0.6,0.6358256006444741,0.6358256006444741,True
1466420566,0.6,0.6,0.20968063855786656,False
1466420579,0.6,0.3312148100321277,0.3312148100321277,True
1466420618,0.6,0.4310458123483569,0.4310458123483569,True
1466420624,0.6,0.6,0.9549362874478875,False
1466420643,0.6,0.38103047865603845,0.38103047865603845,True
1466420695,0.6,0.06821152431118882,0.06821152431118882,True
1466420788,0.6,0.6,0.13522760281936996,False
1466420863,0.6,0.6,0.19031581177780055,False
1466420947,0.6,0.6,0.1480793646777958,False
1466421003,0.6,0.6,0.07293048403031854,False
1466421032,0.6,0.6,0.2943506401975784,False
1466421050,0.6,0.7365613292232447,0.7365613292232447,True
1466421116,0.6,0.02130123001272599,0.02130123001272599,True
1466421208,0.6,0.5526184461583225,0.5526184461583225,True
1466421234,0.6,0.8376792225014305,0.8376792225014305,True
1466421262,0.6,0.6,0.4418754641457574,False
1466421353,0.6,0.9680483853629662,0.9680483853629662,True
1466421360,0.6,0.6,0.01985300794873268,False
1466421392,0.6,0.12128854377636988,0.12128854377636988,True
1466421480,0.6,0.7900083647448004,0.7900083647448004,True
1466421530,0.6,0.6,0.2201503713943801,False
1466421547,0.6,0.6,0.9472665159377659,False
1466421591,0.6,0.6,0.10215941492748515,False
1466421633,0.6,0.6,0.928892282641155,False
1466421636,0.6,0.6053056146921882,0.6053056146921882,True
1466421670,0.6,0.6,0.595099116311074,False
1466421695,0.6,0.342605958397069,0.342605958397069,True
1466421721,0.6,0.6,0.6473845446742504,False
1466421804,0.6,0.6,0.7253687331589108,False
1466421819,0.6,0.07930906433145335,0.07930906433145335,True
1466421862,0.6,0.6,0.9892092669671707,False
1466421885,0.6,0.6,0.009911880777945692,False
1466421936,0.6,0.6,0.47908090324193287,False
1466422012,0.6,0.6,0.19298049276562645,False
1466422044,0.6,0.5406945588661369,0.5406945588661369,True
1466422045,0.6,0.6,0.8513379781914184,False
1466422137,0.6,0.3114484826772822,0.3114484826772822,True
1466422162,0.6,0.6,0.6223861890207086,False
1466422189,0.6,0.6,0.7244951243840674,False
1466422197,0.6,0.6,0.23554205254326666,False
1466422264,0.6,0.6,0.6045774753365545,False
1466422330,0.6,0.6,0.7183216768224143,False
1466422378,0.7,0.7,0.02015210009889834,False
1466422432,0.7,0.4621998159922538,0.4621998159922538,True
1466422488,0.7,0.7,0.17814771620034753,False
1466422577,0.7,0.7,0.7718723014897017,False
1466422628,0.7,0.7,0.06096257110208381,False
1466422638,0.7,0.7,0.8609832423203139,False
1466422666,0.7,0.7,0.06629167119420654,False
1466422706,0.7,0.7,0.5642101885264338,False
1466422731,0.7,0.7,0.26259038838305115,False
1466422804,0.7,0.7,0.7506760724749432,False
1466422866,0.7,0.7,0.03245124325869242,False
1466422873,0.7,0.638389226106502,0.638389226106502,True
1466422895,0.7,0.06980358443107182,0.06980358443107182,True
1466422953,0.7,0.7,0.28127541594144934,False
1466422973,0.7,0.7,0.9346351650381132,False
1466423017,0.7,0.7,0.05231834178685968,False
1466423051,0.7,0.7,0.4611696210012822,False
1466423099,0.7,0.7,0.5700328331996609,False
1466423150,0.7,0.06577919961402123,0.06577919961402123,True
1466423155,0.7,0.03943869620061902,0.03943869620061902,True
1466423168,0.7,0.5744790968417333,0.5744790968417333,True
1466423205,0.7,0.04738231234704626,0.04738231234704626,True
1466423275,0.7,0.7,0.2996753995508512,False
1466423287,0.7,0.7,0.08100290218228468,False
1466423336,0.7,0.812432361778917,0.812432361778917,True
1466423340,0.7,0.7,0.307622957942166,False
1466423355,0.7,0.7,0.049344369671755595,False
1466423443,0.7,0.7,0.39773235570776877,False
1466423499,0.7,0.06604597577960736,0.06604597577960736,True
1466423585,0.7,0.7,0.307126837357649,False
1466423612,0.7,0.8740320007671548,0.8740320007671548,True
1466423669,0.7,0.8423347810603866,0.8423347810603866,True
1466423705,0.7,0.7,0.1422533302667187,False
1466423770,0.7,0.7,0.9836212125745374,False
1466423844,0.7,0.7,0.03297683797144191,False
1466423902,0.7,0.7,0.7012835769361014,False
1466423913,0.7,0.36587139660809176,0.36587139660809176,True
1466423972,0.7,0.7,0.8804634360040842,False
1466424014,0.7,0.7,0.8119090634415963,False
1466424069,0.7,0.7,0.990434942873229,False
1466424154,0.7,0.7,0.5314046969426163,False
1466424155,0.7,0.23279397871099894,0.23279397871099894,True
1466424169,0.7,0.7,0.03048603557470808,False
1466424262,0.7,0.15190734774455283,0.15190734774455283,True
1466424339,0.7,0.6382830159878778,0.6382830159878778,True
1466424398,0.7,0.7,0.6900242501642416,False
1466424497,0.7,0.7,0.5581421877306194,False
1466424558,0.7,0.9178011849280865,0.9178011849280865,True
1466424613,0.7,0.16120031460688367,0.16120031460688367,True
1466424713,0.7,0.7,0.1511504895675294,False
1466424804,0.7,0.7,0.05779682613219339,False
1466424878,0.7,0.5180833120329785,0.5180833120329785,True
1466424924,0.7,0.7,0.813064625668993,False
1466425009,0.7,0.2463682384453385,0.2463682384453385,True
1466425106,0.7,0.7,0.9733742315317749,False
1466425129,0.7,0.7,0.011073554659123519,False
1466425179,0.7,0.13186915316437964,0.13186915316437964,True
1466425257,0.7,0.7,0.1274650453767262,False
1466425262,0.7,0.7,0.03715093919119772,False
1466425305,0.7,0.6593718047623165,0.6593718047623165,True
1466425331,0.7,0.7,0.9559470231307685,False
1466425338,0.7,0.7,0.0014995266780329919,False
1466425377,0.7,0.20484302424674516,0.20484302424674516,True
1466425380,0.7,0.5952892399259192,0.5952892399259192,True
1466425417,0.7,0.9069512871572143,0.9069512871572143,True
1466425484,0.7,0.9790752223422756,0.9790752223422756,True
1466425517,0.7,0.7,0.4993908177405352,False
1466425553,0.7,0.4192102683111768,0.4192102683111768,True
1466425640,0.7,0.15306415657913797,0.15306415657913797,True
1466425687,0.3,0.6143691564236837,0.6143691564236837,True
1466425711,0.3,0.3,0.6415145200530625,False
1466425768,0.3,0.8219640574974657,0.8219640574974657,True
1466425811,0.3,0.4025434781059569,0.4025434781059569,True
1466425856,0.3,0.10466973631315935,0.10466973631315935,True
1466425869,0.3,0.6285996673021311,0.6285996673021311,True
1466425884,0.3,0.4880866029182146,0.4880866029182146,True
1466425962,0.3,0.2334789022174334,0.2334789022174334,True
1466425974,0.3,0.3,0.14932223794256816,False
1466426016,0.3,0.3,0.6424002353756435,False
1466426024,0.3,0.3,0.23550106967277895,False
1466426034,0.3,0.3,0.7530611070735114,False
1466426130,0.3,0.3,0.8465566050497667,False
1466426189,0.3,0.3,0.9838070579411803,False
1466426198,0.3,0.3,0.9910182845749932,False
1466426280,0.3,0.8678200995255823,0.8678200995255823,True
1466426298,0.3,0.3,0.8711936534558087,False
1466426380,0.3,0.5485820546972322,0.5485820546972322,True
1466426420,0.3,0.3,0.7462082565888933,False
1466426509,0.3,0.3,0.6368114846812244,False
1466426521,0.3,0.1379046161128974,0.1379046161128974,True
1466426535,0.3,0.3341918202332793,0.3341918202332793,True
1466426563,0.3,0.3,0.7458172715492105,False
1466426620,0.3,0.3,0.3856960917577299,False
1466426694,0.3,0.3,0.25727724029441046,False
1466426764,0.3,0.3,0.1547161952877233,False
1466426778,0.3,0.3,0.4743649681788529,False
1466426866,0.3,0.06571365705660492,0.06571365705660492,True
1466426938,0.3,0.7678126230505179,0.7678126230505179,True
1466427022,0.3,0.1366141152772924,0.1366141152772924,True
1466427059,0.3,0.4268344582693092,0.4268344582693092,True
1466427125,0.3,0.7445182188388022,0.7445182188388022,True
1466427204,0.3,0.022528306947954158,0.022528306947954158,True
1466427240,0.3,0.3,0.610561565307221,False
1466427317,0.3,0.3,0.5468288881789589,False
1466427319,0.3,0.3,0.6054405052495595,False
1466427331,0.3,0.46625386300607785,0.46625386300607785,True
1466427425,0.3,0.3640780782463876,0.3640780782463876,True
1466427458,0.3,0.3,0.3975554860281941,False
1466427495,0.3,0.3,0.8825845938135448,False
1466427543,0.3,0.77435086145929,0.77435086145929,True
1466427625,0.3,0.3,0.607491758767472,False
1466427663,0.3,0.3,0.36861009377654663,False
1466427672,0.3,0.3289201196403678,0.3289201196403678,True
1466427684,0.3,0.30087304315402996,0.30087304315402996,True
1466427739,0.3,0.3,0.009636645731414428,False
1466427769,0.3,0.3,0.8767769474015598,False
1466427775,0.3,0.750244581238689,0.750244581238689,True
1466427820,0.3,0.21780060521491817,0.21780060521491817,True
1466427837,0.3,0.3,0.1371588896576551,False
1466427846,0.3,0.3,0.7243053953543193,False
1466427904,0.3,0.3,0.8624876296257318,False
1466427997,0.3,0.3,0.7414929436184624,False
1466428027,0.3,0.3,0.7729222191952619,False
1466428114,0.3,0.3,0.16067817419126396,False
1466428212,0.3,0.24037903541958638,0.24037903541958638,True
1466428294,0.3,0.34297253233312,0.34297253233312,True
1466428321,0.3,0.3,0.8522090882118433,False
1466428340,0.3,0.2585912184985819,0.2585912184985819,True
1466428378,0.3,0.3,0.06283691727600926,False
1466428463,0.3,0.852904041483712,0.852904041483712,True
1466428551,0.3,0.3,0.6600873274447991,False
1466428575,0.3,0.22556321542272073,0.22556321542272073,True
1466428593,0.3,0.3,0.7778250584602198,False
1466428682,0.3,0.3,0.937737179381786,False
1466428699,0.3,0.18247467047714105,0.18247467047714105,True
1466428719,0.3,0.9946407018778449,0.9946407018778449,True
1466428819,0.3,0.30953753328390454,0.30953753328390454,True
1466428850,0.3,0.3,0.584405077197936,False
1466428884,0.3,0.223172185834565,0.223172185834565,True
1466428973,0.3,0.3,0.8578173260169695,False
1466429006,0.3,0.6501742101471845,0.6501742101471845,True
1466429026,0.3,0.3,0.8781871792659018,False
1466429066,0.3,0.12116340049450769,0.12116340049450769,True
1466429072,0.3,0.3,0.5100838397250674,False
1466429103,0.3,0.180720387082983,0.180720387082983,True
1466429110,0.3,0.23690902210257891,0.23690902210257891,True
1466429123,0.3,0.3,0.41391746936546847,False
1466429168,0.3,0.06263806892620383,0.06263806892620383,True
1466429182,0.3,0.3,0.48289893214937796,False
1466429184,0.3,0.5319221711690799,0.5319221711690799,True
1466429197,0.3,0.13569886105065954,0.13569886105065954,True
1466429280,0.3,0.7836309024666775,0.7836309024666775,True
1466429378,0.3,0.5535715249704419,0.5535715249704419,True
1466429450,0.3,0.3,0.4793903696817263,False
1466429455,0.3,0.3,0.673007953613926,False
1466429510,0.3,0.09924849251907175,0.09924849251907175,True
1466429565,0.3,0.5314541733214388,0.5314541733214388,True
1466429566,0.3,0.5678992340913502,0.5678992340913502,True
1466429592,0.3,0.3,0.8745865594826875,False
1466429623,0.3,0.7012368689917008,0.7012368689917008,True
1466429691,0.3,0.6641606346719243,0.6641606346719243,True
1466429733,0.3,0.9640150681308169,0.9640150681308169,True
1466429803,0.3,0.6095407719557945,0.6095407719557945,True
1466429832,0.3,0.3,0.37052816264142474,False
1466429905,0.3,0.27259298126140563,0.27259298126140563,True
1466429997,0.3,0.3,0.6487187791462966,False
1466430050,0.3,0.3,0.0107883634407957,False
1466430088,0.3,0.3,0.9742136091907836,False
1466430174,0.3,0.3,0.8984838361343442,False
1466430247,0.3,0.4746033360050329,0.4746033360050329,True
1466430344,0.3,0.3,0.6850575709896222,False
1466430375,0.3,0.4101701971180002,0.4101701971180002,True
1466430400,0.3,0.3,0.7451617107592725,False
1466430457,0.3,0.3,0.3895992154642096,False
1466430483,0.3,0.3,0.05630344162144818,False
1466430517,0.3,0.3,0.9441997426801909,False
1466430524,0.3,0.3,0.04516372291131754,False
1466430592,0.8,0.8,0.4269298012107098,False
1466430616,0.8,0.8,0.942690275077182,False
1466430631,0.8,0.8,0.21840001683099497,False
1466430680,0.8,0.3716478568735686,0.3716478568735686,True
1466430734,0.8,0.12817628475325582,0.12817628475325582,True
1466430790,0.8,0.8,0.17375852927277535,False
1466430815,0.8,0.8,0.4204115880752628,False
1466430895,0.8,0.8,0.38684549847510885,False
1466430916,0.8,0.7537188958445281,0.7537188958445281,True
1466430929,0.8,0.05558791127100937,0.05558791127100937,True
1466430936,0.8,0.8,0.8160452393275403,False
1466431009,0.8,0.4404906139252721,0.4404906139252721,True
1466431036,0.8,0.8192484599456986,0.8192484599456986,True
1466431055,0.8,0.8648715404975471,0.8648715404975471,True
1466431145,0.8,0.8,0.9119239537881093,False
1466431218,0.8,0.8,0.1805204443796108,False
1466431290,0.8,0.25204307318154695,0.25204307318154695,True
1466431324,0.8,0.5628597688716601,0.5628597688716601,True
1466431400,0.8,0.49102310076460365,0.49102310076460365,True
1466431450,0.8,0.8,0.6384698332808002,False
1466431526,0.8,0.8,0.6880873625882257,False
1466431589,0.8,0.5507525541239686,0.5507525541239686,True
1466431661,0.8,0.8,0.01379914549730743,False
1466431760,0.8,0.8,0.2871759489600566,False
1466431796,0.8,0.0740453180546029,0.0740453180546029,True
1466431848,0.8,0.8,0.3847173728139127,False
1466431879,0.8,0.6059750068764046,0.6059750068764046,True
1466431954,0.8,0.6300769913176401,0.6300769913176401,True
1466431958,0.8,0.8,0.7257303133578455,False
1466432002,0.8,0.40895054724495794,0.40895054724495794,True
1466432101,0.8,0.6616546902712558,0.6616546902712558,True
1466432177,0.8,0.5545720795898551,0.5545720795898551,True
1466432194,0.8,0.9418603295581887,0.9418603295581887,True
1466432237,0.8,0.8,0.2562231748069329,False
1466432280,0.8,0.4883488382436324,0.4883488382436324,True
1466432373,0.8,0.07193318186958575,0.07193318186958575,True
1466432389,0.8,0.8,0.07803316074193811,False
1466432415,1.0,1.0,0.4771640038711369,False
1466432417,1.0,0.598269324430026,0.598269324430026,True
1466432506,1.0,1.0,0.3599120500519587,False
1466432569,1.0,1.0,0.6665638381823616,False
1466432577,1.0,0.66823040065055,0.66823040065055,True
1466432670,1.0,0.5666128772879926,0.5666128772879926,True
1466432706,1.0,0.19661307398707584,0.19661307398707584,True
1466432804,1.0,0.9503495797746477,0.9503495797746477,True
1466432853,1.0,0.4799861433871876,0.4799861433871876,True
1466432947,1.0,0.34202395866516155,0.34202395866516155,True
1466433040,1.0,1.0,0.38234212357627784,False
1466433128,1.0,0.596572753686977,0.596572753686977,True
1466433145,1.0,0.24274279531172305,0.24274279531172305,True
1466433195,1.0,1.0,0.11893057015295916,False
1466433289,1.0,1.0,0.9987205974838195,False
1466433375,1.0,0.5197952133267004,0.5197952133267004,True
1466433427,1.0,0.5517429883554404,0.5517429883554404,True
1466433478,1.0,1.0,0.4002162944243358,False
1466433517,1.0,1.0,0.21840266448092183,False
1466433615,1.0,0.46414449422056847,0.46414449422056847,True
1466433672,1.0,0.781343777627041,0.781343777627041,True
1466433762,1.0,1.0,0.8903444823439217,False
1466433809,1.0,1.0,0.0017688205699064596,False
1466433873,1.0,1.0,0.47825651811640735,False
1466433910,1.0,0.8431671388224699,0.8431671388224699,True
1466433994,1.0,0.3434804667437915,0.3434804667437915,True
1466434003,1.0,0.36723145966692716,0.36723145966692716,True
1466434045,1.0,0.26685547012853594,0.26685547012853594,True
1466434096,1.0,0.019914286719423635,0.019914286719423635,True
1466434173,1.0,0.8447860137961646,0.8447860137961646,True
1466434199,1.0,0.3626429438913431,0.3626429438913431,True
1466434224,1.0,0.3733719107115979,0.3733719107115979,True
1466434308,1.0,1.0,0.00697374897057268,False
1466434359,1.0,0.81235088190841,0.81235088190841,True
1466434371,1.0,0.8779297075871627,0.8779297075871627,True
1466434457,1.0,0.7592721838141067,0.7592721838141067,True
1466434498,1.0,1.0,0.8482178053521865,False
1466434552,1.0,1.0,0.011039733170103538,False
1466434622,1.0,1.0,0.655982962061583,False
1466434691,1.0,1.0,0.4037687772651928,False
1466434718,1.0,1.0,0.9429646128133125,False
1466434727,1.0,1.0,0.5933976388309442,False
1466434815,1.0,1.0,0.3159682589547791,False
1466434892,1.0,0.8922508332943525,0.8922508332943525,True
1466434915,1.0,0.5975751974548069,0.5975751974548069,True
1466434946,1.0,0.10215182542704782,0.10215182542704782,True
1466434988,1.0,0.9344978330541139,0.9344978330541139,True
1466435020,1.0,1.0,0.03505802864295138,False
1466435090,1.0,1.0,0.7281014418254461,False
1466435099,1.0,0.07170519787193452,0.07170519787193452,True
1466435145,1.0,1.0,0.80461716114438,False
1466435186,1.0,1.0,0.677163682966489,False
1466435246,1.0,1.0,0.7236968013474979,False
1466435284,1.0,1.0,0.1566447715783661,False
1466435327,1.0,0.45549219628707516,0.45549219628707516,True
1466435369,1.0,1.0,0.9310867273925418,False
1466435408,1.0,0.3325923214716996,0.3325923214716996,True
1466435468,1.0,1.0,0.5167744021959155,False
1466435486,1.0,1.0,0.3374392599377152,False
1466435555,1.0,0.5813138527702251,0.5813138527702251,True
1466435624,1.0,1.0,0.9889648222745846,False
1466435659,1.0,0.21149549979664106,0.21149549979664106,True
1466435682,1.0,0.023697938501798577,0.023697938501798577,True
1466435712,1.0,1.0,0.7134833491215462,False
1466435794,1.0,1.0,0.24016879513838796,False
1466435878,1.0,0.4547958226714335,0.4547958226714335,True
1466435904,1.0,0.7248490313078872,0.7248490313078872,True
1466435971,1.0,0.852132986562833,0.852132986562833,True
1466436041,1.0,1.0,0.889900934747318,False
1466436059,1.0,1.0,0.04469569685871022,False
1466436093,1.0,0.3919156783483605,0.3919156783483605,True
1466436178,1.0,1.0,0.614797633164904,False
1466436230,1.0,1.0,0.29995503523068723,False
1466436280,1.0,1.0,0.5880363776582405,False
1466436332,1.0,0.1268656668504834,0.1268656668504834,True
1466436333,1.0,0.0514721800960386,0.0514721800960386,True
1466436431,1.0,1.0,0.04215180231004023,False
1466436520,1.0,0.030475552690389374,0.030475552690389374,True
1466436572,1.0,0.41908270325175034,0.41908270325175034,True
1466436647,1.0,0.9371989532265299,0.9371989532265299,True
1466436655,1.0,0.2878751009709961,0.2878751009709961,True
1466436727,1.0,0.318124995635121,0.318124995635121,True
1466436793,1.0,0.7954843443189367,0.7954843443189367,True
1466436879,1.0,1.0,0.7448474601564645,False
1466436880,1.0,1.0,0.23396119812206873,False
1466436939,1.0,1.0,0.742152457779296,False
1466437015,1.0,0.5598657690998945,0.5598657690998945,True
1466437048,1.0,0.2856500071455721,0.2856500071455721,True
1466437088,1.0,1.0,0.1231611624018969,False
1466437105,1.0,1.0,0.2719259340676604,False
1466437122,1.0,1.0,0.8385334423961153,False
1466437160,1.0,0.12982016708573307,0.12982016708573307,True
1466437232,1.0,1.0,0.7385363320525379,False
1466437321,1.0,1.0,0.24131806698250902,False
1466437335,1.0,0.17638485742953358,0.17638485742953358,True
1466437358,1.0,1.0,0.2416372578969892,False
1466437441,1.0,0.11613190882841329,0.11613190882841329,True
1466437480,1.0,1.0,0.8470050283393323,False
1466437561,1.0,0.3891177199887672,0.3891177199887672,True
1466437653,1.0,0.9734280586670333,0.9734280586670333,True
1466437709,1.0,1.0,0.0914444421141073,False
1466437798,1.0,0.05098341321650146,0.05098341321650146,True
1466437869,1.0,1.0,0.526922221092198,False
1466437952,1.0,0.048684205908330114,0.048684205908330114,True
1466438037,1.0,0.019159326310699054,0.019159326310699054,True
1466438054,1.0,0.6827209707899045,0.6827209707899045,True
1466438056,1.0,1.0,0.8405410342757016,False
1466438136,1.0,1.0,0.14098515754429952,False
1466438234,1.0,1.0,0.9419308595478101,False
1466438261,1.0,1.0,0.6433362281623022,False
1466438348,1.0,1.0,0.6172697926241623,False
1466438407,1.0,1.0,0.11660917820880623,False
1466438422,1.0,0.5373281319235317,0.5373281319235317,True
1466438476,1.0,1.0,0.3953515209356413,False
1466438571,1.0,0.5963243585212092,0.5963243585212092,True
1466438612,1.0,0.5100620937425093,0.5100620937425093,True
1466438620,1.0,1.0,0.9523937115191132,False
1466438698,1.0,0.31909555707693005,0.31909555707693005,True
1466438747,1.0,1.0,0.06127012227494322,False
1466438795,1.0,1.0,0.4963852441625223,False
1466438810,1.0,1.0,0.47635897482471967,False
1466438888,1.0,1.0,0.23257094667530986,False
1466438975,1.0,1.0,0.3090073647080034,False
1466439000,1.0,1.0,0.44160236582944135,False
1466439092,1.0,1.0,0.9636154629323116,False
1466439150,1.0,0.4636008714278915,0.4636008714278915,True
1466439229,1.0,0.0052464192628906,0.0052464192628906,True
1466439279,1.0,1.0,0.4312299068485874,False
1466439328,1.0,1.0,0.5803864283087478,False
1466439351,1.0,0.3510202616154018,0.3510202616154018,True
1466439447,1.0,0.0004950689573250955,0.0004950689573250955,True
1466439466,1.0,1.0,0.09336692875973773,False
1466439480,1.0,0.09773642510172931,0.09773642510172931,True
1466439560,1.0,1.0,0.9177561245084802,False
1466439600,1.0,0.5760523894301155,0.5760523894301155,True
1466439645,1.0,0.6416956008827304,0.6416956008827304,True
1466439729,1.0,0.6569930283392605,0.6569930283392605,True
1466439772,1.0,0.10046940708291807,0.10046940708291807,True
1466439827,1.0,1.0,0.16737766979635704,False
1466439849,1.0,0.33660264504422477,0.33660264504422477,True
1466439910,1.0,1.0,0.7603656235960826,False
1466439990,1.0,1.0,0.24922666847140218,False
1466440005,1.0,1.0,0.2022821983324985,False
1466440006,1.0,1.0,0.7209168159316214,False
1466440045,1.0,1.0,0.6737429473460541,False
1466440066,1.0,0.548395169317696,0.548395169317696,True
1466440154,1.0,0.03364314135915503,0.03364314135915503,True
1466440214,1.0,1.0,0.3832371376502369,False
1466440226,1.0,1.0,0.18279818646546642,False
1466440304,1.0,0.7188714742692337,0.7188714742692337,True
1466440385,1.0,0.32469141249239886,0.32469141249239886,True
1466440451,1.0,0.8224303888214474,0.8224303888214474,True
1466440521,1.0,0.5148958634026503,0.5148958634026503,True
1466440581,1.0,0.8223289332804711,0.8223289332804711,True
1466440674,1.0,0.0050590681485271904,0.0050590681485271904,True
1466440727,1.0,0.8507174438390542,0.8507174438390542,True
1466440821,1.0,0.6437773082137245,0.6437773082137245,True
1466440827,1.0,0.8879904814510583,0.8879904814510583,True
1466440897,1.0,0.9830636413554462,0.9830636413554462,True
1466440923,1.0,0.8021099100075063,0.8021099100075063,True
1466441012,1.0,1.0,0.6915718712784987,False
1466441049,1.0,1.0,0.7515472468561764,False
1466441147,1.0,1.0,0.3242744671021255,False
1466441213,1.0,1.0,0.2606296380610249,False
1466441311,1.0,1.0,0.6110899735419822,False
1466441318,1.0,0.8558347876358486,0.8558347876358486,True
1466441418,1.0,1.0,0.5446667543489797,False
1466441510,1.0,0.10034587905780723,0.10034587905780723,True
1466441541,1.0,0.6394581826078656,0.6394581826078656,True
1466441579,1.0,0.8294054797829638,0.8294054797829638,True
1466441630,1.0,0.7515837976778609,0.7515837976778609,True
1466441714,1.0,1.0,0.22305592225724236,False
1466441724,1.0,0.5273577560999934,0.5273577560999934,True
1466441741,1.0,0.25772487613982487,0.25772487613982487,True
1466441822,1.0,1.0,0.18304857197534508,False
1466441883,1.0,0.12549784824368682,0.12549784824368682,True
1466441934,1.0,1.0,0.9740864250535549,False
1466441947,1.0,0.24594228749970493,0.24594228749970493,True
1466442046,1.0,1.0,0.5505337264837015,False
1466442137,1.0,0.2818194124345089,0.2818194124345089,True
1466442175,1.0,0.8545968860899418,0.8545968860899418,True
1466442216,1.0,1.0,0.0849837291365465,False
1466442284,1.0,0.2293641132440647,0.2293641132440647,True
1466442332,1.0,0.37350514063894946,0.37350514063894946,True
1466442358,1.0,1.0,0.19854933417855114,False
1466442362,1.0,0.28992245980580356,0.28992245980580356,True
1466442439,1.0,1.0,0.4541635673852885,False
1466442490,1.0,0.6107358856443433,0.6107358856443433,True
1466442498,1.0,1.0,0.579936694064093,False
1466442508,1.0,1.0,0.6656339631881699,False
1466442518,1.0,0.8425346061915613,0.8425346061915613,True
1466442556,1.0,0.9048631635381423,0.9048631635381423,True
1466442656,1.0,0.4836661474730206,0.4836661474730206,True
1466442662,1.0,0.8761909187768868,0.8761909187768868,True
1466442703,1.0,0.23597809955941873,0.23597809955941873,True
1466442768,1.0,1.0,0.7626762014278292,False
1466442788,1.0,1.0,0.2069256962296533,False
1466442886,1.0,0.1660117248192895,0.1660117248192895,True
1466442980,1.0,1.0,0.42943217516666576,False
1466443000,1.0,1.0,0.8030201924877501,False
1466443029,1.0,0.43904531696739235,0.43904531696739235,True
1466443038,1.0,0.9011956142634632,0.9011956142634632,True
1466443089,1.0,0.558785996930609,0.558785996930609,True
1466443162,1.0,0.18694796623402876,0.18694796623402876,True
1466443201,1.0,0.2752848422477586,0.2752848422477586,True
1466443219,1.0,1.0,0.6901803304021453,False
1466443263,1.0,0.013908453736954485,0.013908453736954485,True
1466443350,1.0,0.22194960998738655,0.22194960998738655,True
1466443373,1.0,1.0,0.6132636115663217,False
1466443392,1.0,0.9086727166253359,0.9086727166253359,True
1466443402,1.0,1.0,0.326191896959347,False
1466443486,1.0,0.7149349477719429,0.7149349477719429,True
1466443511,1.0,0.835678907060253,0.835678907060253,True
1466443584,1.0,1.0,0.3152324152549828,False
1466443677,1.0,1.0,0.9556559910999428,False
1466443725,1.0,0.19285033674127128,0.19285033674127128,True
1466443727,1.0,0.38722329960560986,0.38722329960560986,True
1466443750,1.0,1.0,0.29856339214714267,False
1466443761,1.0,0.061978066008496424,0.061978066008496424,True
1466443808,1.0,0.1280312222024963,0.1280312222024963,True
1466443861,1.0,1.0,0.7316036501559093,False
1466443929,1.0,0.19387890638919347,0.19387890638919347,True
1466443986,1.0,1.0,0.5690329978615773,False
1466444043,1.0,0.7786884293337373,0.7786884293337373,True
1466444110,1.0,1.0,0.7616240613915768,False
1466444192,1.0,1.0,0.826579708444281,False
1466444287,1.0,0.3883335079376121,0.3883335079376121,True
1466444294,1.0,0.5811578512545446,0.5811578512545446,True
1466444366,1.0,0.9942512851743042,0.9942512851743042,True
1466444466,1.0,1.0,0.8827815946674459,False
1466444505,1.0,0.8404078429391753,0.8404078429391753,True
1466444556,1.0,1.0,0.049064495024847776,False
1466444624,1.0,0.6733283108328391,0.6733283108328391,True
1466444663,1.0,1.0,0.5366273118454298,False
1466444685,1.0,0.40685857941117165,0.40685857941117165,True
1466444756,1.0,0.5374696045094806,0.5374696045094806,True
1466444781,1.0,0.6988217386229378,0.6988217386229378,True
1466444840,1.0,0.7582713065748955,0.7582713065748955,True
1466444854,1.0,1.0,0.4157776381631575,False
1466444860,1.0,0.09913833533516103,0.09913833533516103,True
1466444959,1.0,0.8985977951066115,0.8985977951066115,True
1466445058,1.0,0.14168168618467225,0.14168168618467225,True
1466445107,1.0,1.0,0.4937017125698827,False
1466445165,1.0,1.0,0.31429207205594145,False
1466445170,1.0,0.5756627334137273,0.5756627334137273,True
1466445173,1.0,0.7381079515249404,0.7381079515249404,True
1466445247,1.0,1.0,0.4401767963606906,False
1466445305,1.0,0.8246392906645091,0.8246392906645091,True
1466445333,1.0,1.0,0.8844731459692737,False
1466445356,1.0,1.0,0.8387639337161085,False
1466445430,1.0,1.0,0.0038857439377038006,False
1466445491,1.0,0.6979128011628468,0.6979128011628468,True
1466445497,0.3,0.3,0.06046023075574014,False
1466445514,0.3,0.3,0.4692854542104775,False
1466445549,0.3,0.6989535610040962,0.6989535610040962,True
1466445640,0.3,0.3,0.06240379401223228,False
1466445648,0.3,0.6697876321054396,0.6697876321054396,True
1466445739,0.3,0.29203218311751944,0.29203218311751944,True
1466445814,0.3,0.3,0.07176559026857454,False
1466445879,0.3,0.30914024364927173,0.30914024364927173,True
1466445909,0.3,0.3,0.44429123439925555,False
1466445965,0.3,0.6643489794367324,0.6643489794367324,True
1466446021,0.3,0.7559059702772767,0.7559059702772767,True
1466446045,0.3,0.06767230968761684,0.06767230968761684,True
1466446071,0.3,0.4274388153905918,0.4274388153905918,True
1466446120,0.3,0.6135409022582948,0.6135409022582948,True
1466446168,0.3,0.3,0.8784692215310613,False
1466446253,0.3,0.3,0.9758179002854357,False
1466446302,0.3,0.1377767622121513,0.1377767622121513,True
1466446389,0.3,0.3,0.7209953786332287,False
1466446404,0.3,0.23594871672774753,0.23594871672774753,True
1466446494,0.3,0.3,0.5237838982050965,False
1466446594,0.3,0.3,0.5683080827927015,False
1466446643,0.3,0.8120298875665356,0.8120298875665356,True
1466446669,0.3,0.3,0.32485820206045857,False
1466446690,0.3,0.3,0.24236234219412134,False
1466446735,0.3,0.3,0.410090889212932,False
1466446766,0.3,0.1523665691784717,0.1523665691784717,True
1466446852,0.3,0.3,0.6019660840555664,False
1466446902,0.3,0.3,0.6144296835403265,False
1466446945,0.3,0.4354475761798213,0.4354475761798213,True
1466446987,0.3,0.3,0.24572450946909363,False
1466447036,0.3,0.08409065562168916,0.08409065562168916,True
1466447112,0.3,0.7905846303045556,0.7905846303045556,True
1466447129,0.3,0.45562804027226256,0.45562804027226256,True
1466447189,0.3,0.5843001219225499,0.5843001219225499,True
1466447224,0.3,0.3,0.28331207484818377,False
1466447270,0.3,0.9668460152944851,0.9668460152944851,True
1466447272,0.3,0.4996976493165787,0.4996976493165787,True
1466447348,0.3,0.9428439949752635,0.9428439949752635,True
1466447359,0.3,0.18546868555203633,0.18546868555203633,True
1466447388,0.3,0.008771503494711452,0.008771503494711452,True
1466447390,0.3,0.851569873993104,0.851569873993104,True
1466447425,0.3,0.3,0.6722916581979922,False
1466447463,0.3,0.3,0.9112073028377832,False
1466447485,0.3,0.028427049540065807,0.028427049540065807,True
1466447545,0.3,0.3,0.011293580747098075,False
1466447553,0.3,0.3,0.14187044151572326,False
1466447554,0.3,0.3,0.24505293000393757,False
1466447573,0.3,0.7356256175257125,0.7356256175257125,True
1466447634,0.3,0.3,0.8870833722646945,False
1466447695,0.3,0.3,0.33472405606387656,False
1466447762,0.3,0.8206318703440814,0.8206318703440814,True
1466447844,0.3,0.6464497444288162,0.6464497444288162,True
1466447885,0.3,0.3,0.09906266000923636,False
1466447943,0.3,0.3,0.0622144218281625,False
1466447956,0.3,0.3,0.304400651437261,False
1466448041,0.3,0.0886612422926959,0.0886612422926959,True
1466448140,0.3,0.4577985144356599,0.4577985144356599,True
1466448215,0.3,0.24928842715720778,0.24928842715720778,True
1466448270,0.3,0.3,0.06502677611183383,False
1466448302,0.3,0.4902752159076087,0.4902752159076087,True
1466448368,0.3,0.7458129618183978,0.7458129618183978,True
1466448422,0.3,0.3,0.006851365753127503,False
1466448517,0.3,0.3,0.0650886727380734,False
1466448614,0.3,0.34337926575894895,0.34337926575894895,True
1466448701,0.3,0.2582010441538003,0.2582010441538003,True
1466448743,0.3,0.3,0.30561760953921513,False
1466448805,0.3,0.3,0.01858346423178292,False
1466448844,0.3,0.36564663880704373,0.36564663880704373,True
1466448896,0.3,0.3,0.3754211604826876,False
1466448984,0.3,0.3,0.8012854291324177,False
1466449031,0.3,0.284685506090394,0.284685506090394,True
1466449045,0.3,0.8004816582789762,0.8004816582789762,True
1466449099,0.3,0.47447897527565697,0.47447897527565697,True
1466449171,0.3,0.3,0.1839158720969728,False
1466449261,0.3,0.3,0.1224815975484107,False
1466449280,0.3,0.38693115499098385,0.38693115499098385,True
1466449359,0.3,0.867026158956433,0.867026158956433,True
1466449442,0.3,0.23895246650444268,0.23895246650444268,True
1466449496,0.3,0.3,0.47164691765429223,False
1466449537,0.3,0.6922140660862653,0.6922140660862653,True
1466449555,0.3,0.3,0.1204536354556307,False
1466449629,0.3,0.3,0.7728432565441515,False
1466449635,0.3,0.3,0.16450821517864178,False
1466449721,0.3,0.3,0.9063490882675672,False
1466449772,0.3,0.7404906248278501,0.7404906248278501,True
1466449872,0.3,0.3,0.08388846126330707,False
1466449873,0.3,0.3,0.37202578959388033,False
1466449884,0.3,0.6448834071528295,0.6448834071528295,True
1466449937,0.3,0.24171452496017964,0.24171452496017964,True
1466449953,0.3,0.3,0.029270409593213476,False
1466449959,0.3,0.7890197449920673,0.7890197449920673,True
1466449961,0.3,0.3,0.8164564872739722,False
1466450018,0.3,0.5181053799613002,0.5181053799613002,True
1466450075,0.3,0.1580648206051889,0.1580648206051889,True
1466450150,0.3,0.3,0.7038471397157788,False
1466450177,0.3,0.8453309482815786,0.8453309482815786,True
1466450255,0.3,0.3,0.255970055043631,False
1466450343,0.3,0.3,0.21151781496442568,False
1466450348,0.3,0.07350367217955489,0.07350367217955489,True
1466450401,0.3,0.36252341378007735,0.36252341378007735,True
1466450433,0.3,0.3,0.5977402374413318,False
1466450507,0.3,0.3,0.4457201777711105,False
1466450536,0.3,0.922465545107707,0.922465545107707,True
1466450627,0.3,0.6029506880876181,0.6029506880876181,True
1466450723,0.3,0.3,0.705562910992908,False
1466450817,0.3,0.3,0.03298749791991029,False
1466450900,0.3,0.3,0.7334354483513231,False
1466450902,0.3,0.7483489703394636,0.7483489703394636,True
1466450971,0.3,0.3,0.7480078779876658,False
1466451016,0.3,0.3,0.3955996026514782,False
1466451023,0.3,0.3,0.8789682298855653,False
1466451073,0.3,0.3,0.5759609675866482,False
1466451166,0.3,0.3335720977492328,0.3335720977492328,True
1466451231,0.3,0.3,0.6670363877227798,False
1466451245,0.3,0.3,0.41783756680943573,False
1466451293,0.3,0.3,0.810065335633917,False
1466451295,0.3,0.3,0.11399814287861043,False
1466451378,0.3,0.507743528932119,0.507743528932119,True
1466451445,0.3,0.3,0.7501433997961691,False
1466451508,0.3,0.5932327185226813,0.5932327185226813,True
1466451599,0.3,0.3,0.16866969115842512,False
1466451686,0.3,0.3,0.6075701979666475,False
1466451761,0.3,0.3,0.2507947085972321,False
1466451857,0.3,0.3,0.18194709509495544,False
1466451909,0.3,0.053277068215287327,0.053277068215287327,True
1466451919,0.3,0.5009734692920068,0.5009734692920068,True
1466452006,0.3,0.060113764981751916,0.060113764981751916,True
1466452035,0.3,0.7635968036393818,0.7635968036393818,True
1466452039,0.3,0.7238411003535863,0.7238411003535863,True
1466452104,0.3,0.3,0.3542590144575385,False
1466452167,0.3,0.3,0.4263681926816404,False
1466452238,0.3,0.3,0.7795194766100081,False
1466452313,0.3,0.6093752903223059,0.6093752903223059,True
1466452339,0.3,0.5684513291525501,0.5684513291525501,True
1466452419,0.3,0.6599602213953425,0.6599602213953425,True
1466452424,0.3,0.3,0.6551262274835435,False
1466452435,0.3,0.3,0.602836478807667,False
1466452531,0.3,0.3059021335193538,0.3059021335193538,True
1466452584,0.3,0.3,0.9401450424372968,False
1466452625,0.3,0.3,0.1722667558798161,False
1466452676,0.3,0.3,0.059425660360674204,False
1466452752,0.3,0.3,0.9830685156844065,False
1466452796,0.3,0.1098342070349968,0.1098342070349968,True
1466452825,0.3,0.81095871581622,0.81095871581622,True
1466452860,0.3,0.3,0.0864059335831836,False
1466452960,0.3,0.3,0.32728674953611114,False
1466452979,0.3,0.3485609312429889,0.3485609312429889,True
1466453002,0.3,0.3,0.7014442420387071,False
1466453016,0.3,0.3,0.32237646239502205,False
1466453025,0.3,0.3,0.03085372527295116,False
1466453089,0.3,0.8993806072824051,0.8993806072824051,True
1466453141,0.3,0.8697478809856624,0.8697478809856624,True
1466453154,0.3,0.3567806267803644,0.3567806267803644,True
1466453184,0.3,0.1824353521709513,0.1824353521709513,True
1466453202,0.3,0.9874961576960681,0.9874961576960681,True
1466453203,0.3,0.1993573650093975,0.1993573650093975,True
1466453222,0.3,0.3,0.7334348848398264,False
1466453321,0.3,0.15086604583116414,0.15086604583116414,True
1466453379,0.3,0.3,0.5642032248189546,False
1466453392,0.3,0.7540560756924052,0.7540560756924052,True
1466453422,0.3,0.3,0.2369349187918599,False
1466453502,0.3,0.4686697983273771,0.4686697983273771,True
1466453518,0.3,0.2943158682446342,0.2943158682446342,True
1466453563,0.3,0.7193789045198745,0.7193789045198745,True
1466453604,0.3,0.3,0.11545147605594108,False
1466453639,0.3,0.3,0.5769085037919593,False
1466453705,0.3,0.3,0.24673562237608027,False
1466453795,0.3,0.3,0.1570313023394253,False
1466453816,0.3,0.3,0.9652926440392284,False
1466453870,0.3,0.3,0.4636156555106725,False
1466453910,0.3,0.535080038979353,0.535080038979353,True
1466454002,0.3,0.7260427084981386,0.7260427084981386,True
1466454051,0.3,0.9754464368440194,0.9754464368440194,True
1466454087,0.3,0.4018464386089351,0.4018464386089351,True
1466454129,0.3,0.41990152549196635,0.41990152549196635,True
1466454227,0.3,0.2712342765816662,0.2712342765816662,True
1466454259,0.3,0.34458552968719636,0.34458552968719636,True
1466454262,0.3,0.3,0.18897797732884103,False
1466454298,0.3,0.5734452184917567,0.5734452184917567,True
1466454388,0.3,0.3,0.4738033352121668,False
1466454399,0.3,0.3151465258465471,0.3151465258465471,True
1466454473,0.3,0.3,0.8309194117252781,False
1466454529,0.3,0.3,0.4526491682371985,False
1466454559,0.3,0.9078711852290082,0.9078711852290082,True
1466454648,0.3,0.9475785577571572,0.9475785577571572,True
1466454745,0.3,0.3755795381909741,0.3755795381909741,True
1466454763,0.3,0.3,0.9576603897355344,False
1466454851,0.3,0.7943280346008357,0.7943280346008357,True
1466454936,0.3,0.8390215229142655,0.8390215229142655,True
1466454949,0.3,0.8289138363511959,0.8289138363511959,True
1466455032,0.3,0.335903909771054,0.335903909771054,True
1466455065,0.3,0.3,0.5397528553561974,False
1466455119,0.3,0.3,0.23378154218406,False
1466455172,0.3,0.5961295540370936,0.5961295540370936,True
1466455196,0.3,0.05857962315557719,0.05857962315557719,True
1466455271,0.3,0.5448172705062271,0.5448172705062271,True
1466455357,0.3,0.5962366510972714,0.5962366510972714,True
1466455361,0.3,0.23623725273891916,0.23623725273891916,True
1466455394,0.3,0.3,0.663283081282836,False
1466455475,0.3,0.3,0.9568895101360213,False
1466455497,0.3,0.7447642531275289,0.7447642531275289,True
1466455561,0.3,0.6115375277835877,0.6115375277835877,True
1466455575,0.3,0.9721231177139948,0.9721231177139948,True
1466455587,0.3,0.3,0.7467331751795832,False
1466455651,0.3,0.3,0.39682036688397115,False
1466455658,0.3,0.795306003756657,0.795306003756657,True
1466455732,0.3,0.3,0.719926625854355,False
1466455812,0.3,0.3,0.3974668679462958,False
1466455910,0.3,0.7238350611936217,0.7238350611936217,True
1466455951,0.3,0.598831631883492,0.598831631883492,True
1466455999,0.3,0.6855643843294603,0.6855643843294603,True
1466456054,0.3,0.061523636935194026,0.061523636935194026,True
1466456058,0.3,0.49652747216888804,0.49652747216888804,True
1466456074,0.3,0.7264104002219902,0.7264104002219902,True
1466456088,0.3,0.1942030580325338,0.1942030580325338,True
1466456118,0.3,0.7755523976169499,0.7755523976169499,True
1466456218,0.3,0.3,0.2599954570303836,False
1466456265,0.3,0.3,0.6512783263456933,False
1466456270,0.3,0.3,0.24242004136252915,False
1466456312,0.3,0.002348218255976864,0.002348218255976864,True
1466456346,0.3,0.3,0.15803229680577446,False
1466456374,0.3,0.8048358788274291,0.8048358788274291,True
1466456406,0.3,0.3,0.6699726397429194,False
1466456482,0.3,0.3,0.934043409963998,False
1466456512,0.3,0.2034763194770206,0.2034763194770206,True
1466456610,0.3,0.3,0.4299209060696769,False
1466456683,0.3,0.7121514495466161,0.7121514495466161,True
1466456768,0.3,0.17324743044445712,0.17324743044445712,True
1466456856,0.3,0.09158992576106828,0.09158992576106828,True
1466456927,0.3,0.3,0.6562562662876387,False
1466457014,0.3,0.616301258389456,0.616301258389456,True
1466457032,0.3,0.3,0.06461882780792727,False
1466457067,0.3,0.3,0.536937370255109,False
1466457157,0.3,0.3,0.06202434636709686,False
1466457215,0.3,0.6984153404581183,0.6984153404581183,True
1466457267,0.3,0.06617778276836361,0.06617778276836361,True
1466457357,0.3,0.6014122748003653,0.6014122748003653,True
1466457434,0.3,0.2186964338946732,0.2186964338946732,True
1466457487,0.3,0.3,0.8185567444990147,False
1466457559,0.3,0.680604021772591,0.680604021772591,True
1466457603,0.3,0.3,0.9010022016552504,False
1466457671,0.3,0.8651327128786255,0.8651327128786255,True
1466457713,0.3,0.14460387731368052,0.14460387731368052,True
1466457745,0.3,0.516818199408667,0.516818199408667,True
1466457782,0.3,0.3,0.9605041621564987,False
1466457802,0.3,0.8351117952158453,0.8351117952158453,True
1466457817,0.3,0.6482385675939704,0.6482385675939704,True
1466457865,0.3,0.16140356201329564,0.16140356201329564,True
1466457884,0.3,0.3,0.627704221751033,False
1466457885,0.3,0.6032389483594303,0.6032389483594303,True
1466457917,0.3,0.3,0.17054147470100478,False
1466457973,0.3,0.7508553608912785,0.7508553608912785,True
1466458045,0.3,0.5281762186525313,0.5281762186525313,True
1466458135,0.3,0.3,0.04726627984374199,False
1466458151,0.3,0.7026112294740148,0.7026112294740148,True
1466458230,0.3,0.3,0.36671639685995394,False
1466458324,0.3,0.5044026989021868,0.5044026989021868,True
1466458362,0.3,0.3,0.1635641540970294,False
1466458438,0.3,0.3,0.16931284762337662,False
1466458454,0.3,0.4485515254448127,0.4485515254448127,True
1466458496,0.3,0.3,0.14099367697912035,False
1466458509,0.3,0.940114478068326,0.940114478068326,True
1466458580,0.2,0.2,0.23351258344963122,False
1466458590,0.2,0.15207758062273746,0.15207758062273746,True
1466458626,0.2,0.2,0.459488032057229,False
1466458642,0.2,0.2,0.7554828755914806,False
1466458665,0.2,0.5558212210094753,0.5558212210094753,True
1466458694,0.2,0.2,0.8441562188958196,False
1466458762,0.2,0.6517032961382941,0.6517032961382941,True
1466458793,0.2,0.2,0.5160034861773883,False
1466458824,0.2,0.9544043069358171,0.9544043069358171,True
1466458906,0.1,0.7407790238245162,0.7407790238245162,True
1466458982,0.1,0.1,0.22484180019218014,False
1466459068,0.1,0.8210242981352277,0.8210242981352277,True
1466459159,0.1,0.1,0.08919403986020424,False
1466459184,0.1,0.1,0.19526260315639898,False
1466459273,0.1,0.8217341246614301,0.8217341246614301,True
1466459372,0.1,0.1,0.9207291032386762,False
1466459415,0.1,0.8573056949680331,0.8573056949680331,True
1466459483,0.1,0.1,0.24360025665439866,False
1466459504,0.1,0.1,0.47192261420979353,False
1466459588,0.1,0.14231995071122072,0.14231995071122072,True
1466459595,0.1,0.1,0.21768105582836006,False
1466459673,0.1,0.766640300487807,0.766640300487807,True
1466459726,0.1,0.9754336040447863,0.9754336040447863,True
1466459800,0.1,0.24917207832885835,0.24917207832885835,True
1466459857,0.1,0.1,0.11567238659588241,False
1466459887,0.1,0.1,0.44333638063040837,False
1466459913,0.1,0.3386161478735735,0.3386161478735735,True
1466459974,0.1,0.1,0.015674276106908303,False
1466459995,0.1,0.2358676386063624,0.2358676386063624,True
1466460001,0.1,0.1,0.8604867295002019,False
1466460054,0.1,0.1,0.6759585927844509,False
1466460130,0.1,0.1,0.19834816096017183,False
1466460215,0.1,0.1,0.43180088613038625,False
1466460252,0.1,0.1,0.34298654425589514,False
1466460272,0.1,0.6274022612373747,0.6274022612373747,True
1466460346,0.1,0.2043566247844646,0.2043566247844646,True
1466460440,0.1,0.7581890999776952,0.7581890999776952,True
1466460461,0.1,0.7873629111310967,0.7873629111310967,True
1466460528,0.1,0.9103469493478703,0.9103469493478703,True
1466460610,0.1,0.9424885137978267,0.9424885137978267,True
1466460630,0.1,0.1,0.6171172908047847,False
1466460691,0.1,0.1,0.44981440884855484,False
1466460706,0.1,0.1,0.9831721458834219,False
1466460739,0.1,0.041799244311861994,0.041799244311861994,True
1466460765,0.1,0.1,0.28402302937546786,False
1466460795,0.1,0.9867043054778913,0.9867043054778913,True
1466460877,0.1,0.008270620398256878,0.008270620398256878,True
1466460973,0.1,0.1,0.591301051955707,False
1466461009,0.1,0.1,0.04989346923239768,False
1466461027,0.1,0.1,0.29424928759169666,False
1466461032,0.1,0.1,0.31309698817693,False
1466461096,0.1,0.7267812879104024,0.7267812879104024,True
1466461169,0.1,0.1,0.7015115371579089,False
1466461256,0.1,0.1,0.46857911947489694,False
1466461351,0.1,0.9268287332751147,0.9268287332751147,True
1466461451,0.1,0.0923269309026078,0.0923269309026078,True
1466461531,0.8,0.6365316383571247,0.6365316383571247,True
1466461568,0.8,0.8159317525658462,0.8159317525658462,True
1466461583,0.8,0.8,0.03192669450042718,False
1466461647,0.8,0.8,0.3605172096464184,False
1466461703,0.8,0.8,0.05756624231112262,False
1466461794,0.8,0.8277248525620624,0.8277248525620624,True
1466461813,0.8,0.8,0.11536399847043144,False
1466461910,0.8,0.8,0.5818510608388185,False
1466461988,0.8,0.3006277300854536,0.3006277300854536,True
1466462056,0.8,0.0752771011677229,0.0752771011677229,True
1466462101,0.8,0.8,0.2652513158278871,False
1466462155,0.8,0.8,0.1382205721516715,False
1466462215,0.8,0.28120936442161326,0.28120936442161326,True
1466462278,0.8,0.8,0.08833585611425754,False
1466462368,0.8,0.22466885009328474,0.22466885009328474,True
1466462412,0.8,0.8,0.41247664954851904,False
1466462512,0.8,0.6908588526842013,0.6908588526842013,True
1466462594,0.8,0.8,0.042355216187892286,False
1466462671,0.8,0.8,0.03956532184378203,False
1466462716,0.8,0.8,0.22743096754233372,False
1466462746,0.8,0.8,0.18931838555993885,False
1466462782,0.8,0.8,0.7312951139983694,False
1466462820,0.8,0.8,0.404423825883063,False
1466462833,0.8,0.8,0.931581495494311,False
1466462842,0.8,0.8,0.6901460285622841,False
1466462850,0.8,0.8,0.43836877224592175,False
1466462941,0.8,0.8544163275373644,0.8544163275373644,True
1466463026,0.8,0.7873881044132526,0.7873881044132526,True
1466463117,0.8,0.8,0.2629226685564787,False
1466463139,0.8,0.6915910534512432,0.6915910534512432,True
