1466410104,7.36,7.378839377091647,7.378839377091647,True
1466410114,7.45,7.45,7.433466529444127,False
1466410130,7.45,7.429252560882071,7.429252560882071,True
1466410181,7.36,7.398249562289234,7.398249562289234,True
1466410203,7.36,7.36,7.3790420614055305,False
1466410250,7.39,7.39,7.422104893067051,False
1466410309,7.39,7.355536638354467,7.355536638354467,True
1466410397,7.39,7.36157134972365,7.36157134972365,True
1466410430,7.39,7.39,7.390201354755923,False
1466410469,7.39,7.39,7.372236020129475,False
1466410483,7.39,7.386558745373539,7.386558745373539,True
1466410498,7.39,7.379331979998557,7.379331979998557,True
1466410502,7.39,7.361844173996102,7.361844173996102,True
1466410532,7.37,7.363000757710017,7.363000757710017,True
1466410541,7.37,7.37,7.410342904756157,False
1466410573,7.37,7.37,7.3689812504952705,False
1466410630,7.39,7.356775713605848,7.356775713605848,True
1466410653,7.41,7.41,7.370754068389328,False
1466410746,7.42,7.408504614908985,7.408504614908985,True
1466410814,7.37,7.3960415177618986,7.3960415177618986,True
1466410890,7.42,7.436373362310047,7.436373362310047,True
1466410902,7.38,7.375801841810434,7.375801841810434,True
1466410978,7.38,7.4466662818166185,7.4466662818166185,True
1466411008,7.38,7.38,7.4188091938534075,False
1466411066,7.38,7.373043431838096,7.373043431838096,True
1466411094,7.38,7.38,7.427397164932642,False
1466411157,7.35,7.36113703166753,7.36113703166753,True
1466411223,7.35,7.427532957622417,7.427532957622417,True
1466411226,7.35,7.35,7.419475871085243,False
1466411272,7.39,7.39,7.41923499875431,False
1466411303,7.39,7.403980333219826,7.403980333219826,True
1466411318,7.41,7.41,7.374320483691129,False
1466411396,7.37,7.4112968280851454,7.4112968280851454,True
1466411493,7.37,7.37,7.401533121008761,False
1466411549,7.37,7.37,7.354550536265028,False
1466411560,7.37,7.382842894479003,7.382842894479003,True
1466411626,7.37,7.37,7.381834194446802,False
1466411723,7.37,7.37,7.4151187949684845,False
1466411763,7.42,7.425837886774703,7.425837886774703,True
1466411785,7.42,7.42,7.357251774154562,False
1466411854,7.42,7.419895919708658,7.419895919708658,True
1466411889,7.41,7.422073642274531,7.422073642274531,True
1466411988,7.41,7.41,7.431595937042402,False
1466412022,7.41,7.41,7.426809624991927,False
1466412046,7.36,7.36,7.437390743845566,False
1466412076,7.36,7.36,7.353105956798022,False
1466412152,7.36,7.3736654468587,7.3736654468587,True
1466412181,7.36,7.426375152962999,7.426375152962999,True
1466412201,7.39,7.403638328646794,7.403638328646794,True
1466412260,7.41,7.41,7.446226111165567,False
1466412347,7.41,7.41,7.359032939974256,False
1466412360,7.45,7.353981231291199,7.353981231291199,True
1466412438,7.45,7.45,7.416373953738381,False
1466412521,7.45,7.45,7.370258105972887,False
1466412599,7.45,7.45,7.356230146125583,False
1466412639,7.45,7.45,7.434691031514891,False
1466412691,7.45,7.45,7.430430488733846,False
1466412747,7.45,7.350823341992605,7.350823341992605,True
1466412794,7.45,7.45,7.4302689284074,False
1466412819,7.44,7.397954760540584,7.397954760540584,True
1466412832,7.44,7.44,7.407034141463583,False
1466412874,7.4,7.401788751808866,7.401788751808866,True
1466412943,7.4,7.439933211659166,7.439933211659166,True
1466412971,7.42,7.433653406934663,7.433653406934663,True
1466412990,7.42,7.42,7.411533693993712,False
1466413028,7.42,7.42,7.398461169289275,False
1466413053,7.42,7.39851876781037,7.39851876781037,True
1466413125,7.36,7.355659940928773,7.355659940928773,True
1466413200,7.36,7.36,7.427530976906689,False
1466413264,7.36,7.3915665751334165,7.3915665751334165,True
1466413311,7.36,7.362707362485079,7.362707362485079,True
1466413342,7.36,7.373975433704323,7.373975433704323,True
1466413440,7.36,7.36,7.446647497413107,False
1466413458,7.39,7.39,7.367016280871563,False
1466413529,7.39,7.39,7.400030457853738,False
1466413542,7.42,7.42,7.386875460510116,False
1466413638,7.42,7.406959441093609,7.406959441093609,True
1466413672,7.37,7.37,7.375919592050119,False
1466413733,7.37,7.4458449537595754,7.4458449537595754,True
1466413779,7.37,7.37,7.436625394933034,False
1466413780,7.37,7.37,7.382342833262137,False
1466413864,7.37,7.37,7.406183003762669,False
1466413885,7.38,7.38,7.4079445236717145,False
1466413946,7.41,7.449686913679442,7.449686913679442,True
1466414033,7.41,7.399826597165195,7.399826597165195,True
1466414071,7.36,7.36,7.409868707915386,False
1466414164,7.36,7.394283090686085,7.394283090686085,True
1466414225,7.44,7.446722340314829,7.446722340314829,True
1466414312,7.36,7.378868132903058,7.378868132903058,True
1466414325,7.37,7.370420058061115,7.370420058061115,True
1466414328,7.37,7.37,7.35747987769317,False
1466414329,7.37,7.37,7.395121151543942,False
1466414402,7.37,7.37,7.362388083344849,False
1466414407,7.37,7.37,7.370915352668777,False
1466414413,7.37,7.37,7.421296067531532,False
1466414460,7.39,7.437579552910582,7.437579552910582,True
1466414552,7.39,7.39,7.403319755551067,False
1466414602,7.4,7.427710400390971,7.427710400390971,True
1466414662,7.4,7.4,7.405813638331436,False
1466414746,7.4,7.4,7.4040179528459635,False
1466414844,7.4,7.386090570466012,7.386090570466012,True
1466414943,7.4,7.352508730191655,7.352508730191655,True
1466414946,7.44,7.3750128899252445,7.3750128899252445,True
1466414966,7.44,7.44,7.4182611852495155,False
1466415038,7.35,7.417848087545521,7.417848087545521,True
1466415106,7.43,7.374733475587834,7.374733475587834,True
1466415130,7.43,7.361222894968632,7.361222894968632,True
1466415145,7.4,7.431178822129907,7.431178822129907,True
1466415202,7.4,7.374936250684573,7.374936250684573,True
1466415239,7.4,7.409680643409547,7.409680643409547,True
1466415249,7.4,7.36629133897138,7.36629133897138,True
1466415308,7.37,7.408780977448257,7.408780977448257,True
1466415357,7.37,7.37,7.360922942074012,False
1466415404,7.35,7.429452628152247,7.429452628152247,True
1466415469,7.42,7.42,7.409196919065929,False
1466415548,7.36,7.446483912230147,7.446483912230147,True
1466415588,7.36,7.36,7.444255505140865,False
1466415627,7.36,7.410812443112315,7.410812443112315,True
1466415719,7.36,7.36,7.449277975272025,False
1466415767,7.36,7.36,7.367339594440184,False
1466415860,7.4,7.443029436902614,7.443029436902614,True
1466415872,7.4,7.437704502897858,7.437704502897858,True
1466415914,7.41,7.41,7.428003190567393,False
1466415934,7.41,7.4302469624981295,7.4302469624981295,True
1466415988,7.41,7.434349868615403,7.434349868615403,True
1466416004,7.41,7.41,7.383365722339501,False
1466416050,7.41,7.41,7.424802090513403,False
1466416150,7.41,7.3570466316088226,7.3570466316088226,True
1466416161,7.4,7.3974549107476495,7.3974549107476495,True
1466416215,7.4,7.4,7.367186271977165,False
1466416315,7.45,7.3828830383500605,7.3828830383500605,True
1466416321,7.44,7.44,7.4019209004049955,False
1466416393,7.42,7.42,7.38874484197552,False
1466416440,7.42,7.405284353911366,7.405284353911366,True
1466416510,7.4,7.4486155458815,7.4486155458815,True
1466416541,7.45,7.389024802576472,7.389024802576472,True
1466416631,7.45,7.45,7.397900498323434,False
1466416671,7.45,7.45,7.42865582885915,False
1466416725,7.42,7.41230312615042,7.41230312615042,True
1466416815,7.42,7.42,7.4259728815106705,False
1466416867,7.38,7.38,7.425652691799226,False
1466416933,7.42,7.35013202207929,7.35013202207929,True
1466416963,7.37,7.37,7.4276874239598305,False
1466417034,7.37,7.37,7.425533278125471,False
1466417069,7.37,7.37,7.448208335397686,False
1466417095,7.37,7.37,7.4319360955302525,False
1466417123,7.37,7.37,7.4321691931211005,False
1466417219,7.37,7.37,7.423302710671628,False
1466417228,7.39,7.405807698544715,7.405807698544715,True
1466417235,7.39,7.425183112855859,7.425183112855859,True
1466417266,7.43,7.397955958296842,7.397955958296842,True
1466417298,7.43,7.353286525740626,7.353286525740626,True
1466417382,7.43,7.43,7.379071931311378,False
1466417429,7.36,7.408544406001054,7.408544406001054,True
1466417434,7.39,7.39,7.444587253858178,False
1466417513,7.39,7.39,7.385737207766671,False
1466417598,7.39,7.419214469860339,7.419214469860339,True
1466417615,7.39,7.39,7.409577929335464,False
1466417654,7.43,7.435251979100048,7.435251979100048,True
1466417749,7.43,7.43,7.3718401573759555,False
1466417763,7.43,7.389162391755646,7.389162391755646,True
1466417822,7.42,7.42,7.438819028517671,False
1466417851,7.42,7.42,7.421371238098774,False
1466417855,7.4,7.376075034340027,7.376075034340027,True
1466417879,7.41,7.41,7.445078215420636,False
1466417895,7.41,7.372110374074568,7.372110374074568,True
1466417969,7.41,7.438126670104312,7.438126670104312,True
1466418049,7.41,7.444862527353646,7.444862527353646,True
1466418118,7.38,7.38,7.380669347220527,False
1466418129,7.38,7.371651929554277,7.371651929554277,True
1466418179,7.38,7.38,7.395078153054917,False
1466418254,7.38,7.414786138925655,7.414786138925655,True
1466418332,7.38,7.432824984599069,7.432824984599069,True
1466418428,7.38,7.38,7.385083989989031,False
1466418494,7.38,7.38,7.443400402478272,False
1466418554,7.38,7.3841660438770065,7.3841660438770065,True
1466418563,7.44,7.446056312032943,7.446056312032943,True
1466418564,7.44,7.4267562491251775,7.4267562491251775,True
1466418594,7.45,7.355067036853309,7.355067036853309,True
1466418674,7.45,7.402620569034632,7.402620569034632,True
1466418748,7.45,7.3505618734646925,7.3505618734646925,True
1466418847,7.45,7.436648293257926,7.436648293257926,True
1466418877,7.4,7.4,7.4354794481594295,False
1466418917,7.39,7.39737559353697,7.39737559353697,True
1466418938,7.39,7.3674056156614425,7.3674056156614425,True
1466419031,7.43,7.408146844272381,7.408146844272381,True
1466419058,7.45,7.38059298783926,7.38059298783926,True
1466419104,7.45,7.45,7.41556603977827,False
1466419166,7.45,7.45,7.403125024734681,False
1466419261,7.45,7.3583051966603685,7.3583051966603685,True
1466419349,7.45,7.45,7.408699983722209,False
1466419442,7.41,7.401578589648193,7.401578589648193,True
1466419530,7.41,7.41,7.370059634211433,False
1466419595,7.44,7.44,7.370421626929539,False
1466419646,7.4,7.4,7.358728010349901,False
1466419737,7.4,7.4,7.361367612026784,False
1466419826,7.4,7.405958066030232,7.405958066030232,True
1466419880,7.36,7.420024940613135,7.420024940613135,True
1466419911,7.36,7.36,7.4494679573679825,False
1466419938,7.41,7.431171186258101,7.431171186258101,True
1466420016,7.42,7.378047871499704,7.378047871499704,True
1466420019,7.42,7.441410832268372,7.441410832268372,True
1466420108,7.4,7.401230800687108,7.401230800687108,True
1466420205,7.4,7.434839511666442,7.434839511666442,True
1466420228,7.36,7.36,7.383865366765283,False
1466420257,7.36,7.402234256179252,7.402234256179252,True
1466420270,7.36,7.36,7.4012589915792395,False
1466420296,7.36,7.356150233101632,7.356150233101632,True
1466420331,7.36,7.402748180090995,7.402748180090995,True
1466420407,7.36,7.362260141923043,7.362260141923043,True
1466420430,7.36,7.3861169676295635,7.3861169676295635,True
1466420453,7.36,7.407707651996134,7.407707651996134,True
1466420474,7.44,7.4126843169725465,7.4126843169725465,True
1466420566,7.35,7.35,7.362197674247259,False
1466420579,7.35,7.419747096580298,7.419747096580298,True
1466420618,7.35,7.35,7.365361591875811,False
1466420624,7.35,7.401806492585549,7.401806492585549,True
1466420643,7.35,7.35,7.380419796543088,False
1466420695,7.35,7.383059486617614,7.383059486617614,True
1466420788,7.35,7.35,7.409756641986339,False
1466420863,7.35,7.35,7.402823005198764,False
1466420947,7.35,7.428008127042777,7.428008127042777,True
1466421003,7.35,7.35,7.397997021802118,False
1466421032,7.35,7.422048403774464,7.422048403774464,True
1466421050,7.35,7.400460515661994,7.400460515661994,True
1466421116,7.35,7.35,7.428605482142128,False
1466421208,7.44,7.414814163355779,7.414814163355779,True
1466421234,7.39,7.402508941273912,7.402508941273912,True
1466421262,7.39,7.39,7.350705062997575,False
1466421353,7.42,7.4323203551801615,7.4323203551801615,True
1466421360,7.42,7.384047499358039,7.384047499358039,True
1466421392,7.44,7.44,7.350186819579923,False
1466421480,7.44,7.446056115440086,7.446056115440086,True
1466421530,7.44,7.378263687365666,7.378263687365666,True
1466421547,7.38,7.38,7.358702667261868,False
1466421591,7.42,7.447100605974231,7.447100605974231,True
1466421633,7.42,7.361024785725776,7.361024785725776,True
1466421636,7.35,7.385069289753517,7.385069289753517,True
1466421670,7.4,7.381608841559821,7.381608841559821,True
1466421695,7.43,7.445895080023169,7.445895080023169,True
1466421721,7.43,7.43,7.409593294491431,False
1466421804,7.43,7.408215978392789,7.408215978392789,True
1466421819,7.43,7.376754991622971,7.376754991622971,True
1466421862,7.43,7.391014999513989,7.391014999513989,True
1466421885,7.43,7.43,7.432951734612506,False
1466421936,7.37,7.447835948274925,7.447835948274925,True
1466422012,7.37,7.412530405388428,7.412530405388428,True
1466422044,7.37,7.37,7.383561371714298,False
1466422045,7.37,7.37,7.402849878101071,False
1466422137,7.38,7.446018493173759,7.446018493173759,True
1466422162,7.38,7.38,7.43272598337941,False
1466422189,7.38,7.38,7.372111152487652,False
1466422197,7.44,7.354345691324653,7.354345691324653,True
1466422264,7.38,7.38,7.375854850349065,False
1466422330,7.37,7.381422047860157,7.381422047860157,True
1466422378,7.39,7.428779980278332,7.428779980278332,True
1466422432,7.36,7.36,7.429418661142961,False
1466422488,7.36,7.368916808999331,7.368916808999331,True
1466422577,7.37,7.3658373293140516,7.3658373293140516,True
1466422628,7.4,7.4,7.411867447797811,False
1466422638,7.4,7.402693752153175,7.402693752153175,True
1466422666,7.42,7.3636772763946325,7.3636772763946325,True
1466422706,7.39,7.39,7.366645461879008,False
1466422731,7.43,7.43,7.421691730012937,False
1466422804,7.39,7.39,7.436662189794251,False
1466422866,7.44,7.429777075303921,7.429777075303921,True
1466422873,7.44,7.44,7.44207238770976,False
1466422895,7.41,7.41,7.3995131113651675,False
1466422953,7.42,7.42,7.359154753861866,False
1466422973,7.37,7.40674720845723,7.40674720845723,True
1466423017,7.37,7.440993618809774,7.440993618809774,True
1466423051,7.42,7.42,7.409218451901801,False
1466423099,7.42,7.42,7.413228277050529,False
1466423150,7.42,7.42,7.417939784861323,False
1466423155,7.42,7.43940514390792,7.43940514390792,True
1466423168,7.44,7.393858552904538,7.393858552904538,True
1466423205,7.44,7.437163175257689,7.437163175257689,True
1466423275,7.4,7.4,7.430753212728676,False
1466423287,7.4,7.4,7.430756717690909,False
1466423336,7.4,7.445975658640486,7.445975658640486,True
1466423340,7.4,7.4,7.431248226471618,False
1466423355,7.37,7.414142858680151,7.414142858680151,True
1466423443,7.37,7.37,7.361693550350489,False
1466423499,7.44,7.44,7.438685888769046,False
1466423585,7.41,7.408475859477245,7.408475859477245,True
1466423612,7.41,7.372012771093482,7.372012771093482,True
1466423669,7.41,7.41,7.436258715446547,False
1466423705,7.37,7.37,7.433546542697471,False
1466423770,7.37,7.37,7.414949451582077,False
1466423844,7.35,7.35,7.394883556076955,False
1466423902,7.35,7.377372636754286,7.377372636754286,True
1466423913,7.37,7.420914575246358,7.420914575246358,True
1466423972,7.37,7.387396481334137,7.387396481334137,True
1466424014,7.37,7.37,7.448038203603271,False
1466424069,7.37,7.37,7.448635244383401,False
1466424154,7.37,7.370338943335893,7.370338943335893,True
1466424155,7.35,7.378121558806611,7.378121558806611,True
1466424169,7.37,7.384394308719645,7.384394308719645,True
1466424262,7.43,7.432462889387559,7.432462889387559,True
1466424339,7.43,7.43,7.37595531374238,False
1466424398,7.43,7.410279540567347,7.410279540567347,True
1466424497,7.43,7.43,7.423520361258346,False
1466424558,7.43,7.354886413111813,7.354886413111813,True
1466424613,7.43,7.43,7.380902481623138,False
1466424713,7.45,7.45,7.3840956955361445,False
1466424804,7.38,7.37564510753149,7.37564510753149,True
1466424878,7.38,7.3943561436242025,7.3943561436242025,True
1466424924,7.4,7.4,7.376105647519045,False
1466425009,7.39,7.433596631092858,7.433596631092858,True
1466425106,7.39,7.39,7.419721688049322,False
1466425129,7.39,7.39,7.43463015137937,False
1466425179,7.39,7.362575501588737,7.362575501588737,True
1466425257,7.39,7.39,7.410451392428298,False
1466425262,7.45,7.45,7.368925030814926,False
1466425305,7.45,7.399432379866985,7.399432379866985,True
1466425331,7.45,7.360778304967977,7.360778304967977,True
1466425338,7.45,7.45,7.438731319429409,False
1466425377,7.45,7.45,7.448810994832696,False
1466425380,7.45,7.367467280128182,7.367467280128182,True
1466425417,7.45,7.45,7.382023579714032,False
1466425484,7.45,7.367417330612518,7.367417330612518,True
1466425517,7.45,7.45,7.41472155302129,False
1466425553,7.41,7.384444926888235,7.384444926888235,True
1466425640,7.41,7.41,7.407992420383341,False
1466425687,7.42,7.42,7.377930982865718,False
1466425711,7.4,7.4,7.4300908486358,False
1466425768,7.35,7.414303953682791,7.414303953682791,True
1466425811,7.4,7.4,7.375842085389737,False
1466425856,7.4,7.4,7.433175354688838,False
1466425869,7.4,7.4,7.369370391543523,False
1466425884,7.4,7.377577176194359,7.377577176194359,True
1466425962,7.43,7.43,7.384163365390762,False
1466425974,7.39,7.368466640488682,7.368466640488682,True
1466426016,7.39,7.3731041337117285,7.3731041337117285,True
1466426024,7.35,7.386138904958003,7.386138904958003,True
1466426034,7.35,7.350657120701017,7.350657120701017,True
1466426130,7.42,7.42,7.360430425501482,False
1466426189,7.42,7.42,7.433931007082554,False
1466426198,7.42,7.42,7.400854648924114,False
1466426280,7.42,7.354201624265623,7.354201624265623,True
1466426298,7.38,7.410209496463316,7.410209496463316,True
1466426380,7.38,7.38,7.429292743817623,False
1466426420,7.38,7.38,7.4033930780087625,False
1466426509,7.36,7.36,7.370287264702291,False
1466426521,7.36,7.434309964197116,7.434309964197116,True
1466426535,7.42,7.42,7.360050814517903,False
1466426563,7.39,7.434469223055191,7.434469223055191,True
1466426620,7.39,7.369540206385507,7.369540206385507,True
1466426694,7.38,7.392678899592501,7.392678899592501,True
1466426764,7.39,7.3883236153427445,7.3883236153427445,True
1466426778,7.39,7.39,7.426919807874636,False
1466426866,7.43,7.449277739800218,7.449277739800218,True
1466426938,7.43,7.411533778735591,7.411533778735591,True
1466427022,7.43,7.378717684693028,7.378717684693028,True
1466427059,7.43,7.372584771639479,7.372584771639479,True
1466427125,7.43,7.393275530076162,7.393275530076162,True
1466427204,7.4,7.3756368934234935,7.3756368934234935,True
1466427240,7.4,7.413967613118829,7.413967613118829,True
1466427317,7.4,7.39889616216415,7.39889616216415,True
1466427319,7.4,7.352090306487299,7.352090306487299,True
1466427331,7.4,7.35679545716429,7.35679545716429,True
1466427425,7.4,7.4,7.434337497877741,False
1466427458,7.4,7.444710302926999,7.444710302926999,True
1466427495,7.43,7.361735207695772,7.361735207695772,True
1466427543,7.43,7.406591234887784,7.406591234887784,True
1466427625,7.42,7.42,7.377110882264955,False
1466427663,7.42,7.41591517749676,7.41591517749676,True
1466427672,7.41,7.375181135360097,7.375181135360097,True
1466427684,7.41,7.36279444552738,7.36279444552738,True
1466427739,7.37,7.432440411899959,7.432440411899959,True
1466427769,7.41,7.41,7.40357008150596,False
1466427775,7.41,7.42260332644818,7.42260332644818,True
1466427820,7.4,7.372545956574794,7.372545956574794,True
1466427837,7.38,7.4141238088893715,7.4141238088893715,True
1466427846,7.38,7.38,7.391174720481424,False
1466427904,7.38,7.40124563047899,7.40124563047899,True
1466427997,7.36,7.36,7.37757404411584,False
1466428027,7.38,7.38,7.363672797195245,False
1466428114,7.38,7.38,7.401362398582406,False
1466428212,7.41,7.41,7.385626262372397,False
1466428294,7.41,7.41,7.444660562076638,False
1466428321,7.35,7.382303837295987,7.382303837295987,True
1466428340,7.35,7.35,7.364705232724377,False
1466428378,7.41,7.4024899254084,7.4024899254084,True
1466428463,7.4,7.4,7.403322437001752,False
1466428551,7.4,7.386483467138334,7.386483467138334,True
1466428575,7.4,7.429363357357001,7.429363357357001,True
1466428593,7.4,7.407764717266514,7.407764717266514,True
1466428682,7.35,7.35,7.362749610722901,False
1466428699,7.35,7.391467982210491,7.391467982210491,True
1466428719,7.35,7.398694077659647,7.398694077659647,True
1466428819,7.35,7.388317922393758,7.388317922393758,True
1466428850,7.35,7.35,7.431234904718202,False
1466428884,7.43,7.4094603185998125,7.4094603185998125,True
1466428973,7.43,7.365265771400707,7.365265771400707,True
1466429006,7.43,7.379913840797854,7.379913840797854,True
1466429026,7.43,7.43,7.38161724827804,False
1466429066,7.45,7.369486805220639,7.369486805220639,True
1466429072,7.45,7.4372777514076915,7.4372777514076915,True
1466429103,7.37,7.3636939951104425,7.3636939951104425,True
1466429110,7.35,7.374361658215115,7.374361658215115,True
1466429123,7.35,7.35,7.414589250856873,False
1466429168,7.42,7.42,7.38186676861137,False
1466429182,7.42,7.366146559225746,7.366146559225746,True
1466429184,7.42,7.42,7.400167106314806,False
1466429197,7.42,7.4288713465456455,7.4288713465456455,True
1466429280,7.42,7.355398514196964,7.355398514196964,True
1466429378,7.42,7.42,7.414465207770443,False
1466429450,7.41,7.447143802600949,7.447143802600949,True
1466429455,7.41,7.404897648393495,7.404897648393495,True
1466429510,7.37,7.37,7.447388725098956,False
1466429565,7.43,7.4477221531405835,7.4477221531405835,True
1466429566,7.43,7.43,7.409549418486186,False
1466429592,7.43,7.38051356648902,7.38051356648902,True
1466429623,7.43,7.43,7.446710952438951,False
1466429691,7.38,7.38,7.3697370885019025,False
1466429733,7.38,7.38,7.4016382822402145,False
1466429803,7.41,7.41137315248391,7.41137315248391,True
1466429832,7.41,7.387675174776732,7.387675174776732,True
1466429905,7.41,7.356896797086708,7.356896797086708,True
1466429997,7.43,7.385346851873666,7.385346851873666,True
1466430050,7.43,7.361107259288332,7.361107259288332,True
1466430088,7.43,7.43,7.373220409912296,False
1466430174,7.39,7.433804120462168,7.433804120462168,True
1466430247,7.44,7.364040702139193,7.364040702139193,True
1466430344,7.37,7.371457947134378,7.371457947134378,True
1466430375,7.43,7.43,7.378168829827489,False
1466430400,7.35,7.35,7.39966208229009,False
1466430457,7.41,7.403897377555677,7.403897377555677,True
1466430483,7.41,7.41,7.379959891193734,False
1466430517,7.38,7.3887594262376775,7.3887594262376775,True
1466430524,7.38,7.38,7.353879509341332,False
1466430592,7.38,7.38,7.415140944347878,False
1466430616,7.38,7.38,7.37731129272709,False
1466430631,7.42,7.42,7.368735986074042,False
1466430680,7.42,7.42,7.383063638445625,False
1466430734,7.42,7.3885116887716835,7.3885116887716835,True
1466430790,7.44,7.44,7.419064907666119,False
1466430815,7.43,7.367067662213479,7.367067662213479,True
1466430895,7.41,7.42569469331009,7.42569469331009,True
1466430916,7.41,7.363440771174458,7.363440771174458,True
1466430929,7.43,7.412775000082296,7.412775000082296,True
1466430936,7.43,7.43,7.4263341779917305,False
1466431009,7.38,7.353388265089842,7.353388265089842,True
1466431036,7.38,7.379494414272564,7.379494414272564,True
1466431055,7.38,7.38,7.435125081923165,False
1466431145,7.4,7.408763443004604,7.408763443004604,True
1466431218,7.4,7.4,7.35106207951088,False
1466431290,7.4,7.4,7.366034559280338,False
1466431324,7.44,7.441166908455351,7.441166908455351,True
1466431400,7.44,7.3526677079167575,7.3526677079167575,True
1466431450,7.44,7.44,7.430179751616856,False
1466431526,7.44,7.353803585168146,7.353803585168146,True
1466431589,7.4,7.40111815509344,7.40111815509344,True
1466431661,7.4,7.4,7.384828243188418,False
1466431760,7.4,7.4,7.439753362892894,False
1466431796,7.4,7.387758409068142,7.387758409068142,True
1466431848,7.4,7.3514744973701776,7.3514744973701776,True
1466431879,7.4,7.4,7.428420635786003,False
1466431954,7.4,7.4,7.428760223153156,False
1466431958,7.4,7.365105852119964,7.365105852119964,True
1466432002,7.38,7.4205546488057585,7.4205546488057585,True
1466432101,7.4,7.439344493722423,7.439344493722423,True
1466432177,7.42,7.433179653910656,7.433179653910656,True
1466432194,7.37,7.37,7.3646591371266,False
1466432237,7.41,7.388458213421245,7.388458213421245,True
1466432280,7.41,7.43819976269475,7.43819976269475,True
1466432373,7.41,7.402064984451508,7.402064984451508,True
1466432389,7.41,7.448568754068623,7.448568754068623,True
1466432415,7.41,7.3525227058417055,7.3525227058417055,True
1466432417,7.4,7.390692484396809,7.390692484396809,True
1466432506,7.4,7.4,7.375910467748496,False
1466432569,7.4,7.4,7.419972895704536,False
1466432577,7.4,7.414919844375985,7.414919844375985,True
1466432670,7.45,7.45,7.388881464950819,False
1466432706,7.45,7.45,7.420112609458577,False
1466432804,7.45,7.45,7.37412430344065,False
1466432853,7.44,7.426096305458052,7.426096305458052,True
1466432947,7.44,7.400533399482697,7.400533399482697,True
1466433040,7.36,7.36,7.41330245256821,False
1466433128,7.36,7.359382530509746,7.359382530509746,True
1466433145,7.36,7.416829176525779,7.416829176525779,True
1466433195,7.41,7.41,7.387204441156789,False
1466433289,7.44,7.44,7.379948821067505,False
1466433375,7.43,7.43,7.440857477972254,False
1466433427,7.43,7.374001470690011,7.374001470690011,True
1466433478,7.44,7.393131651744895,7.393131651744895,True
1466433517,7.44,7.367914423079022,7.367914423079022,True
1466433615,7.44,7.44,7.368846662582341,False
1466433672,7.39,7.392011387987762,7.392011387987762,True
1466433762,7.4,7.3567019621850855,7.3567019621850855,True
1466433809,7.43,7.43,7.444725196448787,False
1466433873,7.43,7.43,7.3785895082413315,False
1466433910,7.39,7.39,7.432610602828124,False
1466433994,7.39,7.39,7.371067266662968,False
1466434003,7.35,7.35,7.443147759300999,False
1466434045,7.35,7.3856653317803715,7.3856653317803715,True
1466434096,7.35,7.35,7.36926063176757,False
1466434173,7.41,7.370217429997036,7.370217429997036,True
1466434199,7.41,7.374792208321845,7.374792208321845,True
1466434224,7.41,7.352892349398525,7.352892349398525,True
1466434308,7.41,7.41,7.431304103856852,False
1466434359,7.41,7.41,7.353878717482086,False
1466434371,7.41,7.41,7.41378842155501,False
1466434457,7.37,7.37,7.394349509443205,False
1466434498,7.42,7.430356484699255,7.430356484699255,True
1466434552,7.42,7.42,7.425377925950598,False
1466434622,7.39,7.39,7.408100981176606,False
1466434691,7.39,7.39,7.396854472805042,False
1466434718,7.39,7.4057758893278285,7.4057758893278285,True
1466434727,7.4,7.397405659397183,7.397405659397183,True
1466434815,7.4,7.4,7.368572519758059,False
1466434892,7.36,7.36,7.372735196662471,False
1466434915,7.43,7.402028680049796,7.402028680049796,True
1466434946,7.43,7.441346831060315,7.441346831060315,True
1466434988,7.43,7.43,7.423971764033293,False
1466435020,7.43,7.414827517896018,7.414827517896018,True
1466435090,7.44,7.44,7.369827936818132,False
1466435099,7.44,7.392697120802086,7.392697120802086,True
1466435145,7.44,7.44,7.434096626764801,False
1466435186,7.44,7.425660205319943,7.425660205319943,True
1466435246,7.36,7.3645392650295065,7.3645392650295065,True
1466435284,7.36,7.390969951896684,7.390969951896684,True
1466435327,7.36,7.3542020647279465,7.3542020647279465,True
1466435369,7.39,7.44365887057266,7.44365887057266,True
1466435408,7.39,7.422690589708617,7.422690589708617,True
1466435468,7.39,7.422981371151447,7.422981371151447,True
1466435486,7.39,7.39,7.395929926039988,False
1466435555,7.44,7.41931623754936,7.41931623754936,True
1466435624,7.44,7.44,7.36342258534187,False
1466435659,7.38,7.38,7.3894822501371,False
1466435682,7.38,7.430258242756322,7.430258242756322,True
1466435712,7.38,7.38,7.41478670990621,False
1466435794,7.41,7.41,7.357693301402936,False
1466435878,7.43,7.43,7.39929025138584,False
1466435904,7.43,7.414955602099636,7.414955602099636,True
1466435971,7.39,7.359625770329456,7.359625770329456,True
1466436041,7.39,7.427705072098486,7.427705072098486,True
1466436059,7.39,7.39,7.399550808898878,False
1466436093,7.44,7.44,7.361739833285381,False
1466436178,7.44,7.44,7.411917037171653,False
1466436230,7.44,7.44,7.35102365087386,False
1466436280,7.4,7.439890903784674,7.439890903784674,True
1466436332,7.42,7.42,7.424517072041541,False
1466436333,7.42,7.38028976478075,7.38028976478075,True
1466436431,7.36,7.36,7.421411254741689,False
1466436520,7.36,7.414322023007518,7.414322023007518,True
1466436572,7.38,7.433513447761266,7.433513447761266,True
1466436647,7.4,7.351976283082363,7.351976283082363,True
1466436655,7.4,7.425535124792901,7.425535124792901,True
1466436727,7.4,7.4,7.441297198742315,False
1466436793,7.4,7.4,7.3803831135808355,False
1466436879,7.4,7.4,7.386309215795126,False
1466436880,7.4,7.4,7.412296598759388,False
1466436939,7.4,7.3957062450514375,7.3957062450514375,True
1466437015,7.4,7.38959042426337,7.38959042426337,True
1466437048,7.4,7.401924915777329,7.401924915777329,True
1466437088,7.4,7.361586090450997,7.361586090450997,True
1466437105,7.4,7.4,7.424907588878581,False
1466437122,7.37,7.37,7.425829154670115,False
1466437160,7.42,7.387544585765606,7.387544585765606,True
1466437232,7.42,7.447383822612569,7.447383822612569,True
1466437321,7.42,7.351604924635453,7.351604924635453,True
1466437335,7.42,7.441527994732165,7.441527994732165,True
1466437358,7.42,7.408223117086204,7.408223117086204,True
1466437441,7.42,7.42,7.449517828940218,False
1466437480,7.42,7.42,7.448578999679512,False
1466437561,7.4,7.393186497695874,7.393186497695874,True
1466437653,7.4,7.4,7.37482329629752,False
1466437709,7.37,7.398737666140871,7.398737666140871,True
1466437798,7.44,7.368160529678311,7.368160529678311,True
1466437869,7.38,7.386313638425972,7.386313638425972,True
1466437952,7.38,7.38,7.351075785607519,False
1466438037,7.38,7.37903360014679,7.37903360014679,True
1466438054,7.37,7.37,7.387354788385162,False
1466438056,7.37,7.37,7.385954920155468,False
1466438136,7.37,7.37,7.393433304561387,False
1466438234,7.37,7.4192781392145655,7.4192781392145655,True
1466438261,7.37,7.43315414616436,7.43315414616436,True
1466438348,7.37,7.408499958341363,7.408499958341363,True
1466438407,7.37,7.3951777551693265,7.3951777551693265,True
1466438422,7.35,7.443757557548345,7.443757557548345,True
1466438476,7.35,7.37331590831303,7.37331590831303,True
1466438571,7.35,7.437160327496873,7.437160327496873,True
1466438612,7.38,7.364965065228095,7.364965065228095,True
1466438620,7.38,7.44374872050824,7.44374872050824,True
1466438698,7.38,7.377494441966491,7.377494441966491,True
1466438747,7.38,7.38,7.428009624521161,False
1466438795,7.38,7.38,7.365374319430256,False
1466438810,7.43,7.43,7.372466379322127,False
1466438888,7.43,7.419425796213559,7.419425796213559,True
1466438975,7.43,7.43,7.391940616313894,False
1466439000,7.43,7.43,7.439172867205605,False
1466439092,7.43,7.43,7.350533884934763,False
1466439150,7.43,7.43,7.402622893753437,False
1466439229,7.42,7.3996491696731015,7.3996491696731015,True
1466439279,7.37,7.37,7.4105553033783576,False
1466439328,7.37,7.37,7.424627187897762,False
1466439351,7.37,7.37,7.35666359241633,False
1466439447,7.44,7.44,7.420315103742435,False
1466439466,7.44,7.391545375334618,7.391545375334618,True
1466439480,7.44,7.433395144935958,7.433395144935958,True
1466439560,7.41,7.41,7.439172246638106,False
1466439600,7.41,7.41,7.416975193079619,False
1466439645,7.36,7.36,7.3974401395359894,False
1466439729,7.36,7.36,7.380533067746463,False
1466439772,7.36,7.433119702576943,7.433119702576943,True
1466439827,7.41,7.419322072546614,7.419322072546614,True
1466439849,7.41,7.358318133074422,7.358318133074422,True
1466439910,7.41,7.41,7.387893654126636,False
1466439990,7.4,7.449475113918119,7.449475113918119,True
1466440005,7.37,7.37,7.4200155514697546,False
1466440006,7.37,7.37,7.371437160738046,False
1466440045,7.4,7.4,7.399653946020136,False
1466440066,7.4,7.435277722772561,7.435277722772561,True
1466440154,7.4,7.4,7.4104582830509225,False
1466440214,7.43,7.43,7.435226738751147,False
1466440226,7.44,7.44,7.387388563831873,False
1466440304,7.44,7.3864070649813245,7.3864070649813245,True
1466440385,7.36,7.36,7.422969900360658,False
1466440451,7.41,7.374742065645279,7.374742065645279,True
1466440521,7.41,7.350953259357571,7.350953259357571,True
1466440581,7.44,7.44,7.387693034722898,False
1466440674,7.39,7.39,7.356709315924739,False
1466440727,7.39,7.39,7.405769616697079,False
1466440821,7.35,7.35,7.398078255564984,False
1466440827,7.42,7.42,7.380864257975714,False
1466440897,7.42,7.42,7.352138782453841,False
1466440923,7.37,7.359377576483026,7.359377576483026,True
1466441012,7.35,7.421444530156413,7.421444530156413,True
1466441049,7.45,7.396486452211433,7.396486452211433,True
1466441147,7.42,7.43048878579494,7.43048878579494,True
1466441213,7.44,7.398601794214563,7.398601794214563,True
1466441311,7.36,7.3803152924401,7.3803152924401,True
1466441318,7.36,7.36,7.428446142626633,False
1466441418,7.36,7.364363059764542,7.364363059764542,True
1466441510,7.36,7.36,7.375656566401438,False
1466441541,7.36,7.36,7.417790508868964,False
1466441579,7.36,7.416267720719376,7.416267720719376,True
1466441630,7.36,7.405315913887197,7.405315913887197,True
1466441714,7.36,7.3834081468201065,7.3834081468201065,True
1466441724,7.36,7.421951624370201,7.421951624370201,True
1466441741,7.42,7.42,7.409660754855547,False
1466441822,7.35,7.35,7.38242654107776,False
1466441883,7.35,7.3827468955553135,7.3827468955553135,True
1466441934,7.37,7.356572495091981,7.356572495091981,True
1466441947,7.39,7.39,7.427006973169071,False
1466442046,7.37,7.37,7.438960178170986,False
1466442137,7.37,7.37,7.383752235324612,False
1466442175,7.37,7.37,7.361160944600865,False
1466442216,7.37,7.37,7.384479904323227,False
1466442284,7.38,7.38,7.39568786704404,False
1466442332,7.44,7.44,7.448377537883903,False
1466442358,7.44,7.431898984584314,7.431898984584314,True
1466442362,7.4,7.363307966188214,7.363307966188214,True
1466442439,7.4,7.4,7.354319400349654,False
1466442490,7.4,7.4,7.356689727096071,False
1466442498,7.4,7.420100228272595,7.420100228272595,True
1466442508,7.43,7.393337360774385,7.393337360774385,True
1466442518,7.43,7.432785579290836,7.432785579290836,True
1466442556,7.43,7.394182370025908,7.394182370025908,True
1466442656,7.43,7.43,7.40783079801922,False
1466442662,7.38,7.38,7.403855985009889,False
1466442703,7.38,7.38,7.3572277318932455,False
1466442768,7.4,7.4,7.386886118056096,False
1466442788,7.42,7.444941090331101,7.444941090331101,True
1466442886,7.42,7.42,7.446115986321438,False
1466442980,7.42,7.434377623618687,7.434377623618687,True
1466443000,7.42,7.421168874208484,7.421168874208484,True
1466443029,7.42,7.42,7.354931666845407,False
1466443038,7.4,7.4,7.428520767806971,False
1466443089,7.4,7.4,7.44092574616048,False
1466443162,7.4,7.4,7.427989700187949,False
1466443201,7.4,7.4,7.428095654099477,False
1466443219,7.4,7.354255396469576,7.354255396469576,True
1466443263,7.4,7.4,7.3824365719914065,False
1466443350,7.4,7.427478064452114,7.427478064452114,True
1466443373,7.43,7.43,7.350426638519221,False
1466443392,7.43,7.357698078644852,7.357698078644852,True
1466443402,7.43,7.43,7.386024789420229,False
1466443486,7.43,7.43,7.388458672005784,False
1466443511,7.43,7.350442073156067,7.350442073156067,True
1466443584,7.43,7.43,7.434866760929015,False
1466443677,7.43,7.378107470088366,7.378107470088366,True
1466443725,7.43,7.383534939195693,7.383534939195693,True
1466443727,7.37,7.37,7.353481191833717,False
1466443750,7.43,7.399234355636021,7.399234355636021,True
1466443761,7.43,7.426865241930886,7.426865241930886,True
1466443808,7.45,7.45,7.420507444561567,False
1466443861,7.45,7.45,7.386620533903257,False
1466443929,7.42,7.350301339691623,7.350301339691623,True
1466443986,7.42,7.4052610291592655,7.4052610291592655,True
1466444043,7.42,7.359479467055947,7.359479467055947,True
1466444110,7.39,7.399110460567786,7.399110460567786,True
1466444192,7.39,7.39,7.364494294900404,False
1466444287,7.39,7.353801142236859,7.353801142236859,True
1466444294,7.39,7.39,7.446085381173907,False
1466444366,7.39,7.39,7.370669394433214,False
1466444466,7.38,7.38,7.3996177188583605,False
1466444505,7.38,7.38,7.447533942364269,False
1466444556,7.44,7.378881744319976,7.378881744319976,True
1466444624,7.44,7.44,7.416773572841512,False
1466444663,7.44,7.44,7.377848918103796,False
1466444685,7.4,7.404426042465825,7.404426042465825,True
1466444756,7.4,7.4348476751702846,7.4348476751702846,True
1466444781,7.4,7.4,7.432401526230127,False
1466444840,7.4,7.4,7.363725916928863,False
1466444854,7.4,7.4,7.380764040262967,False
1466444860,7.4,7.383853050880388,7.383853050880388,True
1466444959,7.38,7.38,7.377699502581541,False
1466445058,7.38,7.4017017943650485,7.4017017943650485,True
1466445107,7.39,7.39,7.407136397518606,False
1466445165,7.4,7.4,7.427486174391533,False
1466445170,7.4,7.4,7.392592068037853,False
1466445173,7.4,7.4,7.444420725974338,False
1466445247,7.4,7.4,7.3519550257069195,False
1466445305,7.4,7.4,7.430259839080224,False
1466445333,7.4,7.4,7.424922704399143,False
1466445356,7.4,7.4,7.383915640894585,False
1466445430,7.4,7.4,7.366815763216463,False
1466445491,7.4,7.401501295721566,7.401501295721566,True
1466445497,7.4,7.419035078680288,7.419035078680288,True
1466445514,7.43,7.448262333990104,7.448262333990104,True
1466445549,7.35,7.35,7.4217000920843645,False
1466445640,7.37,7.37,7.442299036766215,False
1466445648,7.39,7.432483071099716,7.432483071099716,True
1466445739,7.39,7.427472241187875,7.427472241187875,True
1466445814,7.39,7.39,7.39482050422939,False
1466445879,7.39,7.446445167040408,7.446445167040408,True
1466445909,7.38,7.38,7.449132380917438,False
1466445965,7.41,7.4043355591106055,7.4043355591106055,True
1466446021,7.36,7.389975409580132,7.389975409580132,True
1466446045,7.43,7.43,7.435253644129106,False
1466446071,7.43,7.398611951244384,7.398611951244384,True
1466446120,7.43,7.43289564778051,7.43289564778051,True
1466446168,7.43,7.43,7.422617324803211,False
1466446253,7.43,7.43,7.390372659496215,False
1466446302,7.43,7.43,7.418350855496749,False
1466446389,7.43,7.411461916584152,7.411461916584152,True
1466446404,7.43,7.389209931381857,7.389209931381857,True
1466446494,7.45,7.35035196353727,7.35035196353727,True
1466446594,7.45,7.446120936673943,7.446120936673943,True
1466446643,7.45,7.433488082471828,7.433488082471828,True
1466446669,7.45,7.45,7.446611258468802,False
1466446690,7.45,7.3566960395438015,7.3566960395438015,True
1466446735,7.41,7.41,7.372776157124333,False
1466446766,7.41,7.41,7.424521765694125,False
1466446852,7.41,7.41,7.423911321903237,False
1466446902,7.43,7.43,7.379764482234489,False
1466446945,7.35,7.35,7.366688491133234,False
1466446987,7.35,7.4394556241700185,7.4394556241700185,True
1466447036,7.43,7.43,7.37719597343661,False
1466447112,7.43,7.43,7.419824131857785,False
1466447129,7.45,7.388505965081526,7.388505965081526,True
1466447189,7.45,7.45,7.363951440895575,False
1466447224,7.43,7.433456079239483,7.433456079239483,True
1466447270,7.43,7.422402105236038,7.422402105236038,True
1466447272,7.43,7.447534926411315,7.447534926411315,True
1466447348,7.39,7.381900837814168,7.381900837814168,True
1466447359,7.39,7.39,7.386366681847174,False
1466447388,7.39,7.374859441694232,7.374859441694232,True
1466447390,7.36,7.408793442472709,7.408793442472709,True
1466447425,7.36,7.418622522757283,7.418622522757283,True
1466447463,7.42,7.42,7.449789992533956,False
1466447485,7.39,7.39,7.359215299681508,False
1466447545,7.39,7.361734940857104,7.361734940857104,True
1466447553,7.37,7.37,7.381822228579436,False
1466447554,7.37,7.37,7.360405308108912,False
1466447573,7.42,7.42,7.408350479063251,False
1466447634,7.42,7.424520363484059,7.424520363484059,True
1466447695,7.42,7.42,7.389512723286662,False
1466447762,7.42,7.42,7.432045235666248,False
1466447844,7.42,7.42,7.354082744085748,False
1466447885,7.42,7.42,7.377927493131119,False
1466447943,7.42,7.42,7.412699519709492,False
1466447956,7.42,7.398804380909718,7.398804380909718,True
1466448041,7.37,7.37,7.446744946679399,False
1466448140,7.37,7.37,7.363063630899705,False
1466448215,7.42,7.42,7.381014938158879,False
1466448270,7.42,7.42,7.4421705092586405,False
1466448302,7.42,7.42,7.422192731422599,False
1466448368,7.42,7.42,7.4353478843373955,False
1466448422,7.42,7.385585995621033,7.385585995621033,True
1466448517,7.42,7.42,7.426141240389295,False
1466448614,7.38,7.38,7.364685674146483,False
1466448701,7.38,7.38,7.447097446985822,False
1466448743,7.4,7.4,7.413411471207986,False
1466448805,7.36,7.357417570255746,7.357417570255746,True
1466448844,7.36,7.36,7.3949175810161,False
1466448896,7.36,7.36,7.388115674537418,False
1466448984,7.35,7.39236318755821,7.39236318755821,True
1466449031,7.35,7.369367328628681,7.369367328628681,True
1466449045,7.35,7.421422524183662,7.421422524183662,True
1466449099,7.35,7.381711782151341,7.381711782151341,True
1466449171,7.35,7.3644725570167555,7.3644725570167555,True
1466449261,7.43,7.423651841532971,7.423651841532971,True
1466449280,7.43,7.366469566217728,7.366469566217728,True
1466449359,7.43,7.43,7.360137859511483,False
1466449442,7.43,7.369327613053488,7.369327613053488,True
1466449496,7.45,7.420174977717052,7.420174977717052,True
1466449537,7.42,7.408929897255066,7.408929897255066,True
1466449555,7.4,7.386793718657121,7.386793718657121,True
1466449629,7.43,7.3843761664840715,7.3843761664840715,True
1466449635,7.43,7.437986833807347,7.437986833807347,True
1466449721,7.43,7.429156317105594,7.429156317105594,True
1466449772,7.39,7.39,7.378675860444874,False
1466449872,7.42,7.379120673223787,7.379120673223787,True
1466449873,7.42,7.420961459554062,7.420961459554062,True
1466449884,7.42,7.42,7.436794349932741,False
1466449937,7.41,7.41,7.360673900173793,False
1466449953,7.43,7.426495898761475,7.426495898761475,True
1466449959,7.43,7.397005045164602,7.397005045164602,True
1466449961,7.43,7.366021046275782,7.366021046275782,True
1466450018,7.43,7.375222796856504,7.375222796856504,True
1466450075,7.43,7.413530079938746,7.413530079938746,True
1466450150,7.44,7.3684427880227705,7.3684427880227705,True
1466450177,7.37,7.441315475087454,7.441315475087454,True
1466450255,7.37,7.37,7.388078989933578,False
1466450343,7.4,7.4,7.370555460195169,False
1466450348,7.35,7.4278566937870565,7.4278566937870565,True
1466450401,7.35,7.364421520417512,7.364421520417512,True
1466450433,7.35,7.358350935210152,7.358350935210152,True
1466450507,7.35,7.35,7.354662800388149,False
1466450536,7.37,7.37,7.353747671488382,False
1466450627,7.36,7.432638676523465,7.432638676523465,True
1466450723,7.36,7.382070049508651,7.382070049508651,True
1466450817,7.36,7.36,7.35145547381054,False
1466450900,7.36,7.36,7.368644795438324,False
1466450902,7.36,7.36,7.409716313916301,False
1466450971,7.36,7.36,7.419076627332733,False
1466451016,7.36,7.36,7.443152301731468,False
1466451023,7.36,7.36,7.4015897077491495,False
1466451073,7.36,7.36,7.380073746257793,False
1466451166,7.41,7.41,7.428825407163786,False
1466451231,7.41,7.391006187276554,7.391006187276554,True
1466451245,7.41,7.405743101371125,7.405743101371125,True
1466451293,7.41,7.438797803316517,7.438797803316517,True
1466451295,7.41,7.379844956240609,7.379844956240609,True
1466451378,7.41,7.43313263863095,7.43313263863095,True
1466451445,7.41,7.41,7.445336730988491,False
1466451508,7.41,7.370733976973499,7.370733976973499,True
1466451599,7.41,7.394394746086348,7.394394746086348,True
1466451686,7.41,7.41,7.366049500579491,False
1466451761,7.42,7.42,7.350708252600864,False
1466451857,7.35,7.35,7.380424321141732,False
1466451909,7.35,7.35,7.403583868811031,False
1466451919,7.35,7.415999554266663,7.415999554266663,True
1466452006,7.38,7.4330630129349915,7.4330630129349915,True
1466452035,7.41,7.41,7.433986059858346,False
1466452039,7.41,7.41,7.401048336811197,False
1466452104,7.41,7.408496131695814,7.408496131695814,True
1466452167,7.42,7.42,7.417526615509257,False
1466452238,7.42,7.389210964934419,7.389210964934419,True
1466452313,7.42,7.402477712402024,7.402477712402024,True
1466452339,7.43,7.387997233234868,7.387997233234868,True
1466452419,7.43,7.43,7.42411469118195,False
1466452424,7.43,7.43,7.441289309552039,False
1466452435,7.42,7.42,7.378259062456776,False
1466452531,7.42,7.4430187157869385,7.4430187157869385,True
1466452584,7.43,7.423187776415987,7.423187776415987,True
1466452625,7.41,7.423995188613191,7.423995188613191,True
1466452676,7.41,7.41,7.365650407697665,False
1466452752,7.41,7.41,7.387184437434433,False
1466452796,7.43,7.43,7.439193459057934,False
1466452825,7.43,7.43,7.437692309399319,False
1466452860,7.39,7.39,7.435644127827376,False
1466452960,7.38,7.38,7.379659910489878,False
1466452979,7.38,7.38,7.368057140603798,False
1466453002,7.38,7.38,7.434853478601282,False
1466453016,7.37,7.3997992474097325,7.3997992474097325,True
1466453025,7.37,7.37,7.390938668468238,False
1466453089,7.37,7.39957440088328,7.39957440088328,True
1466453141,7.39,7.39,7.411296842857155,False
1466453154,7.37,7.35264118534047,7.35264118534047,True
1466453184,7.4,7.4,7.426889487738479,False
1466453202,7.4,7.4,7.372579685725769,False
1466453203,7.39,7.37811956002512,7.37811956002512,True
1466453222,7.39,7.39,7.439227057652636,False
1466453321,7.39,7.3731943220432,7.3731943220432,True
1466453379,7.37,7.437821821866878,7.437821821866878,True
1466453392,7.37,7.37,7.419877413140537,False
1466453422,7.4,7.370480061425258,7.370480061425258,True
1466453502,7.4,7.383305820459667,7.383305820459667,True
1466453518,7.4,7.4,7.395752072112001,False
1466453563,7.4,7.4,7.393617337394307,False
1466453604,7.37,7.37,7.36090526712847,False
1466453639,7.37,7.37,7.354487223197033,False
1466453705,7.37,7.438174903663893,7.438174903663893,True
1466453795,7.44,7.44,7.436192223116441,False
1466453816,7.37,7.405238355258117,7.405238355258117,True
1466453870,7.39,7.39,7.420591020058441,False
1466453910,7.41,7.41,7.390805712941246,False
1466454002,7.41,7.44522603429858,7.44522603429858,True
1466454051,7.41,7.383407905514988,7.383407905514988,True
1466454087,7.41,7.368991922276157,7.368991922276157,True
1466454129,7.41,7.41,7.375081358675823,False
1466454227,7.41,7.400218915371551,7.400218915371551,True
1466454259,7.41,7.41,7.378262646900693,False
1466454262,7.41,7.388766435648477,7.388766435648477,True
1466454298,7.41,7.382803899566525,7.382803899566525,True
1466454388,7.41,7.359987375474674,7.359987375474674,True
1466454399,7.41,7.423389533386565,7.423389533386565,True
1466454473,7.41,7.4210914300009385,7.4210914300009385,True
1466454529,7.39,7.359516833961395,7.359516833961395,True
1466454559,7.39,7.370626553131253,7.370626553131253,True
1466454648,7.4,7.4,7.399746816822399,False
1466454745,7.4,7.449484206403881,7.449484206403881,True
1466454763,7.4,7.4,7.421892333442711,False
1466454851,7.36,7.36,7.37202893887552,False
1466454936,7.43,7.43,7.433699218552564,False
1466454949,7.43,7.43,7.413688911787705,False
1466455032,7.4,7.4,7.416918889432301,False
1466455065,7.41,7.356502698445136,7.356502698445136,True
1466455119,7.41,7.390362042110664,7.390362042110664,True
1466455172,7.41,7.41,7.4056916472433425,False
1466455196,7.41,7.41,7.356840586538631,False
1466455271,7.41,7.405629162787245,7.405629162787245,True
1466455357,7.41,7.4462428503213935,7.4462428503213935,True
1466455361,7.41,7.41,7.430416351977977,False
1466455394,7.41,7.4333224982853805,7.4333224982853805,True
1466455475,7.41,7.41,7.402606420113741,False
1466455497,7.41,7.431762513988374,7.431762513988374,True
1466455561,7.35,7.44704467588374,7.44704467588374,True
1466455575,7.44,7.44,7.376116353449071,False
1466455587,7.44,7.44,7.413290322709021,False
1466455651,7.38,7.38,7.401503955293481,False
1466455658,7.43,7.43,7.394681322442241,False
1466455732,7.43,7.398690899046211,7.398690899046211,True
1466455812,7.43,7.412605402164745,7.412605402164745,True
1466455910,7.38,7.350196483449274,7.350196483449274,True
1466455951,7.42,7.379738201813764,7.379738201813764,True
1466455999,7.42,7.360886578708886,7.360886578708886,True
1466456054,7.42,7.42,7.359373902567037,False
1466456058,7.42,7.42,7.4195334239504795,False
1466456074,7.42,7.42,7.385793049245329,False
1466456088,7.39,7.387898289205408,7.387898289205408,True
1466456118,7.39,7.39,7.429467021346604,False
1466456218,7.39,7.39,7.378192602960308,False
1466456265,7.39,7.39,7.392848907760046,False
1466456270,7.39,7.367364109855679,7.367364109855679,True
1466456312,7.35,7.35,7.35857096605495,False
1466456346,7.39,7.39,7.384177625115609,False
1466456374,7.39,7.39,7.3562593819987665,False
1466456406,7.39,7.351319827501205,7.351319827501205,True
1466456482,7.39,7.443683088384917,7.443683088384917,True
1466456512,7.39,7.41044196590874,7.41044196590874,True
1466456610,7.39,7.433420263546397,7.433420263546397,True
1466456683,7.39,7.39,7.400367441297661,False
1466456768,7.39,7.443826490867685,7.443826490867685,True
1466456856,7.39,7.417801315497645,7.417801315497645,True
1466456927,7.39,7.418071475953121,7.418071475953121,True
1466457014,7.39,7.39,7.380716214038529,False
1466457032,7.39,7.39,7.437942601497524,False
1466457067,7.44,7.386110874183262,7.386110874183262,True
1466457157,7.41,7.41,7.408360630442637,False
1466457215,7.41,7.44490618205943,7.44490618205943,True
1466457267,7.4,7.447042962072521,7.447042962072521,True
1466457357,7.4,7.4,7.37815307066424,False
1466457434,7.4,7.4,7.41518994871841,False
1466457487,7.43,7.43,7.361101638407556,False
1466457559,7.43,7.43,7.433016303084274,False
1466457603,7.4,7.4,7.351700990332984,False
1466457671,7.4,7.4010471287312765,7.4010471287312765,True
1466457713,7.41,7.397334492345895,7.397334492345895,True
1466457745,7.37,7.429516459200784,7.429516459200784,True
1466457782,7.37,7.433548760986879,7.433548760986879,True
1466457802,7.43,7.403991365127014,7.403991365127014,True
1466457817,7.43,7.4361680408584245,7.4361680408584245,True
1466457865,7.43,7.446660513266691,7.446660513266691,True
1466457884,7.43,7.43,7.414773950353082,False
1466457885,7.37,7.40456414949271,7.40456414949271,True
1466457917,7.36,7.3692124458259585,7.3692124458259585,True
1466457973,7.36,7.442853242577564,7.442853242577564,True
1466458045,7.36,7.36,7.408101444139447,False
1466458135,7.43,7.43,7.411028717279616,False
1466458151,7.43,7.396969078932006,7.396969078932006,True
1466458230,7.43,7.43,7.439473586944519,False
1466458324,7.39,7.374804570780599,7.374804570780599,True
1466458362,7.42,7.42,7.372125267854847,False
1466458438,7.42,7.42,7.433838893555341,False
1466458454,7.42,7.42,7.445548936427262,False
1466458496,7.42,7.446605000180252,7.446605000180252,True
1466458509,7.42,7.397936292190898,7.397936292190898,True
1466458580,7.43,7.43,7.405047025468443,False
1466458590,7.43,7.364899711725903,7.364899711725903,True
1466458626,7.37,7.37,7.390305743764725,False
1466458642,7.4,7.449071534512688,7.449071534512688,True
1466458665,7.4,7.4,7.3767740800995885,False
1466458694,7.35,7.36278723422344,7.36278723422344,True
1466458762,7.35,7.35,7.375000638062521,False
1466458793,7.36,7.36,7.364781227357013,False
1466458824,7.36,7.417624707539348,7.417624707539348,True
1466458906,7.36,7.36,7.384900080393079,False
1466458982,7.41,7.41,7.372087328474317,False
1466459068,7.42,7.42,7.438178867578644,False
1466459159,7.37,7.422731766472477,7.422731766472477,True
1466459184,7.37,7.379879666985908,7.379879666985908,True
1466459273,7.41,7.405875198172752,7.405875198172752,True
1466459372,7.41,7.433016038387707,7.433016038387707,True
1466459415,7.41,7.41,7.397176549431193,False
1466459483,7.41,7.41,7.40021147677768,False
1466459504,7.41,7.41,7.429959216383608,False
1466459588,7.41,7.417271789176989,7.417271789176989,True
1466459595,7.41,7.41,7.387807580493612,False
1466459673,7.41,7.41,7.353630137253072,False
1466459726,7.41,7.423744847286855,7.423744847286855,True
1466459800,7.37,7.435580994499862,7.435580994499862,True
1466459857,7.42,7.42,7.417832144493961,False
1466459887,7.43,7.443722008996402,7.443722008996402,True
1466459913,7.43,7.379694775830604,7.379694775830604,True
1466459974,7.43,7.445674430351039,7.445674430351039,True
1466459995,7.43,7.43,7.380135122799491,False
1466460001,7.43,7.43,7.40329853319666,False
1466460054,7.36,7.36,7.364868404238089,False
1466460130,7.36,7.36,7.395750217961434,False
1466460215,7.36,7.430686387158229,7.430686387158229,True
1466460252,7.37,7.429263097929167,7.429263097929167,True
1466460272,7.37,7.436996197259869,7.436996197259869,True
1466460346,7.4,7.4100159725913795,7.4100159725913795,True
1466460440,7.44,7.44,7.360287649994522,False
1466460461,7.44,7.44,7.414387884664588,False
1466460528,7.44,7.41521908417299,7.41521908417299,True
1466460610,7.44,7.44,7.446806237959899,False
1466460630,7.44,7.383663876405465,7.383663876405465,True
1466460691,7.44,7.409201181835483,7.409201181835483,True
1466460706,7.36,7.36,7.410259156185472,False
1466460739,7.43,7.379373137967269,7.379373137967269,True
1466460765,7.41,7.354801443639739,7.354801443639739,True
1466460795,7.41,7.41,7.351210000874379,False
1466460877,7.44,7.435772448993783,7.435772448993783,True
1466460973,7.44,7.384159949129729,7.384159949129729,True
1466461009,7.44,7.44,7.421626471467348,False
1466461027,7.44,7.399957177792329,7.399957177792329,True
1466461032,7.36,7.391817112625708,7.391817112625708,True
1466461096,7.44,7.44,7.432670427562483,False
1466461169,7.44,7.4236526334935,7.4236526334935,True
1466461256,7.44,7.427328642921508,7.427328642921508,True
1466461351,7.39,7.39,7.445085536859337,False
1466461451,7.39,7.425465102695266,7.425465102695266,True
1466461531,7.39,7.39,7.385430977696012,False
1466461568,7.39,7.39,7.378668354479495,False
1466461583,7.44,7.44,7.405739917065977,False
1466461647,7.43,7.442231723189082,7.442231723189082,True
1466461703,7.35,7.35,7.373155360501203,False
1466461794,7.35,7.35,7.4450376795535815,False
1466461813,7.35,7.35,7.362155634878671,False
1466461910,7.38,7.3800492877028105,7.3800492877028105,True
1466461988,7.38,7.449337340818856,7.449337340818856,True
1466462056,7.38,7.38,7.38569570203663,False
1466462101,7.38,7.38,7.403618243464449,False
1466462155,7.38,7.38,7.447932985442524,False
1466462215,7.38,7.38,7.448019646373869,False
1466462278,7.45,7.45,7.445880424342246,False
1466462368,7.45,7.45,7.414464625314415,False
1466462412,7.45,7.42129593305853,7.42129593305853,True
1466462512,7.45,7.407698562894071,7.407698562894071,True
1466462594,7.45,7.373941626728138,7.373941626728138,True
1466462671,7.45,7.45,7.438464705990496,False
1466462716,7.45,7.45,7.428501642050045,False
1466462746,7.45,7.375047228391296,7.375047228391296,True
1466462782,7.43,7.359142415599325,7.359142415599325,True
1466462820,7.43,7.43,7.363235901360567,False
1466462833,7.43,7.4032927405540025,7.4032927405540025,True
1466462842,7.43,7.43,7.399929467289846,False
1466462850,7.45,7.45,7.351310009402213,False
1466462941,7.45,7.422120968335575,7.422120968335575,True
1466463026,7.43,7.43,7.363416648924857,False
1466463117,7.43,7.398330811331632,7.398330811331632,True
1466463139,7.39,7.445668129556879,7.445668129556879,True
