1466410104,73.5,79.37286236635848,79.37286236635848,True
1466410114,69.5,69.5,54.28263207919083,False
1466410130,69.5,69.5,49.860228683333844,False
1466410181,66.1,46.29187487276483,46.29187487276483,True
1466410203,71.2,60.278382784187926,60.278382784187926,True
1466410250,71.2,71.2,57.054138826816875,False
1466410309,71.2,71.2,68.29686789252516,False
1466410397,72.4,72.4,62.6581050110995,False
1466410430,72.4,72.4,67.48449407047323,False
1466410469,72.4,72.4,36.96166723517818,False
1466410483,77.5,63.46948771802515,63.46948771802515,True
1466410498,77.5,62.931765752251636,62.931765752251636,True
1466410502,77.5,64.08015461947545,64.08015461947545,True
1466410532,77.5,79.88722755788078,79.88722755788078,True
1466410541,80.7,73.62902649842229,73.62902649842229,True
1466410573,80.7,80.7,38.31625305875295,False
1466410630,76.1,72.0746647457828,72.0746647457828,True
1466410653,76.1,76.1,39.93569624973713,False
1466410746,76.1,70.33116691992358,70.33116691992358,True
1466410814,74.1,74.1,66.57489520253459,False
1466410890,74.1,50.83284449727259,50.83284449727259,True
1466410902,71.3,71.3,47.24862069153143,False
1466410978,71.3,71.3,46.302606758084394,False
1466411008,71.3,71.3,57.40645988467686,False
1466411066,67.2,79.7148678355446,79.7148678355446,True
1466411094,68.3,62.69429346047003,62.69429346047003,True
1466411157,70.2,36.09781246046209,36.09781246046209,True
1466411223,70.2,48.17625976555111,48.17625976555111,True
1466411226,70.2,70.2,52.57787798336838,False
1466411272,64.6,58.93224180957975,58.93224180957975,True
1466411303,64.6,71.01022105429611,71.01022105429611,True
1466411318,67.8,36.1209924938489,36.1209924938489,True
1466411396,67.1,67.1,49.218168897324404,False
1466411493,67.1,67.1,78.90732243273189,False
1466411549,63.5,65.15284276746794,65.15284276746794,True
1466411560,63.5,63.5,42.05002583735807,False
1466411626,63.5,63.5,73.99395544273736,False
1466411723,63.5,45.124399792767846,45.124399792767846,True
1466411763,63.5,63.5,43.37775734588101,False
1466411785,58.0,58.0,59.61885386046696,False
1466411854,58.0,49.670900602952976,49.670900602952976,True
1466411889,58.0,58.0,56.06576351830009,False
1466411988,59.4,40.58877172000943,40.58877172000943,True
1466412022,59.4,59.4,61.272307327530825,False
1466412046,59.4,59.4,44.66935101499317,False
1466412076,53.7,73.65096439053067,73.65096439053067,True
1466412152,53.4,53.4,66.44345826509925,False
1466412181,55.5,46.47003008577657,46.47003008577657,True
1466412201,55.5,47.52883737057465,47.52883737057465,True
1466412260,55.5,35.57580278005956,35.57580278005956,True
1466412347,55.5,53.93934599224221,53.93934599224221,True
1466412360,54.8,54.8,70.09735032229764,False
1466412438,54.8,54.8,38.515773443536666,False
1466412521,57.4,65.31680322423699,65.31680322423699,True
1466412599,53.5,38.877475270472445,38.877475270472445,True
1466412639,56.4,56.4,67.23839761191707,False
1466412691,56.4,56.4,66.34332342849271,False
1466412747,56.4,48.28458768973521,48.28458768973521,True
1466412794,56.8,56.8,41.814137157078726,False
1466412819,56.6,42.472475907494164,42.472475907494164,True
1466412832,56.6,56.6,54.210130215069306,False
1466412874,50.9,55.35692482079586,55.35692482079586,True
1466412943,50.9,74.73598757502958,74.73598757502958,True
1466412971,50.9,38.24719726314454,38.24719726314454,True
1466412990,50.9,50.9,49.95039207095481,False
1466413028,56.3,63.041997568944666,63.041997568944666,True
1466413053,52.4,41.6783386169752,41.6783386169752,True
1466413125,52.4,52.4,42.70304423536532,False
1466413200,52.4,53.77997839880382,53.77997839880382,True
1466413264,52.4,66.57857953575594,66.57857953575594,True
1466413311,56.3,56.3,43.4393773497854,False
1466413342,58.9,58.9,59.74332420118034,False
1466413440,58.9,58.9,59.949704687850286,False
1466413458,58.9,58.9,42.74697072909945,False
1466413529,56.2,56.2,58.18833214299241,False
1466413542,56.2,56.2,51.434796730791064,False
1466413638,53.7,53.7,53.67119355799678,False
1466413672,53.3,53.50789136492051,53.50789136492051,True
1466413733,53.3,57.77316984235652,57.77316984235652,True
1466413779,53.3,53.3,73.32532792595181,False
1466413780,49.5,39.77260645536183,39.77260645536183,True
1466413864,54.1,54.1,46.80385894519482,False
1466413885,51.3,51.3,61.4635414103269,False
1466413946,51.3,57.49550687051677,57.49550687051677,True
1466414033,51.3,59.49818163614363,59.49818163614363,True
1466414071,51.3,51.3,64.16202766918963,False
1466414164,51.3,70.2767214243479,70.2767214243479,True
1466414225,51.3,51.3,59.71758981132919,False
1466414312,51.3,57.598489103461695,57.598489103461695,True
1466414325,51.3,51.3,51.15715653327758,False
1466414328,51.3,71.0602250407066,71.0602250407066,True
1466414329,47.6,60.8184504512917,60.8184504512917,True
1466414402,47.6,35.261034054542506,35.261034054542506,True
1466414407,47.6,47.01048055818782,47.01048055818782,True
1466414413,52.0,52.0,43.47344589303968,False
1466414460,52.0,52.0,47.125850291626705,False
1466414552,52.0,52.0,35.49290505085991,False
1466414602,52.0,52.0,52.17716513028056,False
1466414662,53.1,53.1,72.10867638691293,False
1466414746,53.1,43.33401482638714,43.33401482638714,True
1466414844,53.1,53.1,42.39459938014516,False
1466414943,53.1,74.21879678194014,74.21879678194014,True
1466414946,48.2,40.98388332782316,40.98388332782316,True
1466414966,48.2,48.2,62.18936485540755,False
1466415038,48.2,48.2,76.92311882019669,False
1466415106,48.2,63.99019994071561,63.99019994071561,True
1466415130,48.2,48.2,38.18252437572189,False
1466415145,48.2,79.13344738798902,79.13344738798902,True
1466415202,48.2,48.2,39.2385649818906,False
1466415239,45.6,51.82372170103811,51.82372170103811,True
1466415249,45.0,73.0137615099714,73.0137615099714,True
1466415308,48.9,79.6374208865403,79.6374208865403,True
1466415357,48.9,48.9,50.83198789980129,False
1466415404,48.9,40.31640911821078,40.31640911821078,True
1466415469,48.9,54.63498754657076,54.63498754657076,True
1466415548,48.9,37.328954735587374,37.328954735587374,True
1466415588,48.9,48.9,65.3463953288753,False
1466415627,53.0,53.0,44.72656651478104,False
1466415719,56.2,65.40001043662751,65.40001043662751,True
1466415767,58.3,68.61041036360153,68.61041036360153,True
1466415860,58.9,58.9,44.92411772376045,False
1466415872,58.9,58.9,65.92133712574727,False
1466415914,64.6,62.600658448295796,62.600658448295796,True
1466415934,64.6,64.6,43.912874761313574,False
1466415988,62.2,61.917273485817745,61.917273485817745,True
1466416004,56.3,56.3,61.92437366085253,False
1466416050,56.3,56.3,42.730709040655206,False
1466416150,59.1,52.2988696293594,52.2988696293594,True
1466416161,59.1,59.1,61.11920728048281,False
1466416215,55.1,42.20987135372575,42.20987135372575,True
1466416315,55.1,78.0076469072557,78.0076469072557,True
1466416321,50.4,41.55564997187317,41.55564997187317,True
1466416393,50.4,70.47747091039281,70.47747091039281,True
1466416440,50.4,50.4,37.10649559497618,False
1466416510,50.4,50.4,62.96105456646072,False
1466416541,56.0,52.96699632858702,52.96699632858702,True
1466416631,56.0,42.8564168420851,42.8564168420851,True
1466416671,54.5,70.52123044734324,70.52123044734324,True
1466416725,58.7,42.44155460625117,42.44155460625117,True
1466416815,58.7,58.7,37.86310645565994,False
1466416867,61.3,61.3,42.02717553534815,False
1466416933,61.3,69.4012644679796,69.4012644679796,True
1466416963,61.0,61.0,40.224581220058916,False
1466417034,61.0,78.84177268283588,78.84177268283588,True
1466417069,61.0,61.0,56.33195369428192,False
1466417095,56.5,56.5,64.76687682456466,False
1466417123,59.1,59.1,37.39809586224352,False
1466417219,59.1,79.86314076850363,79.86314076850363,True
1466417228,59.1,46.36132496519411,46.36132496519411,True
1466417235,58.2,43.921852563574035,43.921852563574035,True
1466417266,57.4,52.85037514961277,52.85037514961277,True
1466417298,57.4,69.21851214595613,69.21851214595613,True
1466417382,53.9,53.9,68.21999324450599,False
1466417429,53.9,53.9,53.30455470092028,False
1466417434,49.6,54.65741107751036,54.65741107751036,True
1466417513,49.6,52.73909807874412,52.73909807874412,True
1466417598,49.6,49.6,79.8748264463313,False
1466417615,49.6,49.6,58.06675073208432,False
1466417654,46.5,68.3155579978191,68.3155579978191,True
1466417749,46.5,46.5,40.19514603243488,False
1466417763,42.5,42.5,36.408502512843896,False
1466417822,43.7,43.7,55.74063619647192,False
1466417851,43.7,78.35127778518863,78.35127778518863,True
1466417855,41.2,41.2,69.63282712329504,False
1466417879,38.4,50.74602900079219,50.74602900079219,True
1466417895,38.4,38.4,75.08725311056949,False
1466417969,39.3,39.3,42.55895815301341,False
1466418049,39.3,77.25334235755963,77.25334235755963,True
1466418118,39.3,39.3,61.915865854305565,False
1466418129,40.4,40.4,57.59073106831695,False
1466418179,40.4,40.4,70.07967063633691,False
1466418254,38.1,38.1,37.33919630408997,False
1466418332,40.9,40.9,53.59867147235283,False
1466418428,40.9,40.9,64.48999133344645,False
1466418494,43.5,44.50405183494863,44.50405183494863,True
1466418554,49.1,49.1,64.63877181006515,False
1466418563,50.9,36.44600845327228,36.44600845327228,True
1466418564,55.0,55.0,59.67824830218177,False
1466418594,55.0,76.6221772848225,76.6221772848225,True
1466418674,55.0,76.86890319113567,76.86890319113567,True
1466418748,55.0,55.0,65.07191204801154,False
1466418847,52.2,52.2,59.38729007743208,False
1466418877,52.2,52.2,64.24786354577256,False
1466418917,52.2,52.2,79.12491322554587,False
1466418938,55.7,52.407749356727365,52.407749356727365,True
1466419031,55.7,55.7,67.99639245042538,False
1466419058,55.7,55.7,57.20797534710349,False
1466419104,55.7,55.7,69.02921215917246,False
1466419166,55.7,55.7,48.172287648194164,False
1466419261,60.1,60.1,41.75693854391929,False
1466419349,60.1,60.1,69.8705319760085,False
1466419442,60.1,60.1,63.724836671967495,False
1466419530,60.1,60.25759175289722,60.25759175289722,True
1466419595,60.1,60.1,71.7764083421518,False
1466419646,64.1,49.21920604579746,49.21920604579746,True
1466419737,63.9,63.9,38.91866491416375,False
1466419826,67.2,50.49125232597642,50.49125232597642,True
1466419880,67.2,67.2,60.79728667155413,False
1466419911,67.2,42.835727106161634,42.835727106161634,True
1466419938,67.2,58.074975796546845,58.074975796546845,True
1466420016,71.4,71.4,60.480426343720914,False
1466420019,68.7,68.7,35.114749923517664,False
1466420108,63.9,63.9,44.85333294787375,False
1466420205,63.9,42.2256514018176,42.2256514018176,True
1466420228,63.9,63.9,37.267864719568855,False
1466420257,63.9,63.9,68.6967333547171,False
1466420270,60.5,60.5,41.56844793813325,False
1466420296,59.3,60.48902909021796,60.48902909021796,True
1466420331,59.3,79.28939089197225,79.28939089197225,True
1466420407,59.3,59.3,61.554462981124246,False
1466420430,59.3,59.3,64.49660923486093,False
1466420453,59.3,57.13635103431827,57.13635103431827,True
1466420474,59.3,59.3,38.40244056233575,False
1466420566,59.3,66.94967409167836,66.94967409167836,True
1466420579,59.3,59.3,73.36009044665991,False
1466420618,56.7,56.7,51.37013516191732,False
1466420624,56.7,60.96825097855681,60.96825097855681,True
1466420643,61.6,41.19524955078234,41.19524955078234,True
1466420695,56.8,61.49425832124774,61.49425832124774,True
1466420788,51.4,54.05262408004578,54.05262408004578,True
1466420863,49.6,45.450329178255885,45.450329178255885,True
1466420947,49.6,49.6,48.25128532733548,False
1466421003,54.9,73.0079693638217,73.0079693638217,True
1466421032,54.9,36.040230405437256,36.040230405437256,True
1466421050,53.0,62.31424352439805,62.31424352439805,True
1466421116,56.2,56.2,43.02919621007298,False
1466421208,56.2,66.66977910532074,66.66977910532074,True
1466421234,56.2,61.92756771132062,61.92756771132062,True
1466421262,60.4,60.4,36.21602065281609,False
1466421353,60.4,43.45405437503116,43.45405437503116,True
1466421360,63.8,63.8,52.21447473423484,False
1466421392,63.8,63.8,79.85638179370378,False
1466421480,63.8,63.8,56.23873464929649,False
1466421530,63.8,63.8,79.32372290456104,False
1466421547,63.8,41.31193727820272,41.31193727820272,True
1466421591,68.3,57.54255853503372,57.54255853503372,True
1466421633,68.3,68.3,37.534927339435754,False
1466421636,68.3,61.65177873043343,61.65177873043343,True
1466421670,68.3,35.5635124411795,35.5635124411795,True
1466421695,68.3,45.47922356852938,45.47922356852938,True
1466421721,65.2,36.949337281424974,36.949337281424974,True
1466421804,65.3,65.3,66.77657796459471,False
1466421819,59.3,59.3,54.33101994592786,False
1466421862,59.3,75.45877512857084,75.45877512857084,True
1466421885,63.9,63.9,51.29322096956643,False
1466421936,61.1,61.1,39.42721327817837,False
1466422012,55.7,55.7,52.6942149286768,False
1466422044,55.7,55.7,67.551097464599,False
1466422045,55.7,55.7,65.5695120723185,False
1466422137,55.7,55.7,49.05149357536445,False
1466422162,55.7,77.03240292918991,77.03240292918991,True
1466422189,55.7,60.733265620371064,60.733265620371064,True
1466422197,55.7,55.7,42.50668057692232,False
1466422264,55.7,55.7,64.23576393104388,False
1466422330,55.6,62.80854807928157,62.80854807928157,True
1466422378,55.6,55.6,47.61444422479695,False
1466422432,55.6,60.08824915495931,60.08824915495931,True
1466422488,55.6,55.6,38.832514915673684,False
1466422577,55.6,36.15271631958063,36.15271631958063,True
1466422628,56.4,56.4,43.947052805632204,False
1466422638,56.4,42.55195864698673,42.55195864698673,True
1466422666,56.4,56.4,42.3276397166264,False
1466422706,56.2,56.2,77.01927187958236,False
1466422731,58.4,58.4,56.20737684144446,False
1466422804,58.4,40.143590679625845,40.143590679625845,True
1466422866,58.4,58.4,36.28165005975079,False
1466422873,64.1,64.1,66.77444322154612,False
1466422895,64.1,78.17970289056092,78.17970289056092,True
1466422953,64.1,64.1,78.66389495094381,False
1466422973,64.1,64.1,44.94299149370215,False
1466423017,64.1,64.1,71.40737669665124,False
1466423051,68.7,63.51672365183889,63.51672365183889,True
1466423099,65.0,40.50842158841879,40.50842158841879,True
1466423150,65.0,70.15724722217153,70.15724722217153,True
1466423155,63.8,50.04687550745585,50.04687550745585,True
1466423168,63.8,54.7325310666983,54.7325310666983,True
1466423205,62.2,62.2,44.73349523006371,False
1466423275,62.2,74.18992371270191,74.18992371270191,True
1466423287,68.1,68.1,73.62787049151044,False
1466423336,68.4,38.43467536726542,38.43467536726542,True
1466423340,68.4,68.4,76.91617035151248,False
1466423355,68.4,68.4,65.46414417263165,False
1466423443,62.9,62.9,69.01154569965868,False
1466423499,62.9,45.9795717617899,45.9795717617899,True
1466423585,62.9,39.66155645434523,39.66155645434523,True
1466423612,62.9,44.69639809477752,44.69639809477752,True
1466423669,68.8,68.8,70.4325088286144,False
1466423705,68.8,54.694731849350546,54.694731849350546,True
1466423770,68.8,68.8,51.16500811725241,False
1466423844,71.6,71.6,44.36698409454056,False
1466423902,71.6,44.654328516021614,44.654328516021614,True
1466423913,73.7,73.7,44.014303091739805,False
1466423972,73.7,38.22946992903533,38.22946992903533,True
1466424014,79.6,79.6,59.35349377589873,False
1466424069,79.6,79.6,73.76239263166357,False
1466424154,76.0,76.0,41.728471468447964,False
1466424155,81.3,66.13499144055197,66.13499144055197,True
1466424169,81.3,52.50769670829776,52.50769670829776,True
1466424262,81.9,55.41862343729206,55.41862343729206,True
1466424339,84.8,36.06296477935301,36.06296477935301,True
1466424398,84.3,84.3,67.0229419161854,False
1466424497,84.3,68.72707104895748,68.72707104895748,True
1466424558,84.3,61.41369707862707,61.41369707862707,True
1466424613,84.6,84.6,48.586317079744745,False
1466424713,84.6,79.04946721862177,79.04946721862177,True
1466424804,81.9,81.9,57.950330958714574,False
1466424878,83.1,83.1,51.703309960622505,False
1466424924,83.0,76.87173348510642,76.87173348510642,True
1466425009,83.0,71.52052540764757,71.52052540764757,True
1466425106,83.0,83.0,60.5006544379604,False
1466425129,83.0,46.9636722869668,46.9636722869668,True
1466425179,77.3,77.3,51.77142637562857,False
1466425257,77.3,77.3,75.0127809185536,False
1466425262,80.9,56.32291563597289,56.32291563597289,True
1466425305,80.9,37.617471535151886,37.617471535151886,True
1466425331,80.9,55.9363964019669,55.9363964019669,True
1466425338,82.4,82.4,75.54342842940396,False
1466425377,82.4,82.4,79.61204070489818,False
1466425380,82.4,76.25755328029582,76.25755328029582,True
1466425417,77.4,77.4,53.75644054008556,False
1466425484,79.5,45.5806426862192,45.5806426862192,True
1466425517,84.1,70.06892041502743,70.06892041502743,True
1466425553,81.3,81.3,63.95449075904567,False
1466425640,81.3,81.3,42.9632083392803,False
1466425687,82.1,56.5456270054991,56.5456270054991,True
1466425711,82.1,82.1,76.50772363076649,False
1466425768,82.1,82.1,55.23920755680699,False
1466425811,82.1,61.378081815822455,61.378081815822455,True
1466425856,82.1,82.1,73.36075552066407,False
1466425869,84.5,35.61946820391926,35.61946820391926,True
1466425884,84.5,84.5,74.66717148607563,False
1466425962,79.1,68.45729530906951,68.45729530906951,True
1466425974,81.1,45.28972365381524,45.28972365381524,True
1466426016,81.4,81.4,63.0828485442146,False
1466426024,81.4,81.4,79.02762811851866,False
1466426034,81.4,71.18768020644927,71.18768020644927,True
1466426130,81.4,56.33802669284974,56.33802669284974,True
1466426189,83.2,83.2,64.13267574412623,False
1466426198,83.2,46.8774064906079,46.8774064906079,True
1466426280,83.2,70.83008306424952,70.83008306424952,True
1466426298,83.2,83.2,40.717595409295456,False
1466426380,80.6,80.6,78.69282137933581,False
1466426420,76.9,37.269481444341274,37.269481444341274,True
1466426509,76.9,44.823839439341256,44.823839439341256,True
1466426521,74.4,44.13772016516171,44.13772016516171,True
1466426535,76.8,76.8,42.182858957637116,False
1466426563,77.1,76.87550322419807,76.87550322419807,True
1466426620,77.1,77.1,66.7699842373684,False
1466426694,77.1,77.1,76.2651292543014,False
1466426764,77.1,77.1,49.79889846795217,False
1466426778,77.1,64.51213141116392,64.51213141116392,True
1466426866,75.1,56.927275086426675,56.927275086426675,True
1466426938,75.4,71.27377009434133,71.27377009434133,True
1466427022,75.4,75.4,73.99874314294429,False
1466427059,75.4,71.02220901301263,71.02220901301263,True
1466427125,79.8,79.8,63.35022953969122,False
1466427204,79.8,70.16695134884043,70.16695134884043,True
1466427240,79.8,53.852780789742965,53.852780789742965,True
1466427317,78.8,36.39445839999217,36.39445839999217,True
1466427319,78.8,56.010462241843456,56.010462241843456,True
1466427331,78.8,78.8,54.526010817591526,False
1466427425,78.8,78.8,64.21709198350011,False
1466427458,78.8,78.8,51.05423860713106,False
1466427495,78.8,42.52341985164668,42.52341985164668,True
1466427543,78.8,50.97796888983737,50.97796888983737,True
1466427625,78.8,78.8,59.745893368176866,False
1466427663,78.8,46.39593824353729,46.39593824353729,True
1466427672,78.8,57.021175464989554,57.021175464989554,True
1466427684,78.8,41.275768640948755,41.275768640948755,True
1466427739,78.8,71.51494652188728,71.51494652188728,True
1466427769,78.8,78.8,37.60036374103232,False
1466427775,82.5,82.5,70.18984906344367,False
1466427820,82.5,82.5,72.10085829068893,False
1466427837,82.5,82.5,74.222447303001,False
1466427846,82.5,82.5,39.14893178346817,False
1466427904,77.4,77.4,77.30228170208682,False
1466427997,77.4,79.77036154064342,79.77036154064342,True
1466428027,77.4,57.13133315086982,57.13133315086982,True
1466428114,75.3,60.47072086934886,60.47072086934886,True
1466428212,79.6,79.6,48.45884393914415,False
1466428294,79.2,79.2,75.57670874888598,False
1466428321,79.2,79.2,63.4191987141105,False
1466428340,84.9,84.9,49.27966492471244,False
1466428378,84.9,62.416908594664854,62.416908594664854,True
1466428463,82.0,68.02259142668333,68.02259142668333,True
1466428551,82.0,78.90287905101013,78.90287905101013,True
1466428575,82.0,82.0,64.062379135322,False
1466428593,83.5,83.5,51.14938804205724,False
1466428682,83.5,83.5,46.743760344183016,False
1466428699,83.5,60.96735872136666,60.96735872136666,True
1466428719,83.5,83.5,55.24408920015735,False
1466428819,78.4,69.48658018627195,69.48658018627195,True
1466428850,80.4,68.80528268069801,68.80528268069801,True
1466428884,78.6,64.75871694076508,64.75871694076508,True
1466428973,78.6,63.99935489092525,63.99935489092525,True
1466429006,78.6,78.6,51.67759275261935,False
1466429026,75.2,59.65398276284822,59.65398276284822,True
1466429066,75.2,75.2,65.32853132919169,False
1466429072,75.2,78.07260819998237,78.07260819998237,True
1466429103,71.7,65.42119670980314,65.42119670980314,True
1466429110,71.7,62.6372269129093,62.6372269129093,True
1466429123,76.5,70.85130592947326,70.85130592947326,True
1466429168,81.6,81.6,44.57842461548889,False
1466429182,79.1,79.1,72.64031473799446,False
1466429184,79.1,79.1,38.55592099858297,False
1466429197,79.3,56.65977327669374,56.65977327669374,True
1466429280,76.3,72.64998972286114,72.64998972286114,True
1466429378,81.8,81.8,37.02955904449945,False
1466429450,81.3,81.3,66.44504098863513,False
1466429455,78.1,78.1,37.32008120190549,False
1466429510,78.1,77.09358239828538,77.09358239828538,True
1466429565,78.1,78.1,77.11001436495529,False
1466429566,78.1,78.1,45.11679193121415,False
1466429592,78.1,78.1,77.84977434765781,False
1466429623,78.1,47.961096894274235,47.961096894274235,True
1466429691,78.1,36.375911606087115,36.375911606087115,True
1466429733,78.1,78.1,42.81986145726349,False
1466429803,79.2,79.2,43.97293333697526,False
1466429832,79.2,79.2,73.99718149662414,False
1466429905,82.4,82.4,68.65415067505063,False
1466429997,82.4,82.4,53.803226497896134,False
1466430050,78.4,79.50055754996558,79.50055754996558,True
1466430088,78.4,78.4,71.27730740386909,False
1466430174,78.4,71.03347337028319,71.03347337028319,True
1466430247,83.1,68.05920081643731,68.05920081643731,True
1466430344,83.1,66.08391026495956,66.08391026495956,True
1466430375,83.1,46.50057844203779,46.50057844203779,True
1466430400,83.1,68.16132710594533,68.16132710594533,True
1466430457,83.1,44.95473071821276,44.95473071821276,True
1466430483,82.4,43.67513972669372,43.67513972669372,True
1466430517,82.4,82.4,66.99619493617112,False
1466430524,82.4,82.4,39.24794709901952,False
1466430592,82.4,82.4,37.98922959393368,False
1466430616,83.5,83.5,40.282965903560616,False
1466430631,83.5,67.21339483528655,67.21339483528655,True
1466430680,81.7,46.66859215609448,46.66859215609448,True
1466430734,81.7,81.7,67.09762351888543,False
1466430790,81.7,81.7,52.85287301177407,False
1466430815,77.5,79.01758125218362,79.01758125218362,True
1466430895,77.5,77.5,50.039049036809736,False
1466430916,72.3,71.2375495789499,71.2375495789499,True
1466430929,72.3,66.21656021806369,66.21656021806369,True
1466430936,72.3,72.3,38.329811675732316,False
1466431009,68.2,62.821975803462436,62.821975803462436,True
1466431036,68.2,36.6903757162724,36.6903757162724,True
1466431055,68.2,68.2,48.19216153458448,False
1466431145,68.1,76.79771205271197,76.79771205271197,True
1466431218,69.7,59.53247025260373,59.53247025260373,True
1466431290,69.7,69.7,77.80040912657677,False
1466431324,70.5,70.5,75.95802010472886,False
1466431400,74.8,66.91543538674338,66.91543538674338,True
1466431450,74.8,74.8,60.59876789195205,False
1466431526,74.8,77.92731347825745,77.92731347825745,True
1466431589,74.8,63.47568622470084,63.47568622470084,True
1466431661,74.8,50.819751476431115,50.819751476431115,True
1466431760,74.8,77.84647602121431,77.84647602121431,True
1466431796,74.8,74.8,64.11802231313735,False
1466431848,73.9,73.9,54.474913761219625,False
1466431879,73.9,73.9,47.80987113518695,False
1466431954,70.3,62.796756638571054,62.796756638571054,True
1466431958,70.3,70.3,52.12245300270942,False
1466432002,67.6,67.6,53.830698780731936,False
1466432101,67.6,67.6,61.97026602954266,False
1466432177,67.6,67.6,67.48391675499943,False
1466432194,67.6,67.6,45.38084671509099,False
1466432237,66.6,58.51988332599102,58.51988332599102,True
1466432280,66.6,66.6,56.531671145023,False
1466432373,66.6,68.57844111144433,68.57844111144433,True
1466432389,71.2,48.81957282631569,48.81957282631569,True
1466432415,71.2,71.2,44.100686602226055,False
1466432417,71.2,71.99173606815852,71.99173606815852,True
1466432506,71.2,71.6607873232418,71.6607873232418,True
1466432569,72.2,72.2,37.833189263099754,False
1466432577,72.2,75.26410803222336,75.26410803222336,True
1466432670,72.2,72.2,38.734373366172605,False
1466432706,72.2,72.2,76.69028190986006,False
1466432804,72.2,48.18805764532235,48.18805764532235,True
1466432853,72.2,39.78437202028232,39.78437202028232,True
1466432947,72.2,72.2,60.10207081212923,False
1466433040,72.2,72.2,57.642441869747756,False
1466433128,72.7,46.96979672899765,46.96979672899765,True
1466433145,72.7,72.7,50.01098443882812,False
1466433195,72.7,58.79607126614188,58.79607126614188,True
1466433289,71.0,63.44533471411205,63.44533471411205,True
1466433375,71.0,71.0,59.848129462629785,False
1466433427,71.0,58.148859185023845,58.148859185023845,True
1466433478,71.0,53.40587997962669,53.40587997962669,True
1466433517,71.0,71.0,38.704090250074394,False
1466433615,73.5,76.77430473812419,76.77430473812419,True
1466433672,73.5,73.5,71.08267580215605,False
1466433762,73.5,52.02998282606977,52.02998282606977,True
1466433809,73.5,75.0687886800706,75.0687886800706,True
1466433873,73.5,67.82509622681872,67.82509622681872,True
1466433910,73.5,77.50012800702986,77.50012800702986,True
1466433994,73.5,50.938534464001805,50.938534464001805,True
1466434003,73.5,72.93319419987301,72.93319419987301,True
1466434045,69.3,52.384218856485596,52.384218856485596,True
1466434096,69.3,69.3,39.771697595110325,False
1466434173,63.5,36.30645931616598,36.30645931616598,True
1466434199,63.5,62.05818348800936,62.05818348800936,True
1466434224,63.5,63.5,76.63378735444294,False
1466434308,61.2,61.2,48.62214692993483,False
1466434359,61.3,61.3,43.82177369278947,False
1466434371,64.3,64.3,35.47676467694971,False
1466434457,64.3,62.606760476518325,62.606760476518325,True
1466434498,64.3,49.260343358491795,49.260343358491795,True
1466434552,69.1,69.1,77.4445614785521,False
1466434622,67.3,45.67784021420901,45.67784021420901,True
1466434691,67.3,62.22856555431123,62.22856555431123,True
1466434718,61.5,61.5,75.36292318798037,False
1466434727,66.3,39.69272650603759,39.69272650603759,True
1466434815,66.3,47.1959877490726,47.1959877490726,True
1466434892,66.3,66.3,63.196584378583644,False
1466434915,69.3,69.3,35.23753990989279,False
1466434946,69.3,69.3,65.10795531464255,False
1466434988,69.3,69.3,35.29653928852538,False
1466435020,65.2,65.2,74.56172729331445,False
1466435090,64.5,64.5,47.340878641874596,False
1466435099,68.6,49.20847455988872,49.20847455988872,True
1466435145,68.6,35.57644915317305,35.57644915317305,True
1466435186,68.6,44.94897461844461,44.94897461844461,True
1466435246,68.2,68.2,60.0945482136498,False
1466435284,64.4,64.4,69.94279696193024,False
1466435327,64.5,42.49648204918541,42.49648204918541,True
1466435369,64.5,64.5,71.21474333963207,False
1466435408,64.5,64.5,70.52855762859366,False
1466435468,67.3,43.5912011213801,43.5912011213801,True
1466435486,72.9,72.9,79.58362858080986,False
1466435555,72.9,72.9,69.96791765019165,False
1466435624,74.8,74.8,78.1740087594822,False
1466435659,79.4,79.4,35.36117091749263,False
1466435682,80.9,45.90520197307183,45.90520197307183,True
1466435712,80.9,80.9,47.15362889796116,False
1466435794,83.4,36.06146584438539,36.06146584438539,True
1466435878,83.4,72.59002101772214,72.59002101772214,True
1466435904,81.6,81.6,53.236777644528765,False
1466435971,81.6,65.22287428205813,65.22287428205813,True
1466436041,78.1,78.1,51.508029285517324,False
1466436059,78.1,78.1,38.32307893195666,False
1466436093,78.1,74.7531523644081,74.7531523644081,True
1466436178,78.1,63.35626397935053,63.35626397935053,True
1466436230,80.0,80.0,45.80899184111559,False
1466436280,80.5,80.5,74.7320567655473,False
1466436332,80.5,74.05689534666047,74.05689534666047,True
1466436333,80.5,47.16420346555886,47.16420346555886,True
1466436431,80.5,80.5,58.77048488269464,False
1466436520,80.5,55.48061271902422,55.48061271902422,True
1466436572,80.5,80.5,77.0747773653987,False
1466436647,79.9,70.75868026916851,70.75868026916851,True
1466436655,77.9,69.19000818669667,69.19000818669667,True
1466436727,78.7,57.41518831234963,57.41518831234963,True
1466436793,78.7,78.7,69.58416033021682,False
1466436879,78.7,78.7,53.08176599934365,False
1466436880,78.7,78.7,73.32397584716541,False
1466436939,76.0,56.611844121192064,56.611844121192064,True
1466437015,76.0,55.56531150646547,55.56531150646547,True
1466437048,76.0,38.92831286540169,38.92831286540169,True
1466437088,76.0,76.0,42.63358423941759,False
1466437105,76.0,67.71481426799518,67.71481426799518,True
1466437122,76.0,76.0,39.032746043415024,False
1466437160,74.5,74.5,68.08650839117922,False
1466437232,74.5,65.25135666955082,65.25135666955082,True
1466437321,74.5,48.53731648173568,48.53731648173568,True
1466437335,71.0,64.23823534140604,64.23823534140604,True
1466437358,71.0,54.57665884807088,54.57665884807088,True
1466437441,71.0,71.0,72.99004806020885,False
1466437480,71.0,60.685798768389674,60.685798768389674,True
1466437561,74.5,47.64821579518832,47.64821579518832,True
1466437653,74.5,74.5,61.42262001581061,False
1466437709,76.9,64.1032414399104,64.1032414399104,True
1466437798,78.5,78.5,35.132540909445055,False
1466437869,75.1,60.465650188006656,60.465650188006656,True
1466437952,75.1,75.1,38.622278802180745,False
1466438037,75.1,55.78600091136107,55.78600091136107,True
1466438054,75.1,48.52584566669071,48.52584566669071,True
1466438056,77.3,77.3,65.83213757618242,False
1466438136,76.6,73.55265288218904,73.55265288218904,True
1466438234,76.6,76.6,76.10549473759906,False
1466438261,76.6,76.6,63.45485850690871,False
1466438348,76.6,55.99515502337755,55.99515502337755,True
1466438407,70.8,71.7853239725602,71.7853239725602,True
1466438422,70.8,44.324422260074876,44.324422260074876,True
1466438476,70.8,70.8,61.46689375242248,False
1466438571,70.8,52.84638525828206,52.84638525828206,True
1466438612,70.8,70.8,54.75259667679029,False
1466438620,70.8,70.8,52.8236488826224,False
1466438698,70.8,77.50262347749656,77.50262347749656,True
1466438747,70.8,35.81540607439672,35.81540607439672,True
1466438795,70.8,35.78365014282286,35.78365014282286,True
1466438810,68.1,72.96570598678232,72.96570598678232,True
1466438888,68.1,35.45837419712031,35.45837419712031,True
1466438975,68.1,68.1,79.80687437623618,False
1466439000,66.3,66.3,52.64044137515826,False
1466439092,66.3,66.3,53.805736894524344,False
1466439150,66.3,46.912065013927915,46.912065013927915,True
1466439229,66.3,66.3,48.99327194998152,False
1466439279,66.3,71.07243137959757,71.07243137959757,True
1466439328,66.3,66.3,35.529069202153565,False
1466439351,66.3,73.27201784076118,73.27201784076118,True
1466439447,69.8,72.81986287507246,72.81986287507246,True
1466439466,69.8,69.8,67.80415781457639,False
1466439480,67.6,67.6,61.717063918600786,False
1466439560,67.6,67.6,70.39071706952717,False
1466439600,67.5,67.5,36.29260890225696,False
1466439645,64.7,64.7,35.990755225399816,False
1466439729,64.7,51.52845239343483,51.52845239343483,True
1466439772,64.7,64.7,64.57537836073236,False
1466439827,62.3,62.3,72.10269722364016,False
1466439849,62.3,50.929389864532496,50.929389864532496,True
1466439910,62.3,62.3,40.20997367629364,False
1466439990,62.3,62.3,58.502093823865394,False
1466440005,62.3,62.3,35.96158784515847,False
1466440006,62.2,58.126960916659755,58.126960916659755,True
1466440045,67.9,76.37256026149203,76.37256026149203,True
1466440066,62.0,64.52354991374938,64.52354991374938,True
1466440154,62.0,62.0,36.67672181437416,False
1466440214,62.0,62.0,61.30157730294238,False
1466440226,60.6,60.6,54.84792588733359,False
1466440304,60.6,60.6,65.25129748799192,False
1466440385,60.6,60.6,41.49672586662187,False
1466440451,60.6,70.581661478054,70.581661478054,True
1466440521,60.6,44.073257109412204,44.073257109412204,True
1466440581,60.6,66.97041305633793,66.97041305633793,True
1466440674,65.8,65.8,64.50592540839952,False
1466440727,69.8,69.8,71.00919757491764,False
1466440821,69.8,58.89953412170337,58.89953412170337,True
1466440827,68.8,39.28565915644118,39.28565915644118,True
1466440897,68.8,68.8,48.62693899071033,False
1466440923,67.5,67.5,45.75790343152412,False
1466441012,67.5,67.5,73.20276564494537,False
1466441049,67.5,53.31135307260595,53.31135307260595,True
1466441147,62.1,53.42079937508055,53.42079937508055,True
1466441213,56.7,56.7,62.92511722039851,False
1466441311,61.9,61.9,71.24763179871752,False
1466441318,61.9,61.9,40.551316294866055,False
1466441418,61.9,70.17961810601852,70.17961810601852,True
1466441510,63.5,63.5,65.95665534302212,False
1466441541,63.5,63.5,41.23948470548185,False
1466441579,63.5,63.5,49.66427170118331,False
1466441630,69.1,58.2466635009216,58.2466635009216,True
1466441714,69.1,69.1,64.78484388280926,False
1466441724,69.1,69.1,57.191249126333005,False
1466441741,69.1,77.99002732925831,77.99002732925831,True
1466441822,74.3,60.1868532250501,60.1868532250501,True
1466441883,73.3,62.98514109607132,62.98514109607132,True
1466441934,74.1,35.56050812039422,35.56050812039422,True
1466441947,77.6,55.57440778345792,55.57440778345792,True
1466442046,75.4,75.4,46.80223937308464,False
1466442137,75.4,52.73261633755613,52.73261633755613,True
1466442175,75.4,75.4,38.79198581374893,False
1466442216,75.4,62.747849234023114,62.747849234023114,True
1466442284,74.3,74.3,49.55841496084715,False
1466442332,74.3,54.34500704526773,54.34500704526773,True
1466442358,74.3,77.28951866147301,77.28951866147301,True
1466442362,68.7,68.7,39.694253858721225,False
1466442439,74.6,74.6,42.399813350400855,False
1466442490,74.6,74.6,59.7838871941987,False
1466442498,74.6,74.6,52.88784611498882,False
1466442508,68.7,68.7,45.50517069341496,False
1466442518,69.9,69.9,77.6753309823718,False
1466442556,70.0,57.76073721901275,57.76073721901275,True
1466442656,70.0,72.42748035046762,72.42748035046762,True
1466442662,75.0,75.0,52.16784345729563,False
1466442703,75.0,37.361661098314,37.361661098314,True
1466442768,72.1,43.14294431303591,43.14294431303591,True
1466442788,78.0,54.386809784542805,54.386809784542805,True
1466442886,78.0,68.54467025285976,68.54467025285976,True
1466442980,78.0,56.2505220983052,56.2505220983052,True
1466443000,75.9,75.9,58.003346033817095,False
1466443029,75.9,62.43213040448768,62.43213040448768,True
1466443038,75.9,39.739403303628656,39.739403303628656,True
1466443089,75.9,43.52735630802186,43.52735630802186,True
1466443162,76.6,69.54299598641532,69.54299598641532,True
1466443201,76.6,76.6,74.32196339331355,False
1466443219,76.6,76.6,59.823040275919155,False
1466443263,76.6,76.6,66.63519830744241,False
1466443350,76.6,76.6,56.48750507586003,False
1466443373,76.6,76.6,78.95258584911275,False
1466443392,76.6,76.6,45.38470323009507,False
1466443402,76.6,76.6,56.34696560346697,False
1466443486,76.6,57.98955818293956,57.98955818293956,True
1466443511,72.3,72.3,60.160258865428844,False
1466443584,73.7,49.0058384095665,49.0058384095665,True
1466443677,73.7,73.7,68.36341650424853,False
1466443725,73.7,73.7,42.62794872111276,False
1466443727,73.7,73.7,63.449400287434834,False
1466443750,79.0,79.0,72.26288306175911,False
1466443761,75.8,75.8,76.37240524630974,False
1466443808,75.8,75.8,54.40957137005442,False
1466443861,79.8,35.69755274964463,35.69755274964463,True
1466443929,78.4,53.69685865686,53.69685865686,True
1466443986,79.1,74.97898512536933,74.97898512536933,True
1466444043,79.1,72.8294032536566,72.8294032536566,True
1466444110,75.5,59.4864202989511,59.4864202989511,True
1466444192,74.7,64.66031365563072,64.66031365563072,True
1466444287,74.7,74.7,70.23803994579885,False
1466444294,71.4,79.59236673708386,79.59236673708386,True
1466444366,71.4,71.4,71.06214631344292,False
1466444466,71.4,41.439813445391636,41.439813445391636,True
1466444505,71.4,72.48661301656438,72.48661301656438,True
1466444556,71.4,65.98047192981177,65.98047192981177,True
1466444624,73.5,61.980567608986085,61.980567608986085,True
1466444663,73.5,62.378388377716206,62.378388377716206,True
1466444685,73.5,57.020535677797064,57.020535677797064,True
1466444756,73.5,73.5,35.65769276291265,False
1466444781,73.5,73.30228291586445,73.30228291586445,True
1466444840,79.2,74.10066104451302,74.10066104451302,True
1466444854,80.1,45.592981118303946,45.592981118303946,True
1466444860,80.1,49.210485894067716,49.210485894067716,True
1466444959,81.8,44.66986554385008,44.66986554385008,True
1466445058,81.8,81.8,35.980976576376484,False
1466445107,79.0,79.96042359189343,79.96042359189343,True
1466445165,79.0,79.0,46.01589818917857,False
1466445170,79.0,79.0,63.38237886438097,False
1466445173,79.0,54.882949613869144,54.882949613869144,True
1466445247,76.2,76.2,66.78476682587701,False
1466445305,76.2,76.2,71.97290180914578,False
1466445333,76.2,76.2,73.98236192373446,False
1466445356,76.2,62.61888431082548,62.61888431082548,True
1466445430,74.7,74.7,76.30703336736372,False
1466445491,70.8,70.8,36.29399786027654,False
1466445497,74.7,42.53916311640348,42.53916311640348,True
1466445514,74.7,74.7,51.140720361511306,False
1466445549,73.4,60.42335811736491,60.42335811736491,True
1466445640,73.4,73.4,39.95421185452841,False
1466445648,73.4,73.4,52.495379745106604,False
1466445739,68.3,60.087030704743775,60.087030704743775,True
1466445814,68.3,68.3,74.50098238554031,False
1466445879,64.3,64.84588195098785,64.84588195098785,True
1466445909,64.3,70.93491872450488,70.93491872450488,True
1466445965,64.3,64.3,63.708361313865254,False
1466446021,62.4,61.075150179761664,61.075150179761664,True
1466446045,62.4,62.4,49.61972194583048,False
1466446071,62.4,62.4,78.798025118456,False
1466446120,62.4,62.4,46.67521211557173,False
1466446168,62.4,77.73816903098778,77.73816903098778,True
1466446253,61.1,45.01859647349955,45.01859647349955,True
1466446302,56.8,56.8,59.05947047099116,False
1466446389,62.6,67.98229067332053,67.98229067332053,True
1466446404,62.6,46.91995957878962,46.91995957878962,True
1466446494,60.8,60.8,73.205213186484,False
1466446594,60.8,75.54386581775125,75.54386581775125,True
1466446643,60.8,60.8,58.51800174214537,False
1466446669,57.0,57.0,63.97226202404126,False
1466446690,57.5,57.5,40.35451584691224,False
1466446735,57.5,78.54492216826807,78.54492216826807,True
1466446766,53.8,53.8,53.88838271877015,False
1466446852,53.8,62.04948397721063,62.04948397721063,True
1466446902,53.8,79.33318515396007,79.33318515396007,True
1466446945,53.8,47.46742886142152,47.46742886142152,True
1466446987,49.1,37.40168135898872,37.40168135898872,True
1466447036,54.4,54.4,72.42948222519524,False
1466447112,52.9,52.9,68.4748558537448,False
1466447129,53.6,53.6,56.98115152347433,False
1466447189,58.8,72.44246545005868,72.44246545005868,True
1466447224,58.4,40.688507005105336,40.688507005105336,True
1466447270,58.4,53.20250898200534,53.20250898200534,True
1466447272,59.6,59.6,56.52795606806253,False
1466447348,54.9,54.9,71.03784106017375,False
1466447359,55.2,55.2,43.52276464303756,False
1466447388,55.2,60.24053886880954,60.24053886880954,True
1466447390,50.2,50.2,45.76632221606816,False
1466447425,50.2,50.2,43.83845545457992,False
1466447463,50.2,67.97909893565632,67.97909893565632,True
1466447485,48.1,53.39548173910967,53.39548173910967,True
1466447545,48.1,73.93905130753612,73.93905130753612,True
1466447553,48.1,52.68429820694601,52.68429820694601,True
1466447554,48.1,48.623930677653554,48.623930677653554,True
1466447573,48.1,48.1,51.237584746746684,False
1466447634,48.1,56.60406080838963,56.60406080838963,True
1466447695,47.1,72.92830098680258,72.92830098680258,True
1466447762,53.1,65.42718229622052,65.42718229622052,True
1466447844,57.7,57.7,46.09455647302903,False
1466447885,57.7,37.34835298655994,37.34835298655994,True
1466447943,57.7,51.618065835238916,51.618065835238916,True
1466447956,57.7,57.7,71.13966035068717,False
1466448041,57.7,57.7,49.67649111725439,False
1466448140,53.6,37.126049503604605,37.126049503604605,True
1466448215,53.6,53.470192922110144,53.470192922110144,True
1466448270,58.4,58.4,66.3565387146569,False
1466448302,58.4,59.67817698276433,59.67817698276433,True
1466448368,58.4,58.4,47.64149358077111,False
1466448422,58.8,67.04140571613958,67.04140571613958,True
1466448517,58.8,58.8,40.459598021798485,False
1466448614,58.8,58.8,36.30443533054829,False
1466448701,58.8,58.8,53.86808130225786,False
1466448743,53.8,53.8,68.6050765871623,False
1466448805,54.1,54.1,68.9221066728422,False
1466448844,54.1,38.604563345507984,38.604563345507984,True
1466448896,48.3,48.3,60.14719329646246,False
1466448984,44.9,44.9,67.83397720531413,False
1466449031,43.5,71.60587563315325,71.60587563315325,True
1466449045,40.1,37.174798328070274,37.174798328070274,True
1466449099,40.1,42.3827296205992,42.3827296205992,True
1466449171,40.1,37.83002995936972,37.83002995936972,True
1466449261,40.1,38.155900791566154,38.155900791566154,True
1466449280,43.6,43.6,78.53850222323621,False
1466449359,43.6,43.6,44.21144693903116,False
1466449442,41.9,41.9,36.1699348226376,False
1466449496,41.9,42.24184939168859,42.24184939168859,True
1466449537,41.9,76.89247795286286,76.89247795286286,True
1466449555,47.6,47.6,43.92245289831237,False
1466449629,42.3,42.3,38.77085901053344,False
1466449635,48.3,48.3,55.65472106989931,False
1466449721,48.3,48.3,44.017221177684874,False
1466449772,48.3,48.3,72.31283149337973,False
1466449872,49.8,45.902270848376176,45.902270848376176,True
1466449873,49.8,49.8,77.95514055096348,False
1466449884,49.8,78.3938513292633,78.3938513292633,True
1466449937,49.8,49.8,41.87733326747842,False
1466449953,49.8,49.8,52.93457889029747,False
1466449959,49.8,76.80920296891864,76.80920296891864,True
1466449961,49.8,53.049654779280914,53.049654779280914,True
1466450018,49.8,49.8,35.77521666777403,False
1466450075,49.8,70.0910873651876,70.0910873651876,True
1466450150,52.6,55.435417338392625,55.435417338392625,True
1466450177,52.6,52.6,45.93580256226382,False
1466450255,49.0,48.99996728191308,48.99996728191308,True
1466450343,49.0,49.0,48.90123456556607,False
1466450348,49.0,49.0,45.168139647503025,False
1466450401,49.0,58.70491562388952,58.70491562388952,True
1466450433,48.4,48.4,54.885061663464604,False
1466450507,48.4,48.4,37.10682447090301,False
1466450536,48.9,69.32810207529539,69.32810207529539,True
1466450627,46.5,46.5,67.24457089250882,False
1466450723,46.5,46.695439509114415,46.695439509114415,True
1466450817,46.5,74.73499010219632,74.73499010219632,True
1466450900,43.7,43.7,50.54125955055039,False
1466450902,43.7,52.00021393129299,52.00021393129299,True
1466450971,47.0,68.15820776834727,68.15820776834727,True
1466451016,47.0,73.36764076160878,73.36764076160878,True
1466451023,47.0,47.0,38.07912973687776,False
1466451073,47.0,47.0,39.05000844374768,False
1466451166,47.0,47.0,62.78939474562613,False
1466451231,47.0,47.0,68.46401208023477,False
1466451245,50.0,54.378905024452486,54.378905024452486,True
1466451293,50.0,37.60367598648527,37.60367598648527,True
1466451295,50.0,50.0,59.77593474724114,False
1466451378,49.2,39.991484464779205,39.991484464779205,True
1466451445,48.5,46.51921447938908,46.51921447938908,True
1466451508,44.7,44.7,75.27710626555005,False
1466451599,46.4,57.646807805066366,57.646807805066366,True
1466451686,45.8,40.132302810024235,40.132302810024235,True
1466451761,42.9,70.68024827028523,70.68024827028523,True
1466451857,42.9,42.9,79.06201093023145,False
1466451909,42.9,79.76736223080468,79.76736223080468,True
1466451919,36.9,71.57223563884078,71.57223563884078,True
1466452006,36.9,36.9,59.83545717518753,False
1466452035,41.6,41.6,76.4334209853521,False
1466452039,41.6,53.152492748162274,53.152492748162274,True
1466452104,40.8,67.68064833501163,67.68064833501163,True
1466452167,40.8,40.8,75.07775394577101,False
1466452238,42.2,42.2,45.71423850941733,False
1466452313,42.2,61.363482775804286,61.363482775804286,True
1466452339,44.2,44.2,52.733681128667044,False
1466452419,44.2,44.2,58.83109402891566,False
1466452424,44.2,44.2,49.62211627218186,False
1466452435,42.6,42.6,52.84938622519572,False
1466452531,42.6,42.6,56.4566512900379,False
1466452584,42.6,65.8479898608671,65.8479898608671,True
1466452625,42.6,63.081047365694175,63.081047365694175,True
1466452676,47.9,66.4862445478427,66.4862445478427,True
1466452752,47.9,47.9,39.124115598994116,False
1466452796,47.9,49.27674497647588,49.27674497647588,True
1466452825,47.9,55.537859491453176,55.537859491453176,True
1466452860,49.1,49.1,40.49158689004422,False
1466452960,45.0,45.0,45.182217370030436,False
1466452979,45.0,78.06208424475606,78.06208424475606,True
1466453002,45.0,78.92161707279625,78.92161707279625,True
1466453016,39.1,69.33930463368057,69.33930463368057,True
1466453025,39.1,39.1,62.08990499493285,False
1466453089,39.1,51.74130824970023,51.74130824970023,True
1466453141,39.1,39.1,63.593266199294305,False
1466453154,36.9,36.9,56.664947961521364,False
1466453184,37.3,73.73662507285603,73.73662507285603,True
1466453202,37.3,63.1441393243645,63.1441393243645,True
1466453203,37.3,50.91919069901358,50.91919069901358,True
1466453222,31.6,51.38922449510615,51.38922449510615,True
1466453321,37.5,66.61488218591954,66.61488218591954,True
1466453379,37.5,37.5,36.22325922563123,False
1466453392,37.5,58.87105486878919,58.87105486878919,True
1466453422,37.5,37.5,64.55688867678614,False
1466453502,37.5,78.51190329429409,78.51190329429409,True
1466453518,41.8,63.15114615814785,63.15114615814785,True
1466453563,38.9,53.032324368190686,53.032324368190686,True
1466453604,38.9,72.98814067599065,72.98814067599065,True
1466453639,38.9,38.9,47.470836193599084,False
1466453705,38.9,38.9,36.71801215854924,False
1466453795,38.9,42.923338202801126,42.923338202801126,True
1466453816,38.9,50.106245909123764,50.106245909123764,True
1466453870,38.9,38.9,35.90573704987849,False
1466453910,38.9,38.9,79.12114439124204,False
1466454002,44.8,44.8,72.92709946562452,False
1466454051,44.8,59.06443392133917,59.06443392133917,True
1466454087,43.7,43.7,70.63468391512549,False
1466454129,43.7,70.57537302283838,70.57537302283838,True
1466454227,45.2,45.2,41.83833121949693,False
1466454259,43.3,43.3,66.8573929599385,False
1466454262,43.3,63.84846740984082,63.84846740984082,True
1466454298,40.8,38.0959630048227,38.0959630048227,True
1466454388,40.8,40.8,77.70035724623347,False
1466454399,40.8,59.51000629817458,59.51000629817458,True
1466454473,36.9,56.84385022569598,56.84385022569598,True
1466454529,39.1,76.38718976682321,76.38718976682321,True
1466454559,39.1,57.49378242767058,57.49378242767058,True
1466454648,39.1,39.1,60.19297246346936,False
1466454745,39.1,39.1,79.56581581842269,False
1466454763,44.9,44.9,47.523488614559895,False
1466454851,44.9,74.91337996747691,74.91337996747691,True
1466454936,40.0,74.35845441272946,74.35845441272946,True
1466454949,40.0,37.663396123455726,37.663396123455726,True
1466455032,40.0,41.87284086361814,41.87284086361814,True
1466455065,38.8,47.326801522066425,47.326801522066425,True
1466455119,44.4,44.4,52.32908321148709,False
1466455172,49.3,49.3,59.71701073730911,False
1466455196,49.3,49.3,58.23690866136873,False
1466455271,49.3,48.31206646056146,48.31206646056146,True
1466455357,45.9,45.9,73.4570021651941,False
1466455361,45.9,55.20299559651766,55.20299559651766,True
1466455394,45.6,43.75179508115371,43.75179508115371,True
1466455475,47.8,75.64878582511292,75.64878582511292,True
1466455497,47.8,78.60834177012555,78.60834177012555,True
1466455561,42.2,42.2,54.67260895647284,False
1466455575,42.2,69.52954291943867,69.52954291943867,True
1466455587,39.4,59.01739706761495,59.01739706761495,True
1466455651,39.4,64.28675561912556,64.28675561912556,True
1466455658,39.4,39.4,53.70802831793624,False
1466455732,39.4,39.4,60.05572430609371,False
1466455812,39.4,51.21343505495778,51.21343505495778,True
1466455910,36.4,36.4,47.15676847393676,False
1466455951,41.3,41.3,35.34253311070418,False
1466455999,41.3,72.12010862846527,72.12010862846527,True
1466456054,41.3,41.3,66.12039060793083,False
1466456058,41.3,68.0820019751857,68.0820019751857,True
1466456074,44.0,38.86323633639889,38.86323633639889,True
1466456088,44.0,44.0,72.82322906178663,False
1466456118,44.0,64.4031525472985,64.4031525472985,True
1466456218,44.0,44.0,49.12543350329861,False
1466456265,43.1,43.98331707780952,43.98331707780952,True
1466456270,43.1,61.692120401430685,61.692120401430685,True
1466456312,45.5,45.5,52.59820783557001,False
1466456346,45.5,77.41933227534076,77.41933227534076,True
1466456374,51.4,51.4,76.36120497593569,False
1466456406,51.4,51.4,59.92561976202669,False
1466456482,51.4,51.4,51.30746944611991,False
1466456512,51.4,51.11529055058003,51.11529055058003,True
1466456610,51.4,72.15502815688306,72.15502815688306,True
1466456683,51.4,51.4,63.37482340050792,False
1466456768,51.4,55.20502461387306,55.20502461387306,True
1466456856,53.2,53.867042616219855,53.867042616219855,True
1466456927,53.2,62.05941727374602,62.05941727374602,True
1466457014,57.8,63.87932909499909,63.87932909499909,True
1466457032,55.9,44.55075733966798,44.55075733966798,True
1466457067,55.9,64.56702071641993,64.56702071641993,True
1466457157,55.9,55.9,40.86197471882579,False
1466457215,55.9,43.324253451567834,43.324253451567834,True
1466457267,55.9,55.9,55.16437400491899,False
1466457357,56.6,56.283890587105404,56.283890587105404,True
1466457434,61.9,72.51641779528322,72.51641779528322,True
1466457487,61.9,61.9,71.89652284459534,False
1466457559,61.9,36.914446265975485,36.914446265975485,True
1466457603,61.9,61.9,38.718746562784,False
1466457671,61.9,61.9,38.478904820030166,False
1466457713,61.9,61.9,48.75258765342036,False
1466457745,61.9,61.9,67.66576711342623,False
1466457782,62.5,57.73060606032132,57.73060606032132,True
1466457802,62.5,46.344415577962195,46.344415577962195,True
1466457817,62.5,49.19846356431686,49.19846356431686,True
1466457865,62.5,62.5,67.05962681406862,False
1466457884,58.1,65.63770707797642,65.63770707797642,True
1466457885,58.1,58.1,64.4080554018382,False
1466457917,53.1,53.1,55.51749126461763,False
1466457973,53.1,74.43067019316236,74.43067019316236,True
1466458045,53.1,45.6615795573362,45.6615795573362,True
1466458135,55.0,60.6057766811786,60.6057766811786,True
1466458151,52.4,52.4,79.73479920416428,False
1466458230,47.3,72.02075871409988,72.02075871409988,True
1466458324,43.6,54.43025816630107,54.43025816630107,True
1466458362,47.1,49.12155080986761,49.12155080986761,True
1466458438,47.1,71.41583136930585,71.41583136930585,True
1466458454,47.1,47.1,78.49189751706767,False
1466458496,47.1,75.60913997275694,75.60913997275694,True
1466458509,47.1,47.1,39.62973265113686,False
1466458580,47.1,47.1,68.12981510358495,False
1466458590,47.1,69.62685533973595,69.62685533973595,True
1466458626,47.1,72.00679171110939,72.00679171110939,True
1466458642,49.0,49.0,71.5387733170578,False
1466458665,49.0,64.54394738683028,64.54394738683028,True
1466458694,49.0,49.0,74.1298578411037,False
1466458762,49.0,58.78781537275669,58.78781537275669,True
1466458793,45.7,57.56040597304863,57.56040597304863,True
1466458824,45.7,41.71031219277932,41.71031219277932,True
1466458906,45.7,41.37469896674189,41.37469896674189,True
1466458982,45.7,42.19314087587472,42.19314087587472,True
1466459068,45.7,67.85967816090749,67.85967816090749,True
1466459159,48.1,77.49325281317417,77.49325281317417,True
1466459184,47.5,37.806481703916816,37.806481703916816,True
1466459273,47.5,36.809603707485856,36.809603707485856,True
1466459372,47.5,39.85260947067836,39.85260947067836,True
1466459415,47.5,36.016969839719785,36.016969839719785,True
1466459483,47.5,75.24202510862665,75.24202510862665,True
1466459504,47.5,72.69684488078023,72.69684488078023,True
1466459588,45.0,37.85081750664394,37.85081750664394,True
1466459595,45.0,38.07588109666,38.07588109666,True
1466459673,45.0,45.0,39.28958235421554,False
1466459726,42.0,42.0,77.79623007742705,False
1466459800,42.0,42.0,38.732321717238804,False
1466459857,42.0,42.0,35.241681954565045,False
1466459887,42.0,42.0,69.73390437687945,False
1466459913,40.2,60.06634580730544,60.06634580730544,True
1466459974,38.5,59.60854468948742,59.60854468948742,True
1466459995,37.1,58.276951591087695,58.276951591087695,True
1466460001,37.1,79.36388808372007,79.36388808372007,True
1466460054,37.1,37.1,42.43573100468979,False
1466460130,37.1,37.1,41.67791673482012,False
1466460215,37.1,37.1,74.28261998875521,False
1466460252,37.1,37.1,77.44171117022128,False
1466460272,37.1,45.673563033707,45.673563033707,True
1466460346,37.1,37.1,62.50172874653954,False
1466460440,42.0,42.0,73.9217080663972,False
1466460461,42.0,42.0,69.03634214287342,False
1466460528,39.9,39.9,71.23692417393767,False
1466460610,44.9,44.9,47.05758300473127,False
1466460630,44.9,44.9,41.493951063735864,False
1466460691,50.3,53.72937997485731,53.72937997485731,True
1466460706,50.3,50.3,42.69155528924756,False
1466460739,50.3,44.542170136065224,44.542170136065224,True
1466460765,50.3,46.189652326600516,46.189652326600516,True
1466460795,48.0,74.85171287144792,74.85171287144792,True
1466460877,48.0,59.35261094853222,59.35261094853222,True
1466460973,48.0,58.260879019806595,58.260879019806595,True
1466461009,50.4,50.4,70.17092561118933,False
1466461027,50.4,50.4,66.80171934423939,False
1466461032,50.4,50.4,36.55095913942438,False
1466461096,50.4,50.4,36.917860204769255,False
1466461169,52.4,52.4,75.00466238759745,False
1466461256,49.3,40.56910200197606,40.56910200197606,True
1466461351,49.3,55.211117370929685,55.211117370929685,True
1466461451,50.9,73.48801978690175,73.48801978690175,True
1466461531,50.9,73.48378591039597,73.48378591039597,True
1466461568,50.9,78.49600218384742,78.49600218384742,True
1466461583,47.7,56.37867853643232,56.37867853643232,True
1466461647,47.7,47.7,67.6917051330282,False
1466461703,47.7,52.68091010050709,52.68091010050709,True
1466461794,47.7,47.7,67.49777406741526,False
1466461813,47.7,47.7,64.3888472677324,False
1466461910,47.7,45.5595080433165,45.5595080433165,True
1466461988,53.4,53.4,78.67944839138961,False
1466462056,53.4,53.4,65.14366982626352,False
1466462101,53.4,59.71830221294204,59.71830221294204,True
1466462155,55.2,55.2,79.4450577506888,False
1466462215,51.8,51.8,49.19359729699912,False
1466462278,53.8,79.74868452253062,79.74868452253062,True
1466462368,53.9,53.9,66.31167385432467,False
1466462412,57.6,57.6,58.33740536721699,False
1466462512,62.7,62.7,73.94380152237804,False
1466462594,62.7,62.7,63.86950865768834,False
1466462671,62.7,63.4491023935231,63.4491023935231,True
1466462716,62.7,78.03459254767279,78.03459254767279,True
1466462746,62.7,62.7,73.2672370829516,False
1466462782,62.7,47.58983079439736,47.58983079439736,True
1466462820,62.7,62.7,49.94368562580707,False
1466462833,61.4,35.60291251917043,35.60291251917043,True
1466462842,61.4,79.50195492064509,79.50195492064509,True
1466462850,61.4,53.2521538399763,53.2521538399763,True
1466462941,64.1,64.1,74.55484925580485,False
1466463026,64.1,49.99282541254989,49.99282541254989,True
1466463117,67.7,47.992528073337866,47.992528073337866,True
1466463139,69.1,51.74030625918735,51.74030625918735,True
