1466410104,0.5,0.5610385198058466,0.5610385198058466,True
1466410114,0.5,0.5,0.7378893271080279,False
1466410130,0.5,0.8389273264342885,0.8389273264342885,True
1466410181,0.5,0.5,0.20963981560376577,False
1466410203,0.5,0.3993290181819046,0.3993290181819046,True
1466410250,0.5,0.5,0.9029646468551294,False
1466410309,0.5,0.31873924679369137,0.31873924679369137,True
1466410397,0.5,0.829418423981531,0.829418423981531,True
1466410430,0.5,0.5,0.37808333679957284,False
1466410469,0.5,0.1363870814765914,0.1363870814765914,True
1466410483,0.5,0.5,0.9320941948189692,False
1466410498,0.5,0.12459462596340554,0.12459462596340554,True
1466410502,0.5,0.7881860235760476,0.7881860235760476,True
1466410532,0.5,0.5,0.09631157901529841,False
1466410541,0.5,0.5,0.5260827546429252,False
1466410573,0.5,0.5,0.7020567941476782,False
1466410630,0.5,0.5715869264600059,0.5715869264600059,True
1466410653,0.5,0.5,0.8224130490895654,False
1466410746,0.5,0.5,0.9265770540597046,False
1466410814,0.5,0.5,0.2889152700769456,False
1466410890,0.5,0.9758472019373591,0.9758472019373591,True
1466410902,0.5,0.5,0.34955168068369025,False
1466410978,0.5,0.11860377368353603,0.11860377368353603,True
1466411008,0.5,0.9373979933915956,0.9373979933915956,True
1466411066,0.5,0.5,0.9615711905406519,False
1466411094,0.5,0.9212547893102456,0.9212547893102456,True
1466411157,0.5,0.5,0.08481634860761278,False
1466411223,0.5,0.5,0.007952327951690985,False
1466411226,0.5,0.7832489872950086,0.7832489872950086,True
1466411272,0.5,0.5,0.9040244501977166,False
1466411303,0.5,0.9029659851732829,0.9029659851732829,True
1466411318,0.5,0.5,0.9897956120637945,False
1466411396,0.5,0.5,0.3753559414617751,False
1466411493,0.5,0.5,0.8929985434382246,False
1466411549,0.5,0.2911018922249168,0.2911018922249168,True
1466411560,0.5,0.8651422568194327,0.8651422568194327,True
1466411626,0.5,0.5,0.32518898630074355,False
1466411723,0.5,0.5,0.9363259422451274,False
1466411763,0.5,0.5,0.6237673252875052,False
1466411785,0.5,0.5,0.7244105267664936,False
1466411854,0.5,0.5,0.1591434546955004,False
1466411889,0.5,0.18695586941811293,0.18695586941811293,True
1466411988,0.5,0.9859288102417414,0.9859288102417414,True
1466412022,0.5,0.1907309900561962,0.1907309900561962,True
1466412046,0.5,0.5,0.33832366734985453,False
1466412076,0.7,0.9627562520949356,0.9627562520949356,True
1466412152,0.7,0.41485315747150564,0.41485315747150564,True
1466412181,0.7,0.2817250157158637,0.2817250157158637,True
1466412201,0.7,0.6571016072828492,0.6571016072828492,True
1466412260,0.7,0.7,0.5530153077261302,False
1466412347,0.7,0.7,0.5912526289807846,False
1466412360,0.7,0.808958772676976,0.808958772676976,True
1466412438,0.7,0.8178184647616441,0.8178184647616441,True
1466412521,0.7,0.7,0.8852250338685227,False
1466412599,0.7,0.5148048847906297,0.5148048847906297,True
1466412639,0.7,0.7,0.4423437756155634,False
1466412691,0.7,0.46630033200896814,0.46630033200896814,True
1466412747,0.7,0.43700666980684144,0.43700666980684144,True
1466412794,0.7,0.7,0.7035155129339672,False
1466412819,0.7,0.9442545796666465,0.9442545796666465,True
1466412832,0.7,0.7,0.016549908983998884,False
1466412874,0.7,0.5803528392723577,0.5803528392723577,True
1466412943,0.7,0.030928075374041075,0.030928075374041075,True
1466412971,0.7,0.22667467433801336,0.22667467433801336,True
1466412990,0.7,0.7,0.5932961536417171,False
1466413028,0.7,0.7,0.5437070526256524,False
1466413053,0.7,0.7,0.25558338868743635,False
1466413125,0.7,0.28122825408221563,0.28122825408221563,True
1466413200,0.7,0.7,0.44513741321856426,False
1466413264,0.7,0.37672367312543487,0.37672367312543487,True
1466413311,0.7,0.7211309705890356,0.7211309705890356,True
1466413342,0.7,0.7,0.045048913523816125,False
1466413440,0.7,0.7,0.8111232305363291,False
1466413458,0.7,0.9395077129172866,0.9395077129172866,True
1466413529,0.7,0.7,0.05486692561535211,False
1466413542,0.7,0.7290350023911244,0.7290350023911244,True
1466413638,0.7,0.7,0.3327447951060798,False
1466413672,0.7,0.7,0.43299356743660933,False
1466413733,0.7,0.7234472531545266,0.7234472531545266,True
1466413779,0.7,0.4393708080632097,0.4393708080632097,True
1466413780,0.7,0.7,0.5033725915748231,False
1466413864,0.7,0.7,0.8263881944630143,False
1466413885,0.7,0.014461039685178756,0.014461039685178756,True
1466413946,0.7,0.7,0.3525404495939015,False
1466414033,0.7,0.7,0.2768237178686592,False
1466414071,0.7,0.9221470602220491,0.9221470602220491,True
1466414164,0.7,0.4820750924754852,0.4820750924754852,True
1466414225,0.7,0.7,0.5717839737530075,False
1466414312,0.7,0.7,0.016263342186328855,False
1466414325,0.7,0.7,0.5425830764159529,False
1466414328,0.7,0.7,0.2880375898646288,False
1466414329,0.7,0.7,0.05138688111950507,False
1466414402,0.7,0.7,0.009564067176532465,False
1466414407,0.7,0.7,0.1512278678189768,False
1466414413,0.7,0.2396573781227369,0.2396573781227369,True
1466414460,0.7,0.6218262633630417,0.6218262633630417,True
1466414552,0.7,0.7,0.45891196532843503,False
1466414602,0.7,0.35755661915592296,0.35755661915592296,True
1466414662,0.7,0.7,0.8682533551118087,False
1466414746,0.7,0.3215368448820294,0.3215368448820294,True
1466414844,0.7,0.1595671266376455,0.1595671266376455,True
1466414943,0.7,0.7,0.79165913108793,False
1466414946,0.7,0.7,0.4795964733958892,False
1466414966,0.7,0.8399035474291504,0.8399035474291504,True
1466415038,0.7,0.7,0.2595375221546352,False
1466415106,0.7,0.13081653784368652,0.13081653784368652,True
1466415130,0.7,0.5039470124877103,0.5039470124877103,True
1466415145,0.7,0.7,0.08119669981751099,False
1466415202,0.7,0.6304837296548899,0.6304837296548899,True
1466415239,0.7,0.7,0.6153140320002608,False
1466415249,0.7,0.7,0.15400036213557944,False
1466415308,0.7,0.21029174430988073,0.21029174430988073,True
1466415357,0.7,0.7,0.3747747268790498,False
1466415404,0.7,0.5416401406343591,0.5416401406343591,True
1466415469,0.7,0.7,0.09529745294322056,False
1466415548,0.7,0.24710159167014367,0.24710159167014367,True
1466415588,0.7,0.21540649158059988,0.21540649158059988,True
1466415627,0.7,0.8157878870344931,0.8157878870344931,True
1466415719,0.7,0.9875944788745632,0.9875944788745632,True
1466415767,0.7,0.44299490292264954,0.44299490292264954,True
1466415860,0.7,0.7,0.7255983107506098,False
1466415872,0.7,0.7,0.05108341358424573,False
1466415914,0.7,0.5678476825427616,0.5678476825427616,True
1466415934,0.7,0.12989542487433903,0.12989542487433903,True
1466415988,0.7,0.7,0.014515112077336245,False
1466416004,0.7,0.7,0.8533262879588488,False
1466416050,0.7,0.7,0.5941861629580015,False
1466416150,0.7,0.7,0.6999660770783149,False
1466416161,0.7,0.7,0.9554262806325217,False
1466416215,0.7,0.7,0.29636872220082167,False
1466416315,0.7,0.6369455918447734,0.6369455918447734,True
1466416321,0.7,0.38925360576241264,0.38925360576241264,True
1466416393,0.7,0.5157998002355806,0.5157998002355806,True
1466416440,0.7,0.3041832943887165,0.3041832943887165,True
1466416510,0.7,0.7,0.4664496883024989,False
1466416541,0.7,0.7,0.8280341261663803,False
1466416631,0.7,0.7,0.523990574454761,False
1466416671,0.7,0.0622445633113351,0.0622445633113351,True
1466416725,0.7,0.04311812950414584,0.04311812950414584,True
1466416815,0.7,0.19676526759583812,0.19676526759583812,True
1466416867,0.7,0.7,0.4874214121679694,False
1466416933,0.7,0.9540387637517809,0.9540387637517809,True
1466416963,0.7,0.8610865003164844,0.8610865003164844,True
1466417034,0.7,0.7,0.012716543832078986,False
1466417069,0.7,0.7,0.829278963191921,False
1466417095,0.7,0.7,0.591416543089289,False
1466417123,0.7,0.7,0.5577894577486681,False
1466417219,0.7,0.7,0.545740501058793,False
1466417228,0.7,0.7,0.03850942607112373,False
1466417235,0.7,0.15702320340634823,0.15702320340634823,True
1466417266,0.7,0.24585507395611927,0.24585507395611927,True
1466417298,0.7,0.7,0.23943613952772091,False
1466417382,0.7,0.44003847446344635,0.44003847446344635,True
1466417429,0.7,0.15278354683442108,0.15278354683442108,True
1466417434,0.7,0.7,0.21432274765400472,False
1466417513,0.7,0.14913700487384052,0.14913700487384052,True
1466417598,0.7,0.7,0.6099997996811709,False
1466417615,0.7,0.7,0.5032878994006723,False
1466417654,0.7,0.3786438273878777,0.3786438273878777,True
1466417749,0.7,0.6152055126029087,0.6152055126029087,True
1466417763,0.7,0.7,0.8101246761260692,False
1466417822,0.7,0.7,0.07836259773183052,False
1466417851,0.7,0.7,0.3758071487805972,False
1466417855,0.7,0.39303713933697504,0.39303713933697504,True
1466417879,0.7,0.7,0.6972553153667703,False
1466417895,0.7,0.5588410952752161,0.5588410952752161,True
1466417969,0.7,0.4299551870787053,0.4299551870787053,True
1466418049,0.7,0.7,0.15316719883350838,False
1466418118,0.7,0.020541827274969893,0.020541827274969893,True
1466418129,0.7,0.7,0.004729556479276087,False
1466418179,0.7,0.3079871283152503,0.3079871283152503,True
1466418254,0.7,0.6642482074881768,0.6642482074881768,True
1466418332,0.7,0.7,0.08806713568520619,False
1466418428,0.7,0.6761271133072422,0.6761271133072422,True
1466418494,0.7,0.7,0.9860814596261547,False
1466418554,0.7,0.7,0.3424000432130798,False
1466418563,0.7,0.8300783060913708,0.8300783060913708,True
1466418564,0.7,0.7,0.6770606964886269,False
1466418594,0.7,0.7,0.14390692213010614,False
1466418674,0.7,0.7,0.713410952804487,False
1466418748,0.7,0.7,0.4851616998823085,False
1466418847,0.7,0.6495091603186701,0.6495091603186701,True
1466418877,0.7,0.7,0.05182088172383481,False
1466418917,0.7,0.7,0.3027423463470401,False
1466418938,0.7,0.7,0.3879285827899418,False
1466419031,0.7,0.7,0.14509832269597778,False
1466419058,0.7,0.7,0.2742911567964469,False
1466419104,0.7,0.7694924718870552,0.7694924718870552,True
1466419166,0.7,0.7,0.2867933040088524,False
1466419261,0.7,0.7,0.5430964801199311,False
1466419349,0.7,0.7,0.5871726864410169,False
1466419442,0.7,0.06812915323714064,0.06812915323714064,True
1466419530,0.7,0.7,0.6428731182082963,False
1466419595,0.7,0.7,0.8823742771197517,False
1466419646,0.7,0.7,0.38382255601683934,False
1466419737,0.7,0.694966260957717,0.694966260957717,True
1466419826,0.7,0.7,0.10231276651454224,False
1466419880,0.7,0.7,0.9633285647937184,False
1466419911,0.7,0.7356366569532536,0.7356366569532536,True
1466419938,0.7,0.7,0.7824665122723635,False
1466420016,0.7,0.6641454124868775,0.6641454124868775,True
1466420019,0.7,0.25324545690782563,0.25324545690782563,True
1466420108,0.7,0.17846707728339084,0.17846707728339084,True
1466420205,0.7,0.7,0.006950350871892441,False
1466420228,0.7,0.7,0.9969022869259465,False
1466420257,0.7,0.7,0.8434237892879572,False
1466420270,0.7,0.7,0.6456158826515459,False
1466420296,0.7,0.7,0.7126279744471599,False
1466420331,0.7,0.27097448859863693,0.27097448859863693,True
1466420407,0.7,0.23252976567833805,0.23252976567833805,True
1466420430,0.7,0.7,0.6760759896634074,False
1466420453,0.7,0.14427265494235242,0.14427265494235242,True
1466420474,0.7,0.7,0.9273469904967072,False
1466420566,0.7,0.45874525708813774,0.45874525708813774,True
1466420579,0.7,0.7,0.6046352108353928,False
1466420618,0.7,0.7,0.3935201191879959,False
1466420624,0.7,0.6254143796438103,0.6254143796438103,True
1466420643,0.7,0.7,0.4903876142499368,False
1466420695,0.7,0.7,0.4647624649379306,False
1466420788,0.7,0.7,0.3788370526452328,False
1466420863,0.7,0.8195993847527887,0.8195993847527887,True
1466420947,0.7,0.7,0.1958355931865018,False
1466421003,0.7,0.7,0.2473898581163092,False
1466421032,0.7,0.7,0.6987168697570741,False
1466421050,0.7,0.6872586655976576,0.6872586655976576,True
1466421116,0.7,0.3187843946233614,0.3187843946233614,True
1466421208,0.7,0.7,0.9588108325542617,False
1466421234,0.7,0.2191666233536529,0.2191666233536529,True
1466421262,0.7,0.2264456860671321,0.2264456860671321,True
1466421353,0.7,0.7245018945377794,0.7245018945377794,True
1466421360,0.7,0.7,0.45403162988939993,False
1466421392,0.7,0.42346371847579556,0.42346371847579556,True
1466421480,0.7,0.7,0.01551977659459891,False
1466421530,0.7,0.34326592847233617,0.34326592847233617,True
1466421547,0.7,0.9336565832692975,0.9336565832692975,True
1466421591,0.7,0.09972235557239029,0.09972235557239029,True
1466421633,0.7,0.02677850382911595,0.02677850382911595,True
1466421636,0.7,0.7,0.154845797679675,False
1466421670,0.7,0.7,0.6795083451051269,False
1466421695,0.7,0.7,0.04824502332529523,False
1466421721,0.7,0.3366455870472558,0.3366455870472558,True
1466421804,0.7,0.3177417904836033,0.3177417904836033,True
1466421819,0.7,0.1887970575041492,0.1887970575041492,True
1466421862,0.7,0.8874537475042472,0.8874537475042472,True
1466421885,0.7,0.7,0.5975515005520269,False
1466421936,0.7,0.31939956861729424,0.31939956861729424,True
1466422012,0.7,0.7,0.010613311525163871,False
1466422044,0.7,0.7,0.23361696514975072,False
1466422045,0.7,0.8954987444151763,0.8954987444151763,True
1466422137,0.7,0.7,0.4765289707575334,False
1466422162,0.7,0.7,0.14320201413867373,False
1466422189,0.7,0.7,0.07448882253514544,False
1466422197,0.7,0.21338046247094722,0.21338046247094722,True
1466422264,0.7,0.46021098158657936,0.46021098158657936,True
1466422330,0.7,0.7,0.2937915763001723,False
1466422378,0.7,0.7,0.13563285827246896,False
1466422432,0.7,0.17737358937985392,0.17737358937985392,True
1466422488,0.7,0.4896851513243565,0.4896851513243565,True
1466422577,0.7,0.7,0.7246347373028639,False
1466422628,0.7,0.7,0.5534167970611861,False
1466422638,0.7,0.7,0.5829383187128031,False
1466422666,0.7,0.8375791609412345,0.8375791609412345,True
1466422706,0.7,0.5042504251912502,0.5042504251912502,True
1466422731,0.7,0.7,0.27147394895728716,False
1466422804,0.7,0.8223401404476989,0.8223401404476989,True
1466422866,0.7,0.7,0.7803063799824641,False
1466422873,0.7,0.7,0.06946575373501118,False
1466422895,0.7,0.6320632156561359,0.6320632156561359,True
1466422953,0.7,0.6599013897108367,0.6599013897108367,True
1466422973,0.7,0.627823477831509,0.627823477831509,True
1466423017,0.7,0.7,0.9249754073692532,False
1466423051,0.7,0.7,0.2995945504759806,False
1466423099,0.7,0.7,0.6211635152703442,False
1466423150,0.7,0.08038322243231788,0.08038322243231788,True
1466423155,0.7,0.7,0.9786198789464808,False
1466423168,0.7,0.7,0.8320473646335436,False
1466423205,0.7,0.5339262181478825,0.5339262181478825,True
1466423275,0.7,0.08902000344413419,0.08902000344413419,True
1466423287,0.7,0.7,0.38363740554686476,False
1466423336,0.7,0.8575025961927805,0.8575025961927805,True
1466423340,0.7,0.8955579036796603,0.8955579036796603,True
1466423355,0.7,0.7,0.5981003401246335,False
1466423443,0.7,0.21599148413734148,0.21599148413734148,True
1466423499,0.7,0.7,0.46548611011592655,False
1466423585,0.7,0.8941786374760365,0.8941786374760365,True
1466423612,0.7,0.9387936933989544,0.9387936933989544,True
1466423669,0.7,0.06737482874548772,0.06737482874548772,True
1466423705,0.7,0.3825699727050468,0.3825699727050468,True
1466423770,0.7,0.31394921357917605,0.31394921357917605,True
1466423844,0.7,0.5180323251687469,0.5180323251687469,True
1466423902,0.7,0.5007287759714881,0.5007287759714881,True
1466423913,0.7,0.7,0.6986180418807766,False
1466423972,0.7,0.7,0.435830904119496,False
1466424014,0.7,0.7,0.4667620680268926,False
1466424069,0.7,0.8559900070460121,0.8559900070460121,True
1466424154,0.7,0.29767945276464414,0.29767945276464414,True
1466424155,0.7,0.2820745565414924,0.2820745565414924,True
1466424169,0.7,0.7797019652070198,0.7797019652070198,True
1466424262,0.7,0.42274967024362553,0.42274967024362553,True
1466424339,0.7,0.7,0.9514476057731031,False
1466424398,0.7,0.7,0.5144504237272307,False
1466424497,0.7,0.32298005245894124,0.32298005245894124,True
1466424558,0.7,0.7,0.7247889967611798,False
1466424613,0.7,0.7,0.3870876101424475,False
1466424713,0.7,0.7,0.6449800706037477,False
1466424804,0.7,0.7,0.4872338410131519,False
1466424878,0.7,0.23673626226598632,0.23673626226598632,True
1466424924,0.7,0.7,0.5715208131487151,False
1466425009,0.7,0.870373305962861,0.870373305962861,True
1466425106,0.7,0.7,0.9931046800015474,False
1466425129,0.7,0.5999619086730688,0.5999619086730688,True
1466425179,0.7,0.6403183602514599,0.6403183602514599,True
1466425257,0.7,0.7,0.90280777063629,False
1466425262,0.7,0.3235990540982505,0.3235990540982505,True
1466425305,0.7,0.7,0.570267237887756,False
1466425331,0.7,0.7996500810948151,0.7996500810948151,True
1466425338,0.7,0.3648098323095411,0.3648098323095411,True
1466425377,0.7,0.42880473359378135,0.42880473359378135,True
1466425380,0.7,0.7,0.14255799529134316,False
1466425417,0.7,0.7,0.8866833762205606,False
1466425484,0.7,0.1949285069363932,0.1949285069363932,True
1466425517,0.7,0.7,0.4634303953208303,False
1466425553,0.7,0.7,0.1964537623960394,False
1466425640,0.7,0.22177943189926874,0.22177943189926874,True
1466425687,0.7,0.7,0.395100581524751,False
1466425711,0.7,0.7,0.7478888986155077,False
1466425768,0.7,0.7,0.9188588804484091,False
1466425811,0.7,0.5596011727821577,0.5596011727821577,True
1466425856,0.7,0.9962851026146821,0.9962851026146821,True
1466425869,0.7,0.55531524615438,0.55531524615438,True
1466425884,0.7,0.6210689685807289,0.6210689685807289,True
1466425962,0.7,0.7,0.0935613078730575,False
1466425974,0.7,0.5235053410207462,0.5235053410207462,True
1466426016,0.7,0.7,0.744492468541889,False
1466426024,0.7,0.7,0.5031413574801927,False
1466426034,0.7,0.3427537257217268,0.3427537257217268,True
1466426130,0.7,0.7021571266076142,0.7021571266076142,True
1466426189,0.7,0.7,0.6637974651730424,False
1466426198,0.7,0.7,0.772991361502233,False
1466426280,0.7,0.7,0.47338104022416805,False
1466426298,0.7,0.7,0.1881723609114353,False
1466426380,0.7,0.7,0.4709892813844454,False
1466426420,0.7,0.7,0.7187737548457637,False
1466426509,0.7,0.7,0.32583858232747476,False
1466426521,0.7,0.7197082321834832,0.7197082321834832,True
1466426535,0.7,0.7,0.875964175419148,False
1466426563,0.7,0.3765309583438783,0.3765309583438783,True
1466426620,0.7,0.7,0.8767102111325257,False
1466426694,0.7,0.2803473389200358,0.2803473389200358,True
1466426764,0.7,0.7,0.04709304807518144,False
1466426778,0.7,0.7,0.43206431115982036,False
1466426866,0.7,0.7,0.5786078468173187,False
1466426938,0.7,0.6309585818487029,0.6309585818487029,True
1466427022,0.7,0.7,0.3349362811507024,False
1466427059,0.7,0.8137463612513881,0.8137463612513881,True
1466427125,0.7,0.7,0.6597229358286267,False
1466427204,0.7,0.7,0.8997150790958289,False
1466427240,0.7,0.7,0.671156906650835,False
1466427317,0.7,0.6682481138885729,0.6682481138885729,True
1466427319,0.7,0.7,0.25811597128597075,False
1466427331,0.7,0.7,0.6423961130542634,False
1466427425,0.7,0.7,0.8343355314256035,False
1466427458,0.7,0.7,0.606103848272405,False
1466427495,0.7,0.8035575555929206,0.8035575555929206,True
1466427543,0.7,0.812310045880717,0.812310045880717,True
1466427625,0.7,0.7,0.845613772523012,False
1466427663,0.7,0.7,0.02280497593572317,False
1466427672,0.7,0.6923672084477451,0.6923672084477451,True
1466427684,0.7,0.503793911221464,0.503793911221464,True
1466427739,0.7,0.7,0.9066225001858342,False
1466427769,0.7,0.7,0.22106691227980457,False
1466427775,0.7,0.9741444146439294,0.9741444146439294,True
1466427820,0.7,0.7,0.5015894740269516,False
1466427837,0.7,0.49878581872407357,0.49878581872407357,True
1466427846,0.7,0.7,0.5264242369613619,False
1466427904,0.7,0.7,0.26257969284771543,False
1466427997,0.9,0.63691161951196,0.63691161951196,True
1466428027,0.9,0.9,0.5464548075313813,False
1466428114,0.9,0.8881334125662239,0.8881334125662239,True
1466428212,0.9,0.9,0.6777573654700343,False
1466428294,0.9,0.2764592942032127,0.2764592942032127,True
1466428321,0.9,0.9,0.63969810118772,False
1466428340,0.9,0.6237720604800808,0.6237720604800808,True
1466428378,0.9,0.2713898832858619,0.2713898832858619,True
1466428463,0.9,0.2450510894269552,0.2450510894269552,True
1466428551,0.9,0.9,0.4680578696949893,False
1466428575,0.9,0.9227898861765974,0.9227898861765974,True
1466428593,0.9,0.9,0.6490151688514502,False
1466428682,0.9,0.23958798723669328,0.23958798723669328,True
1466428699,0.9,0.9,0.41601039330326783,False
1466428719,0.9,0.9,0.8299068094855974,False
1466428819,0.9,0.9,0.9236557808066425,False
1466428850,0.9,0.9,0.7950137302275367,False
1466428884,0.9,0.07317966718981928,0.07317966718981928,True
1466428973,0.9,0.9,0.39030628239461795,False
1466429006,0.9,0.9,0.49100360983701885,False
1466429026,0.9,0.9,0.9067161324034264,False
1466429066,0.9,0.6493265727966456,0.6493265727966456,True
1466429072,0.9,0.9,0.03246613767518469,False
1466429103,0.9,0.9,0.7743117116335295,False
1466429110,0.9,0.9,0.27795839331644756,False
1466429123,0.9,0.9,0.8271788822764005,False
1466429168,0.9,0.9,0.8137399659086871,False
1466429182,0.9,0.9,0.03620871482624888,False
1466429184,0.9,0.7382325944766475,0.7382325944766475,True
1466429197,0.9,0.9,0.9829812406132593,False
1466429280,0.9,0.9,0.10736735653117657,False
1466429378,0.9,0.9,0.08245008405430043,False
1466429450,0.9,0.9,0.20717096518877354,False
1466429455,0.3,0.3,0.7567668519010642,False
1466429510,0.3,0.03215464359679454,0.03215464359679454,True
1466429565,0.3,0.4305954195517925,0.4305954195517925,True
1466429566,0.3,0.006888789365897874,0.006888789365897874,True
1466429592,0.3,0.5030204247868886,0.5030204247868886,True
1466429623,0.3,0.7723499435917115,0.7723499435917115,True
1466429691,0.3,0.3,0.02528257332983863,False
1466429733,0.3,0.3,0.6585721576307906,False
1466429803,0.3,0.3,0.004241887114139753,False
1466429832,0.3,0.7991983220015118,0.7991983220015118,True
1466429905,0.3,0.3,0.27427758733993257,False
1466429997,0.3,0.3,0.2288069019894794,False
1466430050,0.3,0.05433866483908478,0.05433866483908478,True
1466430088,0.3,0.3,0.025628858531657195,False
1466430174,0.3,0.4044907220087903,0.4044907220087903,True
1466430247,0.3,0.3,0.6550825369724492,False
1466430344,0.3,0.3,0.7160627538674658,False
1466430375,0.3,0.3,0.2106651806611367,False
1466430400,0.3,0.36894079048755735,0.36894079048755735,True
1466430457,0.3,0.3,0.9746893724299023,False
1466430483,0.3,0.3,0.9375052386269715,False
1466430517,0.3,0.3,0.6101354380166274,False
1466430524,0.3,0.3,0.7873623434034239,False
1466430592,0.3,0.3,0.2869035473771375,False
1466430616,0.3,0.17343896177143792,0.17343896177143792,True
1466430631,0.3,0.04432614191366968,0.04432614191366968,True
1466430680,0.3,0.3,0.6718359700175759,False
1466430734,0.3,0.813624626749481,0.813624626749481,True
1466430790,0.3,0.3,0.059174585146424374,False
1466430815,0.3,0.29629263095367353,0.29629263095367353,True
1466430895,0.3,0.3,0.5699561595902156,False
1466430916,0.3,0.9290191003880897,0.9290191003880897,True
1466430929,0.3,0.7969982149431676,0.7969982149431676,True
1466430936,0.3,0.09893946263827713,0.09893946263827713,True
1466431009,0.4,0.4,0.1785523941932925,False
1466431036,0.4,0.5927448754037188,0.5927448754037188,True
1466431055,0.4,0.4,0.41711052766601675,False
1466431145,0.2,0.2,0.9099419077602816,False
1466431218,0.2,0.7381947301405982,0.7381947301405982,True
1466431290,0.2,0.2,0.12168533975203588,False
1466431324,0.2,0.2552273440984094,0.2552273440984094,True
1466431400,0.2,0.6636376354489156,0.6636376354489156,True
1466431450,0.2,0.2,0.01136489703157395,False
1466431526,0.2,0.29634067912003725,0.29634067912003725,True
1466431589,0.2,0.34363543422070075,0.34363543422070075,True
1466431661,0.2,0.2,0.05567379288740992,False
1466431760,0.2,0.2,0.5696534061047817,False
1466431796,0.2,0.27754989960811427,0.27754989960811427,True
1466431848,0.2,0.2,0.5924871441885396,False
1466431879,0.2,0.2,0.8122416251586929,False
1466431954,0.2,0.2,0.1080391316876298,False
1466431958,0.2,0.21529460585208715,0.21529460585208715,True
1466432002,0.2,0.2,0.938802361726199,False
1466432101,0.2,0.24514634263835267,0.24514634263835267,True
1466432177,0.2,0.0030089009930782673,0.0030089009930782673,True
1466432194,0.2,0.2,0.18931191204926512,False
1466432237,0.2,0.2,0.561830911810324,False
1466432280,0.2,0.2,0.8524545455751412,False
1466432373,0.2,0.3925416897487981,0.3925416897487981,True
1466432389,0.2,0.6267111197520265,0.6267111197520265,True
1466432415,0.2,0.2,0.761412304814469,False
1466432417,0.2,0.2,0.762147419705085,False
1466432506,0.2,0.2,0.5358245871079217,False
1466432569,0.2,0.6075367918713002,0.6075367918713002,True
1466432577,0.2,0.23727866838530565,0.23727866838530565,True
1466432670,0.2,0.6758439364614378,0.6758439364614378,True
1466432706,0.2,0.6932874846259881,0.6932874846259881,True
1466432804,0.2,0.6457192351929576,0.6457192351929576,True
1466432853,0.2,0.5481448395716095,0.5481448395716095,True
1466432947,0.2,0.2,0.455468156626178,False
1466433040,0.2,0.5674140630974646,0.5674140630974646,True
1466433128,0.2,0.2,0.7227593917031907,False
1466433145,0.2,0.8236500109930985,0.8236500109930985,True
1466433195,0.2,0.8158347822123717,0.8158347822123717,True
1466433289,0.2,0.2,0.32097157584101244,False
1466433375,0.2,0.22673951817173132,0.22673951817173132,True
1466433427,0.2,0.15717778101948932,0.15717778101948932,True
1466433478,0.2,0.22841611416069452,0.22841611416069452,True
1466433517,0.2,0.2,0.2982575083301302,False
1466433615,0.2,0.8690178754913352,0.8690178754913352,True
1466433672,0.2,0.2,0.07166544836294075,False
1466433762,0.2,0.5910972243279755,0.5910972243279755,True
1466433809,0.2,0.2,0.018024036791631337,False
1466433873,0.2,0.2,0.029735276438080827,False
1466433910,0.2,0.5534616269525187,0.5534616269525187,True
1466433994,0.2,0.7103293286901228,0.7103293286901228,True
1466434003,0.2,0.2,0.21325870722938034,False
1466434045,0.2,0.3942854396234119,0.3942854396234119,True
1466434096,0.2,0.2,0.3426704927599037,False
1466434173,0.2,0.4259388147784644,0.4259388147784644,True
1466434199,0.2,0.2,0.7126238131741187,False
1466434224,0.2,0.4098408020847393,0.4098408020847393,True
1466434308,0.2,0.5519567215092307,0.5519567215092307,True
1466434359,0.2,0.2,0.15930421253196758,False
1466434371,0.2,0.2,0.9419818910661367,False
1466434457,0.2,0.24806142092792116,0.24806142092792116,True
1466434498,0.2,0.5347774597008775,0.5347774597008775,True
1466434552,0.2,0.2,0.189507665559137,False
1466434622,0.2,0.2,0.8734573876809497,False
1466434691,0.2,0.2,0.26677780041923915,False
1466434718,0.2,0.5239133800010177,0.5239133800010177,True
1466434727,0.2,0.49496226541715826,0.49496226541715826,True
1466434815,0.2,0.2,0.7535484173467077,False
1466434892,0.2,0.2,0.8757400719871002,False
1466434915,0.2,0.2,0.3836282310618807,False
1466434946,0.2,0.2793227934038143,0.2793227934038143,True
1466434988,0.2,0.22443590792540247,0.22443590792540247,True
1466435020,0.2,0.2,0.6927636326885837,False
1466435090,0.2,0.2,0.034892121036701806,False
1466435099,0.2,0.2,0.25341549022819476,False
1466435145,0.2,0.2,0.33987296668993294,False
1466435186,0.2,0.2,0.6078369518291943,False
1466435246,0.2,0.9741506290165408,0.9741506290165408,True
1466435284,0.2,0.2,0.7360689908710959,False
1466435327,0.2,0.8039651839017541,0.8039651839017541,True
1466435369,0.2,0.4786013554425973,0.4786013554425973,True
1466435408,0.2,0.11822697049769282,0.11822697049769282,True
1466435468,0.2,0.2,0.2216655986161703,False
1466435486,0.2,0.24002319900724634,0.24002319900724634,True
1466435555,0.2,0.5831954512156293,0.5831954512156293,True
1466435624,0.2,0.2,0.35630602624548713,False
1466435659,0.2,0.6852730412330882,0.6852730412330882,True
1466435682,0.2,0.2,0.27939850687711265,False
1466435712,0.2,0.960829392291796,0.960829392291796,True
1466435794,0.2,0.8920726365575063,0.8920726365575063,True
1466435878,0.2,0.2,0.32428484041161687,False
1466435904,0.6,0.8403222321136778,0.8403222321136778,True
1466435971,0.6,0.23209371546186142,0.23209371546186142,True
1466436041,0.6,0.6,0.1937996413298172,False
1466436059,0.6,0.5832670587532882,0.5832670587532882,True
1466436093,0.6,0.6,0.02253082989090116,False
1466436178,0.6,0.8519424820181497,0.8519424820181497,True
1466436230,0.6,0.6,0.2726599209693853,False
1466436280,0.6,0.6561790681395269,0.6561790681395269,True
1466436332,0.6,0.6,0.7992594882489241,False
1466436333,0.6,0.6,0.7982228714192627,False
1466436431,0.6,0.6,0.19653475353458383,False
1466436520,0.6,0.6,0.6422731435304786,False
1466436572,0.6,0.9010643831981265,0.9010643831981265,True
1466436647,0.6,0.5931676388666645,0.5931676388666645,True
1466436655,0.6,0.5442260542543361,0.5442260542543361,True
1466436727,0.6,0.6,0.941558598096233,False
1466436793,0.6,0.6,0.8566611546285778,False
1466436879,0.1,0.29903630309774165,0.29903630309774165,True
1466436880,0.1,0.9185865832328399,0.9185865832328399,True
1466436939,0.1,0.1,0.5590341551410981,False
1466437015,0.1,0.974424044222033,0.974424044222033,True
1466437048,0.1,0.1,0.04126851302544021,False
1466437088,0.1,0.39004813883881473,0.39004813883881473,True
1466437105,0.1,0.7936052778836378,0.7936052778836378,True
1466437122,0.1,0.8010434061629591,0.8010434061629591,True
1466437160,0.1,0.1,0.6632845980843155,False
1466437232,0.1,0.1,0.4642751607519281,False
1466437321,0.1,0.6355193629801295,0.6355193629801295,True
1466437335,0.1,0.9283591904739675,0.9283591904739675,True
1466437358,0.1,0.1,0.49788606615387143,False
1466437441,0.1,0.8567119609834328,0.8567119609834328,True
1466437480,0.1,0.5918973304433042,0.5918973304433042,True
1466437561,0.1,0.46450363885235646,0.46450363885235646,True
1466437653,0.1,0.1,0.38191806273990314,False
1466437709,0.1,0.1,0.6104044812792994,False
1466437798,0.1,0.1,0.3785207812296838,False
1466437869,0.1,0.1,0.7414621937956849,False
1466437952,0.1,0.8791814745443982,0.8791814745443982,True
1466438037,0.1,0.1,0.4791310886046892,False
1466438054,0.1,0.2665654127564129,0.2665654127564129,True
1466438056,0.1,0.540598839081466,0.540598839081466,True
1466438136,0.1,0.1,0.7977711117562419,False
1466438234,0.1,0.1,0.11013864255153172,False
1466438261,0.1,0.1302226594162046,0.1302226594162046,True
1466438348,0.1,0.1251908379213802,0.1251908379213802,True
1466438407,0.1,0.7294568854600785,0.7294568854600785,True
1466438422,0.1,0.1,0.8612222367886757,False
1466438476,0.1,0.35327591399288216,0.35327591399288216,True
1466438571,0.1,0.1,0.9085545564524753,False
1466438612,0.1,0.0857118092292588,0.0857118092292588,True
1466438620,0.1,0.4540214575536802,0.4540214575536802,True
1466438698,0.1,0.1,0.2983475936350727,False
1466438747,0.1,0.1,0.5833671027637678,False
1466438795,0.1,0.16867898916029667,0.16867898916029667,True
1466438810,0.1,0.572645366412096,0.572645366412096,True
1466438888,0.1,0.1,0.38547334774854236,False
1466438975,0.1,0.1,0.5116061096624407,False
1466439000,0.1,0.1,0.3687090061049285,False
1466439092,0.1,0.1,0.4277494105594867,False
1466439150,0.1,0.4866281479847885,0.4866281479847885,True
1466439229,0.1,0.30764012526545015,0.30764012526545015,True
1466439279,0.1,0.1,0.8094683150443851,False
1466439328,0.1,0.7526931042729679,0.7526931042729679,True
1466439351,0.1,0.823968931722528,0.823968931722528,True
1466439447,0.1,0.1,0.7897620855784653,False
1466439466,0.1,0.1,0.017306775930139517,False
1466439480,0.1,0.1963163345147071,0.1963163345147071,True
1466439560,0.1,0.5342276670341035,0.5342276670341035,True
1466439600,0.1,0.19856398804006303,0.19856398804006303,True
1466439645,0.1,0.4400345751083732,0.4400345751083732,True
1466439729,0.1,0.1,0.774490987993195,False
1466439772,0.1,0.1,0.7180056880018796,False
1466439827,0.1,0.9813792831295737,0.9813792831295737,True
1466439849,0.1,0.1,0.21573752366274057,False
1466439910,0.1,0.09081449368580163,0.09081449368580163,True
1466439990,0.1,0.1,0.6491971378449974,False
1466440005,0.1,0.9054924874218817,0.9054924874218817,True
1466440006,0.1,0.9188978325575856,0.9188978325575856,True
1466440045,0.1,0.02659637490838973,0.02659637490838973,True
1466440066,0.1,0.9637531544224269,0.9637531544224269,True
1466440154,0.1,0.1,0.9099546145006856,False
1466440214,0.1,0.9333352818957078,0.9333352818957078,True
1466440226,0.1,0.83865240802968,0.83865240802968,True
1466440304,0.1,0.1,0.7940690583138086,False
1466440385,0.1,0.1,0.07189425059692,False
1466440451,0.1,0.1,0.5886393052781798,False
1466440521,0.1,0.09288992604861368,0.09288992604861368,True
1466440581,0.1,0.1,0.6762896026503493,False
1466440674,0.1,0.1,0.2773922222305766,False
1466440727,0.1,0.6496673701982228,0.6496673701982228,True
1466440821,0.1,0.4616226341684767,0.4616226341684767,True
1466440827,0.1,0.1,0.8908260719801774,False
1466440897,0.1,0.17481466257937106,0.17481466257937106,True
1466440923,0.1,0.34504243648155586,0.34504243648155586,True
1466441012,0.1,0.1,0.7514587359253312,False
1466441049,0.1,0.7754367797484056,0.7754367797484056,True
1466441147,0.1,0.1,0.15578416278982676,False
1466441213,0.1,0.6226566598304992,0.6226566598304992,True
1466441311,0.1,0.23898003202933182,0.23898003202933182,True
1466441318,0.1,0.1,0.646007959980486,False
1466441418,0.1,0.1,0.1094770490190694,False
1466441510,0.1,0.888647004348289,0.888647004348289,True
1466441541,0.1,0.1,0.5131148428702886,False
1466441579,0.1,0.47521564780203973,0.47521564780203973,True
1466441630,0.1,0.1,0.6545571012021204,False
1466441714,0.1,0.1,0.8050501543748567,False
1466441724,0.1,0.6167489662987174,0.6167489662987174,True
1466441741,0.1,0.3645004451205589,0.3645004451205589,True
1466441822,0.1,0.47245136410513555,0.47245136410513555,True
1466441883,0.1,0.7906536280982539,0.7906536280982539,True
1466441934,0.1,0.21216616316206627,0.21216616316206627,True
1466441947,0.1,0.669147947341506,0.669147947341506,True
1466442046,0.1,0.1,0.42648327093551064,False
1466442137,0.1,0.1,0.5727840258858752,False
1466442175,0.1,0.7689584467529926,0.7689584467529926,True
1466442216,0.1,0.1,0.9701340523079041,False
1466442284,0.1,0.1,0.6001848317265207,False
1466442332,0.1,0.1,0.6107248860448196,False
1466442358,0.1,0.1,0.7070635218855821,False
1466442362,0.1,0.1,0.4157391683201628,False
1466442439,0.1,0.1,0.33873247385856475,False
1466442490,0.1,0.1,0.1555342184120183,False
1466442498,0.1,0.1,0.65580442857671,False
1466442508,0.1,0.8060059471040462,0.8060059471040462,True
1466442518,0.1,0.006961370865421479,0.006961370865421479,True
1466442556,0.1,0.1,0.38547927276829363,False
1466442656,0.1,0.1,0.32897787345026175,False
1466442662,0.1,0.5278461773157148,0.5278461773157148,True
1466442703,0.1,0.945721496696363,0.945721496696363,True
1466442768,0.1,0.1,0.247987821542356,False
1466442788,0.1,0.1,0.5512846009942841,False
1466442886,0.1,0.1,0.5805210224457517,False
1466442980,0.1,0.938113332356039,0.938113332356039,True
1466443000,0.1,0.1,0.331836171788908,False
1466443029,0.1,0.7653550426699901,0.7653550426699901,True
1466443038,0.1,0.1,0.10235296936363403,False
1466443089,0.1,0.1,0.29653125856212625,False
1466443162,0.1,0.1,0.7700098376629074,False
1466443201,0.1,0.1,0.7731861371864461,False
1466443219,0.1,0.1,0.33709323219099574,False
1466443263,0.1,0.1,0.6588892178191372,False
1466443350,0.1,0.640233874310425,0.640233874310425,True
1466443373,0.1,0.1,0.031783046350087996,False
1466443392,0.1,0.0075098209830568585,0.0075098209830568585,True
1466443402,0.1,0.1,0.5869896463592805,False
1466443486,0.1,0.1,0.6062711765424356,False
1466443511,0.1,0.015123263992033342,0.015123263992033342,True
1466443584,0.1,0.1,0.9503266793041218,False
1466443677,0.1,0.7328718725033456,0.7328718725033456,True
1466443725,0.1,0.1,0.413948777870782,False
1466443727,0.1,0.1,0.9069043621703432,False
1466443750,0.1,0.1,0.47735633694548496,False
1466443761,0.1,0.1,0.5222109590140114,False
1466443808,0.1,0.9974984607092838,0.9974984607092838,True
1466443861,0.1,0.1,0.18549367533520345,False
1466443929,0.1,0.1,0.9067751088235845,False
1466443986,0.1,0.1,0.1871778658532146,False
1466444043,0.1,0.6127739434575176,0.6127739434575176,True
1466444110,0.1,0.5522038440450859,0.5522038440450859,True
1466444192,0.1,0.1,0.8831658429772089,False
1466444287,0.1,0.7994562311278183,0.7994562311278183,True
1466444294,0.1,0.1,0.2597872494708723,False
1466444366,0.1,0.08828386514549214,0.08828386514549214,True
1466444466,0.1,0.9097892859067619,0.9097892859067619,True
1466444505,0.1,0.1,0.2473247494468993,False
1466444556,0.1,0.1,0.2693073745203498,False
1466444624,0.1,0.1,0.5804354480301306,False
1466444663,0.1,0.3557653393622432,0.3557653393622432,True
1466444685,0.1,0.5892548878198169,0.5892548878198169,True
1466444756,0.1,0.1,0.3425603738084997,False
1466444781,0.1,0.9050866280787632,0.9050866280787632,True
1466444840,0.1,0.49245068969023453,0.49245068969023453,True
1466444854,0.1,0.1,0.1153521355245275,False
1466444860,0.1,0.1,0.5775190911645713,False
1466444959,0.1,0.1,0.8255891861434566,False
1466445058,0.1,0.7699163270991494,0.7699163270991494,True
1466445107,0.1,0.9484079939678067,0.9484079939678067,True
1466445165,0.1,0.1,0.3472198986040086,False
1466445170,0.1,0.023680126533641044,0.023680126533641044,True
1466445173,0.1,0.4462099637543828,0.4462099637543828,True
1466445247,0.1,0.1,0.43324611422255743,False
1466445305,0.1,0.1,0.0885410209069113,False
1466445333,0.1,0.8291701635587047,0.8291701635587047,True
1466445356,0.1,0.21126181387346799,0.21126181387346799,True
1466445430,0.1,0.1,0.8909239017374785,False
1466445491,0.1,0.1,0.17831797214024947,False
1466445497,0.1,0.1,0.7683365768545694,False
1466445514,0.1,0.5627250495057926,0.5627250495057926,True
1466445549,0.1,0.0031297453350510596,0.0031297453350510596,True
1466445640,0.1,0.3185437640227652,0.3185437640227652,True
1466445648,0.1,0.7446698911876701,0.7446698911876701,True
1466445739,0.1,0.1,0.5296532429903874,False
1466445814,0.1,0.5298948757824405,0.5298948757824405,True
1466445879,0.1,0.56179522541582,0.56179522541582,True
1466445909,0.1,0.7594963228228229,0.7594963228228229,True
1466445965,0.1,0.1,0.9550824860547643,False
1466446021,0.1,0.1,0.7574214467504184,False
1466446045,0.1,0.1,0.7250701519803094,False
1466446071,0.1,0.7433541893734076,0.7433541893734076,True
1466446120,0.1,0.16439276867896002,0.16439276867896002,True
1466446168,0.1,0.13964637145745995,0.13964637145745995,True
1466446253,0.1,0.17420685202462072,0.17420685202462072,True
1466446302,0.1,0.1,0.4304333614467747,False
1466446389,0.1,0.48391947286892256,0.48391947286892256,True
1466446404,0.1,0.1,0.20084519695011405,False
1466446494,0.1,0.9586428866614612,0.9586428866614612,True
1466446594,0.1,0.9049724335749905,0.9049724335749905,True
1466446643,0.1,0.1,0.11576411205662385,False
1466446669,0.1,0.1,0.5460710380488545,False
1466446690,0.1,0.4188832048132156,0.4188832048132156,True
1466446735,0.1,0.6389120590811704,0.6389120590811704,True
1466446766,0.1,0.1,0.2181423903333397,False
1466446852,0.1,0.656784454326825,0.656784454326825,True
1466446902,0.1,0.1,0.9985355027362547,False
1466446945,0.1,0.1,0.3497006245510327,False
1466446987,0.1,0.1,0.2938600181156972,False
1466447036,0.1,0.1,0.9682864997507997,False
1466447112,0.1,0.06798579985638742,0.06798579985638742,True
1466447129,0.1,0.9264259352527943,0.9264259352527943,True
1466447189,0.1,0.1,0.40149913603921605,False
1466447224,0.1,0.5926828440136142,0.5926828440136142,True
1466447270,0.1,0.2986725076548593,0.2986725076548593,True
1466447272,0.1,0.3148168717335472,0.3148168717335472,True
1466447348,0.1,0.1,0.6779236724228787,False
1466447359,0.1,0.8921068893528225,0.8921068893528225,True
1466447388,0.1,0.1,0.07099383502370937,False
1466447390,0.1,0.1,0.7232943264686533,False
1466447425,0.1,0.1,0.9877630202851659,False
1466447463,0.1,0.1,0.12047914981577212,False
1466447485,0.5,0.47783737061914866,0.47783737061914866,True
1466447545,0.5,0.5,0.18831817937037632,False
1466447553,0.5,0.1450641200595144,0.1450641200595144,True
1466447554,0.5,0.846198430321866,0.846198430321866,True
1466447573,0.5,0.028933435712876765,0.028933435712876765,True
1466447634,0.5,0.9413917997587515,0.9413917997587515,True
1466447695,0.5,0.5,0.7375770063499391,False
1466447762,0.5,0.14363865983590207,0.14363865983590207,True
1466447844,0.5,0.925019204384878,0.925019204384878,True
1466447885,0.5,0.7770170348983683,0.7770170348983683,True
1466447943,0.5,0.22297532523914176,0.22297532523914176,True
1466447956,0.5,0.03054892504879514,0.03054892504879514,True
1466448041,0.5,0.5,0.9158525845144616,False
1466448140,0.5,0.93720894596941,0.93720894596941,True
1466448215,0.5,0.9408104025080124,0.9408104025080124,True
1466448270,0.5,0.21290128876379133,0.21290128876379133,True
1466448302,0.5,0.5,0.877901431818479,False
1466448368,0.5,0.5,0.8740686496793542,False
1466448422,0.5,0.5,0.593710976805524,False
1466448517,0.5,0.8610332824298967,0.8610332824298967,True
1466448614,0.5,0.5,0.8567060173106473,False
1466448701,0.5,0.5,0.14771640239605088,False
1466448743,0.5,0.5,0.40579607653658856,False
1466448805,0.5,0.17730659000155125,0.17730659000155125,True
1466448844,0.5,0.5,0.2516277849581099,False
1466448896,0.5,0.7864185213341153,0.7864185213341153,True
1466448984,0.5,0.5,0.5053225525953953,False
1466449031,0.5,0.5,0.03920110449783565,False
1466449045,0.5,0.3273728808724564,0.3273728808724564,True
1466449099,0.5,0.5,0.9212853213801265,False
1466449171,0.5,0.5,0.830680396066717,False
1466449261,0.5,0.5,0.8014550768142458,False
1466449280,0.5,0.7317200091542266,0.7317200091542266,True
1466449359,0.5,0.44662455839450166,0.44662455839450166,True
1466449442,0.5,0.5,0.5316808998544883,False
1466449496,0.5,0.6342396528695261,0.6342396528695261,True
1466449537,0.5,0.10156168594538273,0.10156168594538273,True
1466449555,0.5,0.5,0.6513423188852998,False
1466449629,0.5,0.289145235672547,0.289145235672547,True
1466449635,0.5,0.5,0.6241979350979893,False
1466449721,0.5,0.5,0.005880569075980224,False
1466449772,0.5,0.9957382791095966,0.9957382791095966,True
1466449872,0.5,0.5,0.32082486507726926,False
1466449873,0.5,0.5,0.1974283388294965,False
1466449884,0.5,0.5,0.09287045492932333,False
1466449937,0.5,0.5052924428938722,0.5052924428938722,True
1466449953,0.5,0.5,0.652344315173987,False
1466449959,0.5,0.8073976607817591,0.8073976607817591,True
1466449961,0.5,0.5,0.40179521430159315,False
1466450018,0.5,0.993759618458261,0.993759618458261,True
1466450075,0.5,0.5,0.82146501810273,False
1466450150,0.5,0.5,0.8676534959270756,False
1466450177,0.5,0.5,0.21841221244807596,False
1466450255,0.5,0.5,0.8020964620345151,False
1466450343,0.5,0.44780663042964475,0.44780663042964475,True
1466450348,0.5,0.41699575045421167,0.41699575045421167,True
1466450401,0.5,0.368363677510526,0.368363677510526,True
1466450433,0.5,0.04533741129984881,0.04533741129984881,True
1466450507,0.5,0.24336181571500304,0.24336181571500304,True
1466450536,0.5,0.022135273543357536,0.022135273543357536,True
1466450627,0.5,0.930588253265787,0.930588253265787,True
1466450723,0.5,0.20915904899589866,0.20915904899589866,True
1466450817,0.5,0.5,0.8186488023908887,False
1466450900,0.5,0.5,0.7205707857857168,False
1466450902,0.5,0.4081559536527567,0.4081559536527567,True
1466450971,0.5,0.08914055745802318,0.08914055745802318,True
1466451016,0.5,0.5,0.25630949918618695,False
1466451023,0.5,0.1688453825924875,0.1688453825924875,True
1466451073,0.5,0.5,0.5740373623059701,False
1466451166,0.5,0.5,0.21029443247827195,False
1466451231,0.5,0.8916430190227352,0.8916430190227352,True
1466451245,0.5,0.7743791960683374,0.7743791960683374,True
1466451293,0.5,0.5,0.3056717118679574,False
1466451295,0.5,0.5,0.5260694894439075,False
1466451378,0.5,0.5,0.5246365699163867,False
1466451445,0.5,0.12934137691679926,0.12934137691679926,True
1466451508,0.5,0.29997451188018287,0.29997451188018287,True
1466451599,0.5,0.5,0.7122369036235515,False
1466451686,0.5,0.5,0.08324294194594706,False
1466451761,0.5,0.39601233211339604,0.39601233211339604,True
1466451857,0.5,0.2984657216782013,0.2984657216782013,True
1466451909,0.5,0.5,0.10101731600502406,False
1466451919,0.5,0.872283925464441,0.872283925464441,True
1466452006,0.5,0.7867359044415051,0.7867359044415051,True
1466452035,0.5,0.2740211976772374,0.2740211976772374,True
1466452039,0.5,0.5,0.04269982010185425,False
1466452104,0.5,0.5,0.638090853482526,False
1466452167,0.5,0.3189305836226046,0.3189305836226046,True
1466452238,0.5,0.570114511656741,0.570114511656741,True
1466452313,0.5,0.5,0.8366162451035882,False
1466452339,0.5,0.6484185088463407,0.6484185088463407,True
1466452419,0.5,0.5,0.5282808448713059,False
1466452424,0.5,0.5950781926892835,0.5950781926892835,True
1466452435,0.5,0.8494197766924425,0.8494197766924425,True
1466452531,0.5,0.5,0.20186096591656943,False
1466452584,0.5,0.8300146911707074,0.8300146911707074,True
1466452625,0.5,0.07281552939052438,0.07281552939052438,True
1466452676,0.5,0.5,0.3361424667864894,False
1466452752,0.5,0.5,0.5915602338400315,False
1466452796,0.5,0.8795524533981868,0.8795524533981868,True
1466452825,0.5,0.3778316246716529,0.3778316246716529,True
1466452860,0.5,0.2617652888099361,0.2617652888099361,True
1466452960,0.5,0.47764609218944143,0.47764609218944143,True
1466452979,0.5,0.5,0.706147411219901,False
1466453002,0.5,0.5,0.018797310662718725,False
1466453016,0.5,0.3995115951004371,0.3995115951004371,True
1466453025,0.5,0.5,0.04618955292521787,False
1466453089,0.5,0.679383044223226,0.679383044223226,True
1466453141,0.5,0.5,0.30487737637964574,False
1466453154,0.5,0.07671778113885341,0.07671778113885341,True
1466453184,0.5,0.5,0.1766427273166783,False
1466453202,0.5,0.5,0.5945745028913945,False
1466453203,0.5,0.5,0.2896696996447239,False
1466453222,0.5,0.2386321707279686,0.2386321707279686,True
1466453321,0.5,0.34579739544954413,0.34579739544954413,True
1466453379,0.5,0.5,0.7120545005805536,False
1466453392,0.5,0.5,0.8773334284615679,False
1466453422,0.5,0.5,0.37404925755983953,False
1466453502,0.5,0.17624466835513064,0.17624466835513064,True
1466453518,0.5,0.5,0.2691793141036636,False
1466453563,0.5,0.5,0.061869368113443235,False
1466453604,0.5,0.6056091409358307,0.6056091409358307,True
1466453639,0.5,0.5,0.8559962451539954,False
1466453705,0.5,0.5,0.32391371041566197,False
1466453795,0.5,0.7187687649389676,0.7187687649389676,True
1466453816,0.5,0.1626647030630194,0.1626647030630194,True
1466453870,0.5,0.5,0.11317469991793094,False
1466453910,0.5,0.9066523355948864,0.9066523355948864,True
1466454002,0.5,0.6683951686947652,0.6683951686947652,True
1466454051,0.5,0.6715831311239746,0.6715831311239746,True
1466454087,0.5,0.17103296474485263,0.17103296474485263,True
1466454129,0.5,0.6088725419789869,0.6088725419789869,True
1466454227,0.5,0.6579941325851837,0.6579941325851837,True
1466454259,0.5,0.9291807668691826,0.9291807668691826,True
1466454262,0.5,0.09334430499699908,0.09334430499699908,True
1466454298,0.5,0.5785218485683343,0.5785218485683343,True
1466454388,0.5,0.0729415251189185,0.0729415251189185,True
1466454399,0.5,0.5,0.45881088326724195,False
1466454473,0.5,0.23240158325632942,0.23240158325632942,True
1466454529,0.5,0.000992160104341222,0.000992160104341222,True
1466454559,0.5,0.5,0.1401534263267149,False
1466454648,0.5,0.5,0.48885354120297986,False
1466454745,0.5,0.5,0.618306077947263,False
1466454763,0.5,0.8010749599178336,0.8010749599178336,True
1466454851,0.5,0.5,0.8647673643607834,False
1466454936,0.5,0.5,0.05726077855842293,False
1466454949,0.5,0.5,0.13054795408997844,False
1466455032,0.5,0.5,0.8988022765563802,False
1466455065,0.5,0.5,0.15497312372973093,False
1466455119,0.5,0.2627547548481233,0.2627547548481233,True
1466455172,0.5,0.6223370377360766,0.6223370377360766,True
1466455196,0.5,0.5,0.47364441343854313,False
1466455271,0.5,0.5,0.9231401866975563,False
1466455357,0.5,0.5,0.9090834078699306,False
1466455361,0.5,0.5,0.9549646608175686,False
1466455394,0.5,0.5297078493786715,0.5297078493786715,True
1466455475,0.5,0.5,0.04967506007228539,False
1466455497,0.5,0.5,0.6703331365332613,False
1466455561,0.5,0.37942047598021267,0.37942047598021267,True
1466455575,0.5,0.5,0.12296336232709737,False
1466455587,0.5,0.5,0.9640118859394221,False
1466455651,0.5,0.7512253039953162,0.7512253039953162,True
1466455658,0.5,0.15838872650586677,0.15838872650586677,True
1466455732,0.5,0.6769608740498249,0.6769608740498249,True
1466455812,0.5,0.5,0.04167049204374995,False
1466455910,0.5,0.43235624605375733,0.43235624605375733,True
1466455951,0.5,0.8335460485987181,0.8335460485987181,True
1466455999,0.5,0.44435620065221393,0.44435620065221393,True
1466456054,0.5,0.5,0.6304155746347367,False
1466456058,0.5,0.5,0.25163214612939955,False
1466456074,0.5,0.5,0.3934125738705032,False
1466456088,0.5,0.5,0.19440944431654417,False
1466456118,0.5,0.25758209300441093,0.25758209300441093,True
1466456218,0.5,0.9049874603224562,0.9049874603224562,True
1466456265,0.5,0.5,0.1826822258966595,False
1466456270,0.5,0.5,0.7190359752842028,False
1466456312,0.5,0.6063615745409654,0.6063615745409654,True
1466456346,0.5,0.5,0.3459200507765886,False
1466456374,0.5,0.5,0.7251711454666999,False
1466456406,0.5,0.5,0.35003689819034,False
1466456482,0.5,0.5,0.23040539547441707,False
1466456512,0.5,0.3225301143655732,0.3225301143655732,True
1466456610,0.5,0.36953988717935926,0.36953988717935926,True
1466456683,0.5,0.5,0.23379980438979675,False
1466456768,0.5,0.5,0.04465547368644629,False
1466456856,0.5,0.09147256090326639,0.09147256090326639,True
1466456927,0.5,0.6757240339324729,0.6757240339324729,True
1466457014,0.5,0.8968299537909586,0.8968299537909586,True
1466457032,0.5,0.5,0.6124091502829765,False
1466457067,0.5,0.5,0.6187026988460234,False
1466457157,0.5,0.5,0.47956474486607537,False
1466457215,0.5,0.5,0.5680303128958506,False
1466457267,0.5,0.609920900595278,0.609920900595278,True
1466457357,0.5,0.8925825455409587,0.8925825455409587,True
1466457434,0.5,0.5,0.0823827847695584,False
1466457487,0.5,0.5940654580564977,0.5940654580564977,True
1466457559,0.5,0.5,0.603504249468389,False
1466457603,0.5,0.5,0.1469712237462819,False
1466457671,0.5,0.08417852006104931,0.08417852006104931,True
1466457713,0.5,0.7747890502606828,0.7747890502606828,True
1466457745,0.5,0.5,0.06372769895926622,False
1466457782,0.5,0.5379763594781224,0.5379763594781224,True
1466457802,0.5,0.48565602509277217,0.48565602509277217,True
1466457817,0.5,0.1147467184981743,0.1147467184981743,True
1466457865,0.5,0.5905763157015493,0.5905763157015493,True
1466457884,0.5,0.5,0.658579835441295,False
1466457885,0.5,0.5,0.033385204524456924,False
1466457917,0.5,0.12153680103813147,0.12153680103813147,True
1466457973,0.5,0.5,0.661624742190389,False
1466458045,0.5,0.5,0.10134503039135168,False
1466458135,0.5,0.9352855434395659,0.9352855434395659,True
1466458151,0.5,0.27300389823019844,0.27300389823019844,True
1466458230,0.5,0.4304550714573998,0.4304550714573998,True
1466458324,0.5,0.8945081765168815,0.8945081765168815,True
1466458362,0.5,0.5,0.17932792447670043,False
1466458438,0.5,0.9680261871592674,0.9680261871592674,True
1466458454,0.5,0.5,0.6145539838352179,False
1466458496,0.5,0.044163157874063885,0.044163157874063885,True
1466458509,0.5,0.5,0.00786971558358196,False
1466458580,0.8,0.8,0.20244226055565717,False
1466458590,0.8,0.4956301625557221,0.4956301625557221,True
1466458626,0.8,0.8,0.6466515048980174,False
1466458642,0.8,0.16591868793592035,0.16591868793592035,True
1466458665,0.8,0.8,0.4596974163404224,False
1466458694,0.8,0.08637068177882168,0.08637068177882168,True
1466458762,0.8,0.8,0.42151398176731947,False
1466458793,0.8,0.8,0.8591608057050439,False
1466458824,0.8,0.3728630385978814,0.3728630385978814,True
1466458906,0.8,0.22478367821662182,0.22478367821662182,True
1466458982,0.8,0.4117684730600285,0.4117684730600285,True
1466459068,0.8,0.010300340997471014,0.010300340997471014,True
1466459159,0.8,0.8,0.3043065934485485,False
1466459184,0.8,0.5742321326523973,0.5742321326523973,True
1466459273,0.8,0.8,0.9146835276630204,False
1466459372,0.8,0.8,0.6783866910316211,False
1466459415,0.8,0.8225365097220755,0.8225365097220755,True
1466459483,0.8,0.48744275996088837,0.48744275996088837,True
1466459504,0.8,0.8,0.3080242448815729,False
1466459588,0.8,0.8,0.5093115986849809,False
1466459595,0.8,0.6684542954525587,0.6684542954525587,True
1466459673,0.8,0.8,0.5963918763371685,False
1466459726,0.8,0.36393787802118127,0.36393787802118127,True
1466459800,0.8,0.8,0.03631953854465686,False
1466459857,0.8,0.8,0.785195831325295,False
1466459887,0.8,0.5753941006341267,0.5753941006341267,True
1466459913,0.8,0.12312587865418423,0.12312587865418423,True
1466459974,0.8,0.15121583326467358,0.15121583326467358,True
1466459995,0.8,0.4179492308878521,0.4179492308878521,True
1466460001,0.8,0.9871606414947363,0.9871606414947363,True
1466460054,0.8,0.8,0.8866410486155681,False
1466460130,0.8,0.8,0.300321273372983,False
1466460215,0.8,0.8,0.9977013596970452,False
1466460252,0.8,0.3209889667780714,0.3209889667780714,True
1466460272,0.8,0.8,0.10101157775628267,False
1466460346,0.8,0.8,0.12089489645759066,False
1466460440,0.8,0.538839818901376,0.538839818901376,True
1466460461,0.8,0.5504875983984141,0.5504875983984141,True
1466460528,0.8,0.8,0.6084105162396337,False
1466460610,0.8,0.8,0.38466178016898556,False
1466460630,0.8,0.8,0.2655790720652337,False
1466460691,0.8,0.08261799239939549,0.08261799239939549,True
1466460706,0.8,0.13571499037373214,0.13571499037373214,True
1466460739,0.8,0.8,0.8892041084576141,False
1466460765,0.8,0.8,0.9470966392006207,False
1466460795,0.8,0.9758802473475473,0.9758802473475473,True
1466460877,0.8,0.8,0.01608323037205639,False
1466460973,0.8,0.8,0.6882958213491697,False
1466461009,0.8,0.8,0.14997933868823532,False
1466461027,0.8,0.8,0.3978827172710788,False
1466461032,0.8,0.8,0.8452527922478579,False
1466461096,0.8,0.8,0.7735497485360353,False
1466461169,0.8,0.8,0.1448784799921452,False
1466461256,0.8,0.3198944674300176,0.3198944674300176,True
1466461351,0.8,0.8,0.511623108318321,False
1466461451,0.8,0.6724677508572102,0.6724677508572102,True
1466461531,0.8,0.6624274295429957,0.6624274295429957,True
1466461568,0.8,0.5224776614141871,0.5224776614141871,True
1466461583,0.8,0.6798513118284191,0.6798513118284191,True
1466461647,0.8,0.8,0.9899127859993604,False
1466461703,0.8,0.8,0.09133590317562523,False
1466461794,0.8,0.36528457103163825,0.36528457103163825,True
1466461813,0.8,0.09317647243521121,0.09317647243521121,True
1466461910,0.8,0.8,0.6436461849945887,False
1466461988,0.8,0.5263121080268047,0.5263121080268047,True
1466462056,0.8,0.6786046940447472,0.6786046940447472,True
1466462101,0.8,0.9508641126029233,0.9508641126029233,True
1466462155,0.8,0.3828082304669228,0.3828082304669228,True
1466462215,0.8,0.16134456087377402,0.16134456087377402,True
1466462278,0.8,0.8,0.17007428762025167,False
1466462368,0.8,0.6290651642304967,0.6290651642304967,True
1466462412,0.8,0.8,0.7460830419723817,False
1466462512,0.8,0.9025126365155999,0.9025126365155999,True
1466462594,0.8,0.8,0.11505403472936693,False
1466462671,0.8,0.8,0.3508226781871826,False
1466462716,0.8,0.8942841875336288,0.8942841875336288,True
1466462746,0.8,0.003946885954574264,0.003946885954574264,True
1466462782,0.8,0.8,0.0157674967657756,False
1466462820,0.8,0.8,0.6127392362259471,False
1466462833,0.8,0.8,0.009097231571593256,False
1466462842,0.8,0.8,0.9004427767602674,False
1466462850,0.8,0.8,0.6158255542380094,False
1466462941,0.8,0.27921452949418757,0.27921452949418757,True
1466463026,0.8,0.8,0.49833030948482426,False
1466463117,0.8,0.8,0.8311150575545978,False
1466463139,0.8,0.8,0.2560559874089867,False
