1466410104,7.42,7.390935729328717,7.390935729328717,True
1466410114,7.42,7.42,7.38750590313887,False
1466410130,7.44,7.44,7.406293546636148,False
1466410181,7.44,7.44,7.378263296927784,False
1466410203,7.44,7.44,7.38080104845155,False
1466410250,7.44,7.430342003243049,7.430342003243049,True
1466410309,7.44,7.44,7.42099184851173,False
1466410397,7.44,7.419694686755338,7.419694686755338,True
1466410430,7.44,7.366849005381879,7.366849005381879,True
1466410469,7.44,7.44,7.4098285739831,False
1466410483,7.41,7.35790426185949,7.35790426185949,True
1466410498,7.41,7.350300188743303,7.350300188743303,True
1466410502,7.41,7.41,7.357067630358041,False
1466410532,7.41,7.41,7.405452782481022,False
1466410541,7.41,7.41,7.4224761657689955,False
1466410573,7.41,7.38593968338136,7.38593968338136,True
1466410630,7.44,7.44,7.420045289814598,False
1466410653,7.44,7.449822518127724,7.449822518127724,True
1466410746,7.44,7.37986221335323,7.37986221335323,True
1466410814,7.44,7.44,7.3950422236032,False
1466410890,7.44,7.430361778328588,7.430361778328588,True
1466410902,7.44,7.391445400364006,7.391445400364006,True
1466410978,7.39,7.39,7.409131083911174,False
1466411008,7.39,7.39,7.3603690299896485,False
1466411066,7.39,7.39,7.4495396317113896,False
1466411094,7.39,7.4419226687432785,7.4419226687432785,True
1466411157,7.39,7.395942775139875,7.395942775139875,True
1466411223,7.37,7.449823314160538,7.449823314160538,True
1466411226,7.37,7.37,7.385156708224041,False
1466411272,7.37,7.363131407482892,7.363131407482892,True
1466411303,7.37,7.411776780543704,7.411776780543704,True
1466411318,7.37,7.409696421480997,7.409696421480997,True
1466411396,7.35,7.396360767828074,7.396360767828074,True
1466411493,7.39,7.39,7.377972539946332,False
1466411549,7.43,7.4343789233397075,7.4343789233397075,True
1466411560,7.45,7.45,7.390674718292754,False
1466411626,7.45,7.45,7.445375600449254,False
1466411723,7.39,7.357468143459403,7.357468143459403,True
1466411763,7.42,7.42,7.4097341940076005,False
1466411785,7.42,7.42,7.368399226520463,False
1466411854,7.42,7.390502685513407,7.390502685513407,True
1466411889,7.42,7.42,7.3594574269556015,False
1466411988,7.39,7.449875168907925,7.449875168907925,True
1466412022,7.39,7.39,7.374031137824103,False
1466412046,7.44,7.426932940369633,7.426932940369633,True
1466412076,7.37,7.37,7.368503305662668,False
1466412152,7.37,7.37,7.422889991062271,False
1466412181,7.36,7.358383310881899,7.358383310881899,True
1466412201,7.36,7.36,7.4296378892489985,False
1466412260,7.36,7.36,7.352598198730008,False
1466412347,7.42,7.4436812810786614,7.4436812810786614,True
1466412360,7.42,7.42,7.3818967023417414,False
1466412438,7.42,7.36342780365102,7.36342780365102,True
1466412521,7.42,7.42,7.3826864072105405,False
1466412599,7.42,7.42,7.4421484158560025,False
1466412639,7.42,7.392425426405932,7.392425426405932,True
1466412691,7.45,7.45,7.430144145696537,False
1466412747,7.45,7.45,7.418714986581601,False
1466412794,7.45,7.387276888549541,7.387276888549541,True
1466412819,7.41,7.437884101642003,7.437884101642003,True
1466412832,7.41,7.440974247213145,7.440974247213145,True
1466412874,7.41,7.382159154959004,7.382159154959004,True
1466412943,7.37,7.357739910014889,7.357739910014889,True
1466412971,7.37,7.37,7.446103883098125,False
1466412990,7.37,7.418508233080515,7.418508233080515,True
1466413028,7.37,7.37,7.384299958717756,False
1466413053,7.37,7.419679157688818,7.419679157688818,True
1466413125,7.37,7.429502668063936,7.429502668063936,True
1466413200,7.39,7.39,7.390916649879809,False
1466413264,7.43,7.43,7.377350583314861,False
1466413311,7.43,7.43,7.4243472187690305,False
1466413342,7.43,7.378783925346969,7.378783925346969,True
1466413440,7.43,7.433656420084985,7.433656420084985,True
1466413458,7.43,7.43,7.418816730236801,False
1466413529,7.38,7.44526226563588,7.44526226563588,True
1466413542,7.38,7.38,7.397814744499178,False
1466413638,7.38,7.38,7.393175450346377,False
1466413672,7.36,7.36,7.362901304084449,False
1466413733,7.39,7.39,7.3856926073166305,False
1466413779,7.41,7.41,7.430078038405274,False
1466413780,7.41,7.41,7.4476189039091425,False
1466413864,7.41,7.41,7.420915332610755,False
1466413885,7.4,7.358771587936092,7.358771587936092,True
1466413946,7.4,7.4,7.361841009565821,False
1466414033,7.44,7.44,7.417104559760026,False
1466414071,7.44,7.44,7.37172821464379,False
1466414164,7.38,7.350031933430861,7.350031933430861,True
1466414225,7.38,7.38,7.375816694027751,False
1466414312,7.43,7.43,7.3677162193384005,False
1466414325,7.39,7.39,7.391672310802226,False
1466414328,7.43,7.43,7.448984804662825,False
1466414329,7.43,7.43,7.410273284586889,False
1466414402,7.45,7.381230662972327,7.381230662972327,True
1466414407,7.45,7.435610581751683,7.435610581751683,True
1466414413,7.4,7.367308541502019,7.367308541502019,True
1466414460,7.4,7.371923517591292,7.371923517591292,True
1466414552,7.4,7.4,7.4300898660712,False
1466414602,7.4,7.370273167465818,7.370273167465818,True
1466414662,7.4,7.418274412291448,7.418274412291448,True
1466414746,7.4,7.440960769556991,7.440960769556991,True
1466414844,7.4,7.3696288817819084,7.3696288817819084,True
1466414943,7.4,7.434303924292629,7.434303924292629,True
1466414946,7.42,7.42,7.444038379025972,False
1466414966,7.42,7.4059375942871455,7.4059375942871455,True
1466415038,7.45,7.374337696229827,7.374337696229827,True
1466415106,7.45,7.438047047697606,7.438047047697606,True
1466415130,7.39,7.396494023465395,7.396494023465395,True
1466415145,7.39,7.394741044180884,7.394741044180884,True
1466415202,7.39,7.39,7.370793790131125,False
1466415239,7.39,7.43712010674804,7.43712010674804,True
1466415249,7.38,7.381739618490979,7.381739618490979,True
1466415308,7.38,7.431143422985195,7.431143422985195,True
1466415357,7.42,7.42,7.444425285490108,False
1466415404,7.4,7.3751278130091995,7.3751278130091995,True
1466415469,7.4,7.379344302905331,7.379344302905331,True
1466415548,7.4,7.408471154643848,7.408471154643848,True
1466415588,7.4,7.365414958980635,7.365414958980635,True
1466415627,7.4,7.423577090953148,7.423577090953148,True
1466415719,7.4,7.365252552030837,7.365252552030837,True
1466415767,7.4,7.4228361958107065,7.4228361958107065,True
1466415860,7.4,7.363978022783727,7.363978022783727,True
1466415872,7.4,7.435355914071134,7.435355914071134,True
1466415914,7.4,7.4,7.401991260404824,False
1466415934,7.38,7.38,7.436673222595762,False
1466415988,7.38,7.38,7.396323888300724,False
1466416004,7.4,7.37953314188986,7.37953314188986,True
1466416050,7.4,7.4,7.392948368856912,False
1466416150,7.39,7.39,7.391259432057353,False
1466416161,7.39,7.353681490111783,7.353681490111783,True
1466416215,7.41,7.3678891197677565,7.3678891197677565,True
1466416315,7.36,7.413767050314309,7.413767050314309,True
1466416321,7.4,7.4474864790832305,7.4474864790832305,True
1466416393,7.4,7.4,7.42856358368778,False
1466416440,7.4,7.4,7.352963130605926,False
1466416510,7.4,7.362730274823557,7.362730274823557,True
1466416541,7.37,7.37,7.4468685184446946,False
1466416631,7.38,7.38,7.367419610782252,False
1466416671,7.43,7.43,7.399836419658188,False
1466416725,7.43,7.404671054611465,7.404671054611465,True
1466416815,7.36,7.407054239029173,7.407054239029173,True
1466416867,7.36,7.36,7.419632200882352,False
1466416933,7.35,7.3599729387353925,7.3599729387353925,True
1466416963,7.43,7.43,7.371085496576199,False
1466417034,7.41,7.445761441241098,7.445761441241098,True
1466417069,7.41,7.41,7.411641986148748,False
1466417095,7.42,7.42,7.3979989148829866,False
1466417123,7.42,7.42,7.435140630270514,False
1466417219,7.42,7.42,7.422021442666193,False
1466417228,7.42,7.42,7.350002464010488,False
1466417235,7.42,7.372825006642273,7.372825006642273,True
1466417266,7.42,7.4362812338185575,7.4362812338185575,True
1466417298,7.36,7.36,7.442901340846359,False
1466417382,7.36,7.36,7.417678980958046,False
1466417429,7.36,7.364564287750762,7.364564287750762,True
1466417434,7.36,7.36,7.379128638187957,False
1466417513,7.45,7.45,7.384372862855321,False
1466417598,7.38,7.400877720318381,7.400877720318381,True
1466417615,7.38,7.38,7.441043392246369,False
1466417654,7.38,7.38,7.429332529927559,False
1466417749,7.38,7.366462722874975,7.366462722874975,True
1466417763,7.38,7.447398250226146,7.447398250226146,True
1466417822,7.38,7.38,7.370120947390933,False
1466417851,7.38,7.39794346178886,7.39794346178886,True
1466417855,7.41,7.360533782048714,7.360533782048714,True
1466417879,7.41,7.36734451121657,7.36734451121657,True
1466417895,7.41,7.41,7.378069605627677,False
1466417969,7.38,7.377361103266547,7.377361103266547,True
1466418049,7.38,7.38,7.381778545741947,False
1466418118,7.44,7.44,7.448187273785541,False
1466418129,7.39,7.391860333091832,7.391860333091832,True
1466418179,7.39,7.408447994240967,7.408447994240967,True
1466418254,7.39,7.409287947383943,7.409287947383943,True
1466418332,7.39,7.39,7.445343782910789,False
1466418428,7.39,7.39,7.360367577553607,False
1466418494,7.39,7.39,7.408347315338057,False
1466418554,7.39,7.39,7.4228906147465805,False
1466418563,7.37,7.4373506138075385,7.4373506138075385,True
1466418564,7.37,7.37,7.436279221859989,False
1466418594,7.37,7.374879013308531,7.374879013308531,True
1466418674,7.37,7.37,7.448425012953806,False
1466418748,7.37,7.37,7.3857400492026795,False
1466418847,7.37,7.37,7.431038561117115,False
1466418877,7.39,7.39,7.3926843904425645,False
1466418917,7.35,7.356882955560387,7.356882955560387,True
1466418938,7.41,7.41,7.410305884969301,False
1466419031,7.41,7.41,7.383564194484137,False
1466419058,7.42,7.368973205220727,7.368973205220727,True
1466419104,7.42,7.42,7.417503027881786,False
1466419166,7.36,7.36,7.362054906815036,False
1466419261,7.36,7.36,7.445067659664613,False
1466419349,7.41,7.41,7.362802518217173,False
1466419442,7.41,7.41,7.39701422291402,False
1466419530,7.41,7.417307941307144,7.417307941307144,True
1466419595,7.36,7.438106007454055,7.438106007454055,True
1466419646,7.39,7.409175641169664,7.409175641169664,True
1466419737,7.38,7.41125396627577,7.41125396627577,True
1466419826,7.36,7.4369762543556845,7.4369762543556845,True
1466419880,7.36,7.36,7.355920955487324,False
1466419911,7.43,7.43,7.3504663922241615,False
1466419938,7.43,7.43,7.358661385879525,False
1466420016,7.43,7.43,7.373020883035361,False
1466420019,7.43,7.43,7.363715160777505,False
1466420108,7.43,7.36964697804301,7.36964697804301,True
1466420205,7.43,7.366835469922354,7.366835469922354,True
1466420228,7.39,7.431569329116078,7.431569329116078,True
1466420257,7.39,7.39,7.419856161300636,False
1466420270,7.43,7.419929198331012,7.419929198331012,True
1466420296,7.43,7.43,7.44564907408865,False
1466420331,7.35,7.365669730781781,7.365669730781781,True
1466420407,7.35,7.35,7.351466189815137,False
1466420430,7.35,7.35,7.387917962269931,False
1466420453,7.35,7.35,7.406699378567194,False
1466420474,7.35,7.35,7.360792467283859,False
1466420566,7.4,7.401231258644635,7.401231258644635,True
1466420579,7.4,7.409851161013326,7.409851161013326,True
1466420618,7.4,7.42313009139233,7.42313009139233,True
1466420624,7.4,7.444472587724888,7.444472587724888,True
1466420643,7.4,7.3946159091508274,7.3946159091508274,True
1466420695,7.4,7.4,7.383582265936115,False
1466420788,7.4,7.436949210595745,7.436949210595745,True
1466420863,7.4,7.441225859623433,7.441225859623433,True
1466420947,7.42,7.401569075794533,7.401569075794533,True
1466421003,7.42,7.42,7.438766640154618,False
1466421032,7.42,7.429576973294911,7.429576973294911,True
1466421050,7.42,7.401397518176983,7.401397518176983,True
1466421116,7.42,7.430754646710859,7.430754646710859,True
1466421208,7.42,7.407671476228779,7.407671476228779,True
1466421234,7.42,7.385476773990361,7.385476773990361,True
1466421262,7.42,7.42,7.367322550683046,False
1466421353,7.42,7.405430792395872,7.405430792395872,True
1466421360,7.42,7.350568368282144,7.350568368282144,True
1466421392,7.42,7.39875306041599,7.39875306041599,True
1466421480,7.35,7.35,7.438325409025858,False
1466421530,7.35,7.35,7.366418891512059,False
1466421547,7.35,7.35,7.407365161797881,False
1466421591,7.35,7.35,7.365078373067246,False
1466421633,7.38,7.38,7.430908412963946,False
1466421636,7.38,7.358825345488735,7.358825345488735,True
1466421670,7.36,7.370766343350622,7.370766343350622,True
1466421695,7.36,7.36,7.353907504609919,False
1466421721,7.38,7.38,7.427761381666039,False
1466421804,7.38,7.38,7.3970759563628325,False
1466421819,7.44,7.44,7.396137202789618,False
1466421862,7.44,7.364539485266462,7.364539485266462,True
1466421885,7.38,7.38,7.445448419111476,False
1466421936,7.38,7.38,7.362705924138558,False
1466422012,7.38,7.38,7.37515480441314,False
1466422044,7.42,7.42,7.38334960371043,False
1466422045,7.42,7.42,7.426327312400619,False
1466422137,7.44,7.374421173652241,7.374421173652241,True
1466422162,7.44,7.44,7.438826996891808,False
1466422189,7.42,7.42,7.3895182334913985,False
1466422197,7.4,7.42171897213163,7.42171897213163,True
1466422264,7.38,7.366743047310686,7.366743047310686,True
1466422330,7.38,7.38,7.365684079544565,False
1466422378,7.44,7.44,7.417783155868293,False
1466422432,7.36,7.36,7.412044597174982,False
1466422488,7.36,7.436605655961786,7.436605655961786,True
1466422577,7.36,7.360802126768188,7.360802126768188,True
1466422628,7.36,7.36,7.388657461352891,False
1466422638,7.36,7.394284048571267,7.394284048571267,True
1466422666,7.36,7.416613917845481,7.416613917845481,True
1466422706,7.36,7.36,7.375604083706668,False
1466422731,7.36,7.36,7.391556690110673,False
1466422804,7.39,7.377244471067587,7.377244471067587,True
1466422866,7.39,7.39,7.420545530037759,False
1466422873,7.39,7.39,7.4160850763426485,False
1466422895,7.39,7.39,7.3718749503655046,False
1466422953,7.39,7.39,7.378250079099172,False
1466422973,7.39,7.410228708700099,7.410228708700099,True
1466423017,7.39,7.39,7.44806440145716,False
1466423051,7.43,7.43,7.424073167766476,False
1466423099,7.43,7.43,7.433682458226475,False
1466423150,7.43,7.3899689281017595,7.3899689281017595,True
1466423155,7.43,7.43,7.380526930863167,False
1466423168,7.43,7.43,7.377879680185008,False
1466423205,7.43,7.43,7.359775913111693,False
1466423275,7.41,7.41,7.43212165025126,False
1466423287,7.41,7.41,7.358408149026057,False
1466423336,7.41,7.3719778728761165,7.3719778728761165,True
1466423340,7.41,7.420938518733927,7.420938518733927,True
1466423355,7.41,7.3613823914453205,7.3613823914453205,True
1466423443,7.41,7.41,7.4381572069143775,False
1466423499,7.35,7.406302353944839,7.406302353944839,True
1466423585,7.36,7.36,7.403929662742998,False
1466423612,7.36,7.401226960418888,7.401226960418888,True
1466423669,7.36,7.42420022948195,7.42420022948195,True
1466423705,7.36,7.36,7.443370418935128,False
1466423770,7.36,7.36,7.389974724729903,False
1466423844,7.43,7.43,7.4285305942385325,False
1466423902,7.43,7.374828643628548,7.374828643628548,True
1466423913,7.43,7.43,7.438036593261587,False
1466423972,7.43,7.43,7.44811222428204,False
1466424014,7.42,7.42,7.3894173647087555,False
1466424069,7.39,7.373557040342055,7.373557040342055,True
1466424154,7.38,7.424046490042425,7.424046490042425,True
1466424155,7.36,7.36,7.406471131540319,False
1466424169,7.36,7.35534820216013,7.35534820216013,True
1466424262,7.36,7.423253165905453,7.423253165905453,True
1466424339,7.36,7.36,7.3727001254725,False
1466424398,7.36,7.369826721465967,7.369826721465967,True
1466424497,7.37,7.410564885528107,7.410564885528107,True
1466424558,7.38,7.38,7.368313565909531,False
1466424613,7.38,7.359004317815056,7.359004317815056,True
1466424713,7.38,7.386393356713471,7.386393356713471,True
1466424804,7.38,7.38,7.414916257613768,False
1466424878,7.38,7.419124739565711,7.419124739565711,True
1466424924,7.38,7.38,7.427891376598426,False
1466425009,7.35,7.427150159849362,7.427150159849362,True
1466425106,7.35,7.35,7.410565270305687,False
1466425129,7.41,7.367162825717588,7.367162825717588,True
1466425179,7.41,7.359927548071212,7.359927548071212,True
1466425257,7.42,7.438012039515243,7.438012039515243,True
1466425262,7.42,7.42,7.447289322285727,False
1466425305,7.42,7.42,7.402370843151079,False
1466425331,7.39,7.39,7.442302327918269,False
1466425338,7.42,7.412842078167953,7.412842078167953,True
1466425377,7.42,7.4090752009938186,7.4090752009938186,True
1466425380,7.42,7.421956397855654,7.421956397855654,True
1466425417,7.42,7.358642849754063,7.358642849754063,True
1466425484,7.42,7.375573967502993,7.375573967502993,True
1466425517,7.44,7.396354750710736,7.396354750710736,True
1466425553,7.44,7.368113900589799,7.368113900589799,True
1466425640,7.44,7.44,7.36936346551916,False
1466425687,7.44,7.420041260617442,7.420041260617442,True
1466425711,7.44,7.368543659662106,7.368543659662106,True
1466425768,7.44,7.44,7.390069147200574,False
1466425811,7.44,7.411140949971914,7.411140949971914,True
1466425856,7.44,7.396064454018251,7.396064454018251,True
1466425869,7.37,7.367987277986263,7.367987277986263,True
1466425884,7.37,7.431411963394418,7.431411963394418,True
1466425962,7.37,7.438104685882058,7.438104685882058,True
1466425974,7.37,7.37,7.402527444396725,False
1466426016,7.37,7.445224477039993,7.445224477039993,True
1466426024,7.37,7.410366958340786,7.410366958340786,True
1466426034,7.44,7.44,7.430950794137901,False
1466426130,7.43,7.442040618011131,7.442040618011131,True
1466426189,7.38,7.3504898303608925,7.3504898303608925,True
1466426198,7.38,7.38,7.35204827382229,False
1466426280,7.38,7.38,7.386464734232638,False
1466426298,7.38,7.38,7.357898062610542,False
1466426380,7.38,7.38,7.440423231903021,False
1466426420,7.38,7.418929275936787,7.418929275936787,True
1466426509,7.35,7.3922284432564425,7.3922284432564425,True
1466426521,7.35,7.404814749027717,7.404814749027717,True
1466426535,7.41,7.404477865467872,7.404477865467872,True
1466426563,7.41,7.41,7.424799938337556,False
1466426620,7.44,7.38351006976372,7.38351006976372,True
1466426694,7.44,7.44,7.379151218940963,False
1466426764,7.44,7.44,7.408726625009067,False
1466426778,7.44,7.44,7.351926215518544,False
1466426866,7.44,7.440090784099339,7.440090784099339,True
1466426938,7.44,7.436687496925935,7.436687496925935,True
1466427022,7.44,7.44,7.447107774327168,False
1466427059,7.44,7.44,7.379810304109535,False
1466427125,7.44,7.44,7.418990436096605,False
1466427204,7.4,7.401961789106447,7.401961789106447,True
1466427240,7.35,7.387449573431166,7.387449573431166,True
1466427317,7.4,7.4,7.390524770099996,False
1466427319,7.4,7.4,7.369138599968735,False
1466427331,7.4,7.4,7.447290063394443,False
1466427425,7.43,7.43,7.422838540181454,False
1466427458,7.41,7.41,7.419006156209633,False
1466427495,7.39,7.39,7.424926599859676,False
1466427543,7.39,7.375384961905257,7.375384961905257,True
1466427625,7.39,7.385477511623492,7.385477511623492,True
1466427663,7.39,7.39,7.424008299526987,False
1466427672,7.39,7.39,7.355769566447342,False
1466427684,7.39,7.39,7.4368638959801,False
1466427739,7.39,7.39,7.389665503619994,False
1466427769,7.39,7.39,7.445538834304167,False
1466427775,7.39,7.406351553698174,7.406351553698174,True
1466427820,7.39,7.367236032231926,7.367236032231926,True
1466427837,7.38,7.38,7.3850703772490425,False
1466427846,7.38,7.435364360252032,7.435364360252032,True
1466427904,7.38,7.38,7.374178603137374,False
1466427997,7.38,7.38,7.383488227524604,False
1466428027,7.38,7.4270066338172045,7.4270066338172045,True
1466428114,7.38,7.3585227026443345,7.3585227026443345,True
1466428212,7.38,7.38,7.3584031357904305,False
1466428294,7.38,7.38,7.370165965274692,False
1466428321,7.38,7.383891950009537,7.383891950009537,True
1466428340,7.38,7.38,7.397109406687681,False
1466428378,7.36,7.387403730344316,7.387403730344316,True
1466428463,7.43,7.410743594487466,7.410743594487466,True
1466428551,7.43,7.43,7.375825442430285,False
1466428575,7.43,7.43,7.438956628614048,False
1466428593,7.39,7.372031284419492,7.372031284419492,True
1466428682,7.44,7.44,7.384291376896815,False
1466428699,7.44,7.426582204230628,7.426582204230628,True
1466428719,7.37,7.37,7.41143886423222,False
1466428819,7.38,7.370112126553281,7.370112126553281,True
1466428850,7.38,7.38,7.444424931737098,False
1466428884,7.38,7.440109204672072,7.440109204672072,True
1466428973,7.44,7.4423466267662,7.4423466267662,True
1466429006,7.44,7.44,7.36252363552745,False
1466429026,7.44,7.44,7.363351340503197,False
1466429066,7.44,7.44,7.366070252100508,False
1466429072,7.39,7.377652837008405,7.377652837008405,True
1466429103,7.39,7.39,7.392149182415207,False
1466429110,7.39,7.39,7.366483051527065,False
1466429123,7.43,7.43,7.432894816975196,False
1466429168,7.43,7.357986050486745,7.357986050486745,True
1466429182,7.43,7.43,7.429639177954864,False
1466429184,7.43,7.411380329761551,7.411380329761551,True
1466429197,7.43,7.449414843898287,7.449414843898287,True
1466429280,7.43,7.43,7.409314671592004,False
1466429378,7.43,7.43,7.438198085322318,False
1466429450,7.42,7.425227566052388,7.425227566052388,True
1466429455,7.36,7.36,7.38946650706648,False
1466429510,7.37,7.399154998391474,7.399154998391474,True
1466429565,7.43,7.43,7.40510763022134,False
1466429566,7.43,7.35751904691524,7.35751904691524,True
1466429592,7.35,7.4379848268895765,7.4379848268895765,True
1466429623,7.35,7.35,7.399651702624825,False
1466429691,7.41,7.41,7.416649613707194,False
1466429733,7.41,7.41,7.356191324688736,False
1466429803,7.41,7.43133043993319,7.43133043993319,True
1466429832,7.35,7.35,7.439812352684215,False
1466429905,7.44,7.44,7.406864299745375,False
1466429997,7.44,7.434849402059331,7.434849402059331,True
1466430050,7.44,7.44,7.446787355996362,False
1466430088,7.44,7.44,7.4322780155564585,False
1466430174,7.42,7.368625740731274,7.368625740731274,True
1466430247,7.39,7.39,7.370351664374803,False
1466430344,7.38,7.38,7.422212864098946,False
1466430375,7.39,7.39,7.411015096864955,False
1466430400,7.39,7.39,7.411881390351138,False
1466430457,7.39,7.36230214745246,7.36230214745246,True
1466430483,7.39,7.409909280152122,7.409909280152122,True
1466430517,7.39,7.39,7.37452130469889,False
1466430524,7.39,7.356549828665702,7.356549828665702,True
1466430592,7.39,7.438536738104531,7.438536738104531,True
1466430616,7.37,7.448999181833961,7.448999181833961,True
1466430631,7.37,7.400984783515967,7.400984783515967,True
1466430680,7.35,7.35,7.399674107405269,False
1466430734,7.39,7.412232513664131,7.412232513664131,True
1466430790,7.39,7.39,7.412460553350865,False
1466430815,7.36,7.36,7.3509835380066155,False
1466430895,7.38,7.38,7.359065670343781,False
1466430916,7.38,7.431000698916147,7.431000698916147,True
1466430929,7.4,7.424225936345552,7.424225936345552,True
1466430936,7.4,7.4,7.36681312180943,False
1466431009,7.4,7.391756396513491,7.391756396513491,True
1466431036,7.4,7.428256625581883,7.428256625581883,True
1466431055,7.4,7.4,7.414315247677875,False
1466431145,7.4,7.3762673652245585,7.3762673652245585,True
1466431218,7.4,7.364636406870657,7.364636406870657,True
1466431290,7.4,7.4,7.425520062772376,False
1466431324,7.4,7.4,7.352707885534977,False
1466431400,7.4,7.4,7.449675718032173,False
1466431450,7.4,7.426365494793614,7.426365494793614,True
1466431526,7.4,7.4,7.386777668818745,False
1466431589,7.4,7.404643982747103,7.404643982747103,True
1466431661,7.42,7.42,7.381369835023367,False
1466431760,7.42,7.434729413274137,7.434729413274137,True
1466431796,7.38,7.38,7.447496659508326,False
1466431848,7.36,7.36,7.394100102949528,False
1466431879,7.36,7.36,7.4407113297420215,False
1466431954,7.36,7.439763377370914,7.439763377370914,True
1466431958,7.36,7.36,7.365177483749027,False
1466432002,7.39,7.364783141631283,7.364783141631283,True
1466432101,7.39,7.39,7.390608715928661,False
1466432177,7.41,7.396775111176756,7.396775111176756,True
1466432194,7.38,7.38,7.438220249171948,False
1466432237,7.38,7.368816243831236,7.368816243831236,True
1466432280,7.38,7.359796909263749,7.359796909263749,True
1466432373,7.38,7.389684355327328,7.389684355327328,True
1466432389,7.38,7.3586060480840665,7.3586060480840665,True
1466432415,7.38,7.38,7.390708272882964,False
1466432417,7.38,7.38,7.446539485872986,False
1466432506,7.38,7.38,7.358310521470236,False
1466432569,7.38,7.395479556521012,7.395479556521012,True
1466432577,7.38,7.44754151995801,7.44754151995801,True
1466432670,7.38,7.429309482807211,7.429309482807211,True
1466432706,7.43,7.43,7.440998603600775,False
1466432804,7.43,7.394990016671442,7.394990016671442,True
1466432853,7.37,7.37,7.39489016239003,False
1466432947,7.37,7.409059805278637,7.409059805278637,True
1466433040,7.37,7.353421079708382,7.353421079708382,True
1466433128,7.37,7.383579815383537,7.383579815383537,True
1466433145,7.37,7.37,7.397393697830938,False
1466433195,7.41,7.40237218993855,7.40237218993855,True
1466433289,7.41,7.41,7.406150559130087,False
1466433375,7.41,7.368040162052091,7.368040162052091,True
1466433427,7.41,7.37052915008061,7.37052915008061,True
1466433478,7.43,7.371067405177083,7.371067405177083,True
1466433517,7.43,7.3663154302551455,7.3663154302551455,True
1466433615,7.43,7.43,7.394744267680262,False
1466433672,7.43,7.43,7.37229113368243,False
1466433762,7.43,7.37181383898394,7.37181383898394,True
1466433809,7.43,7.399321128948319,7.399321128948319,True
1466433873,7.43,7.4170024317242085,7.4170024317242085,True
1466433910,7.43,7.43,7.443958542520005,False
1466433994,7.43,7.43,7.403812737205969,False
1466434003,7.43,7.359560482998,7.359560482998,True
1466434045,7.43,7.43,7.40994278812474,False
1466434096,7.39,7.39,7.392136182414444,False
1466434173,7.42,7.370583130625049,7.370583130625049,True
1466434199,7.42,7.42,7.430004353282123,False
1466434224,7.42,7.380266150752377,7.380266150752377,True
1466434308,7.38,7.409304128819254,7.409304128819254,True
1466434359,7.38,7.38,7.424573278607712,False
1466434371,7.38,7.400820630899858,7.400820630899858,True
1466434457,7.38,7.38,7.3587644852673995,False
1466434498,7.38,7.38,7.38142242303911,False
1466434552,7.42,7.42,7.392356397604983,False
1466434622,7.42,7.444138500121313,7.444138500121313,True
1466434691,7.43,7.419917894671112,7.419917894671112,True
1466434718,7.37,7.391149259242395,7.391149259242395,True
1466434727,7.37,7.366163129402318,7.366163129402318,True
1466434815,7.38,7.38,7.364571135118489,False
1466434892,7.38,7.415888623269892,7.415888623269892,True
1466434915,7.38,7.4387021339223365,7.4387021339223365,True
1466434946,7.42,7.42,7.391818323980835,False
1466434988,7.36,7.36,7.417137148931188,False
1466435020,7.36,7.3779616164627635,7.3779616164627635,True
1466435090,7.38,7.355371051667517,7.355371051667517,True
1466435099,7.38,7.38,7.407477945446283,False
1466435145,7.38,7.38,7.447229837935611,False
1466435186,7.38,7.38,7.351142825594438,False
1466435246,7.44,7.44,7.420286068456563,False
1466435284,7.4,7.418933519126209,7.418933519126209,True
1466435327,7.37,7.37,7.380077993146355,False
1466435369,7.4,7.4,7.351389537067714,False
1466435408,7.41,7.41,7.419021794275175,False
1466435468,7.45,7.45,7.362452594087838,False
1466435486,7.45,7.45,7.411129716314891,False
1466435555,7.45,7.427885798589576,7.427885798589576,True
1466435624,7.41,7.3520028334466865,7.3520028334466865,True
1466435659,7.41,7.404980886851767,7.404980886851767,True
1466435682,7.41,7.352666871125062,7.352666871125062,True
1466435712,7.41,7.389811760191275,7.389811760191275,True
1466435794,7.41,7.369357250983183,7.369357250983183,True
1466435878,7.41,7.41,7.421674448779458,False
1466435904,7.41,7.404999772577462,7.404999772577462,True
1466435971,7.36,7.36,7.364491717654675,False
1466436041,7.36,7.36,7.39193623370811,False
1466436059,7.36,7.390631368119728,7.390631368119728,True
1466436093,7.36,7.374411195801934,7.374411195801934,True
1466436178,7.35,7.35,7.362914193582796,False
1466436230,7.35,7.431631786097906,7.431631786097906,True
1466436280,7.41,7.41,7.356368296768116,False
1466436332,7.37,7.37,7.40665369627872,False
1466436333,7.38,7.353862466447038,7.353862466447038,True
1466436431,7.38,7.38,7.400284806400615,False
1466436520,7.38,7.38,7.385411932900694,False
1466436572,7.4,7.4,7.430368590749217,False
1466436647,7.35,7.40993288547752,7.40993288547752,True
1466436655,7.36,7.396021978969201,7.396021978969201,True
1466436727,7.36,7.405420856755699,7.405420856755699,True
1466436793,7.44,7.361655064231081,7.361655064231081,True
1466436879,7.43,7.43,7.420372618360597,False
1466436880,7.43,7.3905431173955165,7.3905431173955165,True
1466436939,7.43,7.361225237209115,7.361225237209115,True
1466437015,7.38,7.38,7.434070801746363,False
1466437048,7.35,7.35,7.373713374835656,False
1466437088,7.35,7.35,7.354630979694922,False
1466437105,7.38,7.396883744211154,7.396883744211154,True
1466437122,7.38,7.37982277805312,7.37982277805312,True
1466437160,7.38,7.41674423293932,7.41674423293932,True
1466437232,7.38,7.38,7.4010974848460105,False
1466437321,7.38,7.38125851587656,7.38125851587656,True
1466437335,7.38,7.38,7.4179175693593615,False
1466437358,7.37,7.411739210692578,7.411739210692578,True
1466437441,7.37,7.37,7.429242286128059,False
1466437480,7.37,7.365901062026918,7.365901062026918,True
1466437561,7.37,7.362677443643532,7.362677443643532,True
1466437653,7.37,7.4261472628280325,7.4261472628280325,True
1466437709,7.4,7.405144965723898,7.405144965723898,True
1466437798,7.4,7.374694778490129,7.374694778490129,True
1466437869,7.42,7.408401597757589,7.408401597757589,True
1466437952,7.36,7.36,7.392507748326744,False
1466438037,7.36,7.36,7.397896170396214,False
1466438054,7.36,7.390712581578172,7.390712581578172,True
1466438056,7.44,7.365615626940355,7.365615626940355,True
1466438136,7.42,7.42,7.436977071606226,False
1466438234,7.43,7.43,7.431907813851478,False
1466438261,7.43,7.371074087842474,7.371074087842474,True
1466438348,7.43,7.359778653613171,7.359778653613171,True
1466438407,7.43,7.424872928065743,7.424872928065743,True
1466438422,7.43,7.43,7.412778837158001,False
1466438476,7.43,7.43,7.402649414983394,False
1466438571,7.41,7.446657734591121,7.446657734591121,True
1466438612,7.41,7.41,7.3550367234625895,False
1466438620,7.41,7.41,7.38604270473692,False
1466438698,7.41,7.41,7.398111376619863,False
1466438747,7.41,7.432857151875694,7.432857151875694,True
1466438795,7.4,7.368022881129552,7.368022881129552,True
1466438810,7.36,7.373729072628457,7.373729072628457,True
1466438888,7.37,7.37,7.437562186329985,False
1466438975,7.4,7.42740478395081,7.42740478395081,True
1466439000,7.4,7.4,7.42510502760028,False
1466439092,7.38,7.394192181511375,7.394192181511375,True
1466439150,7.38,7.38,7.418438789759901,False
1466439229,7.38,7.38,7.389098468953104,False
1466439279,7.38,7.38,7.358297668543663,False
1466439328,7.38,7.38,7.410147636329677,False
1466439351,7.36,7.36,7.422966361387039,False
1466439447,7.36,7.387565339416231,7.387565339416231,True
1466439466,7.37,7.37,7.425679221837113,False
1466439480,7.4,7.4,7.355866450791812,False
1466439560,7.4,7.4,7.42167433212651,False
1466439600,7.4,7.4,7.441018463744181,False
1466439645,7.43,7.418362966652392,7.418362966652392,True
1466439729,7.43,7.39141698355016,7.39141698355016,True
1466439772,7.38,7.38480404304296,7.38480404304296,True
1466439827,7.38,7.428637162791506,7.428637162791506,True
1466439849,7.38,7.38,7.444519914056864,False
1466439910,7.38,7.38,7.444767334554472,False
1466439990,7.37,7.37,7.442165996547189,False
1466440005,7.37,7.425475637030837,7.425475637030837,True
1466440006,7.45,7.3985637822822925,7.3985637822822925,True
1466440045,7.45,7.4340352453131,7.4340352453131,True
1466440066,7.45,7.45,7.405502213328228,False
1466440154,7.39,7.356447291050049,7.356447291050049,True
1466440214,7.45,7.356387912241432,7.356387912241432,True
1466440226,7.45,7.369464035672935,7.369464035672935,True
1466440304,7.45,7.432127376241371,7.432127376241371,True
1466440385,7.36,7.444535207941389,7.444535207941389,True
1466440451,7.44,7.371174122146895,7.371174122146895,True
1466440521,7.36,7.36,7.373314529229787,False
1466440581,7.36,7.36,7.388351298376651,False
1466440674,7.44,7.44,7.434971374054591,False
1466440727,7.44,7.443668252544672,7.443668252544672,True
1466440821,7.42,7.367453180211083,7.367453180211083,True
1466440827,7.42,7.42,7.449688499314826,False
1466440897,7.42,7.403678130370954,7.403678130370954,True
1466440923,7.42,7.42,7.403474028697903,False
1466441012,7.42,7.386551039626103,7.386551039626103,True
1466441049,7.42,7.42,7.4080289393659005,False
1466441147,7.42,7.42,7.390041959616745,False
1466441213,7.42,7.42,7.377242273214027,False
1466441311,7.42,7.42615038198231,7.42615038198231,True
1466441318,7.44,7.44,7.3761116016024095,False
1466441418,7.38,7.435192978655672,7.435192978655672,True
1466441510,7.38,7.388626381826116,7.388626381826116,True
1466441541,7.37,7.37,7.4121608923688305,False
1466441579,7.37,7.37,7.42930588264614,False
1466441630,7.37,7.427623653660087,7.427623653660087,True
1466441714,7.37,7.37,7.378308424703946,False
1466441724,7.37,7.37,7.404860076883019,False
1466441741,7.4,7.4,7.389584887894174,False
1466441822,7.39,7.39,7.366072696900585,False
1466441883,7.39,7.369762775099854,7.369762775099854,True
1466441934,7.39,7.408703102928082,7.408703102928082,True
1466441947,7.45,7.45,7.447841307982521,False
1466442046,7.45,7.45,7.445272987286971,False
1466442137,7.45,7.357122163337385,7.357122163337385,True
1466442175,7.42,7.42,7.449786359572279,False
1466442216,7.39,7.409721694309735,7.409721694309735,True
1466442284,7.39,7.39,7.42655265987951,False
1466442332,7.39,7.39,7.417988441842904,False
1466442358,7.35,7.35,7.440042716895858,False
1466442362,7.42,7.446593139661946,7.446593139661946,True
1466442439,7.41,7.373537171865055,7.373537171865055,True
1466442490,7.41,7.372289954509761,7.372289954509761,True
1466442498,7.41,7.398869466545924,7.398869466545924,True
1466442508,7.41,7.41,7.357829464113094,False
1466442518,7.39,7.39,7.421319020157086,False
1466442556,7.39,7.39,7.4381533998671,False
1466442656,7.39,7.39,7.406345794862475,False
1466442662,7.38,7.38,7.385817335382327,False
1466442703,7.39,7.376311753655506,7.376311753655506,True
1466442768,7.44,7.44,7.388550493137896,False
1466442788,7.36,7.3640750252076295,7.3640750252076295,True
1466442886,7.36,7.36,7.442984429188457,False
1466442980,7.39,7.39,7.353545677444778,False
1466443000,7.39,7.39,7.3645962914133785,False
1466443029,7.44,7.405195594289971,7.405195594289971,True
1466443038,7.37,7.37,7.360406616737048,False
1466443089,7.37,7.423136787366146,7.423136787366146,True
1466443162,7.45,7.45,7.381912153684008,False
1466443201,7.45,7.45,7.405804162863793,False
1466443219,7.36,7.374721013650016,7.374721013650016,True
1466443263,7.38,7.38,7.412996856415702,False
1466443350,7.38,7.418794926756826,7.418794926756826,True
1466443373,7.38,7.38,7.417888141697685,False
1466443392,7.38,7.410770261896304,7.410770261896304,True
1466443402,7.36,7.406394460113516,7.406394460113516,True
1466443486,7.36,7.356086824743321,7.356086824743321,True
1466443511,7.43,7.362531756033157,7.362531756033157,True
1466443584,7.43,7.43,7.380712486524545,False
1466443677,7.43,7.43837270668077,7.43837270668077,True
1466443725,7.38,7.3911761597947665,7.3911761597947665,True
1466443727,7.38,7.3928568137186454,7.3928568137186454,True
1466443750,7.38,7.369416322018604,7.369416322018604,True
1466443761,7.38,7.38,7.4029124301352915,False
1466443808,7.38,7.38,7.398960020425667,False
1466443861,7.38,7.386635918427083,7.386635918427083,True
1466443929,7.38,7.443060107311912,7.443060107311912,True
1466443986,7.38,7.444250715911052,7.444250715911052,True
1466444043,7.44,7.39149360551569,7.39149360551569,True
1466444110,7.44,7.367831907963078,7.367831907963078,True
1466444192,7.44,7.371395311350019,7.371395311350019,True
1466444287,7.37,7.436466526224292,7.436466526224292,True
1466444294,7.37,7.449914263889709,7.449914263889709,True
1466444366,7.42,7.392437123764066,7.392437123764066,True
1466444466,7.42,7.407545467912475,7.407545467912475,True
1466444505,7.42,7.42,7.4318300324748625,False
1466444556,7.42,7.42,7.417575262111167,False
1466444624,7.42,7.417129871739045,7.417129871739045,True
1466444663,7.42,7.42,7.404416198267769,False
1466444685,7.42,7.392556358977749,7.392556358977749,True
1466444756,7.42,7.354714248550218,7.354714248550218,True
1466444781,7.42,7.42,7.395836454029039,False
1466444840,7.42,7.42,7.42843795611927,False
1466444854,7.42,7.418859456234758,7.418859456234758,True
1466444860,7.42,7.358390239983626,7.358390239983626,True
1466444959,7.42,7.42,7.415321259871404,False
1466445058,7.37,7.387832421964374,7.387832421964374,True
1466445107,7.37,7.3998399359576545,7.3998399359576545,True
1466445165,7.37,7.37,7.436494974457426,False
1466445170,7.37,7.443126247397189,7.443126247397189,True
1466445173,7.36,7.447333883584447,7.447333883584447,True
1466445247,7.36,7.415409919499004,7.415409919499004,True
1466445305,7.36,7.430686589067542,7.430686589067542,True
1466445333,7.36,7.434846313277343,7.434846313277343,True
1466445356,7.36,7.365970485760291,7.365970485760291,True
1466445430,7.36,7.430262946876247,7.430262946876247,True
1466445491,7.36,7.3502408908268695,7.3502408908268695,True
1466445497,7.44,7.44,7.35977503961316,False
1466445514,7.44,7.44,7.400819517408792,False
1466445549,7.44,7.44,7.415978493755209,False
1466445640,7.36,7.407211015963243,7.407211015963243,True
1466445648,7.36,7.411489984299687,7.411489984299687,True
1466445739,7.36,7.354400585611201,7.354400585611201,True
1466445814,7.38,7.38,7.437832650563815,False
1466445879,7.38,7.38,7.448629209298384,False
1466445909,7.38,7.38,7.3720978839599365,False
1466445965,7.38,7.38,7.445510915276546,False
1466446021,7.38,7.38,7.364884862646628,False
1466446045,7.38,7.425334666359389,7.425334666359389,True
1466446071,7.38,7.38,7.415313211877073,False
1466446120,7.38,7.39843223731488,7.39843223731488,True
1466446168,7.38,7.441085396768318,7.441085396768318,True
1466446253,7.38,7.38,7.410392578143218,False
1466446302,7.38,7.38,7.433284374244594,False
1466446389,7.38,7.38,7.411603863061574,False
1466446404,7.38,7.351862511757747,7.351862511757747,True
1466446494,7.38,7.3560029682116745,7.3560029682116745,True
1466446594,7.38,7.378635721277752,7.378635721277752,True
1466446643,7.38,7.38,7.368526136473219,False
1466446669,7.4,7.4,7.404735090062293,False
1466446690,7.41,7.390082515028819,7.390082515028819,True
1466446735,7.41,7.41,7.369870007727797,False
1466446766,7.41,7.3576707828708585,7.3576707828708585,True
1466446852,7.41,7.388050484003827,7.388050484003827,True
1466446902,7.41,7.3631535850891146,7.3631535850891146,True
1466446945,7.41,7.41,7.412178240473662,False
1466446987,7.4,7.396343197042792,7.396343197042792,True
1466447036,7.4,7.3801500788891135,7.3801500788891135,True
1466447112,7.4,7.4,7.368113225287841,False
1466447129,7.39,7.382023996653014,7.382023996653014,True
1466447189,7.38,7.38,7.417870906260486,False
1466447224,7.36,7.39472246576682,7.39472246576682,True
1466447270,7.36,7.36,7.364169929097638,False
1466447272,7.36,7.36,7.417623331061503,False
1466447348,7.37,7.42234013394348,7.42234013394348,True
1466447359,7.42,7.429736578064744,7.429736578064744,True
1466447388,7.4,7.4087375662577335,7.4087375662577335,True
1466447390,7.36,7.36,7.428210261978544,False
1466447425,7.36,7.36,7.437869180937502,False
1466447463,7.36,7.433054357341627,7.433054357341627,True
1466447485,7.42,7.42,7.431803578144567,False
1466447545,7.42,7.428113677462473,7.428113677462473,True
1466447553,7.42,7.42,7.358834996221333,False
1466447554,7.42,7.42,7.44025323008664,False
1466447573,7.42,7.42,7.425597625774454,False
1466447634,7.43,7.415153715182503,7.415153715182503,True
1466447695,7.36,7.439731279644175,7.439731279644175,True
1466447762,7.36,7.35770040672133,7.35770040672133,True
1466447844,7.36,7.36,7.393142638170804,False
1466447885,7.41,7.41,7.418109317387016,False
1466447943,7.39,7.36810057172972,7.36810057172972,True
1466447956,7.39,7.39,7.3574451684417,False
1466448041,7.39,7.39,7.429125837966953,False
1466448140,7.39,7.374834285245805,7.374834285245805,True
1466448215,7.41,7.439102577458423,7.439102577458423,True
1466448270,7.4,7.420239682059545,7.420239682059545,True
1466448302,7.36,7.36,7.4224725999093675,False
1466448368,7.39,7.39,7.449436883262448,False
1466448422,7.37,7.37,7.416609029254239,False
1466448517,7.37,7.410596050940721,7.410596050940721,True
1466448614,7.44,7.44,7.379685948510817,False
1466448701,7.44,7.377439836824521,7.377439836824521,True
1466448743,7.45,7.426859624309174,7.426859624309174,True
1466448805,7.37,7.37,7.383221665645345,False
1466448844,7.43,7.400657002869346,7.400657002869346,True
1466448896,7.43,7.43,7.426885404454233,False
1466448984,7.41,7.445229777715805,7.445229777715805,True
1466449031,7.4,7.4,7.392631921762964,False
1466449045,7.4,7.43007558124416,7.43007558124416,True
1466449099,7.4,7.4,7.423893083451179,False
1466449171,7.44,7.44,7.440171252388426,False
1466449261,7.4,7.423246008866627,7.423246008866627,True
1466449280,7.4,7.381351050780942,7.381351050780942,True
1466449359,7.4,7.358606580760034,7.358606580760034,True
1466449442,7.4,7.359430843420827,7.359430843420827,True
1466449496,7.35,7.391246483879128,7.391246483879128,True
1466449537,7.35,7.35,7.389881308608936,False
1466449555,7.36,7.427971290434154,7.427971290434154,True
1466449629,7.36,7.36,7.449810062972112,False
1466449635,7.36,7.3563144038820685,7.3563144038820685,True
1466449721,7.36,7.4398177802622625,7.4398177802622625,True
1466449772,7.36,7.358752873860235,7.358752873860235,True
1466449872,7.45,7.45,7.375654086959601,False
1466449873,7.38,7.395101215903356,7.395101215903356,True
1466449884,7.38,7.38,7.3639797500276165,False
1466449937,7.41,7.3809719803086855,7.3809719803086855,True
1466449953,7.35,7.408685778163906,7.408685778163906,True
1466449959,7.39,7.39,7.4324521025285835,False
1466449961,7.39,7.39,7.36772238723473,False
1466450018,7.39,7.39,7.40287401740631,False
1466450075,7.39,7.430305351358843,7.430305351358843,True
1466450150,7.39,7.359765582390249,7.359765582390249,True
1466450177,7.39,7.39,7.426356844012967,False
1466450255,7.39,7.366793446740968,7.366793446740968,True
1466450343,7.42,7.400008700348179,7.400008700348179,True
1466450348,7.36,7.44776649887278,7.44776649887278,True
1466450401,7.36,7.41959498475696,7.41959498475696,True
1466450433,7.36,7.390556639061784,7.390556639061784,True
1466450507,7.36,7.36,7.389067039138427,False
1466450536,7.36,7.36,7.377187291740127,False
1466450627,7.42,7.42,7.42787773325656,False
1466450723,7.42,7.4274532014551555,7.4274532014551555,True
1466450817,7.42,7.443663967827878,7.443663967827878,True
1466450900,7.42,7.42,7.407821248910788,False
1466450902,7.37,7.37,7.4261066689424275,False
1466450971,7.37,7.37,7.3861891649182185,False
1466451016,7.42,7.383574988005447,7.383574988005447,True
1466451023,7.41,7.41,7.372792350858464,False
1466451073,7.44,7.410975667600115,7.410975667600115,True
1466451166,7.35,7.35,7.360224918452441,False
1466451231,7.36,7.36,7.369838404634712,False
1466451245,7.36,7.382461183252761,7.382461183252761,True
1466451293,7.44,7.35788860521274,7.35788860521274,True
1466451295,7.36,7.386404643531116,7.386404643531116,True
1466451378,7.36,7.36,7.398620763169939,False
1466451445,7.37,7.37,7.363873697163051,False
1466451508,7.37,7.37,7.359530099390521,False
1466451599,7.37,7.430550578930543,7.430550578930543,True
1466451686,7.38,7.437224306818586,7.437224306818586,True
1466451761,7.38,7.394776308557314,7.394776308557314,True
1466451857,7.38,7.38,7.392744047393329,False
1466451909,7.42,7.42,7.374571770554522,False
1466451919,7.42,7.383128023067516,7.383128023067516,True
1466452006,7.43,7.43,7.399244963780139,False
1466452035,7.43,7.435926675031242,7.435926675031242,True
1466452039,7.4,7.4,7.445681110321528,False
1466452104,7.37,7.37,7.387502864997224,False
1466452167,7.43,7.43,7.3839885815836,False
1466452238,7.4,7.4,7.359622301274378,False
1466452313,7.38,7.38,7.379923598407726,False
1466452339,7.38,7.38,7.449127277688914,False
1466452419,7.42,7.42,7.381514445131257,False
1466452424,7.42,7.433964089506824,7.433964089506824,True
1466452435,7.42,7.42,7.445260082910017,False
1466452531,7.38,7.38,7.352366610035406,False
1466452584,7.38,7.360459004634615,7.360459004634615,True
1466452625,7.38,7.38,7.417534758119105,False
1466452676,7.38,7.382204988474266,7.382204988474266,True
1466452752,7.44,7.40806425192287,7.40806425192287,True
1466452796,7.44,7.44,7.409402796358047,False
1466452825,7.39,7.39,7.36335272096463,False
1466452860,7.43,7.43,7.426337490857482,False
1466452960,7.4,7.4,7.424815814801368,False
1466452979,7.4,7.443409974640768,7.443409974640768,True
1466453002,7.42,7.388164494504818,7.388164494504818,True
1466453016,7.42,7.431866183834992,7.431866183834992,True
1466453025,7.42,7.399799972646523,7.399799972646523,True
1466453089,7.42,7.419785560016018,7.419785560016018,True
1466453141,7.39,7.39,7.370066457077688,False
1466453154,7.39,7.406057967420252,7.406057967420252,True
1466453184,7.39,7.39,7.4277077790779344,False
1466453202,7.39,7.39,7.449927621240868,False
1466453203,7.39,7.39,7.446630557703286,False
1466453222,7.36,7.36,7.371807449680257,False
1466453321,7.4,7.440413026451551,7.440413026451551,True
1466453379,7.4,7.4,7.418259193049253,False
1466453392,7.4,7.430822511984618,7.430822511984618,True
1466453422,7.44,7.376741644274063,7.376741644274063,True
1466453502,7.44,7.411529896927291,7.411529896927291,True
1466453518,7.4,7.414522015330016,7.414522015330016,True
1466453563,7.4,7.4,7.367299527944027,False
1466453604,7.4,7.3913205422844115,7.3913205422844115,True
1466453639,7.4,7.4,7.446919119964941,False
1466453705,7.4,7.4,7.4358082633517855,False
1466453795,7.4,7.4,7.367593954908983,False
1466453816,7.4,7.4,7.395033929814811,False
1466453870,7.36,7.386627028450486,7.386627028450486,True
1466453910,7.44,7.44,7.419003305914729,False
1466454002,7.44,7.44,7.420578474892063,False
1466454051,7.44,7.40339463653819,7.40339463653819,True
1466454087,7.44,7.360175158858879,7.360175158858879,True
1466454129,7.44,7.44,7.448895523222479,False
1466454227,7.44,7.44,7.419823938885944,False
1466454259,7.44,7.44,7.4285476230045635,False
1466454262,7.44,7.44,7.381141057204219,False
1466454298,7.43,7.43,7.3889853710593645,False
1466454388,7.35,7.35,7.366618020320619,False
1466454399,7.35,7.35,7.436269355283965,False
1466454473,7.44,7.404176207066592,7.404176207066592,True
1466454529,7.44,7.44,7.365834392823789,False
1466454559,7.44,7.44,7.409593435670319,False
1466454648,7.42,7.438194452766806,7.438194452766806,True
1466454745,7.42,7.374278596966463,7.374278596966463,True
1466454763,7.45,7.3706545755415025,7.3706545755415025,True
1466454851,7.42,7.42,7.410572448316173,False
1466454936,7.42,7.42,7.434584012593498,False
1466454949,7.43,7.43,7.401003478147883,False
1466455032,7.43,7.42661591245527,7.42661591245527,True
1466455065,7.38,7.394417108440435,7.394417108440435,True
1466455119,7.38,7.38,7.389259284076156,False
1466455172,7.38,7.38,7.436048675031783,False
1466455196,7.38,7.36204210686399,7.36204210686399,True
1466455271,7.35,7.35,7.368885035957557,False
1466455357,7.35,7.35,7.396080790803015,False
1466455361,7.41,7.367551552398675,7.367551552398675,True
1466455394,7.36,7.36,7.445810050949947,False
1466455475,7.36,7.446827053077258,7.446827053077258,True
1466455497,7.36,7.444255607129045,7.444255607129045,True
1466455561,7.36,7.423059553673571,7.423059553673571,True
1466455575,7.36,7.36,7.381685827355162,False
1466455587,7.36,7.36,7.4183637578889625,False
1466455651,7.36,7.36,7.362008468720889,False
1466455658,7.42,7.42,7.414871939474014,False
1466455732,7.45,7.45,7.362933808705067,False
1466455812,7.45,7.440810305809089,7.440810305809089,True
1466455910,7.45,7.45,7.395595296161891,False
1466455951,7.43,7.43,7.3724510504030984,False
1466455999,7.43,7.423467375984499,7.423467375984499,True
1466456054,7.43,7.397961721334682,7.397961721334682,True
1466456058,7.37,7.363837914580959,7.363837914580959,True
1466456074,7.37,7.354251691916011,7.354251691916011,True
1466456088,7.4,7.361130878128576,7.361130878128576,True
1466456118,7.4,7.377351414645605,7.377351414645605,True
1466456218,7.4,7.3637196111105885,7.3637196111105885,True
1466456265,7.4,7.4,7.380230991120254,False
1466456270,7.35,7.35,7.373625914195366,False
1466456312,7.39,7.440405869392682,7.440405869392682,True
1466456346,7.39,7.39,7.418401430529666,False
1466456374,7.39,7.41840860483298,7.41840860483298,True
1466456406,7.41,7.435538450165613,7.435538450165613,True
1466456482,7.41,7.41,7.4333164137411,False
1466456512,7.41,7.3839031361774,7.3839031361774,True
1466456610,7.41,7.41,7.395551289795834,False
1466456683,7.41,7.41,7.432505374770196,False
1466456768,7.41,7.41,7.376566961142078,False
1466456856,7.41,7.41,7.44642779545337,False
1466456927,7.41,7.41,7.444412732487482,False
1466457014,7.39,7.39,7.427979682628557,False
1466457032,7.39,7.440870765240543,7.440870765240543,True
1466457067,7.39,7.39,7.417967008157264,False
1466457157,7.36,7.428928368363589,7.428928368363589,True
1466457215,7.37,7.445884108990994,7.445884108990994,True
1466457267,7.39,7.363274784742634,7.363274784742634,True
1466457357,7.39,7.447329950970755,7.447329950970755,True
1466457434,7.39,7.409745306418307,7.409745306418307,True
1466457487,7.39,7.39,7.4255351561851395,False
1466457559,7.39,7.362185925217799,7.362185925217799,True
1466457603,7.39,7.39,7.39735692269068,False
1466457671,7.39,7.39,7.449471308621529,False
1466457713,7.39,7.4035591131378045,7.4035591131378045,True
1466457745,7.45,7.45,7.439773881613438,False
1466457782,7.45,7.444149411109014,7.444149411109014,True
1466457802,7.39,7.39,7.4252446112091075,False
1466457817,7.39,7.39,7.362106109705769,False
1466457865,7.39,7.39,7.416328791405819,False
1466457884,7.43,7.397739783172211,7.397739783172211,True
1466457885,7.43,7.404535552349349,7.404535552349349,True
1466457917,7.43,7.401551860029483,7.401551860029483,True
1466457973,7.43,7.43,7.43230599135553,False
1466458045,7.43,7.441533771687465,7.441533771687465,True
1466458135,7.43,7.43,7.380870006201545,False
1466458151,7.42,7.42,7.386394574544539,False
1466458230,7.36,7.373160304562225,7.373160304562225,True
1466458324,7.36,7.440308413859741,7.440308413859741,True
1466458362,7.36,7.36,7.409175790638266,False
1466458438,7.36,7.387841266118655,7.387841266118655,True
1466458454,7.4,7.36095514005656,7.36095514005656,True
1466458496,7.4,7.4,7.367693416322284,False
1466458509,7.42,7.42,7.361345346997048,False
1466458580,7.41,7.399649306511637,7.399649306511637,True
1466458590,7.36,7.36,7.3710851693759905,False
1466458626,7.36,7.36,7.375660791439321,False
1466458642,7.37,7.434648826330649,7.434648826330649,True
1466458665,7.4,7.379284160837592,7.379284160837592,True
1466458694,7.4,7.4,7.396305352293123,False
1466458762,7.4,7.4,7.383170278430679,False
1466458793,7.41,7.41,7.4480112518858705,False
1466458824,7.42,7.42,7.379126474258127,False
1466458906,7.42,7.42,7.3581573978473,False
1466458982,7.4,7.3601705168402525,7.3601705168402525,True
1466459068,7.4,7.4,7.420150234988264,False
1466459159,7.44,7.4186100194761675,7.4186100194761675,True
1466459184,7.35,7.35,7.358414777786409,False
1466459273,7.36,7.36,7.378931226409079,False
1466459372,7.41,7.366785251028744,7.366785251028744,True
1466459415,7.41,7.41,7.418288092110035,False
1466459483,7.41,7.370265702528779,7.370265702528779,True
1466459504,7.41,7.41,7.409637622210744,False
1466459588,7.39,7.39,7.421471089404149,False
1466459595,7.39,7.400897360401855,7.400897360401855,True
1466459673,7.39,7.39,7.383016815487679,False
1466459726,7.39,7.39,7.431557297846444,False
1466459800,7.39,7.428264977683145,7.428264977683145,True
1466459857,7.4,7.370405143792647,7.370405143792647,True
1466459887,7.4,7.412036301598094,7.412036301598094,True
1466459913,7.4,7.392499961303631,7.392499961303631,True
1466459974,7.4,7.4,7.380026917512032,False
1466459995,7.38,7.38,7.365531626796709,False
1466460001,7.38,7.406762047390238,7.406762047390238,True
1466460054,7.38,7.38,7.400728502775496,False
1466460130,7.38,7.38,7.352476085038713,False
1466460215,7.38,7.38,7.352199262611081,False
1466460252,7.38,7.371332034427251,7.371332034427251,True
1466460272,7.38,7.38,7.354638054682231,False
1466460346,7.38,7.381967425822566,7.381967425822566,True
1466460440,7.38,7.38,7.416225426057641,False
1466460461,7.37,7.363392056679493,7.363392056679493,True
1466460528,7.37,7.37,7.374107274885743,False
1466460610,7.37,7.403217264948583,7.403217264948583,True
1466460630,7.38,7.38,7.3620667329063645,False
1466460691,7.38,7.38,7.406456152773437,False
1466460706,7.38,7.393299880037816,7.393299880037816,True
1466460739,7.4,7.445712053289934,7.445712053289934,True
1466460765,7.4,7.403457495485389,7.403457495485389,True
1466460795,7.4,7.4,7.368326221646926,False
1466460877,7.41,7.4229746979799085,7.4229746979799085,True
1466460973,7.41,7.41,7.35127023489254,False
1466461009,7.41,7.41,7.367441820648417,False
1466461027,7.41,7.441739992288053,7.441739992288053,True
1466461032,7.41,7.41,7.396438869904059,False
1466461096,7.4,7.423436329166667,7.423436329166667,True
1466461169,7.43,7.364995524927879,7.364995524927879,True
1466461256,7.43,7.436020030848226,7.436020030848226,True
1466461351,7.36,7.36,7.446372189407987,False
1466461451,7.36,7.433443036321897,7.433443036321897,True
1466461531,7.36,7.382750710629675,7.382750710629675,True
1466461568,7.36,7.36,7.360774525677281,False
1466461583,7.39,7.38076740946595,7.38076740946595,True
1466461647,7.39,7.423841573971565,7.423841573971565,True
1466461703,7.4,7.4,7.386708022338214,False
1466461794,7.41,7.41,7.384703626050825,False
1466461813,7.41,7.440439894971572,7.440439894971572,True
1466461910,7.41,7.44093940823365,7.44093940823365,True
1466461988,7.41,7.41,7.4119872104774505,False
1466462056,7.41,7.41,7.36115160230115,False
1466462101,7.41,7.38882595687333,7.38882595687333,True
1466462155,7.41,7.41,7.420515189388393,False
1466462215,7.41,7.41,7.365589244252338,False
1466462278,7.43,7.362643978109739,7.362643978109739,True
1466462368,7.43,7.43,7.428342138120785,False
1466462412,7.43,7.443403189847637,7.443403189847637,True
1466462512,7.43,7.43,7.357132511703968,False
1466462594,7.43,7.384565606329499,7.384565606329499,True
1466462671,7.43,7.370041371071404,7.370041371071404,True
1466462716,7.43,7.388232249501905,7.388232249501905,True
1466462746,7.38,7.38,7.412590744488386,False
1466462782,7.38,7.38,7.356562976960863,False
1466462820,7.38,7.35996963470343,7.35996963470343,True
1466462833,7.44,7.44,7.404683416533024,False
1466462842,7.36,7.3691917187868485,7.3691917187868485,True
1466462850,7.37,7.37,7.427231475655844,False
1466462941,7.43,7.381364700740772,7.381364700740772,True
1466463026,7.37,7.433462977256749,7.433462977256749,True
1466463117,7.37,7.37,7.4427631940642565,False
1466463139,7.44,7.44,7.437253634385863,False
