1466410104,0.4,0.44138269671338226,0.44138269671338226,True
1466410114,0.3,0.3,0.15912657527529095,False
1466410130,0.8,0.8,0.22351827229251564,False
1466410181,0.3,0.3,0.48542527559112436,False
1466410203,0.3,0.3,0.4191545420599492,False
1466410250,0.3,0.0939436660738423,0.0939436660738423,True
1466410309,0.3,0.07458721354978648,0.07458721354978648,True
1466410397,0.3,0.3,0.819940475708028,False
1466410430,0.3,0.9657568226673278,0.9657568226673278,True
1466410469,0.3,0.3,0.5538479551095126,False
1466410483,0.9,0.9,0.1859779449819623,False
1466410498,0.9,0.9,0.45235304072789173,False
1466410502,0.9,0.8559593426532703,0.8559593426532703,True
1466410532,0.1,0.3555601498657873,0.3555601498657873,True
1466410541,0.1,0.3810639321535815,0.3810639321535815,True
1466410573,0.1,0.1,0.40919303578434685,False
1466410630,0.6,0.6414024245416061,0.6414024245416061,True
1466410653,0.6,0.6,0.31470686823193084,False
1466410746,0.9,0.9,0.03988090380230058,False
1466410814,0.9,0.9,0.950955050386583,False
1466410890,0.9,0.9,0.8694981863080133,False
1466410902,0.9,0.7177976564490877,0.7177976564490877,True
1466410978,0.9,0.3487869294792624,0.3487869294792624,True
1466411008,0.9,0.9,0.09309087018675477,False
1466411066,0.9,0.11825941898941705,0.11825941898941705,True
1466411094,0.9,0.9,0.620965193696891,False
1466411157,0.9,0.9,0.27779051981999925,False
1466411223,0.9,0.9,0.41927271673295574,False
1466411226,0.9,0.40603072358617553,0.40603072358617553,True
1466411272,0.9,0.7686199287789396,0.7686199287789396,True
1466411303,0.5,0.5,0.741677849120571,False
1466411318,0.9,0.6166509686102235,0.6166509686102235,True
1466411396,0.9,0.08839405073245599,0.08839405073245599,True
1466411493,0.3,0.985721829257193,0.985721829257193,True
1466411549,0.3,0.7185053354956007,0.7185053354956007,True
1466411560,0.3,0.6769758075859935,0.6769758075859935,True
1466411626,0.3,0.7157336294995288,0.7157336294995288,True
1466411723,0.2,0.2,0.194889368228936,False
1466411763,0.3,0.3,0.45706976986265735,False
1466411785,0.3,1.545374380673703e-05,1.545374380673703e-05,True
1466411854,0.3,0.696924806372224,0.696924806372224,True
1466411889,0.3,0.3,0.14816898926525024,False
1466411988,0.3,0.3,0.6160084918008063,False
1466412022,0.2,0.6782971800649091,0.6782971800649091,True
1466412046,0.2,0.4317918974563595,0.4317918974563595,True
1466412076,0.2,0.2,0.25853656477132914,False
1466412152,0.2,0.2,0.5485039076581028,False
1466412181,0.2,0.2,0.42870124643434016,False
1466412201,0.2,0.713545180093569,0.713545180093569,True
1466412260,0.2,0.2,0.21983390664469404,False
1466412347,0.2,0.5481119673782832,0.5481119673782832,True
1466412360,0.4,0.4,0.6975318230798685,False
1466412438,0.3,0.3,0.7014391307824364,False
1466412521,0.3,0.3,0.24101016933536556,False
1466412599,0.3,0.6614352264950638,0.6614352264950638,True
1466412639,0.3,0.3,0.9440927064876141,False
1466412691,0.6,0.6060108899065082,0.6060108899065082,True
1466412747,0.6,0.21799414105453752,0.21799414105453752,True
1466412794,0.5,0.5500950551464167,0.5500950551464167,True
1466412819,0.5,0.5813030921717507,0.5813030921717507,True
1466412832,0.5,0.8647187122018694,0.8647187122018694,True
1466412874,0.8,0.8,0.4308342920616143,False
1466412943,0.4,0.004168046705391171,0.004168046705391171,True
1466412971,0.6,0.4467954800686992,0.4467954800686992,True
1466412990,0.6,0.6,0.2119405614616734,False
1466413028,0.3,0.886079540105154,0.886079540105154,True
1466413053,0.2,0.8919552904518667,0.8919552904518667,True
1466413125,0.8,0.8,0.2388642177144621,False
1466413200,1.0,0.6626366685665697,0.6626366685665697,True
1466413264,1.0,1.0,0.3333872036828698,False
1466413311,1.0,1.0,0.44241533157304946,False
1466413342,1.0,0.3950165635331142,0.3950165635331142,True
1466413440,1.0,0.4383027669467878,0.4383027669467878,True
1466413458,0.5,0.5,0.16143556278648807,False
1466413529,0.5,0.5,0.01255777973430039,False
1466413542,0.5,0.8595387585570855,0.8595387585570855,True
1466413638,0.5,0.5,0.7543443768348645,False
1466413672,0.3,0.3099346067769022,0.3099346067769022,True
1466413733,0.8,0.8,0.08379292546420125,False
1466413779,0.7,0.7,0.937903277538556,False
1466413780,0.7,0.5400430958280426,0.5400430958280426,True
1466413864,0.7,0.003040030365600521,0.003040030365600521,True
1466413885,0.7,0.4008362410735209,0.4008362410735209,True
1466413946,0.7,0.916839112666278,0.916839112666278,True
1466414033,0.7,0.4585808470226993,0.4585808470226993,True
1466414071,0.7,0.7,0.7172908950684888,False
1466414164,0.7,0.3720439295076351,0.3720439295076351,True
1466414225,0.3,0.8516685985603073,0.8516685985603073,True
1466414312,0.3,0.2796693464519069,0.2796693464519069,True
1466414325,0.3,0.3,0.7825023621322487,False
1466414328,0.3,0.974984322886643,0.974984322886643,True
1466414329,0.1,0.45350298285103696,0.45350298285103696,True
1466414402,0.1,0.47617240699793284,0.47617240699793284,True
1466414407,0.1,0.421307298282102,0.421307298282102,True
1466414413,0.1,0.1,0.8408023851208103,False
1466414460,0.1,0.24191513797072317,0.24191513797072317,True
1466414552,0.1,0.3973082604685779,0.3973082604685779,True
1466414602,0.1,0.5319946513868512,0.5319946513868512,True
1466414662,0.1,0.1,0.5066541730986361,False
1466414746,0.1,0.6482378561704101,0.6482378561704101,True
1466414844,0.8,0.8067373887903282,0.8067373887903282,True
1466414943,0.6,0.8461388414192392,0.8461388414192392,True
1466414946,0.6,0.6406951307759395,0.6406951307759395,True
1466414966,0.6,0.6,0.5426602483859908,False
1466415038,0.6,0.6,0.6185440150561258,False
1466415106,0.6,0.9147804629982864,0.9147804629982864,True
1466415130,1.0,0.7535447324426592,0.7535447324426592,True
1466415145,1.0,0.3447771954178994,0.3447771954178994,True
1466415202,1.0,1.0,0.9982263772309555,False
1466415239,1.0,1.0,0.3762749496557244,False
1466415249,1.0,0.8935841616012733,0.8935841616012733,True
1466415308,0.6,0.1486920943717479,0.1486920943717479,True
1466415357,0.6,0.6,0.6486889917683921,False
1466415404,0.6,0.3854756194514285,0.3854756194514285,True
1466415469,0.6,0.009615895028353916,0.009615895028353916,True
1466415548,0.4,0.4,0.39307523965194613,False
1466415588,0.4,0.4,0.7917096504921024,False
1466415627,0.4,0.4,0.7601877006376512,False
1466415719,0.4,0.4,0.4945641194601692,False
1466415767,0.4,0.4,0.04609511436620184,False
1466415860,0.4,0.4,0.25912661444266893,False
1466415872,0.4,0.4,0.4962442415554892,False
1466415914,0.3,0.3,0.7088569750835081,False
1466415934,0.3,0.827177057816151,0.827177057816151,True
1466415988,0.8,0.7496413685725029,0.7496413685725029,True
1466416004,0.4,0.6458858540360171,0.6458858540360171,True
1466416050,0.4,0.49642707433050826,0.49642707433050826,True
1466416150,1.0,1.0,0.8517599545051677,False
1466416161,1.0,0.766509440648982,0.766509440648982,True
1466416215,1.0,0.915651484237543,0.915651484237543,True
1466416315,1.0,0.5871393256663274,0.5871393256663274,True
1466416321,1.0,1.0,0.38787079848274286,False
1466416393,1.0,1.0,0.3437580687184668,False
1466416440,1.0,1.0,0.7199779360639751,False
1466416510,1.0,0.004884241805340861,0.004884241805340861,True
1466416541,1.0,0.912468776154302,0.912468776154302,True
1466416631,1.0,1.0,0.2336022319226917,False
1466416671,1.0,0.19020073496738665,0.19020073496738665,True
1466416725,1.0,1.0,0.5554054139094962,False
1466416815,1.0,1.0,0.8528750381015302,False
1466416867,0.2,0.8373375870448938,0.8373375870448938,True
1466416933,0.2,0.42838668559489257,0.42838668559489257,True
1466416963,0.2,0.2,0.11080839150141875,False
1466417034,0.2,0.11662157147819885,0.11662157147819885,True
1466417069,0.9,0.35744433326547886,0.35744433326547886,True
1466417095,0.4,0.4,0.8901085958058518,False
1466417123,0.4,0.25064732293322034,0.25064732293322034,True
1466417219,0.4,0.5435094557929055,0.5435094557929055,True
1466417228,0.4,0.7046052332384404,0.7046052332384404,True
1466417235,0.4,0.4,0.008914104974877435,False
1466417266,0.4,0.4,0.7441383800866914,False
1466417298,0.6,0.6,0.563768900355403,False
1466417382,0.6,0.6,0.8287526312935398,False
1466417429,0.6,0.6,0.10739030482892398,False
1466417434,0.6,0.6,0.04131312977839041,False
1466417513,0.4,0.4,0.11090448307049472,False
1466417598,0.9,0.9696386639060314,0.9696386639060314,True
1466417615,0.9,0.9,0.18714451183401037,False
1466417654,0.9,0.8119484660155507,0.8119484660155507,True
1466417749,0.9,0.7595954376583318,0.7595954376583318,True
1466417763,0.9,0.003286617863773822,0.003286617863773822,True
1466417822,0.5,0.5,0.5447465244046167,False
1466417851,0.5,0.7372049188076306,0.7372049188076306,True
1466417855,0.5,0.5,0.11634732510071988,False
1466417879,0.5,0.18387381342418796,0.18387381342418796,True
1466417895,0.5,0.5,0.6295509609428767,False
1466417969,0.5,0.5007552020493682,0.5007552020493682,True
1466418049,0.5,0.5,0.08845507278361808,False
1466418118,0.5,0.06482489449268658,0.06482489449268658,True
1466418129,0.5,0.2707314422376048,0.2707314422376048,True
1466418179,0.5,0.6561516496867241,0.6561516496867241,True
1466418254,0.5,0.956783916861289,0.956783916861289,True
1466418332,0.5,0.6244848671586383,0.6244848671586383,True
1466418428,0.5,0.7510959362851127,0.7510959362851127,True
1466418494,0.5,0.8505129363673564,0.8505129363673564,True
1466418554,0.5,0.5749685842424872,0.5749685842424872,True
1466418563,0.4,0.4,0.30293736788107894,False
1466418564,0.4,0.6026238926511678,0.6026238926511678,True
1466418594,0.4,0.4,0.24770474251854402,False
1466418674,0.9,0.033176142456081914,0.033176142456081914,True
1466418748,1.0,1.0,0.9325066327375818,False
1466418847,0.4,0.7552686316633999,0.7552686316633999,True
1466418877,0.4,0.4,0.05105423843185697,False
1466418917,0.4,0.4,0.0653289286893497,False
1466418938,0.4,0.4,0.4989297508006969,False
1466419031,0.4,0.2611893286951614,0.2611893286951614,True
1466419058,0.4,0.17752096092727232,0.17752096092727232,True
1466419104,0.9,0.9,0.1438848425918301,False
1466419166,0.9,0.9,0.9739882208091569,False
1466419261,0.9,0.3035790429199279,0.3035790429199279,True
1466419349,0.9,0.5827024857832329,0.5827024857832329,True
1466419442,0.9,0.5233009076804241,0.5233009076804241,True
1466419530,0.9,0.23547574317315323,0.23547574317315323,True
1466419595,0.9,0.9,0.382585789846446,False
1466419646,0.4,0.9722951250944459,0.9722951250944459,True
1466419737,0.4,0.0778123970151342,0.0778123970151342,True
1466419826,0.5,0.5,0.9647847731696344,False
1466419880,0.5,0.5,0.664956164576479,False
1466419911,0.5,0.5,0.094113243765788,False
1466419938,0.1,0.1,0.7201185219826846,False
1466420016,1.0,0.644515264409196,0.644515264409196,True
1466420019,1.0,1.0,0.27187626451596425,False
1466420108,0.1,0.1,0.7876953047656352,False
1466420205,0.3,0.3,0.9598908195973613,False
1466420228,0.3,0.2795339943106542,0.2795339943106542,True
1466420257,0.5,0.7100778520467765,0.7100778520467765,True
1466420270,0.5,0.5,0.14014573614928683,False
1466420296,1.0,0.8656298355659308,0.8656298355659308,True
1466420331,0.7,0.6725283979038514,0.6725283979038514,True
1466420407,0.7,0.7,0.3734716326609626,False
1466420430,0.7,0.5641510775812358,0.5641510775812358,True
1466420453,0.5,0.5,0.8031363121193615,False
1466420474,0.5,0.11023561798580761,0.11023561798580761,True
1466420566,0.5,0.6470332936858032,0.6470332936858032,True
1466420579,0.5,0.5,0.9815935718034687,False
1466420618,0.5,0.36191717120562605,0.36191717120562605,True
1466420624,0.5,0.15728062983697377,0.15728062983697377,True
1466420643,0.6,0.06543453853937142,0.06543453853937142,True
1466420695,0.3,0.3,0.4574783700027274,False
1466420788,0.4,0.4619078043979744,0.4619078043979744,True
1466420863,0.4,0.17279710602386222,0.17279710602386222,True
1466420947,0.4,0.4,0.1926338157739571,False
1466421003,0.4,0.6995140634787735,0.6995140634787735,True
1466421032,0.3,0.3,0.739462792760795,False
1466421050,0.3,0.3,0.8568164124847383,False
1466421116,0.6,0.6,0.29417520126399255,False
1466421208,0.6,0.10377772525377027,0.10377772525377027,True
1466421234,0.4,0.4,0.7099357274450255,False
1466421262,0.4,0.4,0.7527314565839338,False
1466421353,0.4,0.5603590930053252,0.5603590930053252,True
1466421360,0.4,0.5967718589774383,0.5967718589774383,True
1466421392,0.4,0.4,0.46562003077851444,False
1466421480,0.4,0.7907892234336671,0.7907892234336671,True
1466421530,0.6,0.6,0.7755231525183998,False
1466421547,0.6,0.6,0.5891821395796285,False
1466421591,0.7,0.6080601064777523,0.6080601064777523,True
1466421633,0.8,0.35087468909058706,0.35087468909058706,True
1466421636,0.8,0.8,0.1715495649067419,False
1466421670,0.8,0.29546589893913666,0.29546589893913666,True
1466421695,0.8,0.10523793701056605,0.10523793701056605,True
1466421721,0.8,0.5088535775710652,0.5088535775710652,True
1466421804,0.8,0.8,0.8820375835603527,False
1466421819,0.8,0.8,0.655624334564756,False
1466421862,0.8,0.3189209322780683,0.3189209322780683,True
1466421885,0.9,0.9,0.4562149104092217,False
1466421936,0.7,0.7,0.39005996713551416,False
1466422012,0.7,0.08529812552329352,0.08529812552329352,True
1466422044,0.4,0.3413523994643385,0.3413523994643385,True
1466422045,0.8,0.8,0.23877011183417662,False
1466422137,0.8,0.2566100150578331,0.2566100150578331,True
1466422162,0.8,0.8,0.0499183034357199,False
1466422189,0.8,0.8,0.07454408323942041,False
1466422197,0.8,0.6725332424513177,0.6725332424513177,True
1466422264,0.8,0.7346521561481683,0.7346521561481683,True
1466422330,0.8,0.10895657448153118,0.10895657448153118,True
1466422378,0.8,0.8,0.22922069920325594,False
1466422432,0.3,0.3,0.9636831976459481,False
1466422488,0.1,0.1450727975338958,0.1450727975338958,True
1466422577,0.1,0.1,0.4678073421294874,False
1466422628,0.1,0.1,0.7811678769941643,False
1466422638,0.1,0.1,0.29888370723747226,False
1466422666,0.1,0.6199555890596248,0.6199555890596248,True
1466422706,0.7,0.9097177118477028,0.9097177118477028,True
1466422731,0.6,0.6656229819364308,0.6656229819364308,True
1466422804,0.9,0.9558841813463907,0.9558841813463907,True
1466422866,0.3,0.4289563972698247,0.4289563972698247,True
1466422873,0.3,0.3,0.8094468031689799,False
1466422895,0.3,0.3,0.005100504952725959,False
1466422953,0.3,0.3,0.7949468411548236,False
1466422973,0.1,0.1,0.5580494569367915,False
1466423017,0.1,0.9321504223901418,0.9321504223901418,True
1466423051,0.1,0.040685551951199606,0.040685551951199606,True
1466423099,0.4,0.4,0.054823336921086874,False
1466423150,0.4,0.6617172238279109,0.6617172238279109,True
1466423155,0.4,0.18058038075145266,0.18058038075145266,True
1466423168,0.8,0.01131101723080008,0.01131101723080008,True
1466423205,0.8,0.8,0.02652821578883091,False
1466423275,0.8,0.8,0.7957099597000512,False
1466423287,0.2,0.6750530062565372,0.6750530062565372,True
1466423336,0.9,0.9,0.41036485734303596,False
1466423340,0.9,0.9,0.5319028350922497,False
1466423355,0.4,0.4,0.39690554583890614,False
1466423443,0.4,0.005112278979025442,0.005112278979025442,True
1466423499,0.7,0.1803138646157032,0.1803138646157032,True
1466423585,0.7,0.48039381949284865,0.48039381949284865,True
1466423612,0.7,0.7,0.548377383424098,False
1466423669,0.7,0.7,0.6491413922201665,False
1466423705,0.7,0.7,0.805476079622864,False
1466423770,0.7,0.7,0.42737417048121507,False
1466423844,0.7,0.3566569115106162,0.3566569115106162,True
1466423902,0.7,0.7,0.22035176140561463,False
1466423913,0.7,0.3716565924637453,0.3716565924637453,True
1466423972,0.9,0.9,0.49161578303901177,False
1466424014,0.9,0.9,0.9133905656289554,False
1466424069,0.9,0.9,0.562407150434023,False
1466424154,0.9,0.8462977094835795,0.8462977094835795,True
1466424155,0.9,0.9004677152248225,0.9004677152248225,True
1466424169,0.9,0.9,0.3812365606482888,False
1466424262,0.9,0.9,0.3670505106968964,False
1466424339,0.9,0.5400716542537379,0.5400716542537379,True
1466424398,0.9,0.4180041463141869,0.4180041463141869,True
1466424497,0.4,0.801207293225143,0.801207293225143,True
1466424558,0.7,0.7,0.7774311756162919,False
1466424613,0.8,0.8,0.5477872390960881,False
1466424713,0.8,0.6780493996305917,0.6780493996305917,True
1466424804,0.8,0.8,0.7489810088032667,False
1466424878,0.8,0.8434770502299237,0.8434770502299237,True
1466424924,0.4,0.4,0.6503837578834369,False
1466425009,0.4,0.4,0.4108617794456909,False
1466425106,0.4,0.4,0.45375178457293164,False
1466425129,0.8,0.9496312741887273,0.9496312741887273,True
1466425179,0.8,0.4496779239786025,0.4496779239786025,True
1466425257,0.3,0.3039757544287247,0.3039757544287247,True
1466425262,0.3,0.3,0.3681871740581465,False
1466425305,0.9,0.2636507126748757,0.2636507126748757,True
1466425331,0.5,0.8559468182735656,0.8559468182735656,True
1466425338,0.5,0.07756300301524188,0.07756300301524188,True
1466425377,0.5,0.799383022693683,0.799383022693683,True
1466425380,0.1,0.07771385450761892,0.07771385450761892,True
1466425417,0.1,0.1,0.8899643896227437,False
1466425484,0.1,0.7843815795720754,0.7843815795720754,True
1466425517,0.2,0.2,0.042243142462394245,False
1466425553,0.2,0.9221434731230825,0.9221434731230825,True
1466425640,0.7,0.7,0.39162292007699084,False
1466425687,0.7,0.6067936461651241,0.6067936461651241,True
1466425711,0.7,0.4548781857687504,0.4548781857687504,True
1466425768,0.7,0.8419082573845735,0.8419082573845735,True
1466425811,0.9,0.9957113542717828,0.9957113542717828,True
1466425856,0.5,0.5,0.2902276780653954,False
1466425869,0.5,0.32225254417243243,0.32225254417243243,True
1466425884,0.5,0.9394582222226664,0.9394582222226664,True
1466425962,0.5,0.6937892045655981,0.6937892045655981,True
1466425974,0.6,0.9803980850237145,0.9803980850237145,True
1466426016,0.6,0.5118879597136783,0.5118879597136783,True
1466426024,0.9,0.25920528054496283,0.25920528054496283,True
1466426034,0.9,0.4122846256590478,0.4122846256590478,True
1466426130,0.9,0.18607822806016805,0.18607822806016805,True
1466426189,0.9,0.9,0.29987742666862416,False
1466426198,0.6,0.21614545185334988,0.21614545185334988,True
1466426280,0.6,0.6453804446017131,0.6453804446017131,True
1466426298,0.6,0.8092998046510819,0.8092998046510819,True
1466426380,0.6,0.6,0.03000184068129197,False
1466426420,0.8,0.8,0.21842298452382336,False
1466426509,0.3,0.3949714645468111,0.3949714645468111,True
1466426521,0.3,0.3,0.7957922066890167,False
1466426535,0.2,0.2,0.31123439840382594,False
1466426563,0.5,0.5,0.7012655186578416,False
1466426620,0.5,0.5,0.4665086083573806,False
1466426694,0.5,0.4981278582519042,0.4981278582519042,True
1466426764,0.5,0.5,0.8999116775105174,False
1466426778,0.5,0.5,0.37290103483585646,False
1466426866,0.9,0.693717550644596,0.693717550644596,True
1466426938,0.9,0.9,0.4153444103248791,False
1466427022,0.5,0.5,0.1999030312164326,False
1466427059,0.5,0.5,0.5629771688368964,False
1466427125,0.5,0.5,0.4376204228063586,False
1466427204,0.6,0.04588134757913176,0.04588134757913176,True
1466427240,0.6,0.3960658535446592,0.3960658535446592,True
1466427317,0.9,0.2883108136355006,0.2883108136355006,True
1466427319,0.9,0.6761088945757753,0.6761088945757753,True
1466427331,0.9,0.9,0.8181045828942217,False
1466427425,0.9,0.3755328566984387,0.3755328566984387,True
1466427458,0.9,0.9,0.6571901072121747,False
1466427495,0.9,0.9,0.6245455659267174,False
1466427543,0.9,0.9,0.58829659819972,False
1466427625,0.9,0.05616240949628015,0.05616240949628015,True
1466427663,0.5,0.7345582113447187,0.7345582113447187,True
1466427672,0.7,0.7,0.7600888623038853,False
1466427684,0.7,0.4222520409951145,0.4222520409951145,True
1466427739,0.7,0.15286698865856407,0.15286698865856407,True
1466427769,0.7,0.7,0.19144113237774252,False
1466427775,0.7,0.47486788106604483,0.47486788106604483,True
1466427820,0.7,0.9346940347751524,0.9346940347751524,True
1466427837,0.6,0.6,0.30036166196853054,False
1466427846,0.6,0.590610285258089,0.590610285258089,True
1466427904,0.6,0.261902418008487,0.261902418008487,True
1466427997,0.6,0.6,0.7600814641722512,False
1466428027,0.6,0.9565053685447477,0.9565053685447477,True
1466428114,0.6,0.5721554631842742,0.5721554631842742,True
1466428212,0.6,0.6,0.1291519189470396,False
1466428294,0.8,0.20697700564992783,0.20697700564992783,True
1466428321,0.4,0.1718764238169982,0.1718764238169982,True
1466428340,0.2,0.031236998630422175,0.031236998630422175,True
1466428378,0.2,0.2,0.2645230043184763,False
1466428463,0.2,0.4996638006838746,0.4996638006838746,True
1466428551,0.5,0.686417183897643,0.686417183897643,True
1466428575,0.8,0.8,0.5373910038224856,False
1466428593,0.6,0.6,0.11916100639308924,False
1466428682,0.8,0.8879929549234685,0.8879929549234685,True
1466428699,0.8,0.8,0.690229259366315,False
1466428719,0.8,0.35275879366758456,0.35275879366758456,True
1466428819,0.8,0.8,0.8998676502596872,False
1466428850,0.4,0.4,0.00821367546833529,False
1466428884,0.4,0.4,0.6334558055547405,False
1466428973,0.6,0.9674294963393439,0.9674294963393439,True
1466429006,0.6,0.6,0.22932883553699857,False
1466429026,0.6,0.7180414043403018,0.7180414043403018,True
1466429066,0.1,0.1,0.7047326057091822,False
1466429072,0.1,0.16408145582505818,0.16408145582505818,True
1466429103,0.1,0.376334902140226,0.376334902140226,True
1466429110,0.1,0.1,0.651290902364153,False
1466429123,0.6,0.6,0.03750160190710905,False
1466429168,0.9,0.5795510519060681,0.5795510519060681,True
1466429182,0.9,0.9,0.9511278642763767,False
1466429184,0.9,0.9610300471733683,0.9610300471733683,True
1466429197,0.7,0.7,0.8591261234581727,False
1466429280,0.7,0.29888400590897535,0.29888400590897535,True
1466429378,0.7,0.3990713604361775,0.3990713604361775,True
1466429450,0.7,0.4596597387607042,0.4596597387607042,True
1466429455,0.7,0.7,0.4766179537988904,False
1466429510,0.6,0.9266721417559187,0.9266721417559187,True
1466429565,0.6,0.6,0.8576616961044193,False
1466429566,0.5,0.5,0.3596578313037814,False
1466429592,0.5,0.5,0.34014727351171636,False
1466429623,0.9,0.7121738175023659,0.7121738175023659,True
1466429691,0.9,0.4732013740102301,0.4732013740102301,True
1466429733,0.4,0.6512373480490365,0.6512373480490365,True
1466429803,0.4,0.4,0.7308419436712086,False
1466429832,0.4,0.4,0.6764773416813497,False
1466429905,0.9,0.9,0.8753901088440903,False
1466429997,0.8,0.8,0.15602603901427925,False
1466430050,0.8,0.8,0.5999123199727507,False
1466430088,0.8,0.8,0.37809020210375976,False
1466430174,0.2,0.3165563146716954,0.3165563146716954,True
1466430247,0.2,0.5422788531187932,0.5422788531187932,True
1466430344,0.6,0.6,0.2507180377859636,False
1466430375,0.5,0.40476598997909785,0.40476598997909785,True
1466430400,0.5,0.7354871362918212,0.7354871362918212,True
1466430457,0.5,0.01755253992358441,0.01755253992358441,True
1466430483,0.5,0.052938411790872664,0.052938411790872664,True
1466430517,0.5,0.5,0.716908645909418,False
1466430524,0.6,0.5615290745985234,0.5615290745985234,True
1466430592,0.9,0.9,0.5192914191817345,False
1466430616,0.9,0.9,0.30748682713082487,False
1466430631,0.9,0.9,0.6319307193918118,False
1466430680,0.9,0.31174180747309055,0.31174180747309055,True
1466430734,0.9,0.018773512098942846,0.018773512098942846,True
1466430790,0.9,0.9,0.4379350437117554,False
1466430815,0.9,0.9,0.21375752171610618,False
1466430895,0.9,0.15316350951586988,0.15316350951586988,True
1466430916,0.9,0.9,0.14028900000389122,False
1466430929,0.9,0.9,0.3478691258180877,False
1466430936,0.9,0.9,0.7776356856802249,False
1466431009,0.3,0.9809975020630104,0.9809975020630104,True
1466431036,0.3,0.3,0.5139600191859146,False
1466431055,0.3,0.7633377168424471,0.7633377168424471,True
1466431145,0.3,0.3,0.9111790419979547,False
1466431218,0.3,0.3,0.1356645998029279,False
1466431290,0.8,0.8,0.8193012825015997,False
1466431324,0.8,0.8,0.6878070761559428,False
1466431400,0.8,0.4319818423851477,0.4319818423851477,True
1466431450,0.3,0.8968475103504848,0.8968475103504848,True
1466431526,0.3,0.3,0.01917606648849879,False
1466431589,0.3,0.3,0.4138794102293528,False
1466431661,0.3,0.3,0.46464934577305017,False
1466431760,0.3,0.9762930133232124,0.9762930133232124,True
1466431796,0.4,0.4,0.665268314032495,False
1466431848,0.4,0.4,0.6691842613145758,False
1466431879,0.4,0.2498126214090307,0.2498126214090307,True
1466431954,0.4,0.4,0.245007960983063,False
1466431958,0.2,0.2,0.5750897815798802,False
1466432002,0.2,0.2,0.36010567133738414,False
1466432101,0.2,0.2,0.5945349552268888,False
1466432177,0.2,0.2,0.5989337518003226,False
1466432194,0.2,0.2,0.9438415479543596,False
1466432237,0.2,0.2,0.35592106422942305,False
1466432280,0.2,0.5434122669178026,0.5434122669178026,True
1466432373,0.2,0.20767901337676065,0.20767901337676065,True
1466432389,0.4,0.4,0.2072797547388997,False
1466432415,0.4,0.8046278515710502,0.8046278515710502,True
1466432417,0.1,0.01040565346943867,0.01040565346943867,True
1466432506,0.9,0.3010027531446444,0.3010027531446444,True
1466432569,0.4,0.4,0.965773120657478,False
1466432577,0.4,0.4,0.00992054572074308,False
1466432670,0.4,0.4,0.5790711846546402,False
1466432706,0.4,0.4,0.8464413249519308,False
1466432804,0.6,0.8290230935765783,0.8290230935765783,True
1466432853,0.6,0.693449608588505,0.693449608588505,True
1466432947,0.9,0.9,0.46427632097576443,False
1466433040,0.9,0.400686280660287,0.400686280660287,True
1466433128,0.9,0.3561293966471316,0.3561293966471316,True
1466433145,0.4,0.5156030720059834,0.5156030720059834,True
1466433195,0.3,0.746759249345229,0.746759249345229,True
1466433289,0.3,0.5586691756543379,0.5586691756543379,True
1466433375,0.3,0.9418758075110524,0.9418758075110524,True
1466433427,0.8,0.8,0.13943929573190517,False
1466433478,0.8,0.8,0.1934091287307449,False
1466433517,0.3,0.3,0.0923619201494218,False
1466433615,0.8,0.263889767231576,0.263889767231576,True
1466433672,0.8,0.8089179720910707,0.8089179720910707,True
1466433762,0.8,0.25105371965091083,0.25105371965091083,True
1466433809,0.7,0.7,0.8882562823418153,False
1466433873,0.7,0.5204937369022985,0.5204937369022985,True
1466433910,0.7,0.7,0.0638361327648932,False
1466433994,0.7,0.7,0.7171394592722595,False
1466434003,0.7,0.7,0.509870828597333,False
1466434045,0.2,0.2,0.6192809998491969,False
1466434096,0.2,0.06027008647475973,0.06027008647475973,True
1466434173,0.8,0.8,0.307944592657901,False
1466434199,0.8,0.8,0.38693551282879735,False
1466434224,0.8,0.8,0.3524252016585129,False
1466434308,0.8,0.5303450003081778,0.5303450003081778,True
1466434359,1.0,1.0,0.41040454605203314,False
1466434371,1.0,1.0,0.33168517010313925,False
1466434457,1.0,0.6734517974097793,0.6734517974097793,True
1466434498,1.0,0.5664790362936514,0.5664790362936514,True
1466434552,1.0,1.0,0.21419506054035997,False
1466434622,1.0,1.0,0.5981539294891081,False
1466434691,1.0,0.07063721319882665,0.07063721319882665,True
1466434718,1.0,0.9296234002006345,0.9296234002006345,True
1466434727,1.0,1.0,0.2660042378523214,False
1466434815,1.0,1.0,0.8829720104113358,False
1466434892,1.0,1.0,0.011385669260746467,False
1466434915,1.0,1.0,0.6873960026469276,False
1466434946,1.0,1.0,0.03225405940476467,False
1466434988,1.0,0.8741299012005856,0.8741299012005856,True
1466435020,1.0,0.9862588871258653,0.9862588871258653,True
1466435090,1.0,1.0,0.49879468743637523,False
1466435099,1.0,0.16443992584128697,0.16443992584128697,True
1466435145,0.7,0.5258075120810646,0.5258075120810646,True
1466435186,0.7,0.362436433170484,0.362436433170484,True
1466435246,0.7,0.025724861045450687,0.025724861045450687,True
1466435284,0.7,0.7,0.13291242470015052,False
1466435327,0.7,0.7,0.33504440067036956,False
1466435369,0.7,0.7,0.28762883032723796,False
1466435408,0.7,0.25417575814246285,0.25417575814246285,True
1466435468,0.7,0.303919945872676,0.303919945872676,True
1466435486,0.7,0.7,0.3841055441012313,False
1466435555,0.7,0.7,0.5680169392992297,False
1466435624,0.2,0.2,0.2852210960331204,False
1466435659,0.4,0.4,0.650018385357653,False
1466435682,0.4,0.10718979460419875,0.10718979460419875,True
1466435712,0.4,0.9932354585764314,0.9932354585764314,True
1466435794,0.4,0.9863825711690344,0.9863825711690344,True
1466435878,0.4,0.4,0.3899018885910943,False
1466435904,0.4,0.4,0.7511117449501842,False
1466435971,0.4,0.4,0.858393046398188,False
1466436041,0.2,0.6621747955235097,0.6621747955235097,True
1466436059,0.6,0.3588710677387097,0.3588710677387097,True
1466436093,0.6,0.4467115627982855,0.4467115627982855,True
1466436178,0.5,0.6716164197285959,0.6716164197285959,True
1466436230,0.5,0.9241342477354042,0.9241342477354042,True
1466436280,0.5,0.5,0.6492755893100256,False
1466436332,0.8,0.9457503962305616,0.9457503962305616,True
1466436333,0.7,0.6411543444520329,0.6411543444520329,True
1466436431,0.7,0.45305027122570507,0.45305027122570507,True
1466436520,0.7,0.21244929539874158,0.21244929539874158,True
1466436572,0.7,0.7,0.5876290543964112,False
1466436647,0.5,0.5,0.18176990748085198,False
1466436655,0.3,0.8433265906946406,0.8433265906946406,True
1466436727,0.3,0.3,0.5405568831267243,False
1466436793,0.3,0.3,0.7546179953327417,False
1466436879,0.5,0.5,0.04049523852069725,False
1466436880,0.1,0.8372393507861566,0.8372393507861566,True
1466436939,0.1,0.28116493562046385,0.28116493562046385,True
1466437015,0.1,0.6855707238665925,0.6855707238665925,True
1466437048,0.1,0.1,0.9914523672628701,False
1466437088,0.1,0.3679687336312736,0.3679687336312736,True
1466437105,0.1,0.4590386335043063,0.4590386335043063,True
1466437122,0.2,0.28918526592153193,0.28918526592153193,True
1466437160,0.6,0.6,0.06746230275364584,False
1466437232,0.3,0.6143654589483608,0.6143654589483608,True
1466437321,0.3,0.5427030205240014,0.5427030205240014,True
1466437335,0.3,0.3,0.825241287886378,False
1466437358,0.4,0.876075346354208,0.876075346354208,True
1466437441,0.4,0.3282234864684975,0.3282234864684975,True
1466437480,0.4,0.6694751763752634,0.6694751763752634,True
1466437561,0.5,0.5,0.7225106138692866,False
1466437653,0.5,0.5,0.6476161777764285,False
1466437709,0.5,0.5,0.9311628063386628,False
1466437798,0.9,0.9,0.9181998789753864,False
1466437869,0.7,0.12763976793231535,0.12763976793231535,True
1466437952,0.7,0.7,0.8500350736201061,False
1466438037,0.8,0.8,0.5912059100804707,False
1466438054,0.8,0.4919549658528971,0.4919549658528971,True
1466438056,0.8,0.8,0.3295303980480323,False
1466438136,0.8,0.9086228399711376,0.9086228399711376,True
1466438234,0.5,0.33406380768699295,0.33406380768699295,True
1466438261,0.5,0.5,0.8747375524071347,False
1466438348,1.0,0.6422197632802288,0.6422197632802288,True
1466438407,1.0,0.11629584287524242,0.11629584287524242,True
1466438422,0.5,0.7869027324985641,0.7869027324985641,True
1466438476,0.2,0.8010887111541453,0.8010887111541453,True
1466438571,0.2,0.9621800941140813,0.9621800941140813,True
1466438612,0.2,0.019328047483407995,0.019328047483407995,True
1466438620,0.2,0.2,0.3528782422796244,False
1466438698,0.6,0.6,0.20618703010593553,False
1466438747,0.6,0.8125638545158941,0.8125638545158941,True
1466438795,0.4,0.4,0.23870526492513167,False
1466438810,0.4,0.4,0.7288739781404154,False
1466438888,0.4,0.4672468243076491,0.4672468243076491,True
1466438975,0.4,0.5547923488667132,0.5547923488667132,True
1466439000,0.4,0.5022213975016893,0.5022213975016893,True
1466439092,0.4,0.4,0.9357826490401687,False
1466439150,0.7,0.7,0.501991094519356,False
1466439229,0.7,0.7,0.6472627113912904,False
1466439279,0.7,0.7,0.7030663135243557,False
1466439328,0.6,0.9614024955433593,0.9614024955433593,True
1466439351,0.8,0.8,0.588619791800777,False
1466439447,0.7,0.7,0.1307677055764378,False
1466439466,0.5,0.22184640031843894,0.22184640031843894,True
1466439480,0.4,0.4,0.30799914869641365,False
1466439560,0.4,0.22986628348579907,0.22986628348579907,True
1466439600,0.7,0.7,0.9940625271125246,False
1466439645,0.4,0.4,0.9348909455634304,False
1466439729,0.4,0.3393542035433351,0.3393542035433351,True
1466439772,0.9,0.31153684845588636,0.31153684845588636,True
1466439827,0.9,0.49269257173581515,0.49269257173581515,True
1466439849,0.9,0.9,0.742287279655654,False
1466439910,0.9,0.9,0.6141394524265453,False
1466439990,0.9,0.39748752825540334,0.39748752825540334,True
1466440005,0.8,0.8,0.6753691513563532,False
1466440006,0.9,0.2589588879928473,0.2589588879928473,True
1466440045,0.9,0.9,0.5813287218026358,False
1466440066,0.9,0.9,0.45856037635073443,False
1466440154,0.9,0.9,0.8222295394933292,False
1466440214,0.1,0.1,0.1264834905916663,False
1466440226,0.1,0.1,0.30450365961246884,False
1466440304,0.1,0.1,0.12281183120222217,False
1466440385,0.1,0.7094101301644327,0.7094101301644327,True
1466440451,0.1,0.7492879549094246,0.7492879549094246,True
1466440521,0.1,0.08447382367846468,0.08447382367846468,True
1466440581,0.1,0.1,0.2981522664450873,False
1466440674,0.1,0.1,0.23753372315958154,False
1466440727,0.1,0.1,0.5168394353631068,False
1466440821,0.1,0.1,0.04243434050626205,False
1466440827,0.1,0.1,0.016247613397498917,False
1466440897,0.1,0.1,0.878217471785579,False
1466440923,0.1,0.1,0.810150173244654,False
1466441012,0.3,0.3,0.9759020031194665,False
1466441049,0.3,0.3,0.846028709437555,False
1466441147,0.3,0.08675892678120989,0.08675892678120989,True
1466441213,0.8,0.8,0.22749363419197743,False
1466441311,0.8,0.8,0.3609707968409208,False
1466441318,0.8,0.8,0.41595892056441686,False
1466441418,0.6,0.6,0.18868977689168565,False
1466441510,0.4,0.1550778966920484,0.1550778966920484,True
1466441541,0.4,0.4,0.2812618743354084,False
1466441579,0.4,0.4,0.6463787372993444,False
1466441630,0.4,0.4,0.2710820134590649,False
1466441714,0.9,0.9,0.3114789579458812,False
1466441724,0.9,0.32463309905283344,0.32463309905283344,True
1466441741,0.9,0.6961054734625635,0.6961054734625635,True
1466441822,0.9,0.5694467700943475,0.5694467700943475,True
1466441883,0.7,0.7,0.0006886643482467703,False
1466441934,0.7,0.2790252498256264,0.2790252498256264,True
1466441947,0.7,0.6144467628678754,0.6144467628678754,True
1466442046,0.7,0.7,0.8449599658494112,False
1466442137,0.7,0.7,0.6892444756447683,False
1466442175,0.7,0.7,0.6527673520397732,False
1466442216,0.7,0.7,0.22903751094459224,False
1466442284,0.7,0.39667648213180406,0.39667648213180406,True
1466442332,0.7,0.8165701628868265,0.8165701628868265,True
1466442358,0.7,0.19187719752868726,0.19187719752868726,True
1466442362,0.7,0.7,0.028092112567803418,False
1466442439,0.7,0.7,0.7716659283081652,False
1466442490,0.4,0.4,0.26554624913877967,False
1466442498,0.9,0.9,0.8407754693513514,False
1466442508,0.9,0.22518888763701939,0.22518888763701939,True
1466442518,0.9,0.9,0.1483614452498403,False
1466442556,0.9,0.9,0.9324291323520654,False
1466442656,0.9,0.9,0.9859536653174356,False
1466442662,0.9,0.09199707503682708,0.09199707503682708,True
1466442703,0.9,0.04882940217957832,0.04882940217957832,True
1466442768,0.9,0.9,0.5412572551342751,False
1466442788,0.9,0.9,0.1313548415425705,False
1466442886,0.9,0.9,0.41362214147694276,False
1466442980,0.9,0.9,0.34973460542834245,False
1466443000,0.9,0.9,0.059000214217728386,False
1466443029,0.9,0.5602071581938513,0.5602071581938513,True
1466443038,0.9,0.26597994937228175,0.26597994937228175,True
1466443089,0.9,0.9,0.9241649083897309,False
1466443162,1.0,0.7689060713819892,0.7689060713819892,True
1466443201,1.0,0.9778808673357835,0.9778808673357835,True
1466443219,0.4,0.4,0.04248566263122722,False
1466443263,0.4,0.24524887368409354,0.24524887368409354,True
1466443350,0.4,0.4,0.05368606718387303,False
1466443373,0.4,0.4,0.036333825407470766,False
1466443392,0.4,0.1615788878149944,0.1615788878149944,True
1466443402,0.1,0.1,0.038459663126820254,False
1466443486,0.6,0.6,0.08043686320609633,False
1466443511,0.6,0.6,0.2680947888505022,False
1466443584,0.6,0.6,0.4868865707933726,False
1466443677,0.2,0.2,0.2484887326341827,False
1466443725,0.4,0.4,0.9059699910905035,False
1466443727,0.4,0.4,0.04959063741655856,False
1466443750,0.5,0.20281959038837893,0.20281959038837893,True
1466443761,0.5,0.5,0.6980444348471796,False
1466443808,0.7,0.7,0.17489514961611097,False
1466443861,0.7,0.7,0.05051175368020744,False
1466443929,1.0,0.7695587371415811,0.7695587371415811,True
1466443986,0.8,0.7097058115591804,0.7097058115591804,True
1466444043,0.8,0.8375126486002039,0.8375126486002039,True
1466444110,1.0,1.0,0.8861283709183283,False
1466444192,1.0,1.0,0.5921875825789552,False
1466444287,1.0,1.0,0.3804242701118109,False
1466444294,0.2,0.2,0.9889930146226429,False
1466444366,0.2,0.2,0.8040618127298107,False
1466444466,0.2,0.28290455524239777,0.28290455524239777,True
1466444505,0.6,0.6,0.8781156592833965,False
1466444556,0.6,0.6,0.5115318102189333,False
1466444624,0.6,0.996745294881119,0.996745294881119,True
1466444663,0.6,0.5952530212227458,0.5952530212227458,True
1466444685,0.1,0.7684007168578894,0.7684007168578894,True
1466444756,0.1,0.1,0.5457305714611413,False
1466444781,0.1,0.10213010376492193,0.10213010376492193,True
1466444840,0.4,0.4,0.850566460853063,False
1466444854,0.4,0.4,0.9851943074464861,False
1466444860,0.4,0.4,0.292534173817673,False
1466444959,0.8,0.8,0.44316451927994205,False
1466445058,0.8,0.10013681753614545,0.10013681753614545,True
1466445107,0.8,0.7121241672813156,0.7121241672813156,True
1466445165,0.7,0.48250676343915533,0.48250676343915533,True
1466445170,0.7,0.7,0.529819572875427,False
1466445173,0.7,0.7,0.2550304980109346,False
1466445247,0.7,0.417079488991803,0.417079488991803,True
1466445305,0.7,0.26453846698775485,0.26453846698775485,True
1466445333,0.7,0.25909211453193737,0.25909211453193737,True
1466445356,0.7,0.7,0.4461682467955256,False
1466445430,0.7,0.7,0.581082592324575,False
1466445491,0.7,0.7,0.6355228681383419,False
1466445497,0.7,0.39669259926911016,0.39669259926911016,True
1466445514,0.5,0.039336149040083535,0.039336149040083535,True
1466445549,0.5,0.5,0.9903217959142164,False
1466445640,0.5,0.966103151333828,0.966103151333828,True
1466445648,0.5,0.8881141408711093,0.8881141408711093,True
1466445739,0.5,0.7847234229360395,0.7847234229360395,True
1466445814,0.5,0.9962536896560381,0.9962536896560381,True
1466445879,0.5,0.3893939003478656,0.3893939003478656,True
1466445909,0.5,0.5,0.09370883923115636,False
1466445965,0.5,0.5,0.2352309841164415,False
1466446021,0.1,0.5708292056237433,0.5708292056237433,True
1466446045,0.1,0.2299970573053084,0.2299970573053084,True
1466446071,0.1,0.1,0.9479616945083611,False
1466446120,0.1,0.06285029229323058,0.06285029229323058,True
1466446168,0.1,0.1,0.36072095534443294,False
1466446253,0.1,0.1,0.06047193440550014,False
1466446302,0.1,0.629289175097099,0.629289175097099,True
1466446389,0.1,0.7730841256493142,0.7730841256493142,True
1466446404,0.8,0.4692243642544035,0.4692243642544035,True
1466446494,0.8,0.8,0.7265831134543382,False
1466446594,0.8,0.8,0.12746243582179273,False
1466446643,0.7,0.7,0.3300643507693304,False
1466446669,0.7,0.6306573884586746,0.6306573884586746,True
1466446690,0.7,0.7,0.9141698495809325,False
1466446735,0.5,0.4397983019732141,0.4397983019732141,True
1466446766,0.5,0.5,0.35267961276409254,False
1466446852,0.5,0.8560623787414978,0.8560623787414978,True
1466446902,0.5,0.5,0.5401104911657991,False
1466446945,0.5,0.5,0.39506429278506183,False
1466446987,0.5,0.25781552336299607,0.25781552336299607,True
1466447036,0.5,0.5,0.6193050485570927,False
1466447112,1.0,1.0,0.713396391066146,False
1466447129,0.9,0.9670543274957308,0.9670543274957308,True
1466447189,0.4,0.4,0.4023441834849043,False
1466447224,0.4,0.20080357595589027,0.20080357595589027,True
1466447270,0.4,0.4,0.6324002369856783,False
1466447272,0.4,0.3691580027979453,0.3691580027979453,True
1466447348,0.4,0.10824148725181515,0.10824148725181515,True
1466447359,0.4,0.4,0.7861500783105883,False
1466447388,1.0,1.0,0.2798081977601954,False
1466447390,0.6,0.6,0.3842468879553923,False
1466447425,0.6,0.6,0.39130517161150724,False
1466447463,0.6,0.15241311020235282,0.15241311020235282,True
1466447485,0.9,0.9,0.2723543128849034,False
1466447545,1.0,0.8106506211183079,0.8106506211183079,True
1466447553,1.0,0.8056115604888368,0.8056115604888368,True
1466447554,1.0,1.0,0.4984562242691747,False
1466447573,1.0,1.0,0.3484615760122164,False
1466447634,1.0,0.37536143016823076,0.37536143016823076,True
1466447695,1.0,0.20600959269082753,0.20600959269082753,True
1466447762,1.0,1.0,0.7609613264687639,False
1466447844,1.0,0.1737472343024995,0.1737472343024995,True
1466447885,1.0,0.42482119112982486,0.42482119112982486,True
1466447943,1.0,0.9451119458918812,0.9451119458918812,True
1466447956,1.0,1.0,0.6095281680531563,False
1466448041,1.0,0.030594970219705808,0.030594970219705808,True
1466448140,1.0,1.0,0.9047606313554191,False
1466448215,0.5,0.6533839223961573,0.6533839223961573,True
1466448270,0.8,0.2386496047486213,0.2386496047486213,True
1466448302,0.8,0.2723800806410167,0.2723800806410167,True
1466448368,0.8,0.5453183496232502,0.5453183496232502,True
1466448422,0.8,0.9456400984524541,0.9456400984524541,True
1466448517,0.5,0.5,0.12798349993996727,False
1466448614,0.5,0.3282313766795185,0.3282313766795185,True
1466448701,0.5,0.582327943872845,0.582327943872845,True
1466448743,0.5,0.5,0.8014299623537898,False
1466448805,0.5,0.5,0.8051911194370518,False
1466448844,0.9,0.9,0.5068059353489748,False
1466448896,0.2,0.47554960881923525,0.47554960881923525,True
1466448984,0.2,0.2,0.6849262882575479,False
1466449031,0.2,0.7482780199826069,0.7482780199826069,True
1466449045,0.2,0.2,0.45460304789564476,False
1466449099,0.2,0.14428380687308118,0.14428380687308118,True
1466449171,0.2,0.2,0.5679028898024757,False
1466449261,0.2,0.543182810984836,0.543182810984836,True
1466449280,0.2,0.12941591744155878,0.12941591744155878,True
1466449359,0.2,0.16099832323328112,0.16099832323328112,True
1466449442,0.7,0.7272936486036358,0.7272936486036358,True
1466449496,0.7,0.7,0.9761394733438309,False
1466449537,0.7,0.30219749730997947,0.30219749730997947,True
1466449555,1.0,0.6081466072036393,0.6081466072036393,True
1466449629,0.5,0.5,0.19069345012412597,False
1466449635,0.1,0.1,0.10060122036674446,False
1466449721,0.1,0.8719060795486238,0.8719060795486238,True
1466449772,0.1,0.1,0.06423953620745815,False
1466449872,0.1,0.1,0.0003939759443387647,False
1466449873,0.1,0.1,0.4818688274302506,False
1466449884,0.4,0.06679166255142222,0.06679166255142222,True
1466449937,0.4,0.4,0.14992667026318995,False
1466449953,0.4,0.4,0.7881100306657834,False
1466449959,0.4,0.7774185483132229,0.7774185483132229,True
1466449961,0.4,0.4,0.6983504245349245,False
1466450018,0.4,0.8169720971048937,0.8169720971048937,True
1466450075,0.4,0.0577168126920089,0.0577168126920089,True
1466450150,0.4,0.36691104143337083,0.36691104143337083,True
1466450177,0.4,0.6091359913173912,0.6091359913173912,True
1466450255,0.4,0.9721065721045977,0.9721065721045977,True
1466450343,0.4,0.28378387530535865,0.28378387530535865,True
1466450348,0.4,0.9277232392014098,0.9277232392014098,True
1466450401,0.9,0.9,0.4951865898944007,False
1466450433,0.9,0.9,0.7603899849403613,False
1466450507,0.9,0.9,0.7246222297759094,False
1466450536,0.9,0.9,0.18225791435153227,False
1466450627,0.9,0.9,0.9761982989142113,False
1466450723,0.2,0.2,0.4297930879321462,False
1466450817,0.2,0.9669540510172705,0.9669540510172705,True
1466450900,0.3,0.3,0.031671609380149346,False
1466450902,0.3,0.6746115113483584,0.6746115113483584,True
1466450971,0.3,0.3,0.5073326576191203,False
1466451016,0.3,0.3,0.5490215993071548,False
1466451023,0.3,0.17738542073340569,0.17738542073340569,True
1466451073,0.3,0.3,0.44861095323965905,False
1466451166,0.3,0.24712455068261363,0.24712455068261363,True
1466451231,0.9,0.5543652100485265,0.5543652100485265,True
1466451245,0.7,0.7,0.986186500016726,False
1466451293,0.7,0.7,0.5784043835040069,False
1466451295,0.7,0.644884043463894,0.644884043463894,True
1466451378,0.7,0.7,0.4264686946292755,False
1466451445,0.7,0.7,0.6483935295961826,False
1466451508,0.7,0.43160280050165833,0.43160280050165833,True
1466451599,0.7,0.7,0.2761139426576503,False
1466451686,0.7,0.7,0.6984254242875813,False
1466451761,0.7,0.7,0.07719320715715294,False
1466451857,0.7,0.7,0.9518611846582524,False
1466451909,0.7,0.6006264748845588,0.6006264748845588,True
1466451919,0.7,0.0120677010678506,0.0120677010678506,True
1466452006,1.0,1.0,0.3109353138242815,False
1466452035,1.0,0.6707434878029791,0.6707434878029791,True
1466452039,1.0,0.7157575577901467,0.7157575577901467,True
1466452104,0.3,0.3,0.42083785159422527,False
1466452167,0.3,0.43784552361897244,0.43784552361897244,True
1466452238,0.3,0.13259891999968476,0.13259891999968476,True
1466452313,0.3,0.3,0.5622955340425428,False
1466452339,0.3,0.9930950634359671,0.9930950634359671,True
1466452419,0.3,0.258207763871501,0.258207763871501,True
1466452424,0.5,0.5,0.7314650155184077,False
1466452435,0.5,0.054247809073009745,0.054247809073009745,True
1466452531,0.2,0.2,0.7188976473044187,False
1466452584,0.2,0.35310831129428755,0.35310831129428755,True
1466452625,0.2,0.43237013662572965,0.43237013662572965,True
1466452676,0.2,0.9914083202608697,0.9914083202608697,True
1466452752,0.5,0.5,0.7606894253567575,False
1466452796,0.5,0.5,0.4286407260984193,False
1466452825,0.5,0.4329177675236664,0.4329177675236664,True
1466452860,0.1,0.1,0.7617987323062516,False
1466452960,0.1,0.2790756629404062,0.2790756629404062,True
1466452979,0.8,0.8,0.8593406384693986,False
1466453002,0.4,0.4,0.8372467709570766,False
1466453016,0.4,0.4,0.12952489301880943,False
1466453025,0.8,0.8,0.19437753174309014,False
1466453089,0.8,0.8,0.9131821369534762,False
1466453141,0.7,0.41377123433141094,0.41377123433141094,True
1466453154,0.7,0.7,0.3335012281350581,False
1466453184,0.7,0.24605404148301258,0.24605404148301258,True
1466453202,0.7,0.9123163143217349,0.9123163143217349,True
1466453203,0.9,0.2076871517935044,0.2076871517935044,True
1466453222,0.8,0.19084016157043304,0.19084016157043304,True
1466453321,0.8,0.8,0.37985195319675713,False
1466453379,0.8,0.8,0.33871168513687755,False
1466453392,0.8,0.8,0.2739680428505291,False
1466453422,0.8,0.6686513837516143,0.6686513837516143,True
1466453502,0.3,0.3,0.33680474885624456,False
1466453518,0.3,0.3,0.7085950654698088,False
1466453563,0.3,0.36416811786793046,0.36416811786793046,True
1466453604,0.3,0.5960988018792549,0.5960988018792549,True
1466453639,0.6,0.8626880769151298,0.8626880769151298,True
1466453705,0.6,0.45475831457484595,0.45475831457484595,True
1466453795,0.6,0.24157105921325117,0.24157105921325117,True
1466453816,0.6,0.8544415602439525,0.8544415602439525,True
1466453870,0.6,0.835468789223663,0.835468789223663,True
1466453910,0.6,0.7430888831098259,0.7430888831098259,True
1466454002,0.6,0.5542792651858774,0.5542792651858774,True
1466454051,0.6,0.6,0.4930663887351996,False
1466454087,0.5,0.5,0.6148664088444247,False
1466454129,0.6,0.6,0.7673376453466945,False
1466454227,0.6,0.6,0.00260869994593671,False
1466454259,0.6,0.6,0.43833803185400744,False
1466454262,0.6,0.2532531955398998,0.2532531955398998,True
1466454298,0.6,0.6,0.16456223621708466,False
1466454388,0.5,0.5,0.6947031451694734,False
1466454399,0.2,0.2,0.8137044305998531,False
1466454473,0.5,0.11966527060874077,0.11966527060874077,True
1466454529,0.3,0.7453776673554678,0.7453776673554678,True
1466454559,0.3,0.3,0.43899421788557635,False
1466454648,0.3,0.35423872206838003,0.35423872206838003,True
1466454745,0.3,0.024767957362540116,0.024767957362540116,True
1466454763,0.3,0.3,0.12789534202811847,False
1466454851,0.2,0.560983518634602,0.560983518634602,True
1466454936,0.2,0.2,0.7571532510072765,False
1466454949,0.2,0.7850126223771158,0.7850126223771158,True
1466455032,0.6,0.6,0.6366415645000795,False
1466455065,0.6,0.8559109398359197,0.8559109398359197,True
1466455119,0.8,0.8,0.6753698746425586,False
1466455172,0.8,0.8,0.48850650327150624,False
1466455196,0.3,0.3,0.925448058865326,False
1466455271,0.3,0.3,0.4851220863238226,False
1466455357,0.7,0.7,0.3868969381401203,False
1466455361,0.2,0.2825288562052668,0.2825288562052668,True
1466455394,0.2,0.8732410920852977,0.8732410920852977,True
1466455475,0.4,0.2942611787197227,0.2942611787197227,True
1466455497,0.8,0.8,0.4183223648967227,False
1466455561,0.7,0.7,0.7949787481625549,False
1466455575,0.7,0.7,0.09759796037422053,False
1466455587,0.7,0.7,0.29121271956258044,False
1466455651,0.7,0.9242805064642984,0.9242805064642984,True
1466455658,0.7,0.6713599529262405,0.6713599529262405,True
1466455732,0.3,0.7429157087147671,0.7429157087147671,True
1466455812,0.3,0.3,0.9931740598017782,False
1466455910,0.3,0.3,0.7430162347874978,False
1466455951,0.2,0.8572531064000631,0.8572531064000631,True
1466455999,0.7,0.7,0.1553924861438596,False
1466456054,0.7,0.7,0.649030415843285,False
1466456058,0.7,0.9392847822262925,0.9392847822262925,True
1466456074,0.3,0.3,0.37462695822983205,False
1466456088,0.3,0.8653327000963275,0.8653327000963275,True
1466456118,0.3,0.5888120245689555,0.5888120245689555,True
1466456218,0.5,0.5,0.521700924802533,False
1466456265,0.5,0.19188617589435208,0.19188617589435208,True
1466456270,0.5,0.5,0.21263618556546882,False
1466456312,0.5,0.3079459756673084,0.3079459756673084,True
1466456346,0.5,0.692301567586429,0.692301567586429,True
1466456374,0.5,0.180003548397225,0.180003548397225,True
1466456406,0.2,0.2,0.43218983213686146,False
1466456482,0.2,0.2,0.9615228930946239,False
1466456512,0.3,0.3,0.16807387706416432,False
1466456610,0.3,0.3,0.15101726147836403,False
1466456683,0.3,0.6116641054959046,0.6116641054959046,True
1466456768,0.3,0.9834225167310783,0.9834225167310783,True
1466456856,0.7,0.7,0.18427419847391957,False
1466456927,0.8,0.8,0.3769021635248775,False
1466457014,0.8,0.8,0.3778145256551336,False
1466457032,0.7,0.7,0.7633839750116658,False
1466457067,0.2,0.2,0.23262283013665974,False
1466457157,0.5,0.5,0.01601212121475304,False
1466457215,0.3,0.3,0.7673463251305515,False
1466457267,0.3,0.7235684045231858,0.7235684045231858,True
1466457357,0.3,0.3,0.2703034863505491,False
1466457434,0.5,0.0766737133062031,0.0766737133062031,True
1466457487,0.3,0.2513973875426089,0.2513973875426089,True
1466457559,0.3,0.3,0.42450851638062115,False
1466457603,0.3,0.6192266333614161,0.6192266333614161,True
1466457671,0.3,0.3,0.8717581556988704,False
1466457713,0.3,0.4774174863072592,0.4774174863072592,True
1466457745,0.7,0.7499350217138373,0.7499350217138373,True
1466457782,0.7,0.7,0.44797452826959017,False
1466457802,0.7,0.10878579326771276,0.10878579326771276,True
1466457817,0.7,0.7,0.41714895993823686,False
1466457865,0.5,0.5,0.6050276178337216,False
1466457884,0.5,0.5127277556346899,0.5127277556346899,True
1466457885,0.2,0.6125847961645604,0.6125847961645604,True
1466457917,0.2,0.19019042383353968,0.19019042383353968,True
1466457973,0.2,0.28209606003591636,0.28209606003591636,True
1466458045,0.2,0.2,0.1504806569046807,False
1466458135,0.2,0.4021403288209362,0.4021403288209362,True
1466458151,0.5,0.29091255847558606,0.29091255847558606,True
1466458230,0.5,0.8265588387869425,0.8265588387869425,True
1466458324,0.5,0.41752161978471414,0.41752161978471414,True
1466458362,0.3,0.3,0.3086042344440947,False
1466458438,0.3,0.3,0.9112727389554005,False
1466458454,0.3,0.3,0.6837572160436637,False
1466458496,0.3,0.4845463825397931,0.4845463825397931,True
1466458509,0.3,0.5117110000379559,0.5117110000379559,True
1466458580,0.3,0.3,0.08030919508230894,False
1466458590,0.3,0.20555022396198364,0.20555022396198364,True
1466458626,0.3,0.8872660683664503,0.8872660683664503,True
1466458642,0.3,0.6590046872741212,0.6590046872741212,True
1466458665,0.3,0.3,0.40147556411616003,False
1466458694,0.3,0.3,0.7281710670215247,False
1466458762,0.3,0.3741495059122083,0.3741495059122083,True
1466458793,0.3,0.12526066015374238,0.12526066015374238,True
1466458824,0.3,0.9252748705777317,0.9252748705777317,True
1466458906,0.3,0.14115720770786777,0.14115720770786777,True
1466458982,0.3,0.6702155133871764,0.6702155133871764,True
1466459068,0.3,0.2247313265824331,0.2247313265824331,True
1466459159,0.7,0.682276067947063,0.682276067947063,True
1466459184,0.7,0.845194527786165,0.845194527786165,True
1466459273,0.7,0.7,0.8148821363762794,False
1466459372,0.7,0.7,0.9836754399635728,False
1466459415,0.7,0.7,0.04276560634868243,False
1466459483,0.7,0.7371221047708041,0.7371221047708041,True
1466459504,0.7,0.7,0.12196861616296883,False
1466459588,0.7,0.5627852364297035,0.5627852364297035,True
1466459595,0.7,0.7,0.26992518933435217,False
1466459673,0.4,0.4,0.2300832986265744,False
1466459726,0.8,0.8537803173785556,0.8537803173785556,True
1466459800,0.8,0.5834919212541838,0.5834919212541838,True
1466459857,0.8,0.6995500684323381,0.6995500684323381,True
1466459887,0.8,0.8,0.5104061408424888,False
1466459913,0.6,0.6,0.08302859824001196,False
1466459974,0.6,0.40529532413220015,0.40529532413220015,True
1466459995,0.6,0.6,0.07676150162178652,False
1466460001,0.6,0.6,0.9139546555869562,False
1466460054,0.5,0.5,0.37843898073211935,False
1466460130,0.5,0.5,0.5310967973852239,False
1466460215,0.5,0.5,0.12122824395326026,False
1466460252,0.4,0.3966086769442465,0.3966086769442465,True
1466460272,0.2,0.39320609906453763,0.39320609906453763,True
1466460346,0.2,0.2,0.769211812077769,False
1466460440,0.2,0.5485314810571447,0.5485314810571447,True
1466460461,1.0,0.5577431147339916,0.5577431147339916,True
1466460528,1.0,1.0,0.8860783836046652,False
1466460610,0.5,0.28298846681023326,0.28298846681023326,True
1466460630,0.5,0.5713849988679794,0.5713849988679794,True
1466460691,0.9,0.09786922312266744,0.09786922312266744,True
1466460706,0.9,0.9,0.7913871941050608,False
1466460739,0.9,0.4807161002793514,0.4807161002793514,True
1466460765,0.7,0.7,0.12324528682913827,False
1466460795,0.7,0.7,0.43400261360515113,False
1466460877,0.7,0.2556227944668469,0.2556227944668469,True
1466460973,0.7,0.7,0.8376095848236037,False
1466461009,0.7,0.954587970136787,0.954587970136787,True
1466461027,0.8,0.06425240556178458,0.06425240556178458,True
1466461032,0.8,0.28244106926869994,0.28244106926869994,True
1466461096,0.8,0.4770650470363391,0.4770650470363391,True
1466461169,0.8,0.8,0.04010033957551351,False
1466461256,0.8,0.8308026354199288,0.8308026354199288,True
1466461351,0.8,0.2286111384603886,0.2286111384603886,True
1466461451,0.8,0.8,0.14282451211495673,False
1466461531,0.8,0.8,0.4224252574250914,False
1466461568,0.8,0.8,0.796262308515861,False
1466461583,0.2,0.11485348224280367,0.11485348224280367,True
1466461647,0.2,0.2,0.9135090048499991,False
1466461703,0.5,0.2088074824817946,0.2088074824817946,True
1466461794,0.5,0.5,0.5351628544935374,False
1466461813,0.5,0.3548458479030553,0.3548458479030553,True
1466461910,0.5,0.5,0.3352554465270279,False
1466461988,0.5,0.5,0.8069461361039665,False
1466462056,0.2,0.2,0.8618047498280867,False
1466462101,0.3,0.3,0.46030518687907307,False
1466462155,0.3,0.8169343670872051,0.8169343670872051,True
1466462215,0.7,0.7,0.19651358387082807,False
1466462278,0.7,0.7,0.7276940170554996,False
1466462368,0.7,0.3413423285156155,0.3413423285156155,True
1466462412,0.7,0.49655675855925097,0.49655675855925097,True
1466462512,0.7,0.06980215854647742,0.06980215854647742,True
1466462594,0.7,0.7,0.6303555225274425,False
1466462671,0.7,0.7426375472883615,0.7426375472883615,True
1466462716,0.3,0.3,0.22159895685066422,False
1466462746,0.9,0.2944728263035522,0.2944728263035522,True
1466462782,0.9,0.16064986271873183,0.16064986271873183,True
1466462820,0.9,0.050735870065798716,0.050735870065798716,True
1466462833,1.0,0.5262030430873171,0.5262030430873171,True
1466462842,1.0,0.6475686066373153,0.6475686066373153,True
1466462850,1.0,0.7719318996499009,0.7719318996499009,True
1466462941,1.0,1.0,0.02143146817810493,False
1466463026,1.0,1.0,0.9577062475196971,False
1466463117,0.2,0.4087400011918262,0.4087400011918262,True
1466463139,0.2,0.2,0.8379044654240664,False
