1466410104,4.4,6.061456015686256,6.061456015686256,True
1466410114,4.4,5.272503161166559,5.272503161166559,True
1466410130,4.4,4.4,6.734160756051995,False
1466410181,7.9,5.500386542790579,5.500386542790579,True
1466410203,7.9,6.585988604015974,6.585988604015974,True
1466410250,7.9,7.9,7.197995636907287,False
1466410309,7.9,7.9,3.3256985130718624,False
1466410397,6.9,6.9,6.7706568995393095,False
1466410430,4.1,6.076603857196689,6.076603857196689,True
1466410469,3.9,3.9,3.121814236637647,False
1466410483,3.9,3.9,6.3255540653801186,False
1466410498,3.9,4.125414364690251,4.125414364690251,True
1466410502,3.9,3.9,5.5476722881198866,False
1466410532,4.7,4.7,5.25786000183712,False
1466410541,4.7,4.7,4.210591742752047,False
1466410573,4.7,4.7,7.609835017925941,False
1466410630,4.7,4.560942747479611,4.560942747479611,True
1466410653,4.7,4.555219496523902,4.555219496523902,True
1466410746,4.7,4.0404247205073425,4.0404247205073425,True
1466410814,4.7,7.554651244386799,7.554651244386799,True
1466410890,4.7,3.432724475774858,3.432724475774858,True
1466410902,4.7,5.143844257985876,5.143844257985876,True
1466410978,4.7,4.442435177416496,4.442435177416496,True
1466411008,4.7,4.7,5.336422235677267,False
1466411066,4.7,4.771563219489947,4.771563219489947,True
1466411094,4.7,4.48274977505788,4.48274977505788,True
1466411157,4.7,3.821112446433119,3.821112446433119,True
1466411223,4.7,6.340370039950594,6.340370039950594,True
1466411226,4.7,4.958317913468193,4.958317913468193,True
1466411272,4.7,4.7,5.71946318084934,False
1466411303,6.5,6.5,4.03657455773687,False
1466411318,6.5,4.4467352553296635,4.4467352553296635,True
1466411396,6.5,6.5,6.682680842241828,False
1466411493,6.5,7.503014408288142,7.503014408288142,True
1466411549,6.5,7.304133631035756,7.304133631035756,True
1466411560,3.4,3.8260162987379607,3.8260162987379607,True
1466411626,6.8,5.794727062819731,5.794727062819731,True
1466411723,6.7,6.827658419295773,6.827658419295773,True
1466411763,6.7,3.856205715031674,3.856205715031674,True
1466411785,6.7,6.860301889112084,6.860301889112084,True
1466411854,6.7,6.7,5.454783214757587,False
1466411889,4.1,6.592740036651282,6.592740036651282,True
1466411988,4.1,4.1,3.887791481024667,False
1466412022,4.1,4.1,4.893173299931833,False
1466412046,4.1,4.641449395805405,4.641449395805405,True
1466412076,4.1,4.1,4.239434481993866,False
1466412152,4.1,4.1,6.999752897708487,False
1466412181,4.9,4.9,6.659959565885568,False
1466412201,4.9,4.9,6.120745648212149,False
1466412260,4.9,4.9,5.353127907969886,False
1466412347,4.9,4.9,4.440690781240939,False
1466412360,4.9,5.235079294153017,5.235079294153017,True
1466412438,4.9,3.8762691861357097,3.8762691861357097,True
1466412521,6.6,6.6,3.967849537157262,False
1466412599,3.5,3.407876341112845,3.407876341112845,True
1466412639,3.5,3.5,3.025601059906371,False
1466412691,3.5,3.5,7.1544482331707036,False
1466412747,3.5,4.349722459974373,4.349722459974373,True
1466412794,3.5,3.5,4.990113629739659,False
1466412819,3.5,3.5,6.628131547218264,False
1466412832,3.5,5.628302582708285,5.628302582708285,True
1466412874,3.5,3.0304906832106666,3.0304906832106666,True
1466412943,3.5,3.5,3.5347633761975064,False
1466412971,3.3,3.3,3.6489193582056965,False
1466412990,3.3,7.8295454364337935,7.8295454364337935,True
1466413028,3.3,7.765697298809463,7.765697298809463,True
1466413053,7.4,7.066962660676656,7.066962660676656,True
1466413125,7.4,7.4,7.633996980742498,False
1466413200,7.4,7.4,5.198666241454485,False
1466413264,7.4,7.155833356735049,7.155833356735049,True
1466413311,7.4,3.165779371777439,3.165779371777439,True
1466413342,7.4,3.50914187793734,3.50914187793734,True
1466413440,7.4,7.4,7.9120412837335525,False
1466413458,7.4,7.4,5.320440965523543,False
1466413529,7.4,6.00031071505375,6.00031071505375,True
1466413542,5.5,5.5,4.69905300182408,False
1466413638,5.5,5.5,3.4215548574246846,False
1466413672,5.5,6.810306492094517,6.810306492094517,True
1466413733,5.5,5.088785338802561,5.088785338802561,True
1466413779,5.5,7.218236128572833,7.218236128572833,True
1466413780,5.5,5.5,3.017368549853199,False
1466413864,5.5,5.5,6.4816461450753575,False
1466413885,5.5,5.5,5.982003374234068,False
1466413946,5.5,4.650340561467513,4.650340561467513,True
1466414033,5.5,4.839885614998241,4.839885614998241,True
1466414071,5.3,5.3,5.972694422169663,False
1466414164,5.3,7.705755574941927,7.705755574941927,True
1466414225,5.3,5.3,7.87071839135792,False
1466414312,5.3,5.3,4.412687953296265,False
1466414325,5.3,5.3,3.0511523172683663,False
1466414328,5.3,7.237622362321222,7.237622362321222,True
1466414329,5.3,3.00802419839454,3.00802419839454,True
1466414402,5.3,3.214311460717047,3.214311460717047,True
1466414407,5.3,7.819109470692307,7.819109470692307,True
1466414413,5.3,5.3,6.071555987401311,False
1466414460,6.7,3.9479995095416323,3.9479995095416323,True
1466414552,6.7,6.7,6.283897396974522,False
1466414602,6.7,4.864579966420337,4.864579966420337,True
1466414662,6.7,3.878640178827126,3.878640178827126,True
1466414746,5.9,3.3374209613344066,3.3374209613344066,True
1466414844,5.9,5.9,3.717357840992033,False
1466414943,5.9,5.718098669252683,5.718098669252683,True
1466414946,4.1,4.798858131207311,4.798858131207311,True
1466414966,4.1,7.50324864666637,7.50324864666637,True
1466415038,4.1,4.506225857965918,4.506225857965918,True
1466415106,4.1,5.642828005752669,5.642828005752669,True
1466415130,4.1,4.1,6.67639816604499,False
1466415145,4.1,4.1,5.880504883515683,False
1466415202,4.1,5.601046569170789,5.601046569170789,True
1466415239,4.1,4.1,5.04190593572581,False
1466415249,4.1,4.1,4.467608818641335,False
1466415308,4.1,4.1,4.988870144760895,False
1466415357,4.1,4.1,6.8061065537243515,False
1466415404,5.7,5.7,4.771246631030419,False
1466415469,7.0,6.712420489859921,6.712420489859921,True
1466415548,7.0,7.0,7.578908563472585,False
1466415588,7.0,7.0,5.273675738215368,False
1466415627,7.0,6.879421006493605,6.879421006493605,True
1466415719,4.3,4.3,4.06869276050053,False
1466415767,4.3,4.3,7.912005321622768,False
1466415860,4.3,4.0077986096799325,4.0077986096799325,True
1466415872,4.3,7.483264966791145,7.483264966791145,True
1466415914,4.3,4.3,3.492660989493281,False
1466415934,4.3,6.739065732954022,6.739065732954022,True
1466415988,4.3,4.872842611456788,4.872842611456788,True
1466416004,4.3,4.3,6.549213177723377,False
1466416050,4.3,6.84722040326888,6.84722040326888,True
1466416150,4.3,6.632546792765679,6.632546792765679,True
1466416161,4.3,4.3,3.781091991577437,False
1466416215,4.3,7.258348022692891,7.258348022692891,True
1466416315,4.3,4.3,6.742400986847131,False
1466416321,4.3,4.3,4.032994929114734,False
1466416393,4.3,4.3,7.403687960125648,False
1466416440,4.3,4.3,3.5223387166009714,False
1466416510,4.3,4.3,4.613090128630749,False
1466416541,4.3,5.915160820204278,5.915160820204278,True
1466416631,4.3,3.9717217166505416,3.9717217166505416,True
1466416671,4.3,4.3,4.094999028614818,False
1466416725,4.3,5.850445037644224,5.850445037644224,True
1466416815,4.3,4.3,4.042801154942445,False
1466416867,4.3,4.924673606678901,4.924673606678901,True
1466416933,4.3,4.3,4.6341816313293895,False
1466416963,4.3,4.3,7.40480268119635,False
1466417034,4.3,4.3,7.964641643892521,False
1466417069,4.3,4.3,6.066369558235859,False
1466417095,4.3,4.3,4.320636450443531,False
1466417123,4.3,4.3,4.7232084267459005,False
1466417219,4.3,4.3,7.907910884006138,False
1466417228,4.3,4.3,7.787642606810126,False
1466417235,4.3,7.576009732183392,7.576009732183392,True
1466417266,3.6,3.6,3.3461716425524406,False
1466417298,4.0,4.0,4.074905204193334,False
1466417382,4.0,6.382483611015242,6.382483611015242,True
1466417429,4.0,4.029435366333667,4.029435366333667,True
1466417434,4.0,3.7421787949640053,3.7421787949640053,True
1466417513,4.0,6.866495064469326,6.866495064469326,True
1466417598,4.0,4.0,4.428795320955529,False
1466417615,4.0,4.0,6.978793330187081,False
1466417654,4.0,4.0,6.9215840600360306,False
1466417749,4.0,4.0,3.1859390214241303,False
1466417763,4.0,5.734136402427213,5.734136402427213,True
1466417822,4.0,3.6018441908007155,3.6018441908007155,True
1466417851,6.0,5.46251785048387,5.46251785048387,True
1466417855,6.0,4.689564522220493,4.689564522220493,True
1466417879,6.0,3.679909864587336,3.679909864587336,True
1466417895,6.0,6.332329012017017,6.332329012017017,True
1466417969,6.0,6.0,7.1076491045817,False
1466418049,6.0,6.0,7.685746091774056,False
1466418118,6.0,7.991087091349284,7.991087091349284,True
1466418129,6.0,5.740132153764321,5.740132153764321,True
1466418179,6.0,4.100914240003971,4.100914240003971,True
1466418254,6.0,6.57121189383033,6.57121189383033,True
1466418332,6.0,6.0,6.39904523565021,False
1466418428,6.0,4.463435372416154,4.463435372416154,True
1466418494,6.0,6.0,5.512246407899623,False
1466418554,6.0,6.0,7.886864766640218,False
1466418563,6.0,5.258543874324646,5.258543874324646,True
1466418564,6.0,7.879082107183916,7.879082107183916,True
1466418594,6.0,4.681261799942985,4.681261799942985,True
1466418674,6.0,6.0,5.360481462685581,False
1466418748,6.6,4.190016764007832,4.190016764007832,True
1466418847,6.6,6.6,5.827173376368537,False
1466418877,6.6,6.533878527660066,6.533878527660066,True
1466418917,6.6,6.6,4.67226666937608,False
1466418938,6.6,6.155645534668157,6.155645534668157,True
1466419031,7.6,7.6,5.88012467249596,False
1466419058,7.6,3.788770699559151,3.788770699559151,True
1466419104,7.6,4.0572750028270015,4.0572750028270015,True
1466419166,7.6,7.6,6.961173657480141,False
1466419261,7.6,7.6,3.877092199211761,False
1466419349,5.9,5.9,4.994262491069543,False
1466419442,5.9,3.376107193371303,3.376107193371303,True
1466419530,5.9,5.9,4.862709588984819,False
1466419595,5.9,5.9,4.251021375855057,False
1466419646,5.9,5.9,7.389420087039818,False
1466419737,5.9,6.738054345760808,6.738054345760808,True
1466419826,7.2,7.2,5.61367323561795,False
1466419880,7.2,6.3727453167524,6.3727453167524,True
1466419911,7.2,7.2,7.176431452261664,False
1466419938,7.2,6.452838565986136,6.452838565986136,True
1466420016,7.2,3.3474747495319312,3.3474747495319312,True
1466420019,6.7,6.7,4.252284004901565,False
1466420108,6.7,6.7,4.586263208967408,False
1466420205,6.7,7.026968513712641,7.026968513712641,True
1466420228,6.7,6.2285701613763615,6.2285701613763615,True
1466420257,6.7,6.7,3.5848600965657087,False
1466420270,6.7,5.54231883569646,5.54231883569646,True
1466420296,6.7,7.005697016370906,7.005697016370906,True
1466420331,6.7,6.711058771440194,6.711058771440194,True
1466420407,6.7,7.72987503802026,7.72987503802026,True
1466420430,6.7,6.7,5.5896753750628925,False
1466420453,6.7,6.7,3.584654983936347,False
1466420474,6.7,6.7,7.966260434036517,False
1466420566,6.7,4.240847072135047,4.240847072135047,True
1466420579,6.7,4.877600475035112,4.877600475035112,True
1466420618,6.7,5.313475484079465,5.313475484079465,True
1466420624,6.7,6.7,6.778341857731396,False
1466420643,6.7,5.8128880049990554,5.8128880049990554,True
1466420695,6.7,5.623306004600597,5.623306004600597,True
1466420788,6.7,7.926553092417698,7.926553092417698,True
1466420863,6.7,6.7,7.813621097365834,False
1466420947,6.7,6.7,7.466532873709735,False
1466421003,6.7,7.652384972301225,7.652384972301225,True
1466421032,6.7,6.913791169450668,6.913791169450668,True
1466421050,6.7,3.766283743819436,3.766283743819436,True
1466421116,6.7,5.249368135625742,5.249368135625742,True
1466421208,6.7,6.7,7.088237987541194,False
1466421234,6.7,4.98816347718652,4.98816347718652,True
1466421262,5.1,5.1,7.2042974844218115,False
1466421353,6.2,6.2,3.21370820387159,False
1466421360,6.2,6.2,3.2691445170750355,False
1466421392,6.2,3.495588638128479,3.495588638128479,True
1466421480,6.2,4.735557996165419,4.735557996165419,True
1466421530,6.2,5.029533617517251,5.029533617517251,True
1466421547,6.2,5.899551392187036,5.899551392187036,True
1466421591,6.2,5.113037170225783,5.113037170225783,True
1466421633,6.2,3.7951822925174605,3.7951822925174605,True
1466421636,6.2,6.2,5.355142960650287,False
1466421670,6.2,5.832600613064008,5.832600613064008,True
1466421695,6.2,3.91834979541472,3.91834979541472,True
1466421721,6.2,6.2,5.593892667663153,False
1466421804,6.2,6.14340253803719,6.14340253803719,True
1466421819,6.2,5.194327560344286,5.194327560344286,True
1466421862,6.2,4.543049976164506,4.543049976164506,True
1466421885,6.2,6.2,3.572807938749964,False
1466421936,5.5,5.5,4.664052463977864,False
1466422012,6.9,7.804489817181336,7.804489817181336,True
1466422044,6.9,6.9,4.955815843541714,False
1466422045,6.9,6.9,6.794110294271007,False
1466422137,6.9,3.159732126203686,3.159732126203686,True
1466422162,6.9,6.967029558081285,6.967029558081285,True
1466422189,6.9,6.9,3.776049056564487,False
1466422197,6.9,7.918449638056711,7.918449638056711,True
1466422264,6.9,4.817083188384306,4.817083188384306,True
1466422330,6.9,6.9,3.6707656672550826,False
1466422378,6.9,6.441335357338495,6.441335357338495,True
1466422432,6.9,3.573054611827592,3.573054611827592,True
1466422488,6.8,7.940014026980378,7.940014026980378,True
1466422577,6.8,6.8,6.385205051511901,False
1466422628,6.8,4.9481160159600925,4.9481160159600925,True
1466422638,6.8,6.8,7.6666740937571,False
1466422666,6.8,5.254775928688138,5.254775928688138,True
1466422706,6.8,6.7193562734515195,6.7193562734515195,True
1466422731,6.8,6.8,7.852397146336244,False
1466422804,6.8,7.352068790314198,7.352068790314198,True
1466422866,4.5,6.47392317136898,6.47392317136898,True
1466422873,4.5,7.295373532167169,7.295373532167169,True
1466422895,4.5,3.882000709768045,3.882000709768045,True
1466422953,4.5,5.588645304979886,5.588645304979886,True
1466422973,4.5,5.672182730245799,5.672182730245799,True
1466423017,4.5,4.5,4.001627378278723,False
1466423051,4.5,4.5,4.9500322420628,False
1466423099,4.5,4.5,4.723403152573995,False
1466423150,4.5,7.282115280614645,7.282115280614645,True
1466423155,4.5,4.5,7.663120471465905,False
1466423168,4.5,4.5,4.478900652126276,False
1466423205,4.5,4.5,5.6823208554815405,False
1466423275,4.5,6.001703550715918,6.001703550715918,True
1466423287,6.1,6.1,3.38583682371005,False
1466423336,6.1,5.946480153883794,5.946480153883794,True
1466423340,6.1,3.47249082189495,3.47249082189495,True
1466423355,6.1,6.1,3.7429870949916904,False
1466423443,6.1,6.938370513042429,6.938370513042429,True
1466423499,6.1,6.1,4.347277419321992,False
1466423585,6.1,4.98128742253304,4.98128742253304,True
1466423612,7.1,4.099790328346289,4.099790328346289,True
1466423669,4.0,4.114128464164406,4.114128464164406,True
1466423705,4.0,4.965918586234576,4.965918586234576,True
1466423770,5.2,4.142299604015639,4.142299604015639,True
1466423844,5.2,6.806768852286471,6.806768852286471,True
1466423902,5.2,5.2,4.040130095148072,False
1466423913,5.2,5.601108291773384,5.601108291773384,True
1466423972,5.2,7.857512041817316,7.857512041817316,True
1466424014,5.2,5.2,4.319953129234647,False
1466424069,5.2,4.110231133923261,4.110231133923261,True
1466424154,5.2,5.2,6.794806955873598,False
1466424155,5.2,5.2,3.0438458259883454,False
1466424169,5.2,5.2,4.451279081041044,False
1466424262,5.2,6.946900105194279,6.946900105194279,True
1466424339,5.2,3.2184097300343586,3.2184097300343586,True
1466424398,5.2,5.235567276058289,5.235567276058289,True
1466424497,5.2,5.2,4.898211765974048,False
1466424558,5.2,5.2,4.904509773711934,False
1466424613,4.5,5.620666166755878,5.620666166755878,True
1466424713,4.5,6.599633498703854,6.599633498703854,True
1466424804,3.3,6.234378041258599,6.234378041258599,True
1466424878,3.3,7.076346958682204,7.076346958682204,True
1466424924,6.6,6.6,7.527716985218096,False
1466425009,6.6,6.6,7.659949192915995,False
1466425106,6.6,6.684160837778638,6.684160837778638,True
1466425129,6.6,3.8708980350698043,3.8708980350698043,True
1466425179,6.6,3.5881493114695315,3.5881493114695315,True
1466425257,6.6,6.6,6.699451488667963,False
1466425262,6.6,4.961097746175238,4.961097746175238,True
1466425305,6.6,4.669059343430449,4.669059343430449,True
1466425331,6.6,7.605014650466486,7.605014650466486,True
1466425338,6.6,6.6,7.711184426280269,False
1466425377,6.6,5.114706057927649,5.114706057927649,True
1466425380,4.3,4.3,6.736377423541035,False
1466425417,4.3,3.6081261222427377,3.6081261222427377,True
1466425484,3.8,3.8,3.3171702775364134,False
1466425517,5.9,5.9,4.124831723549487,False
1466425553,5.9,5.9,5.825736085795063,False
1466425640,5.9,3.78929036431669,3.78929036431669,True
1466425687,5.9,4.916953709217693,4.916953709217693,True
1466425711,5.9,5.9,6.785205968579595,False
1466425768,5.9,3.454124595921457,3.454124595921457,True
1466425811,5.9,6.604417881302191,6.604417881302191,True
1466425856,5.9,4.764889259185145,4.764889259185145,True
1466425869,5.9,5.9,6.711922755837696,False
1466425884,5.9,3.9259802135749884,3.9259802135749884,True
1466425962,5.9,5.9,7.532369699207729,False
1466425974,5.9,5.580686947717793,5.580686947717793,True
1466426016,5.9,5.9,6.618396714345144,False
1466426024,5.9,6.274962251263375,6.274962251263375,True
1466426034,5.9,5.9,3.8052249657030037,False
1466426130,5.9,5.9,6.632140377650453,False
1466426189,5.9,5.9,5.429797225959499,False
1466426198,5.9,5.9,6.593899953065819,False
1466426280,5.9,5.582567853835878,5.582567853835878,True
1466426298,5.9,5.302024705821961,5.302024705821961,True
1466426380,5.9,5.955272498309852,5.955272498309852,True
1466426420,5.9,5.9,3.43520483782833,False
1466426509,5.9,5.9,7.649022793393469,False
1466426521,5.9,5.9,3.6069903676558353,False
1466426535,5.9,3.29187445055726,3.29187445055726,True
1466426563,6.5,6.5,3.4575565796282888,False
1466426620,6.5,6.5,3.7322961193131343,False
1466426694,6.5,6.5,5.643792625063965,False
1466426764,6.5,4.668790271955586,4.668790271955586,True
1466426778,6.5,6.5,5.404516091465139,False
1466426866,3.8,4.192793584598,4.192793584598,True
1466426938,3.8,3.8,6.170834321371449,False
1466427022,3.8,4.693750787181303,4.693750787181303,True
1466427059,3.8,3.8,4.247492670985061,False
1466427125,3.8,5.224155207450982,5.224155207450982,True
1466427204,3.8,3.8,5.257824387574295,False
1466427240,3.8,3.8,3.70353170677889,False
1466427317,3.8,3.8,7.637622012184697,False
1466427319,3.8,6.46063671821114,6.46063671821114,True
1466427331,3.8,5.316516445207929,5.316516445207929,True
1466427425,3.8,5.451101666833595,5.451101666833595,True
1466427458,3.8,5.27150143490396,5.27150143490396,True
1466427495,4.5,7.601225834516454,7.601225834516454,True
1466427543,4.5,5.923108457697966,5.923108457697966,True
1466427625,4.5,4.5,7.261384237697753,False
1466427663,4.5,4.5,3.022056142173147,False
1466427672,4.5,3.228730052738613,3.228730052738613,True
1466427684,4.5,4.5,3.79194414835342,False
1466427739,4.5,4.5,6.462594725763979,False
1466427769,4.5,7.72723915454715,7.72723915454715,True
1466427775,4.5,6.180959948163654,6.180959948163654,True
1466427820,4.5,6.500576884313821,6.500576884313821,True
1466427837,4.5,4.455997135837462,4.455997135837462,True
1466427846,4.5,4.5,3.049848350699741,False
1466427904,4.5,6.530071822522963,6.530071822522963,True
1466427997,7.0,7.0,4.049661449041501,False
1466428027,7.0,7.0,3.25105112593218,False
1466428114,7.9,7.9,5.874249022477855,False
1466428212,7.9,7.9,6.683295794849461,False
1466428294,7.9,6.404188938364634,6.404188938364634,True
1466428321,7.9,3.0570506555355004,3.0570506555355004,True
1466428340,7.9,7.9,4.182826563788687,False
1466428378,7.9,7.9,7.581179732441088,False
1466428463,7.9,3.762378258228665,3.762378258228665,True
1466428551,7.9,7.9,6.550935332736938,False
1466428575,7.9,7.9,4.171658101001301,False
1466428593,7.9,7.9,3.080544682956747,False
1466428682,7.9,5.128281420848866,5.128281420848866,True
1466428699,3.5,6.031393897296403,6.031393897296403,True
1466428719,3.5,3.5,7.128602680880275,False
1466428819,3.5,6.62828369625014,6.62828369625014,True
1466428850,5.0,5.0,7.260780969785745,False
1466428884,5.0,5.0,4.5275030099374725,False
1466428973,5.0,4.14519911206435,4.14519911206435,True
1466429006,5.0,4.228254060527893,4.228254060527893,True
1466429026,5.0,5.0,6.201251682820144,False
1466429066,4.2,4.2,4.93234949073071,False
1466429072,4.2,4.2,4.745807727026232,False
1466429103,4.2,6.284015594250625,6.284015594250625,True
1466429110,4.2,7.552734500580843,7.552734500580843,True
1466429123,4.2,4.2,4.069931870148798,False
1466429168,7.0,5.6848018131429106,5.6848018131429106,True
1466429182,7.0,7.0,6.262618449921007,False
1466429184,7.0,3.2517426857343046,3.2517426857343046,True
1466429197,7.0,7.0,3.287503951545908,False
1466429280,7.0,7.984506279742974,7.984506279742974,True
1466429378,7.3,7.3,4.952757997726353,False
1466429450,7.3,7.3,6.852957222841313,False
1466429455,7.3,7.3,6.482181551441133,False
1466429510,7.3,7.3,7.7349983754530705,False
1466429565,7.3,7.3,7.761481146395373,False
1466429566,7.3,4.28989700608529,4.28989700608529,True
1466429592,7.3,7.3,6.666633417102542,False
1466429623,7.3,6.444963100573869,6.444963100573869,True
1466429691,7.3,6.528112394872093,6.528112394872093,True
1466429733,7.3,7.782103876369411,7.782103876369411,True
1466429803,6.1,6.1,3.3319123118107163,False
1466429832,6.1,6.1,4.7276612577405706,False
1466429905,7.7,7.7,4.934200585292662,False
1466429997,5.0,5.0,3.60335221555351,False
1466430050,7.5,5.076756451465986,5.076756451465986,True
1466430088,7.5,7.5,4.841393355424734,False
1466430174,4.2,6.256524887439184,6.256524887439184,True
1466430247,4.2,6.704322696912488,6.704322696912488,True
1466430344,6.8,6.8,4.277708645244674,False
1466430375,3.5,3.5,5.616817421454683,False
1466430400,3.5,7.324106019837717,7.324106019837717,True
1466430457,3.5,6.955257644475477,6.955257644475477,True
1466430483,3.5,5.792637134217838,5.792637134217838,True
1466430517,3.5,7.914737422019002,7.914737422019002,True
1466430524,3.5,3.5,7.155424312115421,False
1466430592,3.5,3.5,5.082074808182104,False
1466430616,3.5,7.868984164866986,7.868984164866986,True
1466430631,3.5,3.5,7.1125796749793055,False
1466430680,6.7,5.71145656799354,5.71145656799354,True
1466430734,6.7,5.948349910125183,5.948349910125183,True
1466430790,4.3,4.3637263306652185,4.3637263306652185,True
1466430815,4.3,4.758000446995252,4.758000446995252,True
1466430895,4.3,5.105607486774497,5.105607486774497,True
1466430916,4.3,3.784870626257102,3.784870626257102,True
1466430929,4.3,4.3,7.020264276164279,False
1466430936,4.3,7.579366935456205,7.579366935456205,True
1466431009,4.3,3.938734583088329,3.938734583088329,True
1466431036,4.3,4.3,6.780782336367526,False
1466431055,4.3,4.3,5.4416239272765035,False
1466431145,4.3,4.3,4.890920059469546,False
1466431218,4.3,4.325949040708663,4.325949040708663,True
1466431290,4.3,4.3,5.207421155438611,False
1466431324,4.3,4.3,7.1335678030115695,False
1466431400,4.3,4.3,5.642946794425772,False
1466431450,4.3,4.3,7.854566811385193,False
1466431526,4.3,4.3,5.692224308775087,False
1466431589,4.3,4.241706193311389,4.241706193311389,True
1466431661,4.3,3.1700279183459297,3.1700279183459297,True
1466431760,4.3,3.299836178811689,3.299836178811689,True
1466431796,4.3,4.3,4.770088944277938,False
1466431848,4.3,4.3,6.810150031791737,False
1466431879,4.0,4.0,3.064721546593429,False
1466431954,4.0,4.649957858926959,4.649957858926959,True
1466431958,4.0,3.3572133819731875,3.3572133819731875,True
1466432002,4.0,4.0,5.960630086771176,False
1466432101,4.0,3.120169704485351,3.120169704485351,True
1466432177,4.0,6.71028087567333,6.71028087567333,True
1466432194,4.0,4.0,7.969630560604509,False
1466432237,7.0,3.844584761615023,3.844584761615023,True
1466432280,7.0,7.0,7.231957099768674,False
1466432373,7.0,6.561182489985574,6.561182489985574,True
1466432389,7.0,3.3048863504883768,3.3048863504883768,True
1466432415,7.0,3.9510465761842997,3.9510465761842997,True
1466432417,7.0,5.0803844804545255,5.0803844804545255,True
1466432506,5.1,5.1,5.789986877171636,False
1466432569,5.1,5.1,6.9078869293761125,False
1466432577,5.1,5.1,4.016095798317412,False
1466432670,5.1,3.795500019179209,3.795500019179209,True
1466432706,5.1,5.1,3.3915507250735475,False
1466432804,5.1,7.448677957153283,7.448677957153283,True
1466432853,5.1,7.49030213539627,7.49030213539627,True
1466432947,5.1,4.7718411273808305,4.7718411273808305,True
1466433040,5.1,5.1,3.582389760984694,False
1466433128,5.1,3.848950391593972,3.848950391593972,True
1466433145,5.1,6.113011744722346,6.113011744722346,True
1466433195,6.1,6.1,4.496692956505109,False
1466433289,6.1,7.569318986726675,7.569318986726675,True
1466433375,6.1,5.099831741837494,5.099831741837494,True
1466433427,6.1,5.48759589945065,5.48759589945065,True
1466433478,6.1,3.6806262558478178,3.6806262558478178,True
1466433517,6.1,6.06616531116704,6.06616531116704,True
1466433615,6.1,5.696512932302699,5.696512932302699,True
1466433672,6.1,3.116751933266825,3.116751933266825,True
1466433762,6.1,7.47030475736155,7.47030475736155,True
1466433809,6.1,6.1,3.943775094372086,False
1466433873,6.1,6.1,7.476232698156081,False
1466433910,6.1,5.8258659292615285,5.8258659292615285,True
1466433994,5.9,7.236165980020438,7.236165980020438,True
1466434003,5.9,5.709807862000602,5.709807862000602,True
1466434045,5.9,6.925554807386607,6.925554807386607,True
1466434096,5.9,5.9,4.832162417284401,False
1466434173,5.9,5.9,6.007625691557871,False
1466434199,5.9,5.9,3.994982664020498,False
1466434224,5.9,3.485865151800634,3.485865151800634,True
1466434308,5.9,5.9,7.721823985530388,False
1466434359,5.9,5.63228382578359,5.63228382578359,True
1466434371,5.9,5.9,7.5064253513496,False
1466434457,5.9,5.9,4.391205420283525,False
1466434498,5.9,5.9,4.229985104944176,False
1466434552,5.9,5.738539146918626,5.738539146918626,True
1466434622,5.9,3.955390394955049,3.955390394955049,True
1466434691,5.0,5.381584333954542,5.381584333954542,True
1466434718,5.0,5.0,6.7789790311582205,False
1466434727,5.0,3.216230382852953,3.216230382852953,True
1466434815,5.0,5.0,7.228416887421224,False
1466434892,6.3,6.3,4.044327073675526,False
1466434915,6.3,7.727820811203186,7.727820811203186,True
1466434946,6.3,6.3,5.310756838821826,False
1466434988,6.3,4.8849355848683516,4.8849355848683516,True
1466435020,6.3,6.358157602502348,6.358157602502348,True
1466435090,6.3,6.3,6.26090536332562,False
1466435099,6.3,4.527802460804038,4.527802460804038,True
1466435145,3.2,3.2,4.614841447556288,False
1466435186,3.2,6.217497862623511,6.217497862623511,True
1466435246,3.2,3.2,4.848953030631376,False
1466435284,4.9,4.9,7.992174314637766,False
1466435327,4.9,4.9,5.848980881819479,False
1466435369,7.8,4.576016919133533,4.576016919133533,True
1466435408,7.8,7.8,7.713528579755679,False
1466435468,7.8,7.8,6.294927297497091,False
1466435486,7.8,7.8,7.5452706114778625,False
1466435555,7.8,4.473664249052665,4.473664249052665,True
1466435624,7.8,7.8,3.280520132348527,False
1466435659,7.8,7.8,7.263387037183467,False
1466435682,7.8,5.480276384679493,5.480276384679493,True
1466435712,4.1,7.128732185837452,7.128732185837452,True
1466435794,4.1,7.984531678655201,7.984531678655201,True
1466435878,4.1,4.387760902885515,4.387760902885515,True
1466435904,4.1,4.1,3.2624460804327415,False
1466435971,3.3,4.94577903068665,4.94577903068665,True
1466436041,3.3,3.3,5.6683096088942815,False
1466436059,3.3,6.363163379877101,6.363163379877101,True
1466436093,3.3,3.3,5.185524538958255,False
1466436178,5.5,5.229372145726548,5.229372145726548,True
1466436230,5.5,5.589927538003164,5.589927538003164,True
1466436280,7.9,7.339189023439317,7.339189023439317,True
1466436332,7.9,5.432996966870173,5.432996966870173,True
1466436333,7.9,6.33743157606233,6.33743157606233,True
1466436431,7.9,5.963565292907169,5.963565292907169,True
1466436520,7.9,7.9,5.064052995057339,False
1466436572,7.9,6.025902731233709,6.025902731233709,True
1466436647,7.9,7.9,7.817326037026157,False
1466436655,7.9,7.9,5.043831969228779,False
1466436727,7.1,3.230112570637158,3.230112570637158,True
1466436793,7.1,6.736288163256901,6.736288163256901,True
1466436879,7.1,7.1,6.335086700141918,False
1466436880,7.1,5.678189227914013,5.678189227914013,True
1466436939,7.1,5.127670297625742,5.127670297625742,True
1466437015,7.1,7.1,3.204095244027498,False
1466437048,7.1,7.1,4.766579398227199,False
1466437088,7.1,7.1,6.384026718064842,False
1466437105,7.1,7.1,6.864740956740744,False
1466437122,5.9,6.331021483641692,6.331021483641692,True
1466437160,5.9,6.254494483273858,6.254494483273858,True
1466437232,5.9,5.9,6.480447335627016,False
1466437321,5.9,4.376581317043674,4.376581317043674,True
1466437335,5.9,3.930190759894232,3.930190759894232,True
1466437358,5.9,6.707953239635373,6.707953239635373,True
1466437441,6.4,3.758417176559247,3.758417176559247,True
1466437480,6.4,6.4,7.774726933425524,False
1466437561,6.4,6.4,7.863970026297515,False
1466437653,6.1,3.457557899188852,3.457557899188852,True
1466437709,6.1,6.1,5.996316375289894,False
1466437798,6.6,6.6,6.116577989544053,False
1466437869,6.6,7.701226783303368,7.701226783303368,True
1466437952,6.6,6.6,3.40532049899624,False
1466438037,6.6,3.7138773349098715,3.7138773349098715,True
1466438054,6.6,6.221550022405335,6.221550022405335,True
1466438056,6.6,6.6,4.920610283098259,False
1466438136,7.5,7.5,5.309951864877606,False
1466438234,6.9,3.3891504789870766,3.3891504789870766,True
1466438261,6.9,6.9,3.5788154803797245,False
1466438348,6.9,6.6141482221419,6.6141482221419,True
1466438407,6.9,4.414405715665792,4.414405715665792,True
1466438422,6.9,6.9,3.931788101807458,False
1466438476,6.9,6.9,3.782674494451707,False
1466438571,6.9,6.9,3.0753374783297973,False
1466438612,6.9,6.9,6.5870791501926735,False
1466438620,6.9,6.9,5.24407527852317,False
1466438698,7.1,5.872032577718521,5.872032577718521,True
1466438747,7.1,7.1,5.681825801352447,False
1466438795,7.1,5.949726664246514,5.949726664246514,True
1466438810,7.1,7.1,7.843245416100915,False
1466438888,7.1,4.45430493708194,4.45430493708194,True
1466438975,7.1,7.1,4.0175062553133,False
1466439000,7.1,7.1,5.945808962278668,False
1466439092,7.1,7.1,4.78600017271304,False
1466439150,3.4,6.270880402022474,6.270880402022474,True
1466439229,7.1,7.1,6.853610287743135,False
1466439279,7.1,7.3446150367049,7.3446150367049,True
1466439328,7.1,7.1,7.293821579401988,False
1466439351,7.1,6.649455940109715,6.649455940109715,True
1466439447,7.1,5.8014517603509566,5.8014517603509566,True
1466439466,7.1,5.306315573143284,5.306315573143284,True
1466439480,3.3,3.3,5.82159169614396,False
1466439560,3.3,4.899089436849415,4.899089436849415,True
1466439600,3.3,3.3,3.3346535779201476,False
1466439645,3.3,5.43369274556588,5.43369274556588,True
1466439729,3.3,3.3,5.480725929537055,False
1466439772,7.2,6.222676379558857,6.222676379558857,True
1466439827,7.2,6.184052427639712,6.184052427639712,True
1466439849,7.2,7.2,3.5495694917257934,False
1466439910,7.2,7.2,4.90850217164246,False
1466439990,7.2,7.2,3.9239702763712314,False
1466440005,7.2,3.059245497277755,3.059245497277755,True
1466440006,7.2,7.839414344072492,7.839414344072492,True
1466440045,7.2,5.286286488052598,5.286286488052598,True
1466440066,7.2,7.2,3.2764783701776494,False
1466440154,4.0,6.699693785162711,6.699693785162711,True
1466440214,4.0,3.9886481520420105,3.9886481520420105,True
1466440226,4.0,5.347870690438532,5.347870690438532,True
1466440304,6.2,6.2,5.93918452739222,False
1466440385,6.2,6.2,5.253476742040441,False
1466440451,6.2,6.2,4.036323968338652,False
1466440521,6.2,6.2,6.16083131873246,False
1466440581,6.2,6.019490887885465,6.019490887885465,True
1466440674,6.2,5.685099304970874,5.685099304970874,True
1466440727,6.2,6.2,7.671412651377179,False
1466440821,6.2,6.2,7.052139928005312,False
1466440827,6.2,4.889175581244526,4.889175581244526,True
1466440897,6.2,6.2,3.249513668813499,False
1466440923,6.2,6.2,5.709625374588484,False
1466441012,6.2,5.991314832795254,5.991314832795254,True
1466441049,4.3,4.3,4.9090424797861125,False
1466441147,4.3,4.3,4.145290745341558,False
1466441213,7.9,7.9,7.830540876124673,False
1466441311,7.6,5.884931277950134,5.884931277950134,True
1466441318,7.6,3.625156000900671,3.625156000900671,True
1466441418,7.6,7.8883693907691566,7.8883693907691566,True
1466441510,7.6,4.036393940626987,4.036393940626987,True
1466441541,7.6,7.6,5.420251943038938,False
1466441579,7.1,3.2936169301774765,3.2936169301774765,True
1466441630,7.1,7.1,6.470022681778845,False
1466441714,7.1,7.1,6.646135656111996,False
1466441724,7.1,3.6073600631615186,3.6073600631615186,True
1466441741,7.1,3.460331424449794,3.460331424449794,True
1466441822,7.1,5.616005130295127,5.616005130295127,True
1466441883,7.1,7.1,7.70668790871033,False
1466441934,4.0,7.73218809788177,7.73218809788177,True
1466441947,4.0,6.986453883296069,6.986453883296069,True
1466442046,7.9,7.9,7.677537220888618,False
1466442137,7.9,7.9,3.758693305738661,False
1466442175,7.9,3.60668502890235,3.60668502890235,True
1466442216,7.9,7.9,3.779219337368983,False
1466442284,7.9,7.9,5.1489926414672205,False
1466442332,5.5,5.5,3.1031837890176437,False
1466442358,5.5,5.5,7.3939569820673805,False
1466442362,5.5,4.290984362949577,4.290984362949577,True
1466442439,5.5,6.169028560870403,6.169028560870403,True
1466442490,5.5,3.0959789908691633,3.0959789908691633,True
1466442498,5.5,5.5,6.5159437515784076,False
1466442508,5.5,5.5,7.863512723145211,False
1466442518,5.5,4.280969059556405,4.280969059556405,True
1466442556,7.0,7.0,3.918741416145065,False
1466442656,7.0,7.0,5.290520427864077,False
1466442662,7.0,6.246412842276456,6.246412842276456,True
1466442703,7.0,7.0,5.975648893340996,False
1466442768,7.0,7.0,7.965130682790127,False
1466442788,7.0,5.567640261323591,5.567640261323591,True
1466442886,6.3,7.153877232963248,7.153877232963248,True
1466442980,6.3,7.936529740724728,7.936529740724728,True
1466443000,6.3,6.3,7.46808460543165,False
1466443029,6.3,3.473551902419162,3.473551902419162,True
1466443038,6.3,5.268028208818592,5.268028208818592,True
1466443089,6.3,5.538933004972077,5.538933004972077,True
1466443162,6.3,3.0900692320305527,3.0900692320305527,True
1466443201,6.3,6.3,7.204406251164964,False
1466443219,6.3,6.3,5.540299753767181,False
1466443263,6.3,5.262882002829999,5.262882002829999,True
1466443350,6.7,6.7,6.9000932463945155,False
1466443373,3.9,5.087577167971764,5.087577167971764,True
1466443392,3.9,4.244197963508341,4.244197963508341,True
1466443402,3.9,7.0184771677853135,7.0184771677853135,True
1466443486,3.9,3.9,5.522474458964396,False
1466443511,3.4,5.449751783228418,5.449751783228418,True
1466443584,3.4,4.115361059722318,4.115361059722318,True
1466443677,7.1,7.1,6.191641000806628,False
1466443725,7.1,7.90870955839576,7.90870955839576,True
1466443727,7.1,6.3104724119774165,6.3104724119774165,True
1466443750,3.5,3.5,3.651534897393704,False
1466443761,3.5,3.5,5.151570193552013,False
1466443808,3.5,3.5,7.516479820730683,False
1466443861,3.5,3.5,4.5130671161119364,False
1466443929,3.5,6.895575109839662,6.895575109839662,True
1466443986,3.5,6.582251187781042,6.582251187781042,True
1466444043,6.0,6.0,7.6881120122917155,False
1466444110,3.4,3.4,5.638032115307648,False
1466444192,3.4,4.29747528533984,4.29747528533984,True
1466444287,7.5,5.199883060335166,5.199883060335166,True
1466444294,7.5,7.684957309768136,7.684957309768136,True
1466444366,7.5,7.5,4.3629570900646995,False
1466444466,7.5,4.604890762315639,4.604890762315639,True
1466444505,7.5,4.5734607182135125,4.5734607182135125,True
1466444556,6.4,6.4,3.1986372023251812,False
1466444624,6.4,6.4,3.542213105116664,False
1466444663,3.2,7.704637587279118,7.704637587279118,True
1466444685,3.2,3.2,5.6058065300149,False
1466444756,3.2,3.2,7.9731658280484226,False
1466444781,3.2,6.380226036581435,6.380226036581435,True
1466444840,3.2,3.2,5.7144791085036974,False
1466444854,3.2,3.2,4.336597676705411,False
1466444860,3.2,3.319562436751254,3.319562436751254,True
1466444959,3.2,3.9515082866605202,3.9515082866605202,True
1466445058,3.2,3.2,4.44948404388788,False
1466445107,3.2,3.2,3.569950116375075,False
1466445165,3.2,3.1064657905761486,3.1064657905761486,True
1466445170,3.2,3.2,6.300049303717216,False
1466445173,3.2,7.26625770375378,7.26625770375378,True
1466445247,3.2,3.9274485952728555,3.9274485952728555,True
1466445305,3.2,3.2,4.717264076768723,False
1466445333,3.2,5.965964499823863,5.965964499823863,True
1466445356,6.7,6.7,4.599199333322724,False
1466445430,6.7,4.99548260931414,4.99548260931414,True
1466445491,6.7,6.7,3.364912460963844,False
1466445497,6.7,6.7,3.605247763004101,False
1466445514,6.7,7.754569468139771,7.754569468139771,True
1466445549,6.7,6.7,5.571646038128995,False
1466445640,6.7,5.580498865463321,5.580498865463321,True
1466445648,6.7,6.7,6.68482659939307,False
1466445739,6.7,6.7,3.0241829152341477,False
1466445814,3.5,3.2417907064245655,3.2417907064245655,True
1466445879,3.5,3.5,4.203289047184566,False
1466445909,3.5,3.5,7.146044688606346,False
1466445965,3.5,3.5,7.031231582643817,False
1466446021,3.5,3.5,5.8795382252447865,False
1466446045,3.5,3.5,7.6354623467200495,False
1466446071,3.5,3.5,7.694648331798013,False
1466446120,3.5,3.5,5.700401791699241,False
1466446168,3.5,3.5,4.579039417279386,False
1466446253,3.5,3.5,7.105055796510823,False
1466446302,3.5,4.353774783720822,4.353774783720822,True
1466446389,3.5,6.7683830767381465,6.7683830767381465,True
1466446404,3.5,3.6952844507334195,3.6952844507334195,True
1466446494,3.5,3.5,3.874457652699394,False
1466446594,3.5,3.5,6.4795076325431396,False
1466446643,3.5,3.5,5.965765051472054,False
1466446669,3.5,3.5,4.046931305787862,False
1466446690,7.6,6.34120552305575,6.34120552305575,True
1466446735,7.6,3.8310857106288254,3.8310857106288254,True
1466446766,7.6,7.6,7.254522514841753,False
1466446852,7.6,5.61035052534372,5.61035052534372,True
1466446902,7.6,7.6,6.982769990785419,False
1466446945,7.6,7.6,4.2728667060449155,False
1466446987,3.6,6.705521127578081,6.705521127578081,True
1466447036,3.6,5.163805637505048,5.163805637505048,True
1466447112,3.6,4.100187668575225,4.100187668575225,True
1466447129,3.6,3.778476278912725,3.778476278912725,True
1466447189,3.6,7.052357733426603,7.052357733426603,True
1466447224,3.6,3.6,3.425123348454944,False
1466447270,3.6,3.6,4.1823361847626614,False
1466447272,3.6,3.6,5.05880015205707,False
1466447348,3.6,3.6,4.763014128245539,False
1466447359,3.6,3.6,3.2024115660688537,False
1466447388,3.6,5.6941815421597335,5.6941815421597335,True
1466447390,3.6,5.737466172667608,5.737466172667608,True
1466447425,3.6,3.6,5.359349310691137,False
1466447463,7.5,3.2683050850319906,3.2683050850319906,True
1466447485,7.5,7.5,3.884040759908114,False
1466447545,7.5,7.5,6.764257660329907,False
1466447553,7.5,7.5,5.36996488356078,False
1466447554,7.5,7.5,7.681706501532689,False
1466447573,7.5,5.042015000605144,5.042015000605144,True
1466447634,7.5,7.5,7.5718086285798645,False
1466447695,7.5,7.5,3.2703531658342113,False
1466447762,7.5,7.5,7.584953717761235,False
1466447844,7.5,7.5,7.2962904901514944,False
1466447885,7.5,7.5,7.437248060594948,False
1466447943,7.5,7.5,6.752610863553938,False
1466447956,7.5,5.825427362648308,5.825427362648308,True
1466448041,7.5,7.5,6.8278353782151875,False
1466448140,7.5,3.661037898931963,3.661037898931963,True
1466448215,7.5,7.5,3.554528605719497,False
1466448270,7.5,7.5,4.500843822153222,False
1466448302,7.5,7.5,3.808961548342606,False
1466448368,7.5,7.513218127322855,7.513218127322855,True
1466448422,7.5,7.5,5.610306522798579,False
1466448517,7.6,6.582629013768102,6.582629013768102,True
1466448614,7.6,5.9151052225506024,5.9151052225506024,True
1466448701,7.6,7.289310491617742,7.289310491617742,True
1466448743,6.1,7.0127166140964405,7.0127166140964405,True
1466448805,6.5,4.624428620599232,4.624428620599232,True
1466448844,6.5,3.9814929041119065,3.9814929041119065,True
1466448896,6.5,3.236421194806958,3.236421194806958,True
1466448984,6.5,6.5,4.249214023808146,False
1466449031,6.5,6.5,6.574026275476937,False
1466449045,7.7,3.7337799885009284,3.7337799885009284,True
1466449099,7.7,4.560228982576817,4.560228982576817,True
1466449171,7.7,3.237427568955,3.237427568955,True
1466449261,7.7,7.7,4.95751429372282,False
1466449280,7.7,7.7,7.250755503054668,False
1466449359,7.7,5.981793098442463,5.981793098442463,True
1466449442,7.7,3.158508062388407,3.158508062388407,True
1466449496,7.7,3.3613289501278807,3.3613289501278807,True
1466449537,7.7,6.330557978720085,6.330557978720085,True
1466449555,7.7,7.7,6.652971682881395,False
1466449629,7.7,7.7,7.2974605424319465,False
1466449635,7.7,7.7,5.685588247685463,False
1466449721,7.7,7.7,6.991790138748016,False
1466449772,7.7,7.7,6.450463002185284,False
1466449872,6.6,4.837967446201146,4.837967446201146,True
1466449873,6.6,5.154886257386233,5.154886257386233,True
1466449884,6.6,6.186344635793143,6.186344635793143,True
1466449937,6.6,5.242333714176039,5.242333714176039,True
1466449953,6.6,5.526023265789242,5.526023265789242,True
1466449959,6.6,6.240182166220476,6.240182166220476,True
1466449961,6.6,6.6,3.950175938079814,False
1466450018,3.6,3.6,6.80580722189093,False
1466450075,3.6,3.6,5.553212554436261,False
1466450150,3.6,7.162534862352711,7.162534862352711,True
1466450177,3.6,3.6,6.179385814429619,False
1466450255,3.6,3.6,3.7457081030853745,False
1466450343,3.6,3.6,5.638288202321272,False
1466450348,3.6,3.6,7.722540594588031,False
1466450401,3.6,3.6,5.120506720422464,False
1466450433,3.6,3.6,7.203820192679607,False
1466450507,3.6,3.6,4.03973692523555,False
1466450536,5.0,5.066847055400112,5.066847055400112,True
1466450627,5.0,4.093916891876097,4.093916891876097,True
1466450723,5.0,3.0518025728811518,3.0518025728811518,True
1466450817,5.0,7.149183723080221,7.149183723080221,True
1466450900,5.0,5.0,7.771394244257248,False
1466450902,5.0,6.861411276016405,6.861411276016405,True
1466450971,3.2,3.9557060395023864,3.9557060395023864,True
1466451016,3.2,3.2,6.205980514891176,False
1466451023,3.2,6.3298463533020275,6.3298463533020275,True
1466451073,4.6,6.696685114627183,6.696685114627183,True
1466451166,4.6,7.351337843657782,7.351337843657782,True
1466451231,4.6,5.820247911303903,5.820247911303903,True
1466451245,4.1,4.1,7.371778506499368,False
1466451293,4.7,5.783776588617762,5.783776588617762,True
1466451295,4.7,4.7,3.0918449278230726,False
1466451378,4.7,4.7,6.214736874809466,False
1466451445,4.7,6.315563854972521,6.315563854972521,True
1466451508,4.7,5.363369617690811,5.363369617690811,True
1466451599,4.7,4.7,3.6444047064850933,False
1466451686,4.7,4.7,7.499478096456802,False
1466451761,7.8,3.9420201040109433,3.9420201040109433,True
1466451857,7.8,7.8,7.466892252685037,False
1466451909,7.8,5.527914179417143,5.527914179417143,True
1466451919,7.8,6.8318099663039185,6.8318099663039185,True
1466452006,7.8,6.500468395864288,6.500468395864288,True
1466452035,7.8,7.8,4.5289302488187575,False
1466452039,7.8,7.8,3.939769935495245,False
1466452104,7.8,5.573002596032776,5.573002596032776,True
1466452167,7.8,7.8,6.041075437217957,False
1466452238,7.8,4.0498884132650845,4.0498884132650845,True
1466452313,4.3,5.373635724756786,5.373635724756786,True
1466452339,4.3,4.3,6.201428706376775,False
1466452419,4.3,4.20545277384292,4.20545277384292,True
1466452424,7.4,7.4,5.411747641946519,False
1466452435,7.4,5.439276493708906,5.439276493708906,True
1466452531,7.4,7.4,6.448084760334389,False
1466452584,3.3,7.328513381882521,7.328513381882521,True
1466452625,3.3,6.620070270783732,6.620070270783732,True
1466452676,3.7,3.7,7.580898953852411,False
1466452752,3.7,3.7,7.949009961093339,False
1466452796,3.7,7.823674976484941,7.823674976484941,True
1466452825,3.7,3.7,5.032794504587024,False
1466452860,6.0,6.0,3.7382429800873336,False
1466452960,6.0,6.0,7.31879176587283,False
1466452979,6.0,3.5341673856560942,3.5341673856560942,True
1466453002,6.0,6.0,3.516240859483315,False
1466453016,6.0,6.0,6.815708820572558,False
1466453025,6.0,4.307385718144932,4.307385718144932,True
1466453089,6.0,5.767235343000815,5.767235343000815,True
1466453141,6.0,6.0,5.694864737591453,False
1466453154,6.0,6.123329098219478,6.123329098219478,True
1466453184,6.0,6.0,3.7174786169050256,False
1466453202,6.0,6.0,3.8937318266864684,False
1466453203,6.4,6.322347531775446,6.322347531775446,True
1466453222,6.4,5.323610698094178,5.323610698094178,True
1466453321,6.4,6.4,5.124845710627978,False
1466453379,6.4,3.5282690304154687,3.5282690304154687,True
1466453392,6.4,6.4,5.930605760158117,False
1466453422,6.4,6.4,4.561951913688901,False
1466453502,6.4,6.4,5.859482640142874,False
1466453518,6.4,6.4,3.3341503365081633,False
1466453563,6.4,6.565454555328996,6.565454555328996,True
1466453604,7.9,7.9,4.845993403100867,False
1466453639,7.9,7.9,5.51680064442365,False
1466453705,7.9,3.011871168836899,3.011871168836899,True
1466453795,7.9,7.9,4.879397287449293,False
1466453816,7.9,7.107512406751499,7.107512406751499,True
1466453870,5.5,3.20848576297295,3.20848576297295,True
1466453910,5.5,5.5,5.6147613776228384,False
1466454002,4.6,5.062512433183475,5.062512433183475,True
1466454051,4.6,4.6,3.6407930283669527,False
1466454087,4.6,3.279939656472794,3.279939656472794,True
1466454129,4.6,4.6,7.718422070880506,False
1466454227,4.6,4.6,7.727079801042514,False
1466454259,4.6,4.6,5.050942057120372,False
1466454262,4.6,4.6,7.624642059740189,False
1466454298,4.6,6.203333313859421,6.203333313859421,True
1466454388,3.4,6.578341275267772,6.578341275267772,True
1466454399,3.4,5.369972050691294,5.369972050691294,True
1466454473,3.4,6.689174099417334,6.689174099417334,True
1466454529,6.9,6.9,5.160786874721858,False
1466454559,6.9,3.249733328827697,3.249733328827697,True
1466454648,6.9,6.9,5.471393673099202,False
1466454745,4.9,4.9,3.947840092163762,False
1466454763,4.9,4.741950880723116,4.741950880723116,True
1466454851,4.9,4.9,3.6671977528897037,False
1466454936,4.9,7.9601601202356544,7.9601601202356544,True
1466454949,4.3,6.94106382260249,6.94106382260249,True
1466455032,4.3,4.3,6.074418897082328,False
1466455065,4.3,4.937529182708145,4.937529182708145,True
1466455119,6.9,5.718302005081696,5.718302005081696,True
1466455172,6.9,6.9,5.674322881889546,False
1466455196,6.9,6.9,4.442283383935461,False
1466455271,3.1,5.86618649199424,5.86618649199424,True
1466455357,3.1,3.1,3.832776567198708,False
1466455361,3.1,6.093921388639799,6.093921388639799,True
1466455394,3.1,4.016370836812259,4.016370836812259,True
1466455475,3.1,3.1,6.403048212271157,False
1466455497,3.1,3.1,5.787910473977705,False
1466455561,5.6,7.4615849349409125,7.4615849349409125,True
1466455575,3.5,3.5,5.8444483590581795,False
1466455587,3.5,3.5,6.726604014632187,False
1466455651,3.5,3.5,3.934181921701696,False
1466455658,3.5,5.862698298998035,5.862698298998035,True
1466455732,3.5,6.812646684152024,6.812646684152024,True
1466455812,3.5,7.216291937083498,7.216291937083498,True
1466455910,3.5,6.0473323023427294,6.0473323023427294,True
1466455951,4.8,4.241343347060694,4.241343347060694,True
1466455999,4.8,3.9605048099006352,3.9605048099006352,True
1466456054,7.3,5.539352753575322,5.539352753575322,True
1466456058,7.3,7.3,5.591610459700753,False
1466456074,7.3,7.3,6.528741208187476,False
1466456088,7.3,7.3,3.7755851117736787,False
1466456118,6.2,6.178329248006246,6.178329248006246,True
1466456218,4.1,4.774116886144896,4.774116886144896,True
1466456265,4.1,7.843924651643558,7.843924651643558,True
1466456270,4.1,4.1,3.099855404889766,False
1466456312,4.1,4.1,4.299071023458669,False
1466456346,4.1,4.1,4.312426865682804,False
1466456374,4.1,4.1,6.729833406969556,False
1466456406,4.1,3.155599919953323,3.155599919953323,True
1466456482,4.1,4.1,3.223019156887921,False
1466456512,4.1,4.1,5.44332653499081,False
1466456610,4.1,4.1,5.262262370914883,False
1466456683,4.1,4.1,6.80219573055498,False
1466456768,4.1,5.882546076511521,5.882546076511521,True
1466456856,4.1,4.1,6.560987828771109,False
1466456927,4.1,3.8997952568785945,3.8997952568785945,True
1466457014,4.1,6.566073474989726,6.566073474989726,True
1466457032,4.1,4.1,4.33863320466045,False
1466457067,4.1,4.1,3.557936428192984,False
1466457157,4.1,4.2789549419914525,4.2789549419914525,True
1466457215,4.1,4.1,6.433340799048454,False
1466457267,4.1,7.498099095314931,7.498099095314931,True
1466457357,4.1,4.1,3.1487248916011197,False
1466457434,4.5,4.347820327603413,4.347820327603413,True
1466457487,3.9,3.9,7.870538737846194,False
1466457559,3.9,3.9,5.292846218348896,False
1466457603,3.9,6.357684785156537,6.357684785156537,True
1466457671,3.9,3.9,4.0660940348808285,False
1466457713,3.9,3.9,6.579367849686756,False
1466457745,3.9,3.9,4.306890431937739,False
1466457782,3.9,3.9,7.110007996692054,False
1466457802,3.9,3.6061873265114337,3.6061873265114337,True
1466457817,3.9,3.9,3.125146445305408,False
1466457865,3.9,6.024148952593061,6.024148952593061,True
1466457884,3.9,4.399695803491018,4.399695803491018,True
1466457885,3.1,3.1,5.741195887112626,False
1466457917,3.1,3.1,6.929482637811681,False
1466457973,3.1,4.1510990491440305,4.1510990491440305,True
1466458045,3.1,3.1,7.49088849062278,False
1466458135,3.1,3.1,3.73435752458539,False
1466458151,5.3,3.324779754157454,3.324779754157454,True
1466458230,5.3,5.3,6.655087728352055,False
1466458324,5.3,5.285497272518713,5.285497272518713,True
1466458362,3.7,3.7,4.885655128715706,False
1466458438,3.7,6.831648833767206,6.831648833767206,True
1466458454,3.7,3.7,7.795147654570078,False
1466458496,3.7,5.196128890540572,5.196128890540572,True
1466458509,3.7,6.144468544117599,6.144468544117599,True
1466458580,3.7,3.7,5.544606464274475,False
1466458590,3.7,3.7,6.483586184331552,False
1466458626,3.7,3.7,7.950192741383286,False
1466458642,7.1,3.8972436017140333,3.8972436017140333,True
1466458665,7.1,3.019771431824967,3.019771431824967,True
1466458694,7.1,7.1,4.880903706247095,False
1466458762,7.5,6.212337520757728,6.212337520757728,True
1466458793,7.5,7.736245361954877,7.736245361954877,True
1466458824,7.5,7.5,3.0680423181005363,False
1466458906,7.5,7.5,4.570976739269174,False
1466458982,7.5,7.5,4.144100829796418,False
1466459068,7.5,7.5,5.082141757489139,False
1466459159,7.5,5.3910265957342425,5.3910265957342425,True
1466459184,7.5,7.5,6.494651072366616,False
1466459273,7.5,7.5,4.9958088410455685,False
1466459372,7.5,3.015504971079765,3.015504971079765,True
1466459415,7.5,7.5,6.639815004232517,False
1466459483,7.5,7.5,7.98753906322767,False
1466459504,7.6,4.2558501376814615,4.2558501376814615,True
1466459588,7.6,7.6,7.288088578731121,False
1466459595,7.6,7.6,6.0457921300340915,False
1466459673,7.6,7.6,6.070975863582336,False
1466459726,7.6,7.6,3.946615669404041,False
1466459800,4.8,4.8,3.2029098768010322,False
1466459857,4.8,4.8,7.158630710341317,False
1466459887,4.8,3.779299007487348,3.779299007487348,True
1466459913,4.8,5.35515900850892,5.35515900850892,True
1466459974,6.0,4.259798223173505,4.259798223173505,True
1466459995,3.8,3.8,7.8910492053050465,False
1466460001,3.8,3.8,4.632031006435594,False
1466460054,6.9,6.9,3.7642037620142066,False
1466460130,6.9,5.152716490834196,5.152716490834196,True
1466460215,6.9,4.843493228722995,4.843493228722995,True
1466460252,6.9,6.9,7.0440940966295145,False
1466460272,7.0,7.309634999276245,7.309634999276245,True
1466460346,7.0,7.0,7.538424860052819,False
1466460440,7.0,6.039891365170153,6.039891365170153,True
1466460461,7.0,5.155422552111971,5.155422552111971,True
1466460528,7.0,3.484404149891901,3.484404149891901,True
1466460610,7.0,7.0,6.57449220573387,False
1466460630,7.0,5.660794262191422,5.660794262191422,True
1466460691,7.0,6.483497345213521,6.483497345213521,True
1466460706,7.0,5.098490797448985,5.098490797448985,True
1466460739,7.0,3.654500474495852,3.654500474495852,True
1466460765,7.0,7.0,3.3494825829226715,False
1466460795,7.0,6.690827985655737,6.690827985655737,True
1466460877,7.0,5.305874868086578,5.305874868086578,True
1466460973,7.0,3.2214741025922513,3.2214741025922513,True
1466461009,4.9,4.9,3.1464469793031853,False
1466461027,4.9,6.3678688005873445,6.3678688005873445,True
1466461032,4.9,3.8755495900276355,3.8755495900276355,True
1466461096,4.9,4.9,7.409783988967146,False
1466461169,4.9,6.295501441735729,6.295501441735729,True
1466461256,4.9,4.888857933379752,4.888857933379752,True
1466461351,7.0,5.973792162162239,5.973792162162239,True
1466461451,7.0,7.0,4.425524927233121,False
1466461531,7.0,4.528111551732799,4.528111551732799,True
1466461568,7.0,6.907730074448828,6.907730074448828,True
1466461583,4.3,4.3,7.733443564940195,False
1466461647,4.3,3.7287599624013814,3.7287599624013814,True
1466461703,4.3,4.3,3.878893231100893,False
1466461794,4.3,4.3,6.208565314145216,False
1466461813,4.3,4.3,7.641584991652073,False
1466461910,4.3,4.96021391986942,4.96021391986942,True
1466461988,4.3,3.066567146541014,3.066567146541014,True
1466462056,4.3,3.097820101769596,3.097820101769596,True
1466462101,4.3,4.3,7.667934275639411,False
1466462155,4.3,4.3,4.2874181410429575,False
1466462215,4.3,4.3,7.234818094139466,False
1466462278,4.3,4.3,3.1902973418485088,False
1466462368,4.3,4.3,4.675204326450396,False
1466462412,7.6,4.120002144943779,4.120002144943779,True
1466462512,7.6,4.4468843715412065,4.4468843715412065,True
1466462594,6.3,5.336456571797579,5.336456571797579,True
1466462671,4.8,4.8,6.416190263782202,False
1466462716,5.6,5.6,7.729100859153597,False
1466462746,5.6,5.6,6.687688693727054,False
1466462782,5.6,7.723500322675997,7.723500322675997,True
1466462820,4.3,4.3,6.541694401932457,False
1466462833,4.3,4.3,5.727042528851966,False
1466462842,4.3,5.6273644624352865,5.6273644624352865,True
1466462850,4.3,4.024709063711376,4.024709063711376,True
1466462941,5.3,5.3,3.6395417686433396,False
1466463026,7.4,7.6569240785341455,7.6569240785341455,True
1466463117,7.4,7.4,7.631603363170899,False
1466463139,5.4,5.570937964573112,5.570937964573112,True
