1466410104,5.4,4.370792841925944,4.370792841925944,True
1466410114,5.1,5.1,5.014287032178977,False
1466410130,5.1,4.340565724866992,4.340565724866992,True
1466410181,5.1,4.6573029158143076,4.6573029158143076,True
1466410203,5.3,4.537272297990939,4.537272297990939,True
1466410250,5.3,4.4194418755539635,4.4194418755539635,True
1466410309,5.2,5.2,4.34516330030012,False
1466410397,5.2,4.639553650902661,4.639553650902661,True
1466410430,5.1,5.1,4.161286004395405,False
1466410469,5.4,5.4,4.447271929901206,False
1466410483,5.4,5.4,4.621447883109353,False
1466410498,5.1,4.949047660995188,4.949047660995188,True
1466410502,5.1,5.1,4.068053421222035,False
1466410532,5.2,4.75669348500672,4.75669348500672,True
1466410541,4.9,4.9,5.090012189505871,False
1466410573,4.9,4.577225053264816,4.577225053264816,True
1466410630,5.1,5.1,4.075067224224304,False
1466410653,5.3,5.049903450819002,5.049903450819002,True
1466410746,5.3,4.022131574729041,4.022131574729041,True
1466410814,5.1,5.1,5.075710332008889,False
1466410890,5.1,4.527754796078881,4.527754796078881,True
1466410902,5.1,4.003453251483042,4.003453251483042,True
1466410978,4.9,4.702746079811227,4.702746079811227,True
1466411008,4.9,4.9,5.076371510522029,False
1466411066,4.6,4.6,4.277243301821112,False
1466411094,4.6,4.6,5.06700166789736,False
1466411157,4.7,4.7,4.116853181763602,False
1466411223,4.4,4.4,4.135388687005056,False
1466411226,4.4,4.4,4.042856965785013,False
1466411272,4.5,4.793051472602706,4.793051472602706,True
1466411303,4.5,4.421687371200857,4.421687371200857,True
1466411318,4.2,4.2,4.756001846857687,False
1466411396,3.9,3.9,4.546800346059087,False
1466411493,3.9,4.828791861420404,4.828791861420404,True
1466411549,3.9,4.239862463413174,4.239862463413174,True
1466411560,3.9,3.9,4.943974334576366,False
1466411626,3.6,3.6,4.825820148501325,False
1466411723,3.8,3.8,4.092783339942189,False
1466411763,4.0,4.2430466981380865,4.2430466981380865,True
1466411785,4.0,4.0,4.818662085638126,False
1466411854,4.0,4.0,4.005267943670446,False
1466411889,4.0,4.0,4.343326509800269,False
1466411988,3.7,4.178745436896106,4.178745436896106,True
1466412022,3.6,3.6,4.3497959680261715,False
1466412046,3.7,4.546256562948581,4.546256562948581,True
1466412076,3.7,4.247324327282236,4.247324327282236,True
1466412152,3.8,4.437782666739706,4.437782666739706,True
1466412181,3.8,3.8,5.084432928909961,False
1466412201,3.9,4.47009094669784,4.47009094669784,True
1466412260,3.9,3.9,4.920502319616535,False
1466412347,3.9,4.734355767626848,4.734355767626848,True
1466412360,3.9,3.9,4.489725306116011,False
1466412438,3.9,3.9,4.6118016007201215,False
1466412521,3.9,3.9,4.193421141025623,False
1466412599,3.9,3.9,4.132912869902425,False
1466412639,3.7,5.053233887018178,5.053233887018178,True
1466412691,3.7,4.704711297535902,4.704711297535902,True
1466412747,3.7,5.049865754484263,5.049865754484263,True
1466412794,4.0,4.0,4.33137854570308,False
1466412819,4.0,4.272359155958638,4.272359155958638,True
1466412832,3.7,3.7,4.783199267734252,False
1466412874,3.7,3.7,5.014382670395583,False
1466412943,3.6,3.6,4.752354138566003,False
1466412971,3.7,3.7,5.033017854930433,False
1466412990,3.8,3.8,4.574099193923944,False
1466413028,4.0,4.0,4.492676340439843,False
1466413053,3.7,3.7,4.965971627553345,False
1466413125,4.0,4.0,4.979092834704854,False
1466413200,4.0,4.395696495953628,4.395696495953628,True
1466413264,4.0,4.0,4.22949675491523,False
1466413311,3.8,4.045852323717669,4.045852323717669,True
1466413342,4.0,4.403713204016834,4.403713204016834,True
1466413440,3.8,3.8,4.958343488590681,False
1466413458,3.7,3.7,4.477217742846207,False
1466413529,3.9,4.282193455105983,4.282193455105983,True
1466413542,4.1,4.1,4.278640023913888,False
1466413638,4.3,4.715753568381082,4.715753568381082,True
1466413672,4.0,4.0,4.449494740951173,False
1466413733,4.0,4.0,4.393776943092117,False
1466413779,3.7,4.078586562172685,4.078586562172685,True
1466413780,3.7,4.275733516934968,4.275733516934968,True
1466413864,3.7,4.87389120307765,4.87389120307765,True
1466413885,3.7,3.7,4.890114387549709,False
1466413946,3.8,3.8,4.291553083474331,False
1466414033,3.8,4.937720936586938,4.937720936586938,True
1466414071,3.8,3.8,4.167064356995075,False
1466414164,3.5,5.099059623665878,5.099059623665878,True
1466414225,3.5,4.46253671271697,4.46253671271697,True
1466414312,3.6,4.320738219636974,4.320738219636974,True
1466414325,3.6,3.6,4.289845198900658,False
1466414328,3.6,3.6,4.558010464939058,False
1466414329,3.6,3.6,4.712909250667504,False
1466414402,3.5,4.597992038649029,4.597992038649029,True
1466414407,3.6,4.725694062909296,4.725694062909296,True
1466414413,3.8,3.8,4.694295023347007,False
1466414460,3.8,3.8,4.399751991511069,False
1466414552,4.0,4.015826541829138,4.015826541829138,True
1466414602,4.0,4.0,4.411765713298794,False
1466414662,4.0,4.0,4.19223183105785,False
1466414746,4.2,4.2,4.5109760805033785,False
1466414844,4.2,4.944558641252328,4.944558641252328,True
1466414943,4.2,4.218651395512788,4.218651395512788,True
1466414946,4.2,4.2,4.378666620102195,False
1466414966,4.2,4.327936398981429,4.327936398981429,True
1466415038,4.2,4.2,4.445858658384521,False
1466415106,3.9,3.9,5.072036354677315,False
1466415130,3.9,4.737857058421533,4.737857058421533,True
1466415145,3.9,3.9,4.968253976030599,False
1466415202,3.9,3.9,4.87166711458465,False
1466415239,4.1,4.1,4.51146891256996,False
1466415249,4.1,4.1,4.283715702475299,False
1466415308,4.1,4.81270900416834,4.81270900416834,True
1466415357,4.3,4.3,4.370017194738088,False
1466415404,4.2,4.918597907110357,4.918597907110357,True
1466415469,4.4,4.884737037151924,4.884737037151924,True
1466415548,4.4,4.4,4.04233874895515,False
1466415588,4.4,4.838678436294153,4.838678436294153,True
1466415627,4.5,4.5,4.350779103654399,False
1466415719,4.5,4.5,4.5990926104442265,False
1466415767,4.2,4.2,4.616837426713603,False
1466415860,4.0,4.84750172056362,4.84750172056362,True
1466415872,3.9,3.9,4.917156930154861,False
1466415914,3.9,3.9,4.983914194058654,False
1466415934,4.2,5.0941362964474814,5.0941362964474814,True
1466415988,4.5,4.5,4.395024124442385,False
1466416004,4.7,4.7,4.4406883022782635,False
1466416050,4.7,4.820850187770707,4.820850187770707,True
1466416150,4.7,4.7,5.018181164956028,False
1466416161,4.7,4.7,5.015386652910042,False
1466416215,4.7,4.7,4.418441544410421,False
1466416315,4.6,4.80888599667745,4.80888599667745,True
1466416321,4.6,4.637203158209216,4.637203158209216,True
1466416393,4.9,4.9,4.1665207060420695,False
1466416440,4.9,4.12197098293831,4.12197098293831,True
1466416510,4.9,4.467275354057683,4.467275354057683,True
1466416541,4.9,4.601537234277094,4.601537234277094,True
1466416631,4.9,4.9,4.34671211769647,False
1466416671,5.0,4.470436867903602,4.470436867903602,True
1466416725,5.2,5.2,4.582808246114196,False
1466416815,5.2,5.2,4.468920873556211,False
1466416867,5.2,5.2,4.714875774484639,False
1466416933,5.2,4.265296434098694,4.265296434098694,True
1466416963,5.2,4.082733909429356,4.082733909429356,True
1466417034,5.2,5.2,4.458029039445873,False
1466417069,5.2,5.2,4.789971483305001,False
1466417095,4.9,4.856407891326944,4.856407891326944,True
1466417123,4.9,4.831675681175117,4.831675681175117,True
1466417219,4.9,4.893520685206968,4.893520685206968,True
1466417228,4.9,4.214565867458835,4.214565867458835,True
1466417235,4.6,4.4176919795694,4.4176919795694,True
1466417266,4.6,4.063860204576651,4.063860204576651,True
1466417298,4.6,4.6,4.10132114848099,False
1466417382,4.6,4.6,4.4220890772069605,False
1466417429,4.9,4.9,4.141274849128265,False
1466417434,4.8,4.274380894823492,4.274380894823492,True
1466417513,4.9,4.271479259777592,4.271479259777592,True
1466417598,4.9,4.9,4.114667851653678,False
1466417615,4.9,4.0554951634826955,4.0554951634826955,True
1466417654,4.9,4.681327064501395,4.681327064501395,True
1466417749,5.1,4.2701177338933185,4.2701177338933185,True
1466417763,4.9,4.9,4.8198115180715195,False
1466417822,5.0,5.0,4.646551961384784,False
1466417851,5.0,5.0,4.285540235110421,False
1466417855,4.7,4.7,4.861427774892167,False
1466417879,4.6,4.6,4.424135684573766,False
1466417895,4.6,4.812200180730936,4.812200180730936,True
1466417969,4.8,4.604525483176193,4.604525483176193,True
1466418049,4.8,4.542280422708217,4.542280422708217,True
1466418118,4.6,4.422213944325625,4.422213944325625,True
1466418129,4.6,4.6,4.700201781377452,False
1466418179,4.5,4.5,4.720136302435307,False
1466418254,4.8,4.388534144588502,4.388534144588502,True
1466418332,4.8,4.8,4.357854798617927,False
1466418428,4.8,4.74313868924967,4.74313868924967,True
1466418494,4.8,4.8,4.250575761581895,False
1466418554,4.6,4.6,4.582031298371408,False
1466418563,4.6,4.6,4.628702627738891,False
1466418564,4.6,4.6,4.92374166039394,False
1466418594,4.6,4.6,4.409335264659139,False
1466418674,4.4,4.259421949161483,4.259421949161483,True
1466418748,4.4,4.4,4.971639371399041,False
1466418847,4.4,4.0866123125479605,4.0866123125479605,True
1466418877,4.1,5.074418484281768,5.074418484281768,True
1466418917,4.1,5.085501114539132,5.085501114539132,True
1466418938,4.1,4.874949721896498,4.874949721896498,True
1466419031,4.1,4.1,4.903363784368658,False
1466419058,4.3,4.3,4.509431502428628,False
1466419104,4.3,4.3,4.268030394729395,False
1466419166,4.3,4.814434361986652,4.814434361986652,True
1466419261,4.3,4.3,4.15179552077384,False
1466419349,4.1,4.1,4.732074831811965,False
1466419442,4.1,4.1,4.831243756887429,False
1466419530,4.1,4.1,4.1819536325182085,False
1466419595,4.1,4.1,4.717385739203306,False
1466419646,4.1,4.1,5.0072443303324405,False
1466419737,4.4,4.4,4.943136861083939,False
1466419826,4.4,4.647102868638826,4.647102868638826,True
1466419880,4.4,4.859153965313714,4.859153965313714,True
1466419911,4.6,4.082865705838523,4.082865705838523,True
1466419938,4.6,4.275105689308746,4.275105689308746,True
1466420016,4.8,4.8,5.092414039518081,False
1466420019,4.8,4.857299337290118,4.857299337290118,True
1466420108,4.8,4.239587390709524,4.239587390709524,True
1466420205,4.8,4.970166903170171,4.970166903170171,True
1466420228,4.5,4.133519494937883,4.133519494937883,True
1466420257,4.5,5.053989682914822,5.053989682914822,True
1466420270,4.3,4.3,4.585796530625474,False
1466420296,4.0,4.237939835172708,4.237939835172708,True
1466420331,4.0,4.624237314216677,4.624237314216677,True
1466420407,3.6,5.09950189183193,5.09950189183193,True
1466420430,3.6,3.6,5.005440387340113,False
1466420453,3.9,3.9,4.997313439510842,False
1466420474,3.9,3.9,4.844997710325949,False
1466420566,4.2,4.378555149940008,4.378555149940008,True
1466420579,4.5,4.5,4.1037237230061345,False
1466420618,4.2,4.2,4.414579571645093,False
1466420624,4.2,4.2,4.061313890794306,False
1466420643,4.2,5.098223191134315,5.098223191134315,True
1466420695,3.9,3.9,4.616464062097416,False
1466420788,3.9,4.988344319489715,4.988344319489715,True
1466420863,4.0,4.0,4.206823249579638,False
1466420947,4.3,4.3,4.714778458607743,False
1466421003,4.6,4.500769718108497,4.500769718108497,True
1466421032,4.2,4.874959932869468,4.874959932869468,True
1466421050,4.2,4.292829713311441,4.292829713311441,True
1466421116,4.2,4.2,4.4854347802241294,False
1466421208,4.4,4.4,4.044080402434736,False
1466421234,4.5,4.5,4.381373714379058,False
1466421262,4.5,4.5,4.074460267978943,False
1466421353,4.8,4.9995665062971755,4.9995665062971755,True
1466421360,4.8,4.020256310402869,4.020256310402869,True
1466421392,4.8,4.8,4.759338580810254,False
1466421480,4.5,4.3282492663695855,4.3282492663695855,True
1466421530,4.8,4.8,4.110119877602651,False
1466421547,4.9,4.499070040075167,4.499070040075167,True
1466421591,5.2,4.450433776983397,4.450433776983397,True
1466421633,5.2,5.2,4.535692858500686,False
1466421636,5.1,5.1,4.3334795479390396,False
1466421670,5.4,5.4,4.125743909679155,False
1466421695,5.4,5.4,4.418552459109151,False
1466421721,5.1,5.1,4.553105910085094,False
1466421804,5.4,5.4,4.505112563553451,False
1466421819,5.4,5.4,4.851171799362404,False
1466421862,5.4,4.211660260221796,4.211660260221796,True
1466421885,5.4,5.4,4.81620709717032,False
1466421936,5.4,5.4,4.479892314186205,False
1466422012,5.4,5.4,4.598379248935705,False
1466422044,5.3,5.3,4.6530435153309995,False
1466422045,5.1,4.4549432074801,4.4549432074801,True
1466422137,5.1,5.1,4.386665873847232,False
1466422162,4.8,4.789367985121077,4.789367985121077,True
1466422189,4.8,4.8,4.9964024937211216,False
1466422197,5.1,5.1,4.021744569039575,False
1466422264,5.1,4.546625687642797,4.546625687642797,True
1466422330,5.4,4.251193226027781,4.251193226027781,True
1466422378,5.4,5.4,4.346648640275982,False
1466422432,5.4,5.4,5.014321807069697,False
1466422488,5.4,4.283615155287502,4.283615155287502,True
1466422577,5.4,5.4,4.820817043356087,False
1466422628,5.1,5.099400655633325,5.099400655633325,True
1466422638,5.1,4.389701711659696,4.389701711659696,True
1466422666,5.1,4.113997497306118,4.113997497306118,True
1466422706,5.0,4.708909007044344,4.708909007044344,True
1466422731,5.0,4.0238805431590965,4.0238805431590965,True
1466422804,5.0,5.0,4.890654153931973,False
1466422866,5.0,5.0,4.731649549560056,False
1466422873,5.0,5.0,5.028056043175092,False
1466422895,4.6,4.997531752405525,4.997531752405525,True
1466422953,4.3,4.413176001113299,4.413176001113299,True
1466422973,4.2,4.8543024298295885,4.8543024298295885,True
1466423017,4.2,4.2,4.082853372495746,False
1466423051,4.2,4.896475176285822,4.896475176285822,True
1466423099,4.2,4.082122184646837,4.082122184646837,True
1466423150,4.0,4.55978416417408,4.55978416417408,True
1466423155,4.0,4.705850385631397,4.705850385631397,True
1466423168,4.0,4.0,4.629768456016546,False
1466423205,3.6,5.028447523345689,5.028447523345689,True
1466423275,3.6,3.6,4.281032384035847,False
1466423287,3.6,4.8176734463080955,4.8176734463080955,True
1466423336,3.5,5.065557172096602,5.065557172096602,True
1466423340,3.6,4.437351734828436,4.437351734828436,True
1466423355,3.6,3.6,4.63825696626462,False
1466423443,3.6,3.6,4.8195368918413095,False
1466423499,4.0,4.0,4.639987218138678,False
1466423585,4.1,4.035652232991627,4.035652232991627,True
1466423612,4.1,4.1,4.5914604165916035,False
1466423669,4.1,4.1,4.549627460444391,False
1466423705,4.2,4.940764060647438,4.940764060647438,True
1466423770,4.5,5.054929403536019,5.054929403536019,True
1466423844,4.3,4.3,4.311905907008749,False
1466423902,4.3,4.173497317870331,4.173497317870331,True
1466423913,4.6,5.067245010992881,5.067245010992881,True
1466423972,4.5,4.5,4.805337183384478,False
1466424014,4.5,4.588240719431266,4.588240719431266,True
1466424069,4.7,4.745155201824352,4.745155201824352,True
1466424154,4.8,4.746284871663109,4.746284871663109,True
1466424155,4.8,4.8,4.466566147273399,False
1466424169,5.0,5.0,4.087698238973493,False
1466424262,4.7,4.085421242831926,4.085421242831926,True
1466424339,4.7,4.94908142978253,4.94908142978253,True
1466424398,4.7,4.423466675552078,4.423466675552078,True
1466424497,4.9,4.9,4.751173289969031,False
1466424558,4.9,4.9,4.671768025281009,False
1466424613,5.3,5.3,4.414014684281054,False
1466424713,5.0,5.0,4.542051625691902,False
1466424804,4.7,4.807389466303546,4.807389466303546,True
1466424878,4.7,4.7,4.541558790861317,False
1466424924,4.7,4.7,4.581624306083286,False
1466425009,5.1,4.8007568219674175,4.8007568219674175,True
1466425106,5.2,5.026780075385541,5.026780075385541,True
1466425129,5.0,5.0,4.184547299779265,False
1466425179,5.2,5.2,4.568090994169701,False
1466425257,5.1,5.1,4.869370356285817,False
1466425262,5.1,4.866403007218992,4.866403007218992,True
1466425305,5.0,4.776168338482866,4.776168338482866,True
1466425331,4.8,4.8,4.832175134969635,False
1466425338,4.8,4.8,4.973058175884614,False
1466425377,4.8,4.397214977853485,4.397214977853485,True
1466425380,4.5,4.271567180995749,4.271567180995749,True
1466425417,4.8,4.674749920055319,4.674749920055319,True
1466425484,4.8,4.514131947010545,4.514131947010545,True
1466425517,4.8,4.8,5.061086974633276,False
1466425553,5.1,5.1,4.805301982956304,False
1466425640,4.9,4.165241445938474,4.165241445938474,True
1466425687,4.9,4.2894946366151325,4.2894946366151325,True
1466425711,5.2,4.09087044457889,4.09087044457889,True
1466425768,5.2,5.2,4.364756063890649,False
1466425811,5.2,4.6066621769754885,4.6066621769754885,True
1466425856,5.1,4.4648071953195805,4.4648071953195805,True
1466425869,5.1,4.108369626185942,4.108369626185942,True
1466425884,5.1,5.1,4.151357472914475,False
1466425962,5.3,5.3,5.093750168150302,False
1466425974,5.3,4.772119828688006,4.772119828688006,True
1466426016,5.3,4.699976269302375,4.699976269302375,True
1466426024,5.3,5.3,4.074270248728029,False
1466426034,5.1,5.1,4.0037292096691965,False
1466426130,5.1,4.240981434889859,4.240981434889859,True
1466426189,5.1,4.267667476768992,4.267667476768992,True
1466426198,5.2,4.157802555543321,4.157802555543321,True
1466426280,5.2,5.2,4.092608070968765,False
1466426298,5.2,4.722680018504781,4.722680018504781,True
1466426380,5.0,5.0,4.660488914645571,False
1466426420,5.2,5.2,4.9998274550759385,False
1466426509,4.9,4.9,4.64129323804893,False
1466426521,4.7,4.7,4.847576458774604,False
1466426535,4.8,4.518222386170422,4.518222386170422,True
1466426563,4.5,4.058486292071318,4.058486292071318,True
1466426620,4.5,4.5,4.272082943976335,False
1466426694,4.4,4.685189712736374,4.685189712736374,True
1466426764,4.6,4.255723377590056,4.255723377590056,True
1466426778,4.6,5.018029712421257,5.018029712421257,True
1466426866,4.6,4.6,4.243416841512771,False
1466426938,4.6,4.623564220381757,4.623564220381757,True
1466427022,4.6,4.6,4.901714423512083,False
1466427059,4.6,4.87250575981237,4.87250575981237,True
1466427125,4.5,4.5,4.174497831994077,False
1466427204,4.5,4.508949559992502,4.508949559992502,True
1466427240,4.8,4.6917315353622575,4.6917315353622575,True
1466427317,4.8,4.8,4.722099908411623,False
1466427319,4.6,4.6,4.8451316005659395,False
1466427331,4.6,4.6,4.114685306102264,False
1466427425,4.6,4.6,4.695381182101861,False
1466427458,4.8,4.158873805468586,4.158873805468586,True
1466427495,5.0,4.136920668724533,4.136920668724533,True
1466427543,5.0,4.417292376824336,4.417292376824336,True
1466427625,5.2,4.362058382506035,4.362058382506035,True
1466427663,5.2,4.591108284085437,4.591108284085437,True
1466427672,5.5,5.5,4.105849282832376,False
1466427684,5.5,4.1676022675768305,4.1676022675768305,True
1466427739,5.3,5.3,4.151568150933997,False
1466427769,5.4,5.4,4.181784220449551,False
1466427775,5.3,5.3,4.184295518416349,False
1466427820,5.3,5.3,4.888421223481279,False
1466427837,5.5,5.5,4.786818614624081,False
1466427846,5.1,4.267115023386988,4.267115023386988,True
1466427904,5.1,5.1,4.391683559702306,False
1466427997,5.1,4.060236412436672,4.060236412436672,True
1466428027,5.0,4.816700766340152,4.816700766340152,True
1466428114,5.1,4.801301618714633,4.801301618714633,True
1466428212,5.1,5.1,4.343322318172835,False
1466428294,5.2,5.2,4.3888525967945515,False
1466428321,5.2,4.232932388294756,4.232932388294756,True
1466428340,4.9,4.461212941453303,4.461212941453303,True
1466428378,5.2,4.978542732779496,4.978542732779496,True
1466428463,4.9,4.9,4.637074814481622,False
1466428551,4.9,4.201894074638467,4.201894074638467,True
1466428575,4.9,4.9,4.233593134686816,False
1466428593,4.7,4.7,4.673472088345839,False
1466428682,4.5,4.5,4.791998854129349,False
1466428699,4.2,4.2,4.650200516811654,False
1466428719,4.1,4.345643785539282,4.345643785539282,True
1466428819,4.4,5.015022938573001,5.015022938573001,True
1466428850,4.7,4.241297986419523,4.241297986419523,True
1466428884,4.6,4.6,4.09631490133948,False
1466428973,4.6,4.6,4.034010688568256,False
1466429006,4.9,4.9,4.858598027872089,False
1466429026,4.9,4.9,4.407703509938639,False
1466429066,4.9,4.999111385702747,4.999111385702747,True
1466429072,4.9,4.9,4.266724070326264,False
1466429103,4.9,4.059139789009823,4.059139789009823,True
1466429110,4.9,4.9,4.085541250948217,False
1466429123,5.0,4.656787966144703,4.656787966144703,True
1466429168,4.7,4.222202218555343,4.222202218555343,True
1466429182,4.7,4.7,4.699770980557784,False
1466429184,4.6,4.6,4.157249335079526,False
1466429197,4.7,4.552072612656054,4.552072612656054,True
1466429280,4.8,4.8,4.152375172606183,False
1466429378,4.6,4.6,4.209190747164485,False
1466429450,4.9,4.168398685438289,4.168398685438289,True
1466429455,4.9,4.624623524782377,4.624623524782377,True
1466429510,4.9,4.9,4.806583563502077,False
1466429565,4.9,5.081136860646595,5.081136860646595,True
1466429566,4.9,4.536424046086032,4.536424046086032,True
1466429592,4.9,4.442357870531968,4.442357870531968,True
1466429623,5.1,4.466713943618694,4.466713943618694,True
1466429691,4.9,4.9,4.211439232806167,False
1466429733,4.6,4.6,4.2236731557329925,False
1466429803,5.0,4.700932692306169,4.700932692306169,True
1466429832,4.7,4.186228288453238,4.186228288453238,True
1466429905,4.5,4.5,5.0150449953887435,False
1466429997,4.5,4.2581217234936455,4.2581217234936455,True
1466430050,4.5,4.699718383322068,4.699718383322068,True
1466430088,4.7,4.7,4.292921047923481,False
1466430174,4.7,4.895401372231983,4.895401372231983,True
1466430247,4.7,4.065898356964536,4.065898356964536,True
1466430344,4.9,4.9,4.686398826341986,False
1466430375,4.9,4.9,4.4336797348514265,False
1466430400,4.9,4.9,4.074285323389361,False
1466430457,4.8,5.018158516084409,5.018158516084409,True
1466430483,4.8,4.761901353927769,4.761901353927769,True
1466430517,4.9,4.23108417883452,4.23108417883452,True
1466430524,4.9,4.7572715627016775,4.7572715627016775,True
1466430592,4.7,4.267700147152162,4.267700147152162,True
1466430616,4.7,4.332264819132626,4.332264819132626,True
1466430631,4.8,4.8,4.285573918510824,False
1466430680,4.8,5.096136726813852,5.096136726813852,True
1466430734,4.8,4.8,4.311663492607409,False
1466430790,4.8,4.185353745229765,4.185353745229765,True
1466430815,4.8,4.8,4.250014447070655,False
1466430895,4.5,4.181790295501185,4.181790295501185,True
1466430916,4.3,4.997664183740697,4.997664183740697,True
1466430929,4.3,4.3,4.922839253293719,False
1466430936,4.4,4.721394024027426,4.721394024027426,True
1466431009,4.2,4.748161941127551,4.748161941127551,True
1466431036,4.2,4.919385843734469,4.919385843734469,True
1466431055,4.2,4.2,4.501871213719787,False
1466431145,4.2,4.2,4.254147107417553,False
1466431218,4.2,4.198266628681024,4.198266628681024,True
1466431290,4.1,4.1,4.297574498707177,False
1466431324,4.3,4.442218379067873,4.442218379067873,True
1466431400,4.3,4.3,4.539889215860125,False
1466431450,4.0,4.051240738677106,4.051240738677106,True
1466431526,4.2,4.86113567479355,4.86113567479355,True
1466431589,3.9,3.9,5.049101638396701,False
1466431661,3.6,3.6,4.392694166100017,False
1466431760,3.6,4.838862398685493,4.838862398685493,True
1466431796,3.6,3.6,4.690836942846579,False
1466431848,3.8,3.8,4.8196335318735954,False
1466431879,3.9,3.9,4.708589764858059,False
1466431954,3.7,4.890402142165704,4.890402142165704,True
1466431958,4.0,4.0,5.04768803989668,False
1466432002,3.8,4.060300490896902,4.060300490896902,True
1466432101,3.6,3.6,4.2399102256902,False
1466432177,3.7,3.7,4.270921651349338,False
1466432194,3.7,3.7,4.6978084112026535,False
1466432237,3.7,3.7,4.52341859340259,False
1466432280,4.0,4.0,4.489462994640119,False
1466432373,4.2,4.2,4.371952579019641,False
1466432389,4.0,4.0,4.5661672303344485,False
1466432415,4.0,4.943310500703419,4.943310500703419,True
1466432417,4.0,4.0,4.754617948357624,False
1466432506,4.0,4.166460310939776,4.166460310939776,True
1466432569,4.0,4.571307369033756,4.571307369033756,True
1466432577,4.0,4.0,4.1830636470175175,False
1466432670,4.0,5.022352802780241,5.022352802780241,True
1466432706,4.3,4.301593298560401,4.301593298560401,True
1466432804,4.3,4.3,4.104636780762383,False
1466432853,4.3,4.174382976187794,4.174382976187794,True
1466432947,4.3,4.3,4.715299808335229,False
1466433040,4.6,4.6,4.621332305635869,False
1466433128,4.6,4.718643195982858,4.718643195982858,True
1466433145,4.4,4.4,4.627738963563065,False
1466433195,4.2,4.2,5.025447264574746,False
1466433289,4.3,4.3,4.500355239432532,False
1466433375,4.3,4.3,4.218967766668019,False
1466433427,4.1,4.1,4.764385363108175,False
1466433478,4.1,4.1,4.9706187511945465,False
1466433517,4.1,4.183031897439903,4.183031897439903,True
1466433615,4.1,4.605543338411975,4.605543338411975,True
1466433672,4.0,4.806163663925355,4.806163663925355,True
1466433762,4.0,4.0,4.180815008094439,False
1466433809,4.3,4.3,4.859253171117372,False
1466433873,4.3,4.3,4.278784182304667,False
1466433910,4.3,4.307155173777588,4.307155173777588,True
1466433994,4.2,4.133150160971742,4.133150160971742,True
1466434003,4.3,4.3,4.293492154461118,False
1466434045,4.3,4.134796260936611,4.134796260936611,True
1466434096,4.3,4.777040768691254,4.777040768691254,True
1466434173,4.3,4.3,4.899232718730884,False
1466434199,4.3,4.674032112963273,4.674032112963273,True
1466434224,4.2,4.2,4.365384886148523,False
1466434308,4.5,4.465504625749055,4.465504625749055,True
1466434359,4.5,4.5,4.499173296716205,False
1466434371,4.5,4.879173882013785,4.879173882013785,True
1466434457,4.5,4.5,4.5732332690303545,False
1466434498,4.5,4.025238530896232,4.025238530896232,True
1466434552,4.2,4.229341842579186,4.229341842579186,True
1466434622,4.2,4.2,4.412435050356459,False
1466434691,3.9,3.9,5.083738262787442,False
1466434718,3.9,4.67825722476728,4.67825722476728,True
1466434727,3.9,3.9,4.076195774812336,False
1466434815,3.9,4.7684117869613845,4.7684117869613845,True
1466434892,4.2,4.2,4.786532609183242,False
1466434915,4.2,4.988651754814874,4.988651754814874,True
1466434946,4.4,4.748912649400578,4.748912649400578,True
1466434988,4.4,4.56063694195749,4.56063694195749,True
1466435020,4.4,4.4,4.526863549716763,False
1466435090,4.4,4.688290766284777,4.688290766284777,True
1466435099,4.4,4.4,4.450285369565964,False
1466435145,4.5,4.473700192495892,4.473700192495892,True
1466435186,4.5,4.293547378744256,4.293547378744256,True
1466435246,4.1,4.1,4.9984604580543435,False
1466435284,4.1,4.423707287924298,4.423707287924298,True
1466435327,3.8,3.8,4.952882867017406,False
1466435369,4.2,4.651067031171754,4.651067031171754,True
1466435408,3.9,4.2594693314439995,4.2594693314439995,True
1466435468,4.2,4.280028074896171,4.280028074896171,True
1466435486,4.5,4.5,4.124816777535135,False
1466435555,4.2,4.237518896911449,4.237518896911449,True
1466435624,4.2,4.2,4.8411047137413865,False
1466435659,4.1,4.1,4.078034570312671,False
1466435682,4.4,4.4,4.93806474373301,False
1466435712,4.4,4.4,4.812600284250012,False
1466435794,4.4,4.830849191337949,4.830849191337949,True
1466435878,4.4,4.4,4.763858964789549,False
1466435904,4.4,4.070543566185192,4.070543566185192,True
1466435971,4.5,4.5,4.105466973726616,False
1466436041,4.5,4.5,4.791237827397424,False
1466436059,4.5,4.5,4.6165466330551475,False
1466436093,4.2,4.2,4.358585576690927,False
1466436178,4.2,4.2,4.135316353976201,False
1466436230,4.1,4.936277151232036,4.936277151232036,True
1466436280,4.1,4.1,4.052131727852629,False
1466436332,4.1,5.067303198641301,5.067303198641301,True
1466436333,3.8,3.8,4.824387869189772,False
1466436431,3.8,4.381317357363474,4.381317357363474,True
1466436520,3.7,4.556613354572305,4.556613354572305,True
1466436572,4.0,4.0,4.9781338434528495,False
1466436647,3.9,4.172777462855578,4.172777462855578,True
1466436655,4.2,4.2,4.166875024358768,False
1466436727,4.2,4.343548457512967,4.343548457512967,True
1466436793,4.2,4.969520300159959,4.969520300159959,True
1466436879,4.2,4.660425549237455,4.660425549237455,True
1466436880,4.2,4.2,4.984764680232354,False
1466436939,4.1,4.1,4.146410489839443,False
1466437015,4.1,4.06188973047505,4.06188973047505,True
1466437048,4.1,4.1,4.8169635229303776,False
1466437088,4.1,4.1,4.53467700182775,False
1466437105,3.8,3.8,4.952609414953999,False
1466437122,3.8,4.491599078395084,4.491599078395084,True
1466437160,4.1,4.80846430066768,4.80846430066768,True
1466437232,4.1,4.1,4.042342254528468,False
1466437321,4.1,5.086070873697537,5.086070873697537,True
1466437335,4.0,4.0,4.463620644782608,False
1466437358,4.0,4.0915714529697835,4.0915714529697835,True
1466437441,4.0,4.641128060626605,4.641128060626605,True
1466437480,3.8,3.8,4.052376527296446,False
1466437561,3.8,4.260195581160769,4.260195581160769,True
1466437653,3.8,4.987038885774932,4.987038885774932,True
1466437709,3.9,3.9,4.619825078933175,False
1466437798,3.9,3.9,4.6595823794490805,False
1466437869,3.8,4.190755948240705,4.190755948240705,True
1466437952,3.8,3.8,4.814434860305412,False
1466438037,3.8,3.8,4.306416094106872,False
1466438054,4.1,4.1,4.284486974314994,False
1466438056,4.0,4.0,4.098926098879731,False
1466438136,3.8,4.559219415068803,4.559219415068803,True
1466438234,3.6,4.400450158550182,4.400450158550182,True
1466438261,3.6,4.106314711143426,4.106314711143426,True
1466438348,3.6,5.086926746739115,5.086926746739115,True
1466438407,3.6,3.6,4.744713148885105,False
1466438422,3.7,4.085937731964055,4.085937731964055,True
1466438476,3.7,3.7,4.583115363681607,False
1466438571,3.7,3.7,4.278646251951569,False
1466438612,4.0,4.0,4.7403425534399855,False
1466438620,4.0,4.0,4.488617789355913,False
1466438698,4.0,4.0,4.91375531001357,False
1466438747,4.0,4.741742332815057,4.741742332815057,True
1466438795,4.0,4.0,4.263974448066313,False
1466438810,4.3,4.130890716905903,4.130890716905903,True
1466438888,4.3,4.195246434706816,4.195246434706816,True
1466438975,4.3,4.476790234700355,4.476790234700355,True
1466439000,4.3,4.3,4.572847042956495,False
1466439092,4.3,4.068723396061548,4.068723396061548,True
1466439150,4.3,4.4645162137442425,4.4645162137442425,True
1466439229,4.3,4.3,4.544731669781608,False
1466439279,4.0,4.0,4.6738213909922015,False
1466439328,4.0,4.0,4.198777744242902,False
1466439351,4.0,4.0,4.024582579825917,False
1466439447,3.7,3.7,5.087055131023065,False
1466439466,3.6,3.6,4.172525610440116,False
1466439480,3.6,4.711995402493974,4.711995402493974,True
1466439560,3.7,3.7,4.462573690246795,False
1466439600,3.7,4.512572255340893,4.512572255340893,True
1466439645,3.5,3.5,4.092102542020309,False
1466439729,3.5,3.5,4.989531783461226,False
1466439772,3.6,4.360768594475922,4.360768594475922,True
1466439827,3.6,4.318650659575235,4.318650659575235,True
1466439849,3.7,3.7,4.469714519333236,False
1466439910,3.8,4.527603980984203,4.527603980984203,True
1466439990,3.8,4.169493741570485,4.169493741570485,True
1466440005,3.8,3.8,4.260431552715964,False
1466440006,3.7,4.259763798972126,4.259763798972126,True
1466440045,4.0,4.0,5.024500105772108,False
1466440066,3.8,4.909985770744244,4.909985770744244,True
1466440154,3.6,4.431717825074394,4.431717825074394,True
1466440214,3.6,3.6,4.123191540250411,False
1466440226,3.6,4.0207590046952655,4.0207590046952655,True
1466440304,3.6,3.6,4.1533831290352,False
1466440385,3.5,3.5,4.554259242380036,False
1466440451,3.6,4.504354204643794,4.504354204643794,True
1466440521,3.9,3.9,5.095005239469623,False
1466440581,3.9,3.9,4.876766670207668,False
1466440674,3.6,3.6,4.775878417236358,False
1466440727,3.6,3.6,4.238566877570929,False
1466440821,3.6,3.6,4.523675074289945,False
1466440827,3.6,3.6,4.636383358849546,False
1466440897,3.6,3.6,4.6605845064782,False
1466440923,3.9,4.889927413474368,4.889927413474368,True
1466441012,3.9,3.9,5.022776343261284,False
1466441049,4.2,4.641990572397797,4.641990572397797,True
1466441147,4.1,4.1,4.068280121389648,False
1466441213,4.1,4.4060611596758115,4.4060611596758115,True
1466441311,4.1,4.1,4.471843536623356,False
1466441318,4.4,4.584084385895168,4.584084385895168,True
1466441418,4.1,4.1,4.95215531593383,False
1466441510,4.1,4.1,4.675509794992788,False
1466441541,4.0,4.567676029587976,4.567676029587976,True
1466441579,4.0,4.0,4.509362174839091,False
1466441630,4.0,4.369209416066276,4.369209416066276,True
1466441714,4.0,4.288686478761261,4.288686478761261,True
1466441724,4.0,4.0,4.530341078199257,False
1466441741,4.2,4.2,4.287329591181168,False
1466441822,4.4,4.4,4.986605159139468,False
1466441883,4.4,4.4,4.478516530224441,False
1466441934,4.4,4.4,4.353553239782109,False
1466441947,4.5,4.243617190069326,4.243617190069326,True
1466442046,4.4,4.4,4.390201869479994,False
1466442137,4.5,4.074705104640189,4.074705104640189,True
1466442175,4.5,4.913317131857148,4.913317131857148,True
1466442216,4.7,4.539734204807438,4.539734204807438,True
1466442284,4.8,4.8,4.864544971634865,False
1466442332,4.8,4.8,5.0099822415319935,False
1466442358,4.8,4.8,4.781532805009062,False
1466442362,4.8,4.098262304689626,4.098262304689626,True
1466442439,4.9,4.9,4.729759797686053,False
1466442490,4.8,4.8,4.2446381120031615,False
1466442498,4.8,4.8,4.782428992357154,False
1466442508,4.8,4.259132403830022,4.259132403830022,True
1466442518,4.8,4.02886259488919,4.02886259488919,True
1466442556,4.8,4.052046550675466,4.052046550675466,True
1466442656,4.8,4.7256267776663865,4.7256267776663865,True
1466442662,5.1,4.779938601951375,4.779938601951375,True
1466442703,5.1,4.158102983690498,4.158102983690498,True
1466442768,5.1,5.1,4.770890514738579,False
1466442788,5.1,5.1,4.545750139248035,False
1466442886,5.0,4.6513831381313056,4.6513831381313056,True
1466442980,5.0,4.906706224147917,4.906706224147917,True
1466443000,5.0,5.006796083782681,5.006796083782681,True
1466443029,5.0,4.1636437294858,4.1636437294858,True
1466443038,5.1,5.1,4.284222280116133,False
1466443089,5.2,5.2,5.045679448177399,False
1466443162,5.2,4.899096144916963,4.899096144916963,True
1466443201,5.3,5.3,4.030560116392428,False
1466443219,5.0,5.0,4.717214839309404,False
1466443263,5.0,5.0,4.778871756329976,False
1466443350,4.7,4.7,4.023057485509449,False
1466443373,4.7,4.7,4.100591255208921,False
1466443392,4.4,4.246012199348781,4.246012199348781,True
1466443402,4.8,4.48110499508934,4.48110499508934,True
1466443486,4.7,4.7,4.63394078553104,False
1466443511,4.4,4.4,5.073180120655416,False
1466443584,4.5,4.689735387771284,4.689735387771284,True
1466443677,4.4,4.116215159690297,4.116215159690297,True
1466443725,4.4,4.410284168961359,4.410284168961359,True
1466443727,4.6,5.064421224635257,5.064421224635257,True
1466443750,4.6,4.6,4.766408716434983,False
1466443761,4.9,4.9,4.132446900885785,False
1466443808,4.9,4.9,4.605516537536767,False
1466443861,4.9,4.9,4.440449510472082,False
1466443929,4.9,4.4837400531019505,4.4837400531019505,True
1466443986,4.7,4.255587053422259,4.255587053422259,True
1466444043,4.5,4.5,4.295800916560306,False
1466444110,4.5,4.199002083315579,4.199002083315579,True
1466444192,4.4,4.601767018937366,4.601767018937366,True
1466444287,4.4,4.092155393944656,4.092155393944656,True
1466444294,4.2,4.011608525361574,4.011608525361574,True
1466444366,4.2,4.2,4.2373403479506155,False
1466444466,4.2,4.260374530692369,4.260374530692369,True
1466444505,4.2,4.2,4.372084509937244,False
1466444556,4.1,4.1,4.751745742627831,False
1466444624,4.1,4.968377362526979,4.968377362526979,True
1466444663,4.0,4.0,4.00287781889682,False
1466444685,4.2,4.554983608262653,4.554983608262653,True
1466444756,4.2,4.950698158992334,4.950698158992334,True
1466444781,4.1,4.0899697962655965,4.0899697962655965,True
1466444840,4.4,4.1875014797403995,4.1875014797403995,True
1466444854,4.1,4.1,4.780852219511148,False
1466444860,4.1,4.127092640992061,4.127092640992061,True
1466444959,3.9,4.3190974640900395,4.3190974640900395,True
1466445058,3.6,4.843670637321638,4.843670637321638,True
1466445107,3.9,3.9,4.945123102198099,False
1466445165,3.9,3.9,4.387596583409085,False
1466445170,3.6,4.961739415994956,4.961739415994956,True
1466445173,3.8,3.8,4.223107746885213,False
1466445247,4.1,4.1,5.0026436359086315,False
1466445305,4.3,4.3,4.218900542640726,False
1466445333,4.3,4.3,4.855075438811776,False
1466445356,4.2,4.2,4.224455208589096,False
1466445430,4.6,4.6,4.99009602009188,False
1466445491,4.6,4.6,4.914448672351283,False
1466445497,4.6,4.6,4.545108008648494,False
1466445514,4.5,4.5,4.634142079455969,False
1466445549,4.7,4.669109241723556,4.669109241723556,True
1466445640,4.7,4.7,4.050529913022736,False
1466445648,4.6,4.6,4.437973304029557,False
1466445739,4.6,4.074353859251581,4.074353859251581,True
1466445814,4.6,4.6,4.839739692669683,False
1466445879,4.6,4.172814618246539,4.172814618246539,True
1466445909,5.0,5.0,4.169108182068998,False
1466445965,5.0,4.234260423226943,4.234260423226943,True
1466446021,5.0,5.0,4.458275574365251,False
1466446045,5.3,5.066740686566897,5.066740686566897,True
1466446071,5.3,4.233290412701675,4.233290412701675,True
1466446120,5.3,5.3,5.019733978377685,False
1466446168,5.3,5.3,4.475270990094002,False
1466446253,5.3,4.517962870539157,4.517962870539157,True
1466446302,5.2,4.91382778878748,4.91382778878748,True
1466446389,5.2,5.2,4.149840939711379,False
1466446404,5.2,4.605782165579548,4.605782165579548,True
1466446494,4.9,4.9,4.274596626215837,False
1466446594,4.9,4.9,4.509148502791096,False
1466446643,4.9,4.923186211402738,4.923186211402738,True
1466446669,4.9,4.974857444373223,4.974857444373223,True
1466446690,4.7,4.7,4.234508893204204,False
1466446735,4.7,4.7,4.957875733236385,False
1466446766,4.7,5.069629787549731,5.069629787549731,True
1466446852,4.7,4.7,4.291428203104863,False
1466446902,4.8,4.71383254303279,4.71383254303279,True
1466446945,4.9,4.9,4.737336538356634,False
1466446987,4.9,4.8092087485659825,4.8092087485659825,True
1466447036,4.6,4.6,4.105202962686346,False
1466447112,4.7,4.7,4.366007563883042,False
1466447129,4.6,4.6,4.206776978786637,False
1466447189,4.6,4.379775157806862,4.379775157806862,True
1466447224,4.5,4.5,4.462953388608064,False
1466447270,4.7,4.7,4.468587800400498,False
1466447272,4.8,4.561079474463333,4.561079474463333,True
1466447348,4.8,4.8,4.8053272165552805,False
1466447359,4.8,4.8,4.309163609623411,False
1466447388,4.8,4.8,4.019358564854662,False
1466447390,4.8,4.8,4.84106578518808,False
1466447425,5.1,4.248533018443345,4.248533018443345,True
1466447463,5.1,5.1,4.540663935193139,False
1466447485,5.1,5.1,4.40839055698063,False
1466447545,5.1,4.115267780157768,4.115267780157768,True
1466447553,5.1,4.534005701184652,4.534005701184652,True
1466447554,5.1,5.1,4.13270163731576,False
1466447573,5.3,4.496098262878602,4.496098262878602,True
1466447634,5.3,5.3,4.303163815612356,False
1466447695,5.0,4.763572185985443,4.763572185985443,True
1466447762,4.7,5.085208180280356,5.085208180280356,True
1466447844,4.8,4.732797354264678,4.732797354264678,True
1466447885,5.1,5.1,4.034237165330481,False
1466447943,4.9,4.9,4.789174915989644,False
1466447956,5.1,5.1,4.403025296232044,False
1466448041,5.1,4.4806537347618285,4.4806537347618285,True
1466448140,5.1,4.710647338136969,4.710647338136969,True
1466448215,4.8,4.8,4.9054042635819295,False
1466448270,4.8,4.8,4.563267642214299,False
1466448302,4.9,5.0067739071568695,5.0067739071568695,True
1466448368,4.9,4.9,4.097239731087875,False
1466448422,4.9,4.490916364314448,4.490916364314448,True
1466448517,4.9,4.9,4.454667433734696,False
1466448614,4.9,4.224817498875243,4.224817498875243,True
1466448701,4.9,4.9,4.630982694235785,False
1466448743,5.0,4.238210233299197,4.238210233299197,True
1466448805,5.0,5.0,4.569625411940949,False
1466448844,5.0,5.0,4.266992056148333,False
1466448896,5.0,4.513007891033962,4.513007891033962,True
1466448984,5.0,5.0,4.579101180563159,False
1466449031,5.0,5.0,5.098216868320897,False
1466449045,5.0,4.8590193232179075,4.8590193232179075,True
1466449099,5.0,5.0,4.045841695662243,False
1466449171,5.0,5.0,4.330907878991231,False
1466449261,5.0,4.798216360622325,4.798216360622325,True
1466449280,5.3,4.8647438327329375,4.8647438327329375,True
1466449359,5.2,4.397060850961537,4.397060850961537,True
1466449442,5.4,5.4,5.014701843691077,False
1466449496,5.4,5.4,4.262977067207826,False
1466449537,5.4,5.093896835459532,5.093896835459532,True
1466449555,5.4,5.0620681226559086,5.0620681226559086,True
1466449629,5.3,4.0568571659245825,4.0568571659245825,True
1466449635,5.3,5.3,4.176572679907383,False
1466449721,5.3,5.3,4.9408870207959374,False
1466449772,5.2,5.2,4.293476819157484,False
1466449872,5.1,5.1,4.80394702637707,False
1466449873,5.0,5.0,4.539976080800198,False
1466449884,4.9,4.564861913690526,4.564861913690526,True
1466449937,5.1,5.1,4.827459816182101,False
1466449953,5.1,5.1,4.044867259622714,False
1466449959,5.1,5.034721797486401,5.034721797486401,True
1466449961,5.1,4.868270958927831,4.868270958927831,True
1466450018,5.1,5.1,4.6199745305001105,False
1466450075,5.1,5.1,4.76789645770428,False
1466450150,5.1,5.061605277309693,5.061605277309693,True
1466450177,5.2,4.880243057140978,4.880243057140978,True
1466450255,5.4,5.036629026746137,5.036629026746137,True
1466450343,5.4,5.4,4.239716624293986,False
1466450348,5.4,4.198953475687349,4.198953475687349,True
1466450401,5.4,5.4,4.299132976559056,False
1466450433,5.3,5.035802954910337,5.035802954910337,True
1466450507,5.3,5.021266429554199,5.021266429554199,True
1466450536,5.3,4.707703875494556,4.707703875494556,True
1466450627,5.3,5.3,5.047685941289962,False
1466450723,5.3,4.734981232802279,4.734981232802279,True
1466450817,5.2,4.519516808186933,4.519516808186933,True
1466450900,5.2,5.2,4.551282556306142,False
1466450902,5.2,4.373006590654125,4.373006590654125,True
1466450971,5.4,4.629079155750967,4.629079155750967,True
1466451016,5.2,5.2,5.02776725923254,False
1466451023,5.2,5.2,4.076811102800652,False
1466451073,5.2,4.850092965397486,4.850092965397486,True
1466451166,5.1,5.1,4.852134734131123,False
1466451231,4.8,5.086182138273864,5.086182138273864,True
1466451245,4.8,4.8,5.0171210208506,False
1466451293,4.8,4.8,4.238259014970601,False
1466451295,4.5,4.0518756576927695,4.0518756576927695,True
1466451378,4.5,4.5,4.738599303763493,False
1466451445,4.5,4.5,5.060360677432928,False
1466451508,4.3,4.338733573293339,4.338733573293339,True
1466451599,4.3,4.165178047682428,4.165178047682428,True
1466451686,4.0,4.0,4.7341138638420075,False
1466451761,4.0,4.359136518748546,4.359136518748546,True
1466451857,3.8,4.620239482645763,4.620239482645763,True
1466451909,3.8,3.8,4.146663672976377,False
1466451919,3.8,4.634714636366196,4.634714636366196,True
1466452006,3.7,3.7,4.510143561116333,False
1466452035,3.8,3.8,4.760588295918777,False
1466452039,3.8,4.9062743943779585,4.9062743943779585,True
1466452104,4.0,4.622669800633436,4.622669800633436,True
1466452167,3.7,3.7,4.96858984667075,False
1466452238,3.8,4.424669930220086,4.424669930220086,True
1466452313,4.0,4.0,4.286735327046722,False
1466452339,4.3,4.014328078329848,4.014328078329848,True
1466452419,4.6,4.863040207795818,4.863040207795818,True
1466452424,4.8,4.8,4.6220261803625275,False
1466452435,4.8,4.172717072397407,4.172717072397407,True
1466452531,5.0,4.490389929647895,4.490389929647895,True
1466452584,5.0,5.0,4.64694458845026,False
1466452625,4.9,4.425737855238494,4.425737855238494,True
1466452676,5.0,5.0428105052356464,5.0428105052356464,True
1466452752,4.8,4.92371457541999,4.92371457541999,True
1466452796,4.8,4.8,4.617523489902577,False
1466452825,4.6,4.292786396645831,4.292786396645831,True
1466452860,4.4,4.400711489951758,4.400711489951758,True
1466452960,4.5,4.5,4.6453402006326865,False
1466452979,4.5,4.5,4.046652579771994,False
1466453002,4.4,4.4,4.950645352761978,False
1466453016,4.3,4.3,4.210224575080667,False
1466453025,4.4,5.044703568686517,5.044703568686517,True
1466453089,4.4,4.694584257822996,4.694584257822996,True
1466453141,4.4,4.037100339790664,4.037100339790664,True
1466453154,4.4,4.4,4.152254274239992,False
1466453184,4.3,4.3471684816233775,4.3471684816233775,True
1466453202,4.4,4.397714146075469,4.397714146075469,True
1466453203,4.4,4.5268414793026075,4.5268414793026075,True
1466453222,4.4,4.4,4.208303284851795,False
1466453321,4.4,4.4,5.058876169404449,False
1466453379,4.4,4.818698640286573,4.818698640286573,True
1466453392,4.4,4.4,4.10337581085832,False
1466453422,4.4,4.4,4.604524239505838,False
1466453502,4.0,4.0,4.386612536073624,False
1466453518,4.2,4.1507109564344535,4.1507109564344535,True
1466453563,4.5,4.251234143862819,4.251234143862819,True
1466453604,4.7,4.7,4.968052987279095,False
1466453639,4.7,4.7,4.839912848335925,False
1466453705,4.7,4.7,4.1670523176774275,False
1466453795,4.8,4.0135551062216805,4.0135551062216805,True
1466453816,4.7,4.535874396806111,4.535874396806111,True
1466453870,4.7,4.284903294563734,4.284903294563734,True
1466453910,4.7,4.7,4.351445103674186,False
1466454002,4.7,4.5203824993749775,4.5203824993749775,True
1466454051,4.7,4.7595102374688345,4.7595102374688345,True
1466454087,4.7,4.982097559037451,4.982097559037451,True
1466454129,4.5,4.567384676367764,4.567384676367764,True
1466454227,4.4,4.4,4.559417121729009,False
1466454259,4.7,4.709719200052616,4.709719200052616,True
1466454262,5.0,4.739104298909133,4.739104298909133,True
1466454298,5.0,5.0,4.501780905723417,False
1466454388,5.3,5.3,4.112389122293954,False
1466454399,5.3,5.3,5.007418486402461,False
1466454473,5.2,5.2,4.082780241006675,False
1466454529,5.0,5.0,4.050048916530668,False
1466454559,5.0,5.0,4.523477372556334,False
1466454648,5.0,5.0,4.415029498871091,False
1466454745,5.0,5.024725632699575,5.024725632699575,True
1466454763,4.8,4.8,4.327046394269116,False
1466454851,4.9,4.663571274904817,4.663571274904817,True
1466454936,5.0,5.0,4.783314692046424,False
1466454949,5.0,5.0,4.493192869936858,False
1466455032,5.0,4.634054188972284,4.634054188972284,True
1466455065,4.7,4.7,4.92535642352803,False
1466455119,4.3,4.648361233834903,4.648361233834903,True
1466455172,4.3,4.55536984150125,4.55536984150125,True
1466455196,4.2,4.2,4.334137517561386,False
1466455271,4.2,4.2,5.068669547681233,False
1466455357,4.2,4.679377234733382,4.679377234733382,True
1466455361,4.0,4.930316420238038,4.930316420238038,True
1466455394,4.3,4.3,4.454706068475005,False
1466455475,4.5,4.145353284004596,4.145353284004596,True
1466455497,4.5,4.5,4.80912855338376,False
1466455561,4.5,4.701551584776077,4.701551584776077,True
1466455575,4.3,4.3,4.492920712805459,False
1466455587,4.4,4.4,4.236499757851407,False
1466455651,4.2,4.476367987965395,4.476367987965395,True
1466455658,4.2,4.2,4.147432589058565,False
1466455732,4.2,4.267683009187207,4.267683009187207,True
1466455812,4.1,4.1,4.622699974605754,False
1466455910,3.9,3.9,4.4785036514206,False
1466455951,4.1,4.748090944398537,4.748090944398537,True
1466455999,4.1,4.0572247124592975,4.0572247124592975,True
1466456054,4.0,4.0,4.890497038108024,False
1466456058,4.0,4.0,4.3223635664454125,False
1466456074,4.0,5.0577125354438115,5.0577125354438115,True
1466456088,4.3,4.3,4.181831068003263,False
1466456118,4.1,4.1,4.867304695686081,False
1466456218,4.0,4.472933837200013,4.472933837200013,True
1466456265,4.0,4.101483243325633,4.101483243325633,True
1466456270,4.0,4.330608564834789,4.330608564834789,True
1466456312,4.0,4.0,4.873570499621274,False
1466456346,4.0,4.0,4.09173895354279,False
1466456374,4.0,4.0,4.167896910822189,False
1466456406,3.7,4.1248173892436375,4.1248173892436375,True
1466456482,3.7,4.4706953314897575,4.4706953314897575,True
1466456512,3.7,3.7,4.905135696829605,False
1466456610,3.7,3.7,4.932852563947162,False
1466456683,3.9,3.9,4.767205497832736,False
1466456768,3.9,3.9,4.531137975162725,False
1466456856,3.9,3.9,4.271105644752655,False
1466456927,4.2,4.88976823706957,4.88976823706957,True
1466457014,4.3,4.4314464595414895,4.4314464595414895,True
1466457032,4.3,4.3,4.7203479085873,False
1466457067,4.1,4.724740142740093,4.724740142740093,True
1466457157,4.1,4.880412318389672,4.880412318389672,True
1466457215,4.1,4.1,4.03062122906276,False
1466457267,3.8,3.8,4.091654264702792,False
1466457357,3.6,4.331827134320068,4.331827134320068,True
1466457434,3.6,3.6,4.853708107191066,False
1466457487,3.9,3.9,4.2092135269817215,False
1466457559,4.1,4.1,5.092697093573923,False
1466457603,4.1,4.1,5.064240062865957,False
1466457671,4.2,4.424839896271205,4.424839896271205,True
1466457713,4.2,4.2,4.617411200657432,False
1466457745,4.5,4.156771388870257,4.156771388870257,True
1466457782,4.5,4.5,4.640342612891819,False
1466457802,4.5,4.861815673545509,4.861815673545509,True
1466457817,4.1,4.1,5.097416496145948,False
1466457865,4.1,4.1,4.87031437550389,False
1466457884,4.1,4.1,4.345640165573289,False
1466457885,4.1,4.1,4.722289849480851,False
1466457917,4.0,4.845989632119789,4.845989632119789,True
1466457973,4.0,4.216344982380652,4.216344982380652,True
1466458045,3.8,3.8,4.329760145711609,False
1466458135,3.6,4.204957384896345,4.204957384896345,True
1466458151,3.6,3.6,4.439318828309016,False
1466458230,3.6,3.6,4.213629834317578,False
1466458324,4.0,4.0,4.050335092165973,False
1466458362,4.0,4.0,4.547160431934456,False
1466458438,4.2,4.2,4.121947150283654,False
1466458454,4.4,4.4,4.976700133115044,False
1466458496,4.7,4.138827583749808,4.138827583749808,True
1466458509,4.7,4.776913638970033,4.776913638970033,True
1466458580,4.7,4.814845701121248,4.814845701121248,True
1466458590,4.9,4.941179032011582,4.941179032011582,True
1466458626,5.1,5.1,5.049072809382434,False
1466458642,4.9,4.9,4.195520973936312,False
1466458665,4.9,4.9,4.930855877000963,False
1466458694,4.9,4.14955376564687,4.14955376564687,True
1466458762,4.9,4.731930138970368,4.731930138970368,True
1466458793,4.6,4.6,4.0419458070725485,False
1466458824,4.6,4.484451473509067,4.484451473509067,True
1466458906,4.6,4.221887693542826,4.221887693542826,True
1466458982,4.7,4.7,4.115605816067739,False
1466459068,4.7,4.3145685860364535,4.3145685860364535,True
1466459159,4.9,4.9,4.721730217383042,False
1466459184,5.1,5.1,5.030520678035662,False
1466459273,5.3,5.3,5.079471444838558,False
1466459372,5.1,4.066562699084126,4.066562699084126,True
1466459415,5.1,5.1,4.753004859160845,False
1466459483,5.2,5.2,4.738638009699567,False
1466459504,5.2,5.2,4.3975717509974865,False
1466459588,5.2,4.63203726421587,4.63203726421587,True
1466459595,5.2,5.2,4.367997666208175,False
1466459673,4.9,4.85567077027829,4.85567077027829,True
1466459726,4.9,4.7960102122588,4.7960102122588,True
1466459800,4.9,4.898039653216475,4.898039653216475,True
1466459857,4.9,4.9,4.978230979886118,False
1466459887,4.6,4.974732643267224,4.974732643267224,True
1466459913,4.8,4.62390862815501,4.62390862815501,True
1466459974,4.8,4.758093055386085,4.758093055386085,True
1466459995,5.0,5.0,4.3752568046356215,False
1466460001,5.0,4.708383012738836,4.708383012738836,True
1466460054,5.0,5.0,4.331089247219996,False
1466460130,4.9,5.091917824710834,5.091917824710834,True
1466460215,4.6,4.6,4.436729520578601,False
1466460252,4.5,4.627160015090492,4.627160015090492,True
1466460272,4.5,4.418077670878767,4.418077670878767,True
1466460346,4.5,4.5,4.933091029159627,False
1466460440,4.2,4.2,5.089657440543487,False
1466460461,4.3,4.398776458185599,4.398776458185599,True
1466460528,4.3,4.3,4.010246758016385,False
1466460610,4.3,4.3,4.584099592746262,False
1466460630,4.3,4.255092872912265,4.255092872912265,True
1466460691,4.3,4.024126715267676,4.024126715267676,True
1466460706,4.5,4.5,4.988879857762283,False
1466460739,4.5,4.5320966115507595,4.5320966115507595,True
1466460765,4.3,4.3,4.436507566109678,False
1466460795,4.1,4.285337287803395,4.285337287803395,True
1466460877,4.1,4.1,4.090455102504729,False
1466460973,3.9,3.9,4.804017418264527,False
1466461009,4.2,4.47926527606496,4.47926527606496,True
1466461027,4.0,4.755888933777958,4.755888933777958,True
1466461032,4.0,4.512971928649258,4.512971928649258,True
1466461096,4.0,4.1197236294393065,4.1197236294393065,True
1466461169,4.0,4.284877454190522,4.284877454190522,True
1466461256,4.1,4.1,4.140209130630735,False
1466461351,4.4,4.115043082180219,4.115043082180219,True
1466461451,4.6,4.6,4.436192033253076,False
1466461531,4.7,4.7,4.536610694773675,False
1466461568,4.3,4.192283891025157,4.192283891025157,True
1466461583,4.3,4.3,4.394669545655109,False
1466461647,4.2,4.2,4.329164194622328,False
1466461703,4.2,4.2,4.276879962337219,False
1466461794,4.1,4.501764741874075,4.501764741874075,True
1466461813,3.8,4.5639891438369675,4.5639891438369675,True
1466461910,3.7,4.877139309873552,4.877139309873552,True
1466461988,3.7,4.894381851575607,4.894381851575607,True
1466462056,3.8,3.8,4.789853807304988,False
1466462101,3.8,4.054302708151205,4.054302708151205,True
1466462155,3.8,4.478694688130379,4.478694688130379,True
1466462215,3.8,4.391189240030812,4.391189240030812,True
1466462278,3.7,4.497150724333735,4.497150724333735,True
1466462368,4.0,4.6978890029436755,4.6978890029436755,True
1466462412,4.0,4.467679591352373,4.467679591352373,True
1466462512,4.3,4.3,4.5737104569881994,False
1466462594,4.1,4.227873962920947,4.227873962920947,True
1466462671,4.1,4.1,4.875118719368379,False
1466462716,4.2,4.2,4.650476917569735,False
1466462746,4.2,4.201993614368309,4.201993614368309,True
1466462782,4.6,4.49277065958471,4.49277065958471,True
1466462820,4.6,4.729601148785603,4.729601148785603,True
1466462833,4.3,4.3,4.026855332458622,False
1466462842,4.3,4.3,5.007509964069382,False
1466462850,4.3,4.3,4.8977003349518435,False
1466462941,4.3,4.31126293147072,4.31126293147072,True
1466463026,4.3,4.3,4.440315109063237,False
1466463117,4.3,4.674621958676554,4.674621958676554,True
1466463139,4.4,4.6735520758720925,4.6735520758720925,True
