1466410104,0.62,0.04416577267531063,0.04416577267531063,True
1466410114,0.62,0.62,0.5119869832276489,False
1466410130,0.66,0.8875189445412395,0.8875189445412395,True
1466410181,0.68,0.4303726701360301,0.4303726701360301,True
1466410203,0.68,0.004952540097425739,0.004952540097425739,True
1466410250,0.66,0.66,0.9921152024733592,False
1466410309,0.66,0.66,0.1492451082055115,False
1466410397,0.64,0.8251467298722109,0.8251467298722109,True
1466410430,0.64,0.18315312604127143,0.18315312604127143,True
1466410469,0.64,0.5977413039090503,0.5977413039090503,True
1466410483,0.64,0.5056681754773612,0.5056681754773612,True
1466410498,0.62,0.45505918646159427,0.45505918646159427,True
1466410502,0.62,0.02664603120894682,0.02664603120894682,True
1466410532,0.61,0.61,0.9612919795108356,False
1466410541,0.61,0.61,0.915232160586514,False
1466410573,0.64,0.64,0.7780058645623371,False
1466410630,0.63,0.9091455974310224,0.9091455974310224,True
1466410653,0.59,0.24012528333724026,0.24012528333724026,True
1466410746,0.59,0.59,0.4674587959555967,False
1466410814,0.58,0.6028392061126843,0.6028392061126843,True
1466410890,0.58,0.38663470328052196,0.38663470328052196,True
1466410902,0.58,0.58,0.017233400668388743,False
1466410978,0.59,0.59,0.8692704217947897,False
1466411008,0.59,0.59,0.0794931211292399,False
1466411066,0.59,0.6825924403588783,0.6825924403588783,True
1466411094,0.59,0.59,0.2617837285398884,False
1466411157,0.59,0.59,0.28826860066393856,False
1466411223,0.59,0.59,0.41612799004145806,False
1466411226,0.59,0.59,0.3369772700928261,False
1466411272,0.59,0.59,0.23060935025242424,False
1466411303,0.59,0.023617405088186105,0.023617405088186105,True
1466411318,0.59,0.59,0.7631602919872981,False
1466411396,0.61,0.6331398478281721,0.6331398478281721,True
1466411493,0.61,0.61,0.6809279161034367,False
1466411549,0.63,0.63,0.17735944862135455,False
1466411560,0.61,0.7231816504624238,0.7231816504624238,True
1466411626,0.64,0.8244341466675232,0.8244341466675232,True
1466411723,0.64,0.64,0.8141200832970656,False
1466411763,0.64,0.0535457073165041,0.0535457073165041,True
1466411785,0.64,0.22276394699219926,0.22276394699219926,True
1466411854,0.63,0.3398668562677477,0.3398668562677477,True
1466411889,0.63,0.63,0.3142444734278925,False
1466411988,0.67,0.18489681740004515,0.18489681740004515,True
1466412022,0.67,0.67,0.9103816929185216,False
1466412046,0.67,0.45025089917248373,0.45025089917248373,True
1466412076,0.66,0.7474876144462195,0.7474876144462195,True
1466412152,0.64,0.64,0.3643472604704636,False
1466412181,0.67,0.040277824692221076,0.040277824692221076,True
1466412201,0.64,0.64,0.9530711610346412,False
1466412260,0.64,0.9056554228433108,0.9056554228433108,True
1466412347,0.64,0.64,0.5166855488499164,False
1466412360,0.66,0.66,0.33646747614512296,False
1466412438,0.66,0.8677582710954992,0.8677582710954992,True
1466412521,0.66,0.66,0.7081473310511115,False
1466412599,0.66,0.66,0.31969100690003993,False
1466412639,0.66,0.66,0.2112417060307713,False
1466412691,0.63,0.6579624397049787,0.6579624397049787,True
1466412747,0.63,0.63,0.6171752453552287,False
1466412794,0.63,0.2767649528875319,0.2767649528875319,True
1466412819,0.63,0.19248737069007715,0.19248737069007715,True
1466412832,0.63,0.63,0.781877143870235,False
1466412874,0.63,0.7155617111540795,0.7155617111540795,True
1466412943,0.63,0.63,0.43152342344284744,False
1466412971,0.63,0.63,0.5945054245084652,False
1466412990,0.63,0.63,0.9205311957157222,False
1466413028,0.64,0.64,0.9480453655219024,False
1466413053,0.64,0.8113687169263637,0.8113687169263637,True
1466413125,0.64,0.64,0.1427362920060511,False
1466413200,0.62,0.62,0.8631228249953039,False
1466413264,0.62,0.11203865077998343,0.11203865077998343,True
1466413311,0.65,0.371911254669692,0.371911254669692,True
1466413342,0.65,0.65,0.7045168297350236,False
1466413440,0.67,0.67,0.20216314025875803,False
1466413458,0.67,0.67,0.6830825054683197,False
1466413529,0.69,0.15436071205245117,0.15436071205245117,True
1466413542,0.69,0.718000798642086,0.718000798642086,True
1466413638,0.69,0.24689913881238001,0.24689913881238001,True
1466413672,0.69,0.69,0.2291633021922621,False
1466413733,0.69,0.9633284322177551,0.9633284322177551,True
1466413779,0.68,0.68,0.9948474877416185,False
1466413780,0.67,0.32204298379158924,0.32204298379158924,True
1466413864,0.67,0.031700628547466136,0.031700628547466136,True
1466413885,0.67,0.06009374025800818,0.06009374025800818,True
1466413946,0.67,0.7988205013507621,0.7988205013507621,True
1466414033,0.67,0.67,0.07690691397198812,False
1466414071,0.67,0.13948253612795591,0.13948253612795591,True
1466414164,0.67,0.534214257951019,0.534214257951019,True
1466414225,0.67,0.7784116516253201,0.7784116516253201,True
1466414312,0.67,0.7124571827297527,0.7124571827297527,True
1466414325,0.67,0.9865669768172478,0.9865669768172478,True
1466414328,0.67,0.007946058322170546,0.007946058322170546,True
1466414329,0.65,0.65,0.5548177403225717,False
1466414402,0.67,0.67,0.7862233146031675,False
1466414407,0.67,0.67,0.12262468887110534,False
1466414413,0.67,0.67,0.24874403918869437,False
1466414460,0.66,0.8168017140500002,0.8168017140500002,True
1466414552,0.66,0.9600530950732792,0.9600530950732792,True
1466414602,0.66,0.66,0.45679139321430784,False
1466414662,0.68,0.3892863829274652,0.3892863829274652,True
1466414746,0.68,0.68,0.3082047505779921,False
1466414844,0.68,0.8558805428306093,0.8558805428306093,True
1466414943,0.68,0.68,0.6327245203957197,False
1466414946,0.66,0.08323588166418294,0.08323588166418294,True
1466414966,0.66,0.66,0.5507589668497942,False
1466415038,0.66,0.66,0.1286541059147105,False
1466415106,0.66,0.5224675491490403,0.5224675491490403,True
1466415130,0.66,0.66,0.6717945695438148,False
1466415145,0.66,0.3241477006386442,0.3241477006386442,True
1466415202,0.66,0.663704140409634,0.663704140409634,True
1466415239,0.66,0.66,0.7945861784587087,False
1466415249,0.66,0.66,0.19954431625014823,False
1466415308,0.66,0.66,0.39871743980357355,False
1466415357,0.66,0.8007519538674734,0.8007519538674734,True
1466415404,0.68,0.68,0.7323731754721378,False
1466415469,0.65,0.7985884713930421,0.7985884713930421,True
1466415548,0.65,0.655301009793109,0.655301009793109,True
1466415588,0.66,0.625758560334226,0.625758560334226,True
1466415627,0.66,0.7250091871618348,0.7250091871618348,True
1466415719,0.68,0.2106861448367624,0.2106861448367624,True
1466415767,0.68,0.68,0.3688255903104213,False
1466415860,0.68,0.68,0.8841708194884184,False
1466415872,0.68,0.68,0.49640946223832383,False
1466415914,0.68,0.039628378429045874,0.039628378429045874,True
1466415934,0.68,0.68,0.9558878441489165,False
1466415988,0.68,0.161158518847332,0.161158518847332,True
1466416004,0.68,0.68,0.593934150129125,False
1466416050,0.68,0.7487118001455044,0.7487118001455044,True
1466416150,0.7,0.7,0.4369796869181215,False
1466416161,0.74,0.74,0.8387125115543725,False
1466416215,0.76,0.76,0.7014897656288053,False
1466416315,0.76,0.9271254062008164,0.9271254062008164,True
1466416321,0.76,0.76,0.3000292107454977,False
1466416393,0.74,0.09715812205308538,0.09715812205308538,True
1466416440,0.76,0.76,0.6499081106904624,False
1466416510,0.79,0.754035706966428,0.754035706966428,True
1466416541,0.79,0.39250688891033003,0.39250688891033003,True
1466416631,0.79,0.4176391814553908,0.4176391814553908,True
1466416671,0.79,0.8866908091356297,0.8866908091356297,True
1466416725,0.79,0.22914905015915177,0.22914905015915177,True
1466416815,0.79,0.9719092119868262,0.9719092119868262,True
1466416867,0.79,0.79,0.08772676427096338,False
1466416933,0.79,0.79,0.3484062363925541,False
1466416963,0.79,0.79,0.4754668262365267,False
1466417034,0.76,0.76,0.1644757198422866,False
1466417069,0.76,0.4846352112841339,0.4846352112841339,True
1466417095,0.76,0.2430611180264991,0.2430611180264991,True
1466417123,0.76,0.5207474217418246,0.5207474217418246,True
1466417219,0.77,0.77,0.3178782096382645,False
1466417228,0.77,0.77,0.161562624262377,False
1466417235,0.77,0.13319249646558662,0.13319249646558662,True
1466417266,0.79,0.2643953917016698,0.2643953917016698,True
1466417298,0.79,0.3885045837020229,0.3885045837020229,True
1466417382,0.79,0.79,0.8943857040306574,False
1466417429,0.79,0.8799870025188055,0.8799870025188055,True
1466417434,0.81,0.5986666018959769,0.5986666018959769,True
1466417513,0.81,0.28035141349853265,0.28035141349853265,True
1466417598,0.82,0.3221193373134019,0.3221193373134019,True
1466417615,0.82,0.43686393128245693,0.43686393128245693,True
1466417654,0.84,0.84,0.4178713287491368,False
1466417749,0.84,0.84,0.8380430257870298,False
1466417763,0.84,0.8896676352463578,0.8896676352463578,True
1466417822,0.84,0.84,0.4780761956986922,False
1466417851,0.84,0.84,0.9397222273265604,False
1466417855,0.84,0.7691079271405044,0.7691079271405044,True
1466417879,0.84,0.84,0.749027728676619,False
1466417895,0.87,0.8650153422414067,0.8650153422414067,True
1466417969,0.87,0.2635270209977645,0.2635270209977645,True
1466418049,0.87,0.6655270609136285,0.6655270609136285,True
1466418118,0.84,0.20081771463973497,0.20081771463973497,True
1466418129,0.84,0.84,0.3134339173896824,False
1466418179,0.84,0.84,0.04077432724246832,False
1466418254,0.84,0.48744703933374656,0.48744703933374656,True
1466418332,0.87,0.7115962048250236,0.7115962048250236,True
1466418428,0.87,0.5319038599352877,0.5319038599352877,True
1466418494,0.87,0.87,0.6227654739433732,False
1466418554,0.87,0.87,0.873334345295482,False
1466418563,0.87,0.87,0.1293047639083641,False
1466418564,0.87,0.87,0.5057596345211784,False
1466418594,0.85,0.85,0.6520130409497543,False
1466418674,0.85,0.85,0.3697739978549378,False
1466418748,0.84,0.6608669453058458,0.6608669453058458,True
1466418847,0.84,0.8734041437130374,0.8734041437130374,True
1466418877,0.84,0.7984850150064179,0.7984850150064179,True
1466418917,0.86,0.86,0.30894670950662795,False
1466418938,0.86,0.86,0.2970883464256806,False
1466419031,0.86,0.14859817448568324,0.14859817448568324,True
1466419058,0.86,0.9846684228514,0.9846684228514,True
1466419104,0.84,0.84,0.19911096677809526,False
1466419166,0.82,0.606734973881612,0.606734973881612,True
1466419261,0.82,0.82,0.5302068778369959,False
1466419349,0.82,0.01212804904992093,0.01212804904992093,True
1466419442,0.82,0.82,0.38225816204872143,False
1466419530,0.82,0.82,0.6679529804564713,False
1466419595,0.82,0.82,0.2836474324498386,False
1466419646,0.82,0.82,0.27523308598862395,False
1466419737,0.82,0.031931435494976124,0.031931435494976124,True
1466419826,0.82,0.82,0.6879893231566585,False
1466419880,0.79,0.5835443997611136,0.5835443997611136,True
1466419911,0.76,0.76,0.7354256528903269,False
1466419938,0.76,0.7428263068636035,0.7428263068636035,True
1466420016,0.76,0.8082772897959791,0.8082772897959791,True
1466420019,0.76,0.76,0.6992568472736334,False
1466420108,0.76,0.8088787620527583,0.8088787620527583,True
1466420205,0.78,0.4856198468955062,0.4856198468955062,True
1466420228,0.78,0.1414315919477842,0.1414315919477842,True
1466420257,0.79,0.79,0.95991546604179,False
1466420270,0.76,0.76,0.7628900220733547,False
1466420296,0.77,0.8498793243118492,0.8498793243118492,True
1466420331,0.75,0.75,0.6652351004350523,False
1466420407,0.75,0.75,0.3581994593898985,False
1466420430,0.75,0.8624809759341285,0.8624809759341285,True
1466420453,0.75,0.75,0.5726816428237288,False
1466420474,0.74,0.8254629073738767,0.8254629073738767,True
1466420566,0.73,0.73,0.8206069185973933,False
1466420579,0.73,0.73,0.12774225470268363,False
1466420618,0.74,0.9167888360231912,0.9167888360231912,True
1466420624,0.74,0.74,0.5782588734015585,False
1466420643,0.74,0.16074279453945572,0.16074279453945572,True
1466420695,0.73,0.73,0.29425973597481925,False
1466420788,0.73,0.73,0.31329949440058846,False
1466420863,0.73,0.73,0.8454796047139754,False
1466420947,0.73,0.611793825846108,0.611793825846108,True
1466421003,0.75,0.75,0.7200419790401266,False
1466421032,0.76,0.76,0.1538676573227592,False
1466421050,0.76,0.6865385862827721,0.6865385862827721,True
1466421116,0.76,0.9889730169380295,0.9889730169380295,True
1466421208,0.76,0.7729435212593969,0.7729435212593969,True
1466421234,0.76,0.76,0.2385228581378792,False
1466421262,0.76,0.76,0.07782701717164842,False
1466421353,0.76,0.09149335500882028,0.09149335500882028,True
1466421360,0.76,0.2247259535685936,0.2247259535685936,True
1466421392,0.76,0.7026311826332595,0.7026311826332595,True
1466421480,0.76,0.76,0.544077818770847,False
1466421530,0.76,0.369876038855282,0.369876038855282,True
1466421547,0.8,0.8,0.8516640416987814,False
1466421591,0.8,0.8,0.4346604237653169,False
1466421633,0.8,0.9066898151698213,0.9066898151698213,True
1466421636,0.8,0.04855702328394562,0.04855702328394562,True
1466421670,0.8,0.5207620320539815,0.5207620320539815,True
1466421695,0.8,0.8,0.2830343437979209,False
1466421721,0.8,0.3393439990903403,0.3393439990903403,True
1466421804,0.79,0.79,0.3248371958821705,False
1466421819,0.79,0.5147259391229086,0.5147259391229086,True
1466421862,0.79,0.87776026539677,0.87776026539677,True
1466421885,0.79,0.79,0.3087094266717427,False
1466421936,0.81,0.81,0.14140003409840296,False
1466422012,0.81,0.81,0.8163864008898927,False
1466422044,0.81,0.81,0.9606955079476643,False
1466422045,0.81,0.17538274659000697,0.17538274659000697,True
1466422137,0.8,0.8,0.9504465743042614,False
1466422162,0.8,0.6089336842279696,0.6089336842279696,True
1466422189,0.8,0.8,0.5423087263221619,False
1466422197,0.8,0.457913417279747,0.457913417279747,True
1466422264,0.8,0.8,0.8161115434406285,False
1466422330,0.8,0.3786632285998913,0.3786632285998913,True
1466422378,0.82,0.82,0.9261209994766829,False
1466422432,0.82,0.82,0.1757216842360355,False
1466422488,0.82,0.82,0.13576473175224202,False
1466422577,0.82,0.82,0.15624794810740872,False
1466422628,0.82,0.924718527809364,0.924718527809364,True
1466422638,0.82,0.9990723140045276,0.9990723140045276,True
1466422666,0.85,0.7452955376759556,0.7452955376759556,True
1466422706,0.89,0.89,0.752067996319571,False
1466422731,0.85,0.85,0.9546227749777165,False
1466422804,0.85,0.3043056244550899,0.3043056244550899,True
1466422866,0.84,0.84,0.2668023900439467,False
1466422873,0.84,0.84,0.5367922345240699,False
1466422895,0.84,0.84,0.7552740892388002,False
1466422953,0.84,0.5181389978863393,0.5181389978863393,True
1466422973,0.87,0.87,0.08395606822836488,False
1466423017,0.84,0.84,0.04814080838043111,False
1466423051,0.82,0.21401153731297295,0.21401153731297295,True
1466423099,0.8,0.8,0.3314744478268734,False
1466423150,0.8,0.8,0.7472413198577006,False
1466423155,0.8,0.8,0.16058411342836554,False
1466423168,0.81,0.10922548417489275,0.10922548417489275,True
1466423205,0.81,0.81,0.6120189366457127,False
1466423275,0.82,0.9263763400137304,0.9263763400137304,True
1466423287,0.82,0.13669596142705132,0.13669596142705132,True
1466423336,0.82,0.82,0.8288981010868263,False
1466423340,0.82,0.8816012263298586,0.8816012263298586,True
1466423355,0.84,0.84,0.898485159375171,False
1466423443,0.85,0.85,0.7928055812109256,False
1466423499,0.85,0.85,0.17246662495372078,False
1466423585,0.86,0.9858380121517558,0.9858380121517558,True
1466423612,0.85,0.9248240853240822,0.9248240853240822,True
1466423669,0.83,0.83,0.2291427363206625,False
1466423705,0.83,0.030355026351571168,0.030355026351571168,True
1466423770,0.83,0.7384586960718644,0.7384586960718644,True
1466423844,0.83,0.83,0.7633133423353469,False
1466423902,0.83,0.83,0.656760057681919,False
1466423913,0.83,0.83,0.6129650990857514,False
1466423972,0.86,0.86,0.19049772004267362,False
1466424014,0.86,0.9759065152454722,0.9759065152454722,True
1466424069,0.86,0.86,0.10872885392640652,False
1466424154,0.86,0.5904615394575593,0.5904615394575593,True
1466424155,0.88,0.024099012408754228,0.024099012408754228,True
1466424169,0.91,0.91,0.8531166511234605,False
1466424262,0.91,0.91,0.24670824949798298,False
1466424339,0.91,0.6728189586068601,0.6728189586068601,True
1466424398,0.91,0.8879158894795162,0.8879158894795162,True
1466424497,0.91,0.91,0.18768425453411686,False
1466424558,0.9,0.9,0.63434867108659,False
1466424613,0.9,0.6994210251090046,0.6994210251090046,True
1466424713,0.9,0.9,0.8698294251083583,False
1466424804,0.9,0.9,0.08863227944476926,False
1466424878,0.89,0.89,0.3173794036327767,False
1466424924,0.93,0.8666726389436453,0.8666726389436453,True
1466425009,0.93,0.93,0.913187001834134,False
1466425106,0.93,0.6674331804632518,0.6674331804632518,True
1466425129,0.96,0.7082053668347423,0.7082053668347423,True
1466425179,0.96,0.96,0.6598028157552265,False
1466425257,0.96,0.42373946801856655,0.42373946801856655,True
1466425262,0.96,0.96,0.218634577245455,False
1466425305,0.96,0.96,0.5094845522437111,False
1466425331,0.96,0.96,0.05490453221235292,False
1466425338,0.96,0.96,0.7325342082631796,False
1466425377,0.96,0.96,0.44184886525891165,False
1466425380,0.96,0.96,0.3959247588871886,False
1466425417,0.97,0.97,0.6970460084411985,False
1466425484,0.96,0.2944932967623317,0.2944932967623317,True
1466425517,0.97,0.97,0.45826700172751966,False
1466425553,0.96,0.96,0.8194481005059425,False
1466425640,0.98,0.7779260427599624,0.7779260427599624,True
1466425687,0.95,0.6425074533236219,0.6425074533236219,True
1466425711,0.95,0.34352764770486666,0.34352764770486666,True
1466425768,0.97,0.97,0.9991962871655107,False
1466425811,0.99,0.99,0.0008986373790781377,False
1466425856,0.99,0.27751598106258624,0.27751598106258624,True
1466425869,0.97,0.97,0.004582466069182112,False
1466425884,0.97,0.97,0.5085531208894741,False
1466425962,0.97,0.97,0.8115816897556666,False
1466425974,0.96,0.96,0.3673194386246108,False
1466426016,1.0,0.39004843078468177,0.39004843078468177,True
1466426024,1.0,1.0,0.5831730232636749,False
1466426034,1.0,1.0,0.4758724195990094,False
1466426130,0.99,0.16547835644101772,0.16547835644101772,True
1466426189,0.99,0.99,0.7201852649860739,False
1466426198,0.99,0.8932182238427332,0.8932182238427332,True
1466426280,0.99,0.99,0.15536258868167863,False
1466426298,0.99,0.99,0.9234476885446037,False
1466426380,0.99,0.9327796077631687,0.9327796077631687,True
1466426420,0.99,0.6748942989142811,0.6748942989142811,True
1466426509,0.96,0.4418926918419088,0.4418926918419088,True
1466426521,0.99,0.3823363478897833,0.3823363478897833,True
1466426535,0.99,0.9209820769568747,0.9209820769568747,True
1466426563,0.99,0.737482890250217,0.737482890250217,True
1466426620,0.96,0.96,0.5243969250510591,False
1466426694,0.95,0.7092103177564885,0.7092103177564885,True
1466426764,0.95,0.95,0.6363253542521203,False
1466426778,0.96,0.8159870449529505,0.8159870449529505,True
1466426866,0.98,0.98,0.6351361490147178,False
1466426938,0.97,0.97,0.3758943711740943,False
1466427022,0.95,0.95,0.20274566697019025,False
1466427059,0.93,0.45970446366490136,0.45970446366490136,True
1466427125,0.95,0.95,0.3346008949135506,False
1466427204,0.95,0.95,0.9142517968768755,False
1466427240,0.92,0.38718341962187985,0.38718341962187985,True
1466427317,0.92,0.92,0.7624017175660671,False
1466427319,0.94,0.94,0.9344205711897077,False
1466427331,0.94,0.94,0.5339522370205985,False
1466427425,0.94,0.23179082076741986,0.23179082076741986,True
1466427458,0.93,0.8523481203940564,0.8523481203940564,True
1466427495,0.91,0.4728818820179802,0.4728818820179802,True
1466427543,0.91,0.06386465875445702,0.06386465875445702,True
1466427625,0.92,0.16674509401585225,0.16674509401585225,True
1466427663,0.92,0.92,0.3629209902729522,False
1466427672,0.89,0.16096120893865906,0.16096120893865906,True
1466427684,0.91,0.91,0.5596051783531302,False
1466427739,0.91,0.8079266668498425,0.8079266668498425,True
1466427769,0.94,0.6443339788314687,0.6443339788314687,True
1466427775,0.94,0.94,0.8455494307617762,False
1466427820,0.94,0.94,0.7597315819656066,False
1466427837,0.94,0.3576573535100802,0.3576573535100802,True
1466427846,0.91,0.08903130529502001,0.08903130529502001,True
1466427904,0.94,0.05938135019608948,0.05938135019608948,True
1466427997,0.95,0.5011308871459011,0.5011308871459011,True
1466428027,0.94,0.9214692717153519,0.9214692717153519,True
1466428114,0.94,0.7830922877085998,0.7830922877085998,True
1466428212,0.95,0.95,0.22484049973821008,False
1466428294,0.95,0.3617356706307834,0.3617356706307834,True
1466428321,0.95,0.32373160150124936,0.32373160150124936,True
1466428340,0.96,0.96,0.960731790976966,False
1466428378,0.96,0.2800038582776607,0.2800038582776607,True
1466428463,0.96,0.6327425387057088,0.6327425387057088,True
1466428551,0.96,0.7407031056569179,0.7407031056569179,True
1466428575,0.96,0.96,0.39448780121642824,False
1466428593,0.98,0.98,0.8449258684012471,False
1466428682,0.98,0.98,0.2137047776137796,False
1466428699,0.98,0.98,0.8950184771390548,False
1466428719,0.98,0.2968963547193746,0.2968963547193746,True
1466428819,0.95,0.95,0.5552115704619022,False
1466428850,0.95,0.25968853470555153,0.25968853470555153,True
1466428884,0.95,0.95,0.8731706248380419,False
1466428973,0.96,0.96,0.27229174518420163,False
1466429006,0.96,0.798454898048609,0.798454898048609,True
1466429026,0.96,0.6750699470479845,0.6750699470479845,True
1466429066,0.96,0.2700905760526233,0.2700905760526233,True
1466429072,0.96,0.5755004270098046,0.5755004270098046,True
1466429103,0.98,0.98,0.7598984737372045,False
1466429110,0.98,0.98,0.008865903269292486,False
1466429123,0.99,0.99,0.05094294946061906,False
1466429168,0.98,0.98,0.5884149007358561,False
1466429182,0.95,0.95,0.1947080784231423,False
1466429184,0.95,0.7179857329389334,0.7179857329389334,True
1466429197,0.95,0.95,0.6958973203384292,False
1466429280,0.95,0.95,0.13966219585744477,False
1466429378,0.95,0.09976979835846855,0.09976979835846855,True
1466429450,0.92,0.026860712948525656,0.026860712948525656,True
1466429455,0.92,0.92,0.7653488526192072,False
1466429510,0.93,0.93,0.9361207539198606,False
1466429565,0.91,0.8294905355600594,0.8294905355600594,True
1466429566,0.92,0.92,0.79294835347751,False
1466429592,0.95,0.6317652341600314,0.6317652341600314,True
1466429623,0.95,0.28798350395742467,0.28798350395742467,True
1466429691,0.95,0.95,0.4834233909425374,False
1466429733,0.95,0.95,0.8807113788818239,False
1466429803,0.95,0.07758202275200532,0.07758202275200532,True
1466429832,0.95,0.06668306475482733,0.06668306475482733,True
1466429905,0.95,0.95,0.5312025603402213,False
1466429997,0.98,0.1555254882387036,0.1555254882387036,True
1466430050,0.98,0.8997322572472833,0.8997322572472833,True
1466430088,0.98,0.22807225645130302,0.22807225645130302,True
1466430174,0.98,0.718204068304574,0.718204068304574,True
1466430247,0.98,0.07611234239045095,0.07611234239045095,True
1466430344,1.0,0.6947763332713958,0.6947763332713958,True
1466430375,1.0,1.0,0.4396467759252629,False
1466430400,0.96,0.96,0.4255499678992295,False
1466430457,0.96,0.96,0.1918941577352825,False
1466430483,0.96,0.96,0.0004140800336372985,False
1466430517,0.96,0.96,0.16150798036078529,False
1466430524,0.96,0.5608900579571812,0.5608900579571812,True
1466430592,0.96,0.04991736471753483,0.04991736471753483,True
1466430616,0.96,0.96,0.7795781135651099,False
1466430631,0.96,0.4519177240717809,0.4519177240717809,True
1466430680,0.92,0.6954970720490209,0.6954970720490209,True
1466430734,0.93,0.33954645527389293,0.33954645527389293,True
1466430790,0.93,0.93,0.337605047803067,False
1466430815,0.93,0.4033979565191036,0.4033979565191036,True
1466430895,0.93,0.93,0.37290612580764715,False
1466430916,0.93,0.93,0.06018022804739087,False
1466430929,0.94,0.94,0.4026226066120553,False
1466430936,0.97,0.33313334999341637,0.33313334999341637,True
1466431009,0.97,0.06114085821785198,0.06114085821785198,True
1466431036,0.96,0.057527254262439764,0.057527254262439764,True
1466431055,0.96,0.6147354379865523,0.6147354379865523,True
1466431145,0.96,0.255188060636229,0.255188060636229,True
1466431218,0.98,0.98,0.5552486284154067,False
1466431290,0.98,0.012916660780255662,0.012916660780255662,True
1466431324,0.95,0.95,0.35046465581278274,False
1466431400,0.95,0.6871804018412833,0.6871804018412833,True
1466431450,0.95,0.95,0.29731188638533534,False
1466431526,0.95,0.95,0.33351021035606043,False
1466431589,0.95,0.95,0.6702560167488,False
1466431661,0.95,0.95,0.2958973208407807,False
1466431760,0.95,0.6260675191783883,0.6260675191783883,True
1466431796,0.95,0.24671327394490583,0.24671327394490583,True
1466431848,0.94,0.8491427822453954,0.8491427822453954,True
1466431879,0.97,0.31249935541823903,0.31249935541823903,True
1466431954,0.94,0.94,0.6914997559782732,False
1466431958,0.94,0.4608118111877916,0.4608118111877916,True
1466432002,0.95,0.95,0.2271856868039589,False
1466432101,0.98,0.98,0.4151837769355723,False
1466432177,0.98,0.98,0.5380677869883982,False
1466432194,0.98,0.3066218587943418,0.3066218587943418,True
1466432237,0.98,0.98,0.9292102064538836,False
1466432280,0.98,0.98,0.17959133631851043,False
1466432373,0.98,0.6711507104954801,0.6711507104954801,True
1466432389,0.98,0.2667599333941625,0.2667599333941625,True
1466432415,0.98,0.5803331688380089,0.5803331688380089,True
1466432417,0.98,0.5326885070703925,0.5326885070703925,True
1466432506,0.94,0.8879560468908149,0.8879560468908149,True
1466432569,0.94,0.94,0.4590562388632028,False
1466432577,0.94,0.94,0.30153500791778076,False
1466432670,0.94,0.94,0.9497300000816864,False
1466432706,0.94,0.8855777107286001,0.8855777107286001,True
1466432804,0.94,0.08110850018644689,0.08110850018644689,True
1466432853,0.94,0.4627407225274899,0.4627407225274899,True
1466432947,0.91,0.91,0.3904862150555344,False
1466433040,0.91,0.91,0.4285685437772798,False
1466433128,0.94,0.5768999179367564,0.5768999179367564,True
1466433145,0.94,0.7155835985020439,0.7155835985020439,True
1466433195,0.94,0.6915004344280696,0.6915004344280696,True
1466433289,0.94,0.94,0.9327983033519857,False
1466433375,0.94,0.994588854571462,0.994588854571462,True
1466433427,0.91,0.7233169191268489,0.7233169191268489,True
1466433478,0.92,0.9323498068865795,0.9323498068865795,True
1466433517,0.9,0.9,0.43521379357644674,False
1466433615,0.91,0.91,0.18836755513590198,False
1466433672,0.91,0.91,0.1703377398348691,False
1466433762,0.91,0.10473247717002532,0.10473247717002532,True
1466433809,0.91,0.91,0.924659284873439,False
1466433873,0.91,0.91,0.018018250032661776,False
1466433910,0.91,0.91,0.12821043886049588,False
1466433994,0.91,0.91,0.7228914838099154,False
1466434003,0.91,0.13144965390910557,0.13144965390910557,True
1466434045,0.93,0.6860893616568364,0.6860893616568364,True
1466434096,0.93,0.93,0.9124993546404004,False
1466434173,0.91,0.91,0.3834062446828309,False
1466434199,0.9,0.9,0.9207803210009782,False
1466434224,0.92,0.92,0.49662705465789325,False
1466434308,0.92,0.4210961100322983,0.4210961100322983,True
1466434359,0.92,0.7361284024214402,0.7361284024214402,True
1466434371,0.9,0.9,0.7441798712785896,False
1466434457,0.9,0.8085887900547145,0.8085887900547145,True
1466434498,0.92,0.21456524833869994,0.21456524833869994,True
1466434552,0.92,0.394072343728329,0.394072343728329,True
1466434622,0.92,0.92,0.5029103817340597,False
1466434691,0.92,0.92,0.985926167824761,False
1466434718,0.92,0.9975019302377527,0.9975019302377527,True
1466434727,0.92,0.92,0.9537656256599251,False
1466434815,0.9,0.9,0.07546863164304263,False
1466434892,0.9,0.9,0.18243641729507465,False
1466434915,0.91,0.91,0.596598178840012,False
1466434946,0.91,0.5207019790331958,0.5207019790331958,True
1466434988,0.9,0.009682083596721625,0.009682083596721625,True
1466435020,0.93,0.93,0.6502434849640487,False
1466435090,0.93,0.93,0.7828856653415417,False
1466435099,0.96,0.96,0.19051975861623616,False
1466435145,0.96,0.96,0.6714108872776487,False
1466435186,0.96,0.07681328413384025,0.07681328413384025,True
1466435246,0.96,0.5717275774353043,0.5717275774353043,True
1466435284,0.96,0.96,0.45367674995951146,False
1466435327,0.96,0.96,0.2018158098879983,False
1466435369,0.99,0.21876419753854037,0.21876419753854037,True
1466435408,0.99,0.99,0.940880712091094,False
1466435468,0.99,0.99,0.5107846442984952,False
1466435486,0.96,0.24783126788098286,0.24783126788098286,True
1466435555,0.96,0.96,0.8218551733475925,False
1466435624,0.93,0.9815514131875731,0.9815514131875731,True
1466435659,0.9,0.9,0.8702568873652197,False
1466435682,0.91,0.91,0.9079618053848644,False
1466435712,0.91,0.91,0.5824423393320021,False
1466435794,0.91,0.91,0.6229236098823162,False
1466435878,0.91,0.91,0.7449830928336928,False
1466435904,0.88,0.9362460575027567,0.9362460575027567,True
1466435971,0.9,0.9,0.5257339762618843,False
1466436041,0.9,0.5154138489825826,0.5154138489825826,True
1466436059,0.9,0.9,0.694295441297384,False
1466436093,0.91,0.91,0.010223041695533341,False
1466436178,0.91,0.91,0.9238769779861823,False
1466436230,0.88,0.88,0.6287103388399746,False
1466436280,0.88,0.0627096352945612,0.0627096352945612,True
1466436332,0.88,0.0700641989042331,0.0700641989042331,True
1466436333,0.88,0.88,0.5436023137879779,False
1466436431,0.88,0.5722203334546258,0.5722203334546258,True
1466436520,0.88,0.7587022097834504,0.7587022097834504,True
1466436572,0.88,0.88,0.7146155157726171,False
1466436647,0.88,0.88,0.19014499374639282,False
1466436655,0.84,0.7511747863169321,0.7511747863169321,True
1466436727,0.84,0.9545854145517718,0.9545854145517718,True
1466436793,0.84,0.84,0.0848700613742116,False
1466436879,0.84,0.2862160823905934,0.2862160823905934,True
1466436880,0.8,0.8,0.3149128944893175,False
1466436939,0.8,0.8,0.21601203157526527,False
1466437015,0.8,0.8,0.41486767338305486,False
1466437048,0.81,0.81,0.45769034880247483,False
1466437088,0.81,0.81,0.4926597294599122,False
1466437105,0.81,0.02956617633895342,0.02956617633895342,True
1466437122,0.78,0.78,0.7500680745919646,False
1466437160,0.79,0.5607217764989505,0.5607217764989505,True
1466437232,0.83,0.83,0.16363245280832373,False
1466437321,0.86,0.7602825725390946,0.7602825725390946,True
1466437335,0.88,0.88,0.570839538729163,False
1466437358,0.87,0.8113055319465002,0.8113055319465002,True
1466437441,0.87,0.87,0.4085006599245661,False
1466437480,0.89,0.89,0.4821996304394026,False
1466437561,0.87,0.46963012202391485,0.46963012202391485,True
1466437653,0.87,0.87,0.37328379394777267,False
1466437709,0.83,0.658692842951371,0.658692842951371,True
1466437798,0.83,0.83,0.2959005585949477,False
1466437869,0.81,0.6058215472896579,0.6058215472896579,True
1466437952,0.81,0.81,0.7709074147477154,False
1466438037,0.83,0.83,0.6820557006667025,False
1466438054,0.83,0.83,0.20827656656127813,False
1466438056,0.82,0.82,0.8005339872663364,False
1466438136,0.84,0.6182480758088528,0.6182480758088528,True
1466438234,0.84,0.84,0.3008704342919174,False
1466438261,0.84,0.84,0.8741868181838468,False
1466438348,0.85,0.85,0.8427654045138765,False
1466438407,0.85,0.8478366077414573,0.8478366077414573,True
1466438422,0.88,0.88,0.684322458824485,False
1466438476,0.88,0.36199294438274787,0.36199294438274787,True
1466438571,0.86,0.86,0.976697404535137,False
1466438612,0.86,0.1787717800821248,0.1787717800821248,True
1466438620,0.86,0.7354413035357023,0.7354413035357023,True
1466438698,0.86,0.5974255707497055,0.5974255707497055,True
1466438747,0.86,0.86,0.06528892970659417,False
1466438795,0.86,0.86,0.9361538633142243,False
1466438810,0.84,0.44138805596670316,0.44138805596670316,True
1466438888,0.84,0.84,0.7627382362762303,False
1466438975,0.84,0.84,0.5030974949973551,False
1466439000,0.84,0.7283996737499253,0.7283996737499253,True
1466439092,0.84,0.84,0.06525000901384104,False
1466439150,0.84,0.6125823467598033,0.6125823467598033,True
1466439229,0.84,0.84,0.8350161753982207,False
1466439279,0.83,0.6246752208962277,0.6246752208962277,True
1466439328,0.83,0.3030348903573712,0.3030348903573712,True
1466439351,0.83,0.4493495652703473,0.4493495652703473,True
1466439447,0.83,0.68969219915251,0.68969219915251,True
1466439466,0.82,0.82,0.36127358017574296,False
1466439480,0.78,0.07437439509772747,0.07437439509772747,True
1466439560,0.78,0.78,0.16784612010966637,False
1466439600,0.78,0.78,0.4570669966398374,False
1466439645,0.78,0.3283473994651185,0.3283473994651185,True
1466439729,0.78,0.78,0.00045654334905187444,False
1466439772,0.78,0.31281257764772097,0.31281257764772097,True
1466439827,0.76,0.6419531726447796,0.6419531726447796,True
1466439849,0.73,0.73,0.3097286983774923,False
1466439910,0.7,0.7,0.7731791203640324,False
1466439990,0.7,0.4096015791281701,0.4096015791281701,True
1466440005,0.7,0.7,0.2656647382484657,False
1466440006,0.7,0.7,0.24122237421826243,False
1466440045,0.7,0.7,0.8124699894288847,False
1466440066,0.7,0.7,0.6616280162695757,False
1466440154,0.7,0.8473931523775556,0.8473931523775556,True
1466440214,0.72,0.055457474710595256,0.055457474710595256,True
1466440226,0.72,0.11231950957881531,0.11231950957881531,True
1466440304,0.72,0.07682926987272376,0.07682926987272376,True
1466440385,0.72,0.72,0.39384350082914765,False
1466440451,0.72,0.09460866781860167,0.09460866781860167,True
1466440521,0.72,0.72,0.13126826867065822,False
1466440581,0.72,0.4008516054351211,0.4008516054351211,True
1466440674,0.72,0.4268161161936843,0.4268161161936843,True
1466440727,0.72,0.72,0.03079675630056833,False
1466440821,0.72,0.2824002148656112,0.2824002148656112,True
1466440827,0.72,0.2217951555849107,0.2217951555849107,True
1466440897,0.75,0.5394190981458129,0.5394190981458129,True
1466440923,0.75,0.2610616568197468,0.2610616568197468,True
1466441012,0.75,0.75,0.8293387518897145,False
1466441049,0.77,0.77,0.9085589193998773,False
1466441147,0.77,0.640367693239898,0.640367693239898,True
1466441213,0.74,0.74,0.7415938757353886,False
1466441311,0.73,0.73,0.5875622235218159,False
1466441318,0.74,0.8831929434970726,0.8831929434970726,True
1466441418,0.71,0.71,0.40053976603023467,False
1466441510,0.71,0.71,0.6179914538918566,False
1466441541,0.71,0.2287792445643485,0.2287792445643485,True
1466441579,0.71,0.4063298138993682,0.4063298138993682,True
1466441630,0.71,0.71,0.6662769920003169,False
1466441714,0.71,0.71,0.20935395459976658,False
1466441724,0.71,0.7718222610413084,0.7718222610413084,True
1466441741,0.7,0.7,0.9537608081540456,False
1466441822,0.7,0.7,0.9414135635435187,False
1466441883,0.7,0.7,0.3000326609922327,False
1466441934,0.7,0.7,0.20796338756143795,False
1466441947,0.7,0.37771503788952654,0.37771503788952654,True
1466442046,0.7,0.7,0.14452146231548846,False
1466442137,0.7,0.7,0.31012914589893414,False
1466442175,0.7,0.7,0.7423216400182046,False
1466442216,0.7,0.7,0.6436803252197372,False
1466442284,0.7,0.36158192515103893,0.36158192515103893,True
1466442332,0.7,0.02375960168623592,0.02375960168623592,True
1466442358,0.7,0.7,0.3580974364922165,False
1466442362,0.74,0.74,0.6990750122525712,False
1466442439,0.74,0.9385368844000884,0.9385368844000884,True
1466442490,0.74,0.016968719113653385,0.016968719113653385,True
1466442498,0.74,0.74,0.06818053173024419,False
1466442508,0.74,0.9410304791705749,0.9410304791705749,True
1466442518,0.77,0.77,0.9489613061124746,False
1466442556,0.77,0.86314000463392,0.86314000463392,True
1466442656,0.77,0.77,0.4870309943289981,False
1466442662,0.77,0.9133077610819954,0.9133077610819954,True
1466442703,0.77,0.004488682752803563,0.004488682752803563,True
1466442768,0.8,0.2607493594190853,0.2607493594190853,True
1466442788,0.8,0.899859014732558,0.899859014732558,True
1466442886,0.79,0.79,0.7520366121308256,False
1466442980,0.79,0.79,0.5751374772987803,False
1466443000,0.8,0.9764021466923772,0.9764021466923772,True
1466443029,0.79,0.79,0.11938603414202431,False
1466443038,0.82,0.3734088639912784,0.3734088639912784,True
1466443089,0.78,0.78,0.4573504578689358,False
1466443162,0.78,0.78,0.11651097975667057,False
1466443201,0.78,0.8357769062158077,0.8357769062158077,True
1466443219,0.79,0.79,0.6640713440897479,False
1466443263,0.79,0.6814509319923785,0.6814509319923785,True
1466443350,0.79,0.79,0.7450918210773786,False
1466443373,0.77,0.77,0.5875913510839275,False
1466443392,0.77,0.6801811257095972,0.6801811257095972,True
1466443402,0.77,0.77,0.5374120659660692,False
1466443486,0.77,0.77,0.1413888866384937,False
1466443511,0.77,0.77,0.1785542410319142,False
1466443584,0.79,0.79,0.018235899157962976,False
1466443677,0.77,0.77,0.4770100621175286,False
1466443725,0.78,0.78,0.21374149288135635,False
1466443727,0.78,0.6976711376893094,0.6976711376893094,True
1466443750,0.75,0.7075962249967097,0.7075962249967097,True
1466443761,0.76,0.76,0.411064660832546,False
1466443808,0.78,0.5852873946502862,0.5852873946502862,True
1466443861,0.77,0.77,0.6877710337761574,False
1466443929,0.77,0.2872131235977172,0.2872131235977172,True
1466443986,0.77,0.8966556229441491,0.8966556229441491,True
1466444043,0.77,0.4663340214695729,0.4663340214695729,True
1466444110,0.77,0.77,0.23310385741964756,False
1466444192,0.77,0.77,0.6993908816492944,False
1466444287,0.74,0.74,0.04666996623343955,False
1466444294,0.77,0.5976081513568093,0.5976081513568093,True
1466444366,0.81,0.8101539527071553,0.8101539527071553,True
1466444466,0.81,0.43665488812275977,0.43665488812275977,True
1466444505,0.81,0.952128561796514,0.952128561796514,True
1466444556,0.82,0.82,0.8791459886878266,False
1466444624,0.82,0.82,0.20726967436645538,False
1466444663,0.82,0.82,0.7838469272191825,False
1466444685,0.85,0.5240841554594864,0.5240841554594864,True
1466444756,0.88,0.88,0.1331039172570817,False
1466444781,0.88,0.8703721118032247,0.8703721118032247,True
1466444840,0.88,0.08291718144762772,0.08291718144762772,True
1466444854,0.91,0.91,0.7523004116945773,False
1466444860,0.91,0.91,0.47765087016899177,False
1466444959,0.91,0.91,0.8692622877912077,False
1466445058,0.94,0.8279049457289016,0.8279049457289016,True
1466445107,0.94,0.5113456094303286,0.5113456094303286,True
1466445165,0.91,0.91,0.38355719873776173,False
1466445170,0.89,0.5182570059274006,0.5182570059274006,True
1466445173,0.91,0.7227231387714953,0.7227231387714953,True
1466445247,0.9,0.06976917226417856,0.06976917226417856,True
1466445305,0.9,0.9,0.16734691223309084,False
1466445333,0.88,0.9882581910810169,0.9882581910810169,True
1466445356,0.88,0.9840239655736043,0.9840239655736043,True
1466445430,0.88,0.001924283214490452,0.001924283214490452,True
1466445491,0.88,0.6952994328830182,0.6952994328830182,True
1466445497,0.89,0.89,0.5723721660092587,False
1466445514,0.9,0.9,0.46989548465090647,False
1466445549,0.94,0.834621644912322,0.834621644912322,True
1466445640,0.93,0.20771549238241582,0.20771549238241582,True
1466445648,0.93,0.93,0.691951631384828,False
1466445739,0.93,0.93,0.4440421166959425,False
1466445814,0.9,0.9,0.14939555126378723,False
1466445879,0.93,0.7718100512589456,0.7718100512589456,True
1466445909,0.93,0.2743699127180038,0.2743699127180038,True
1466445965,0.93,0.93,0.0184914513236748,False
1466446021,0.93,0.93,0.5107353211727091,False
1466446045,0.93,0.5051320060586476,0.5051320060586476,True
1466446071,0.93,0.93,0.254278759004812,False
1466446120,0.91,0.91,0.27998087412845996,False
1466446168,0.91,0.580942697057573,0.580942697057573,True
1466446253,0.9,0.9082456034417796,0.9082456034417796,True
1466446302,0.9,0.9,0.6717406423562908,False
1466446389,0.92,0.92,0.849988424706654,False
1466446404,0.92,0.0841597599398497,0.0841597599398497,True
1466446494,0.92,0.92,0.12254926517926612,False
1466446594,0.92,0.16792503448202323,0.16792503448202323,True
1466446643,0.92,0.0880502502613848,0.0880502502613848,True
1466446669,0.95,0.7093262112568711,0.7093262112568711,True
1466446690,0.97,0.97,0.24679812017086167,False
1466446735,0.96,0.9388458225655666,0.9388458225655666,True
1466446766,0.96,0.6465299869207415,0.6465299869207415,True
1466446852,0.96,0.96,0.29345705905657204,False
1466446902,0.96,0.96,0.27982097442583,False
1466446945,0.96,0.96,0.749261068895736,False
1466446987,0.96,0.8861669776306139,0.8861669776306139,True
1466447036,0.96,0.96,0.1365243215151798,False
1466447112,0.95,0.95,0.2600438886417362,False
1466447129,0.95,0.467687918687435,0.467687918687435,True
1466447189,0.95,0.95,0.5736418668627681,False
1466447224,0.95,0.6945203278605663,0.6945203278605663,True
1466447270,0.97,0.97,0.25333950044159226,False
1466447272,0.97,0.97,0.6363330541606308,False
1466447348,1.0,0.10133386362415386,0.10133386362415386,True
1466447359,1.0,1.0,0.30027671947733126,False
1466447388,0.99,0.34857805052616275,0.34857805052616275,True
1466447390,0.99,0.5368291517460677,0.5368291517460677,True
1466447425,0.99,0.3062422217063604,0.3062422217063604,True
1466447463,0.99,0.99,0.9783913677709107,False
1466447485,0.97,0.97,0.5702875275220881,False
1466447545,0.97,0.97,0.26668459131051714,False
1466447553,0.99,0.99,0.5338229144203157,False
1466447554,0.99,0.99,0.8302007104021825,False
1466447573,0.99,0.99,0.880259054541955,False
1466447634,0.96,0.5351646431550691,0.5351646431550691,True
1466447695,0.98,0.98,0.028800291779782827,False
1466447762,0.98,0.6731736630714594,0.6731736630714594,True
1466447844,1.0,0.49137476511387923,0.49137476511387923,True
1466447885,1.0,1.0,0.3224930087700001,False
1466447943,0.97,0.9081656897336796,0.9081656897336796,True
1466447956,0.97,0.19444899921846737,0.19444899921846737,True
1466448041,0.97,0.97,0.8366223918639556,False
1466448140,0.94,0.94,0.8743989812652955,False
1466448215,0.94,0.94,0.40938226120751775,False
1466448270,0.93,0.93,0.36442943218695245,False
1466448302,0.91,0.5248552608345346,0.5248552608345346,True
1466448368,0.9,0.493965002931671,0.493965002931671,True
1466448422,0.9,0.16570334909819573,0.16570334909819573,True
1466448517,0.94,0.94,0.8813920769847099,False
1466448614,0.94,0.851763777597649,0.851763777597649,True
1466448701,0.94,0.831116240208741,0.831116240208741,True
1466448743,0.94,0.94,0.3883340721983233,False
1466448805,0.95,0.95,0.6948929837526396,False
1466448844,0.97,0.97,0.4186475275980016,False
1466448896,0.97,0.97,0.7080805311040101,False
1466448984,0.97,0.8059064041069811,0.8059064041069811,True
1466449031,0.97,0.7682727044440154,0.7682727044440154,True
1466449045,0.97,0.97,0.2839014449772156,False
1466449099,0.97,0.4769987247166123,0.4769987247166123,True
1466449171,0.98,0.27099148990497157,0.27099148990497157,True
1466449261,0.98,0.270345195675751,0.270345195675751,True
1466449280,0.98,0.98,0.9780508817439418,False
1466449359,0.98,0.98,0.5055352110236935,False
1466449442,0.98,0.8003849015246178,0.8003849015246178,True
1466449496,0.97,0.5170028237758241,0.5170028237758241,True
1466449537,0.97,0.9471550947555507,0.9471550947555507,True
1466449555,0.97,0.5423828904741549,0.5423828904741549,True
1466449629,0.97,0.4776271477717695,0.4776271477717695,True
1466449635,0.97,0.25822535333244256,0.25822535333244256,True
1466449721,1.0,0.1675375193918882,0.1675375193918882,True
1466449772,1.0,0.8309763173352992,0.8309763173352992,True
1466449872,0.99,0.99,0.2893931843170411,False
1466449873,0.99,0.3145299431366806,0.3145299431366806,True
1466449884,0.99,0.5556517685773679,0.5556517685773679,True
1466449937,0.99,0.061908585967753504,0.061908585967753504,True
1466449953,0.99,0.6752274179253699,0.6752274179253699,True
1466449959,0.96,0.96,0.5971549028075956,False
1466449961,0.96,0.6586909732172649,0.6586909732172649,True
1466450018,0.96,0.96,0.5210578796460001,False
1466450075,0.96,0.09270797965580624,0.09270797965580624,True
1466450150,0.96,0.96,0.44043826596384184,False
1466450177,0.96,0.9015463494573767,0.9015463494573767,True
1466450255,0.96,0.96,0.057808588435905195,False
1466450343,0.96,0.96,0.4376877664227702,False
1466450348,0.96,0.7676032349639401,0.7676032349639401,True
1466450401,0.96,0.96,0.9871436881581171,False
1466450433,0.96,0.96,0.1401103321818017,False
1466450507,0.96,0.96,0.13503360079598892,False
1466450536,0.96,0.96,0.9851723129030776,False
1466450627,0.96,0.6089529796110913,0.6089529796110913,True
1466450723,0.96,0.96,0.6060416491521126,False
1466450817,0.95,0.95,0.8698342709464497,False
1466450900,0.95,0.5621605969678294,0.5621605969678294,True
1466450902,0.94,0.94,0.8572173552826245,False
1466450971,0.94,0.6946349126443,0.6946349126443,True
1466451016,0.92,0.92,0.587609991368672,False
1466451023,0.92,0.92,0.6640797263369995,False
1466451073,0.89,0.89,0.11997794075167423,False
1466451166,0.89,0.89,0.42932385796498584,False
1466451231,0.92,0.92,0.0012333793760016531,False
1466451245,0.92,0.92,0.7615105910947576,False
1466451293,0.92,0.583944578403413,0.583944578403413,True
1466451295,0.92,0.9852205164726966,0.9852205164726966,True
1466451378,0.95,0.9496361392534555,0.9496361392534555,True
1466451445,0.94,0.94,0.6321794565209874,False
1466451508,0.95,0.95,0.5960151359781979,False
1466451599,0.98,0.2906848570031866,0.2906848570031866,True
1466451686,0.98,0.9764131518917607,0.9764131518917607,True
1466451761,0.98,0.98,0.7999073582022621,False
1466451857,0.98,0.4954653538699437,0.4954653538699437,True
1466451909,0.98,0.98,0.565937751138604,False
1466451919,0.99,0.9641826974159582,0.9641826974159582,True
1466452006,0.99,0.99,0.8795243443791456,False
1466452035,0.99,0.16070623754303948,0.16070623754303948,True
1466452039,0.97,0.9456732868821542,0.9456732868821542,True
1466452104,0.97,0.97,0.4070304857208151,False
1466452167,0.97,0.97,0.6029651600978518,False
1466452238,0.95,0.9115005079410443,0.9115005079410443,True
1466452313,0.92,0.92,0.8090156041478004,False
1466452339,0.92,0.92,0.9459534196023548,False
1466452419,0.92,0.92,0.4070628975181495,False
1466452424,0.93,0.11990587806484454,0.11990587806484454,True
1466452435,0.93,0.484678313706864,0.484678313706864,True
1466452531,0.93,0.0630552915495185,0.0630552915495185,True
1466452584,0.93,0.93,0.20124743427331515,False
1466452625,0.93,0.6439325290427463,0.6439325290427463,True
1466452676,0.94,0.4277377103711064,0.4277377103711064,True
1466452752,0.94,0.94,0.1719171593543809,False
1466452796,0.98,0.3611098182103123,0.3611098182103123,True
1466452825,0.99,0.99,0.2538344229020659,False
1466452860,0.99,0.5017318241228655,0.5017318241228655,True
1466452960,0.99,0.833798600471794,0.833798600471794,True
1466452979,0.97,0.03624112426582593,0.03624112426582593,True
1466453002,0.97,0.27204299297461887,0.27204299297461887,True
1466453016,0.97,0.17891007145360271,0.17891007145360271,True
1466453025,0.97,0.97,0.5984736134823435,False
1466453089,0.97,0.97,0.3843307864375226,False
1466453141,0.95,0.95,0.09349802789317496,False
1466453154,0.95,0.9772845602773176,0.9772845602773176,True
1466453184,0.92,0.4888241923078863,0.4888241923078863,True
1466453202,0.92,0.8261108015104608,0.8261108015104608,True
1466453203,0.92,0.3257552009563678,0.3257552009563678,True
1466453222,0.89,0.9935683819267143,0.9935683819267143,True
1466453321,0.89,0.89,0.42475913401092236,False
1466453379,0.89,0.05002769820422137,0.05002769820422137,True
1466453392,0.89,0.09371665014574482,0.09371665014574482,True
1466453422,0.88,0.2268169529645142,0.2268169529645142,True
1466453502,0.88,0.88,0.9767562706941346,False
1466453518,0.91,0.5675857624556687,0.5675857624556687,True
1466453563,0.91,0.91,0.26672160143509516,False
1466453604,0.91,0.91,0.6541167690357104,False
1466453639,0.91,0.91,0.6642418312096791,False
1466453705,0.91,0.91,0.8663270446784256,False
1466453795,0.93,0.93,0.5978232527621079,False
1466453816,0.93,0.012755344417823444,0.012755344417823444,True
1466453870,0.9,0.9,0.8382796688565072,False
1466453910,0.89,0.89,0.6623993715442571,False
1466454002,0.89,0.8916111014184627,0.8916111014184627,True
1466454051,0.89,0.89,0.5134948572155107,False
1466454087,0.89,0.38045019275947545,0.38045019275947545,True
1466454129,0.86,0.5821697024967895,0.5821697024967895,True
1466454227,0.87,0.87,0.0036310885035226725,False
1466454259,0.87,0.7720086779501032,0.7720086779501032,True
1466454262,0.86,0.86,0.3612375549591862,False
1466454298,0.86,0.8136628987170532,0.8136628987170532,True
1466454388,0.86,0.9447080878911867,0.9447080878911867,True
1466454399,0.83,0.83,0.15441901294710791,False
1466454473,0.83,0.1313797025368505,0.1313797025368505,True
1466454529,0.83,0.83,0.16456820169087538,False
1466454559,0.86,0.86,0.36208759986910166,False
1466454648,0.86,0.072870556711367,0.072870556711367,True
1466454745,0.86,0.38010223824888734,0.38010223824888734,True
1466454763,0.86,0.86,0.5500646753802345,False
1466454851,0.86,0.86,0.06108063505235306,False
1466454936,0.86,0.006162143240887152,0.006162143240887152,True
1466454949,0.84,0.9942927956607072,0.9942927956607072,True
1466455032,0.84,0.7851326995063868,0.7851326995063868,True
1466455065,0.84,0.84,0.2773803364087537,False
1466455119,0.84,0.6330560479970218,0.6330560479970218,True
1466455172,0.84,0.84,0.4527151794802452,False
1466455196,0.84,0.84,0.8440112051126367,False
1466455271,0.84,0.84,0.43438463738749067,False
1466455357,0.84,0.84,0.6842581434004797,False
1466455361,0.83,0.83,0.9898872517724747,False
1466455394,0.84,0.9139834721223654,0.9139834721223654,True
1466455475,0.84,0.2896891513758585,0.2896891513758585,True
1466455497,0.84,0.84,0.8718558957919266,False
1466455561,0.84,0.84,0.8209185257443667,False
1466455575,0.84,0.8579402526555889,0.8579402526555889,True
1466455587,0.84,0.84,0.7725865400013336,False
1466455651,0.84,0.6351424853643425,0.6351424853643425,True
1466455658,0.84,0.9079197535926395,0.9079197535926395,True
1466455732,0.84,0.84,0.22725636755570955,False
1466455812,0.84,0.28725085185178334,0.28725085185178334,True
1466455910,0.84,0.4324798665183034,0.4324798665183034,True
1466455951,0.84,0.3330282138159274,0.3330282138159274,True
1466455999,0.82,0.3130348085337993,0.3130348085337993,True
1466456054,0.82,0.82,0.7089380494624964,False
1466456058,0.82,0.12581965967196296,0.12581965967196296,True
1466456074,0.82,0.4725836879999279,0.4725836879999279,True
1466456088,0.82,0.18573058604653736,0.18573058604653736,True
1466456118,0.82,0.82,0.5317789821695555,False
1466456218,0.82,0.6113148950703019,0.6113148950703019,True
1466456265,0.82,0.6921779605377106,0.6921779605377106,True
1466456270,0.82,0.6050729948324455,0.6050729948324455,True
1466456312,0.82,0.2877853054863797,0.2877853054863797,True
1466456346,0.82,0.82,0.4755175008879803,False
1466456374,0.83,0.83,0.02838404579442033,False
1466456406,0.83,0.83,0.057374291081068396,False
1466456482,0.83,0.83,0.6316771892417672,False
1466456512,0.82,0.82,0.4732710970579511,False
1466456610,0.8,0.36950985864471586,0.36950985864471586,True
1466456683,0.8,0.8562160704028209,0.8562160704028209,True
1466456768,0.81,0.8550951765819328,0.8550951765819328,True
1466456856,0.81,0.5373417945418475,0.5373417945418475,True
1466456927,0.81,0.81,0.492062793875643,False
1466457014,0.82,0.6411672343191495,0.6411672343191495,True
1466457032,0.82,0.8158338025603877,0.8158338025603877,True
1466457067,0.82,0.82,0.34470563434720425,False
1466457157,0.82,0.8826182280295436,0.8826182280295436,True
1466457215,0.78,0.78,0.3919444828873423,False
1466457267,0.78,0.4806916696355531,0.4806916696355531,True
1466457357,0.75,0.9818082497106935,0.9818082497106935,True
1466457434,0.75,0.75,0.4656184607538342,False
1466457487,0.73,0.6232156213439867,0.6232156213439867,True
1466457559,0.73,0.73,0.5572152711066745,False
1466457603,0.73,0.2725354922918646,0.2725354922918646,True
1466457671,0.73,0.73,0.8905328544358151,False
1466457713,0.77,0.41131913267010745,0.41131913267010745,True
1466457745,0.77,0.77,0.6780378108278371,False
1466457782,0.77,0.979784698344255,0.979784698344255,True
1466457802,0.78,0.7342247238322893,0.7342247238322893,True
1466457817,0.79,0.79,0.687405053514717,False
1466457865,0.79,0.79,0.9630591213709704,False
1466457884,0.79,0.79,0.8020941356487156,False
1466457885,0.79,0.599245439679828,0.599245439679828,True
1466457917,0.79,0.05403109277095397,0.05403109277095397,True
1466457973,0.79,0.79,0.650497315837262,False
1466458045,0.8,0.8,0.2357849841191888,False
1466458135,0.8,0.8,0.8026496367089717,False
1466458151,0.82,0.6216802848543621,0.6216802848543621,True
1466458230,0.8,0.586919544132271,0.586919544132271,True
1466458324,0.8,0.8,0.9856297980126862,False
1466458362,0.8,0.11764950532673357,0.11764950532673357,True
1466458438,0.8,0.8,0.4854411835045347,False
1466458454,0.8,0.291169620194226,0.291169620194226,True
1466458496,0.8,0.8,0.6325541392242723,False
1466458509,0.8,0.524324475947709,0.524324475947709,True
1466458580,0.8,0.04087685730848756,0.04087685730848756,True
1466458590,0.8,0.8,0.13255808663383672,False
1466458626,0.83,0.83,0.19346986026039137,False
1466458642,0.82,0.6869587160388163,0.6869587160388163,True
1466458665,0.84,0.84,0.7299324886458016,False
1466458694,0.84,0.84,0.9932020727218903,False
1466458762,0.84,0.42766236242129574,0.42766236242129574,True
1466458793,0.84,0.84,0.5499253008220699,False
1466458824,0.82,0.6890558154337576,0.6890558154337576,True
1466458906,0.82,0.82,0.5794028230788986,False
1466458982,0.79,0.79,0.5763522623171631,False
1466459068,0.8,0.7164342664514055,0.7164342664514055,True
1466459159,0.8,0.8,0.9930080461811508,False
1466459184,0.8,0.8,0.4897371863425335,False
1466459273,0.77,0.39713377331810584,0.39713377331810584,True
1466459372,0.77,0.77,0.514443527288735,False
1466459415,0.77,0.3743208788400686,0.3743208788400686,True
1466459483,0.77,0.77,0.7817801947467016,False
1466459504,0.77,0.77,0.26000380387200017,False
1466459588,0.8,0.17403556416263677,0.17403556416263677,True
1466459595,0.77,0.7318575964848376,0.7318575964848376,True
1466459673,0.8,0.8,0.8035235130752316,False
1466459726,0.8,0.8,0.7994852475013634,False
1466459800,0.77,0.77,0.14179288673677726,False
1466459857,0.77,0.77,0.302206543532894,False
1466459887,0.77,0.77,0.2508392805620733,False
1466459913,0.74,0.745694937571185,0.745694937571185,True
1466459974,0.74,0.2717251871612656,0.2717251871612656,True
1466459995,0.75,0.75,0.6744799231138188,False
1466460001,0.75,0.6568358136952033,0.6568358136952033,True
1466460054,0.75,0.75,0.9768638219297122,False
1466460130,0.75,0.75,0.6295146077469361,False
1466460215,0.75,0.7523928681897446,0.7523928681897446,True
1466460252,0.75,0.75,0.6569202846603033,False
1466460272,0.75,0.75,0.330698435373729,False
1466460346,0.73,0.73,0.8156753398326482,False
1466460440,0.73,0.9482949695351178,0.9482949695351178,True
1466460461,0.73,0.763143228239198,0.763143228239198,True
1466460528,0.73,0.73,0.05758530890935354,False
1466460610,0.73,0.73,0.810410458375996,False
1466460630,0.73,0.6536518851886307,0.6536518851886307,True
1466460691,0.73,0.73,0.6215634541960879,False
1466460706,0.73,0.13605440825929283,0.13605440825929283,True
1466460739,0.73,0.73,0.7515938811485409,False
1466460765,0.73,0.9209002205680065,0.9209002205680065,True
1466460795,0.73,0.3260368481708352,0.3260368481708352,True
1466460877,0.73,0.15699155149512045,0.15699155149512045,True
1466460973,0.73,0.4331119447442129,0.4331119447442129,True
1466461009,0.76,0.76,0.3732213142850087,False
1466461027,0.73,0.46634445795852497,0.46634445795852497,True
1466461032,0.76,0.76,0.3356159317540859,False
1466461096,0.77,0.77,0.3973953138217532,False
1466461169,0.77,0.77,0.6414305886791358,False
1466461256,0.8,0.8,0.703997726651944,False
1466461351,0.81,0.47083585298229835,0.47083585298229835,True
1466461451,0.81,0.619260798280773,0.619260798280773,True
1466461531,0.81,0.81,0.865765579945038,False
1466461568,0.81,0.81,0.2607711542956498,False
1466461583,0.81,0.8093869029600634,0.8093869029600634,True
1466461647,0.78,0.2861742434319684,0.2861742434319684,True
1466461703,0.75,0.8109721117135981,0.8109721117135981,True
1466461794,0.75,0.8665126520566548,0.8665126520566548,True
1466461813,0.75,0.75,0.7987128576034357,False
1466461910,0.74,0.9156860139934152,0.9156860139934152,True
1466461988,0.71,0.71,0.7113353363574658,False
1466462056,0.73,0.42642283634577316,0.42642283634577316,True
1466462101,0.72,0.72,0.08578014356027341,False
1466462155,0.72,0.72,0.7098105967379047,False
1466462215,0.73,0.73,0.5531093474966412,False
1466462278,0.75,0.75,0.01547128785722851,False
1466462368,0.75,0.6978786580843127,0.6978786580843127,True
1466462412,0.74,0.74,0.14472401363607668,False
1466462512,0.74,0.74,0.7443614317736905,False
1466462594,0.75,0.75,0.6050488327682233,False
1466462671,0.75,0.16413664024927466,0.16413664024927466,True
1466462716,0.75,0.20655056053967946,0.20655056053967946,True
1466462746,0.77,0.6939089315267111,0.6939089315267111,True
1466462782,0.77,0.77,0.2656564009224889,False
1466462820,0.77,0.77,0.5396289214498807,False
1466462833,0.78,0.78,0.28684058777935606,False
1466462842,0.78,0.78,0.8584266917205952,False
1466462850,0.78,0.9848086707888298,0.9848086707888298,True
1466462941,0.78,0.6206270133858244,0.6206270133858244,True
1466463026,0.8,0.21412151846002725,0.21412151846002725,True
1466463117,0.8,0.7994245984303102,0.7994245984303102,True
1466463139,0.8,0.8,0.9453074041114102,False
