1466410104,36.4,37.21843887494775,37.21843887494775,True
1466410114,36.4,36.4,36.741844575866075,False
1466410130,36.5,36.5,36.84345523256419,False
1466410181,36.5,36.641907073794314,36.641907073794314,True
1466410203,36.5,36.5,37.41266641750813,False
1466410250,36.8,36.8,37.097948332289555,False
1466410309,37.0,37.0,36.83100624265482,False
1466410397,36.7,36.7,36.54751250184509,False
1466410430,36.7,36.949844943279444,36.949844943279444,True
1466410469,36.7,36.7,36.924650630683225,False
1466410483,36.6,36.6,36.674831394422476,False
1466410498,36.5,36.5,37.23385684106555,False
1466410502,36.5,36.5,36.669710524770494,False
1466410532,37.0,37.17351689746241,37.17351689746241,True
1466410541,36.8,36.54306926501127,36.54306926501127,True
1466410573,36.9,37.01655065084913,37.01655065084913,True
1466410630,36.7,36.55876947216753,36.55876947216753,True
1466410653,36.7,36.7,36.79312716004386,False
1466410746,36.7,37.280647626606374,37.280647626606374,True
1466410814,36.7,36.7,36.67239262522417,False
1466410890,36.7,36.7,36.50434478252188,False
1466410902,36.7,37.14242021405813,37.14242021405813,True
1466410978,36.7,37.076383080935805,37.076383080935805,True
1466411008,36.7,37.34938035152267,37.34938035152267,True
1466411066,36.7,37.156184830638395,37.156184830638395,True
1466411094,37.0,36.56580064702468,36.56580064702468,True
1466411157,36.7,37.32898621046511,37.32898621046511,True
1466411223,36.6,36.98352924595246,36.98352924595246,True
1466411226,36.6,37.193584826111184,37.193584826111184,True
1466411272,36.6,36.6,36.6058339395863,False
1466411303,36.6,36.6,37.29862329554301,False
1466411318,36.8,36.8,37.44387072072032,False
1466411396,36.8,36.630717737067805,36.630717737067805,True
1466411493,36.7,37.44756506643236,37.44756506643236,True
1466411549,36.7,36.7,37.402808545391174,False
1466411560,36.9,36.69831781998167,36.69831781998167,True
1466411626,37.0,37.0,36.732320213755784,False
1466411723,37.0,37.0621897920189,37.0621897920189,True
1466411763,37.0,37.0,37.22687415452647,False
1466411785,37.0,37.223342188775206,37.223342188775206,True
1466411854,36.7,37.01577781045549,37.01577781045549,True
1466411889,36.7,36.7,36.64522136953117,False
1466411988,36.7,36.92822551423879,36.92822551423879,True
1466412022,36.7,37.43711715194362,37.43711715194362,True
1466412046,36.7,37.2884143123496,37.2884143123496,True
1466412076,36.7,36.7,36.55737894342835,False
1466412152,36.8,37.47446697824663,37.47446697824663,True
1466412181,37.0,37.0,36.81834924211705,False
1466412201,36.8,36.75890258127986,36.75890258127986,True
1466412260,37.0,37.0,37.34938495807094,False
1466412347,37.0,36.691526616819054,36.691526616819054,True
1466412360,36.7,37.24159399294732,37.24159399294732,True
1466412438,36.7,36.635815719362945,36.635815719362945,True
1466412521,36.7,36.7,36.52528060696798,False
1466412599,36.7,36.7,36.612798721406406,False
1466412639,36.7,36.7,37.36640094741857,False
1466412691,36.7,36.89287291491452,36.89287291491452,True
1466412747,36.5,36.67800269927425,36.67800269927425,True
1466412794,36.5,36.5,37.10271579672261,False
1466412819,36.5,37.36617261803694,37.36617261803694,True
1466412832,36.5,36.5,37.25149687998871,False
1466412874,36.5,37.33921799151191,37.33921799151191,True
1466412943,36.5,36.697350009767675,36.697350009767675,True
1466412971,36.8,36.8,37.25601019525653,False
1466412990,36.8,36.93592834847499,36.93592834847499,True
1466413028,36.9,37.024214648723394,37.024214648723394,True
1466413053,36.9,36.9,37.31556355039728,False
1466413125,36.7,36.7,37.28030396307604,False
1466413200,36.7,36.87505269884673,36.87505269884673,True
1466413264,36.7,36.7,37.16925479519323,False
1466413311,36.7,36.7,37.194935390728425,False
1466413342,37.0,37.0,37.00453376663209,False
1466413440,36.7,36.7,37.15484207141147,False
1466413458,36.7,36.7,36.84499608581092,False
1466413529,36.7,36.852061729456736,36.852061729456736,True
1466413542,36.7,37.37818205447659,37.37818205447659,True
1466413638,36.6,36.6,36.990367394013305,False
1466413672,36.6,36.82986254237559,36.82986254237559,True
1466413733,36.7,36.728739617792236,36.728739617792236,True
1466413779,36.8,37.18189701562146,37.18189701562146,True
1466413780,36.8,36.8,37.39958894375364,False
1466413864,36.8,37.14937697140508,37.14937697140508,True
1466413885,36.8,37.364022988955796,37.364022988955796,True
1466413946,36.8,36.62942962269867,36.62942962269867,True
1466414033,36.7,36.63681769948017,36.63681769948017,True
1466414071,36.7,37.321592530018094,37.321592530018094,True
1466414164,36.7,36.7,36.58159912293843,False
1466414225,36.7,36.72181553869044,36.72181553869044,True
1466414312,37.0,36.53873500753427,36.53873500753427,True
1466414325,37.1,36.92263676421136,36.92263676421136,True
1466414328,37.2,37.2,36.604658870436424,False
1466414329,37.2,37.434848755693466,37.434848755693466,True
1466414402,37.2,37.2,36.60998655811594,False
1466414407,37.2,37.213737632476814,37.213737632476814,True
1466414413,37.0,37.0,37.48418055518107,False
1466414460,37.1,36.84443962275337,36.84443962275337,True
1466414552,37.1,37.1,36.683463040598966,False
1466414602,37.0,36.920351356481916,36.920351356481916,True
1466414662,37.0,36.96540926329962,36.96540926329962,True
1466414746,37.0,37.0,37.26003433521189,False
1466414844,37.0,36.55550613618798,36.55550613618798,True
1466414943,37.0,37.240961020479034,37.240961020479034,True
1466414946,37.1,37.30452435151956,37.30452435151956,True
1466414966,37.1,37.13517021740482,37.13517021740482,True
1466415038,37.1,36.885876211562014,36.885876211562014,True
1466415106,37.1,37.1,37.150208912477964,False
1466415130,37.0,37.191149591121174,37.191149591121174,True
1466415145,37.2,36.615150609341136,36.615150609341136,True
1466415202,37.1,37.1,37.29733287398154,False
1466415239,36.9,37.23502991510233,37.23502991510233,True
1466415249,36.9,36.9,37.10165735645952,False
1466415308,36.9,36.9,36.787524774734564,False
1466415357,36.9,36.828388441493246,36.828388441493246,True
1466415404,36.9,36.72808633879597,36.72808633879597,True
1466415469,37.1,36.916873208038126,36.916873208038126,True
1466415548,37.0,37.0,36.97629831090065,False
1466415588,37.0,37.0,37.49130532326148,False
1466415627,37.0,37.322904434036765,37.322904434036765,True
1466415719,37.1,37.1,36.94927552893373,False
1466415767,37.1,37.1,36.50156038200529,False
1466415860,37.1,36.961305395796344,36.961305395796344,True
1466415872,37.1,37.11960087574198,37.11960087574198,True
1466415914,37.4,37.4,36.60143650298494,False
1466415934,37.4,36.965557818556164,36.965557818556164,True
1466415988,37.2,37.2,36.90441828473111,False
1466416004,37.2,36.71467118942505,36.71467118942505,True
1466416050,37.2,37.2,37.09679871133143,False
1466416150,37.2,37.2,37.01166825312664,False
1466416161,37.2,37.2,36.56230046610116,False
1466416215,37.4,37.4,37.44085539517017,False
1466416315,37.3,37.3,37.35052740165298,False
1466416321,37.3,37.46593327502519,37.46593327502519,True
1466416393,37.3,36.95275887843615,36.95275887843615,True
1466416440,37.3,37.380048816090614,37.380048816090614,True
1466416510,37.3,37.175497222671304,37.175497222671304,True
1466416541,37.1,37.31947484842421,37.31947484842421,True
1466416631,37.1,37.1,36.641992109231914,False
1466416671,37.1,37.40183109383273,37.40183109383273,True
1466416725,37.1,37.1,36.7287631384842,False
1466416815,37.3,37.3,37.20142900398694,False
1466416867,37.3,37.3,36.75009586753541,False
1466416933,37.3,37.3,36.74233375996448,False
1466416963,37.3,37.3,37.455315807915156,False
1466417034,37.2,37.2,36.62921163301374,False
1466417069,37.2,36.929636885674725,36.929636885674725,True
1466417095,37.2,36.8004588797567,36.8004588797567,True
1466417123,37.2,37.38174137530448,37.38174137530448,True
1466417219,37.2,36.7243010562487,36.7243010562487,True
1466417228,37.2,36.893867730565496,36.893867730565496,True
1466417235,37.2,37.2,37.46877724952658,False
1466417266,37.2,37.2,37.229044791261714,False
1466417298,37.3,37.04715734247012,37.04715734247012,True
1466417382,37.3,37.3,37.239655388294516,False
1466417429,37.2,37.39568729103912,37.39568729103912,True
1466417434,37.2,37.2,36.8160542859485,False
1466417513,37.2,37.17871936508554,37.17871936508554,True
1466417598,37.2,36.789538911343314,36.789538911343314,True
1466417615,37.4,36.79813363628357,36.79813363628357,True
1466417654,37.4,36.719454486041435,36.719454486041435,True
1466417749,37.4,37.12894596237504,37.12894596237504,True
1466417763,37.3,37.3,36.64129266800789,False
1466417822,37.3,37.3,37.18121513807899,False
1466417851,37.3,36.94728083194593,36.94728083194593,True
1466417855,37.3,37.182029503801346,37.182029503801346,True
1466417879,37.3,37.3,37.08419384116723,False
1466417895,37.3,37.3,37.04907842721337,False
1466417969,37.3,37.09557078780114,37.09557078780114,True
1466418049,37.3,37.326553085787616,37.326553085787616,True
1466418118,37.3,37.3,37.17436802284591,False
1466418129,37.3,37.12716115722257,37.12716115722257,True
1466418179,37.3,37.39279601226237,37.39279601226237,True
1466418254,37.3,37.3,37.304442758785136,False
1466418332,37.3,37.3,37.304189356545336,False
1466418428,37.2,37.49072275931687,37.49072275931687,True
1466418494,37.3,37.3,37.441546019213305,False
1466418554,37.3,36.54096958837364,36.54096958837364,True
1466418563,36.9,36.9,37.483938526210714,False
1466418564,37.0,37.20548696374803,37.20548696374803,True
1466418594,37.0,37.0,37.05275156244338,False
1466418674,37.0,37.007398101727354,37.007398101727354,True
1466418748,37.1,37.44610665284833,37.44610665284833,True
1466418847,37.3,36.55023900614532,36.55023900614532,True
1466418877,37.3,37.3,36.55415437315119,False
1466418917,37.3,36.79317310205296,36.79317310205296,True
1466418938,37.3,37.3,36.90525299036485,False
1466419031,37.3,37.33574901160855,37.33574901160855,True
1466419058,37.3,37.3,37.36461746085782,False
1466419104,37.3,37.28024588807662,37.28024588807662,True
1466419166,37.1,37.1,36.566429167999694,False
1466419261,37.1,36.742560066662435,36.742560066662435,True
1466419349,37.1,37.1,36.81885308057931,False
1466419442,37.2,37.2,36.69623521460607,False
1466419530,37.2,37.2,36.89587256889069,False
1466419595,37.1,37.1,36.51060013407335,False
1466419646,37.1,37.1,37.03141323566467,False
1466419737,37.1,37.1,36.951056842435854,False
1466419826,37.1,37.1,37.03293215749433,False
1466419880,37.1,37.1,37.04764801083182,False
1466419911,37.1,37.1,36.76950892762344,False
1466419938,37.1,37.1,37.33070559062668,False
1466420016,37.1,36.59335186529497,36.59335186529497,True
1466420019,37.1,37.1,36.910853148571576,False
1466420108,37.1,37.1,36.976134756143175,False
1466420205,37.1,37.1,37.37482125709156,False
1466420228,36.9,36.9,36.87144551221381,False
1466420257,37.0,36.67647395211228,36.67647395211228,True
1466420270,37.0,37.0,36.54059597154511,False
1466420296,37.0,36.61626807184694,36.61626807184694,True
1466420331,37.0,37.0,37.012268615319066,False
1466420407,37.0,37.0,37.1112821906454,False
1466420430,37.0,37.20990943466279,37.20990943466279,True
1466420453,37.0,37.0,37.3848727516842,False
1466420474,37.0,36.5409403583772,36.5409403583772,True
1466420566,37.2,36.931723276999776,36.931723276999776,True
1466420579,37.1,37.1,37.423185792474385,False
1466420618,37.0,37.0,36.80791001433127,False
1466420624,37.0,36.87874364898023,36.87874364898023,True
1466420643,37.0,36.75906145922125,36.75906145922125,True
1466420695,37.2,37.2,36.530813857222384,False
1466420788,37.0,37.25283183144482,37.25283183144482,True
1466420863,37.0,37.0,36.774459468204256,False
1466420947,37.0,37.0,37.11625593915817,False
1466421003,37.2,37.2,37.321570623224424,False
1466421032,37.2,36.940644192330765,36.940644192330765,True
1466421050,37.2,37.2,37.23412253064317,False
1466421116,37.2,37.370836746558204,37.370836746558204,True
1466421208,37.2,37.2,36.53782901464861,False
1466421234,37.1,37.1,36.62741614033699,False
1466421262,37.1,36.88112766149581,36.88112766149581,True
1466421353,37.1,36.62161541001987,36.62161541001987,True
1466421360,37.1,37.1,37.197387352637115,False
1466421392,37.1,37.199722071718234,37.199722071718234,True
1466421480,37.1,37.1,37.10973017460067,False
1466421530,37.1,37.1,36.64060028333223,False
1466421547,37.1,37.1,36.501031717433186,False
1466421591,37.1,37.1,36.5274021565886,False
1466421633,37.0,37.0,37.076035721669534,False
1466421636,37.0,36.611920982799994,36.611920982799994,True
1466421670,37.0,37.0,36.701411678937845,False
1466421695,37.0,37.0,36.91751739180621,False
1466421721,37.0,37.48731841112947,37.48731841112947,True
1466421804,37.0,36.54000399106333,36.54000399106333,True
1466421819,37.0,37.0,36.62051824566214,False
1466421862,37.2,36.746751242481764,36.746751242481764,True
1466421885,37.2,37.2,37.361984037081044,False
1466421936,37.2,36.52146493478214,36.52146493478214,True
1466422012,37.1,37.44985455879703,37.44985455879703,True
1466422044,36.9,36.9,36.82699383774834,False
1466422045,36.9,36.724259583794705,36.724259583794705,True
1466422137,36.9,36.9,36.751727502603494,False
1466422162,36.9,36.67733352398078,36.67733352398078,True
1466422189,36.9,36.75297295466497,36.75297295466497,True
1466422197,36.9,36.924566378372745,36.924566378372745,True
1466422264,36.9,36.9,37.09804274963175,False
1466422330,36.9,36.9,37.23301115217684,False
1466422378,37.0,36.99067308405819,36.99067308405819,True
1466422432,37.0,37.41494076178527,37.41494076178527,True
1466422488,37.2,37.2,37.324166500485745,False
1466422577,37.1,36.67380438906749,36.67380438906749,True
1466422628,37.1,37.1,36.611716240513914,False
1466422638,36.9,37.07599060760597,37.07599060760597,True
1466422666,36.9,36.9,37.37789403861659,False
1466422706,36.9,36.935803027219485,36.935803027219485,True
1466422731,37.1,37.1,36.700079431986545,False
1466422804,36.9,36.9,36.54079303110949,False
1466422866,37.1,36.72287628836192,36.72287628836192,True
1466422873,37.1,36.938482958323675,36.938482958323675,True
1466422895,37.1,37.1,37.225552172837126,False
1466422953,37.1,37.1,36.832405678298066,False
1466422973,37.1,37.1,37.13515774309799,False
1466423017,37.1,37.1,37.07971229223137,False
1466423051,37.2,37.2,36.57804660851274,False
1466423099,37.2,37.2,36.92849242812217,False
1466423150,37.2,36.55432576281811,36.55432576281811,True
1466423155,37.2,37.2,36.55544105309596,False
1466423168,37.2,37.0656818396869,37.0656818396869,True
1466423205,37.2,36.97310164499072,36.97310164499072,True
1466423275,37.2,36.533180341479856,36.533180341479856,True
1466423287,37.2,37.338991190589994,37.338991190589994,True
1466423336,37.2,37.2,37.214385736397915,False
1466423340,37.2,37.2,37.33156982328814,False
1466423355,36.9,36.9,37.22989065255952,False
1466423443,37.0,37.0,37.06171962919096,False
1466423499,37.0,36.906407001595106,36.906407001595106,True
1466423585,37.0,36.659685418186086,36.659685418186086,True
1466423612,37.3,36.88272171863514,36.88272171863514,True
1466423669,37.1,37.1,36.793667797871635,False
1466423705,37.4,37.0391430958742,37.0391430958742,True
1466423770,37.4,37.4,37.22645474980765,False
1466423844,37.4,37.41375391355385,37.41375391355385,True
1466423902,37.4,37.35636182441634,37.35636182441634,True
1466423913,37.4,36.73412539519567,36.73412539519567,True
1466423972,37.4,37.4,36.68274725694124,False
1466424014,37.4,36.60615484694441,36.60615484694441,True
1466424069,37.4,37.4,37.302932627091195,False
1466424154,37.4,37.02473673265987,37.02473673265987,True
1466424155,37.4,36.88092870631009,36.88092870631009,True
1466424169,37.4,37.4,36.62665182728978,False
1466424262,37.3,37.3,37.35206581662622,False
1466424339,37.2,37.268902599886495,37.268902599886495,True
1466424398,37.2,37.2,37.23495822715461,False
1466424497,37.3,36.50768118699193,36.50768118699193,True
1466424558,37.4,36.70611034259385,36.70611034259385,True
1466424613,37.4,36.74647394388699,36.74647394388699,True
1466424713,37.4,37.4,36.55172374763797,False
1466424804,37.4,37.4,37.379175254929706,False
1466424878,37.2,37.2,36.964447049944674,False
1466424924,37.2,36.5607340424268,36.5607340424268,True
1466425009,37.2,37.335484442783645,37.335484442783645,True
1466425106,37.2,37.2,37.451930711378786,False
1466425129,37.2,37.16168035791323,37.16168035791323,True
1466425179,37.3,36.89773980607719,36.89773980607719,True
1466425257,37.4,37.4,36.759350326533806,False
1466425262,37.4,37.4,36.539207494038415,False
1466425305,37.4,37.328353543051,37.328353543051,True
1466425331,37.4,37.4,36.680478984498045,False
1466425338,37.4,37.45626200651502,37.45626200651502,True
1466425377,37.1,37.05501555056536,37.05501555056536,True
1466425380,37.4,36.926740643395696,36.926740643395696,True
1466425417,37.4,37.4,36.61365686009697,False
1466425484,37.2,37.46540808019647,37.46540808019647,True
1466425517,37.3,37.3,36.7690865243385,False
1466425553,37.1,37.060339226759474,37.060339226759474,True
1466425640,36.9,36.7870836144196,36.7870836144196,True
1466425687,37.0,36.58765335149805,36.58765335149805,True
1466425711,37.0,37.0,36.67812417071591,False
1466425768,37.2,37.2,37.39427205147502,False
1466425811,37.2,37.219160667012794,37.219160667012794,True
1466425856,37.2,36.93399784203239,36.93399784203239,True
1466425869,37.1,37.1,36.78499243494399,False
1466425884,37.0,37.0,36.700401291695975,False
1466425962,37.0,37.0,37.05731046822299,False
1466425974,37.0,37.0,36.791888486913315,False
1466426016,37.0,37.0,37.49990158679488,False
1466426024,37.0,37.0,37.08927054165911,False
1466426034,37.0,36.93774164623009,36.93774164623009,True
1466426130,37.2,37.057363957050065,37.057363957050065,True
1466426189,37.0,37.0,36.85772678515674,False
1466426198,37.3,37.3,37.223586196050164,False
1466426280,37.4,36.62965369629847,36.62965369629847,True
1466426298,37.2,37.16197542274329,37.16197542274329,True
1466426380,37.2,37.2,37.14137876473423,False
1466426420,37.2,36.77206023223855,36.77206023223855,True
1466426509,37.2,37.2,36.50510733256541,False
1466426521,37.2,36.567291372190546,36.567291372190546,True
1466426535,37.2,37.2,37.0056053122561,False
1466426563,37.2,37.2,37.04559973534468,False
1466426620,37.2,37.23148311997491,37.23148311997491,True
1466426694,37.2,37.2,36.774042638047106,False
1466426764,37.2,37.2,36.9305448094849,False
1466426778,37.1,37.1,36.62952811147503,False
1466426866,37.3,37.09006603354649,37.09006603354649,True
1466426938,37.3,36.99006770524146,36.99006770524146,True
1466427022,37.3,37.40624750079582,37.40624750079582,True
1466427059,37.2,37.2,37.412111047035935,False
1466427125,37.2,36.94538531341565,36.94538531341565,True
1466427204,37.2,36.784734384820965,36.784734384820965,True
1466427240,37.3,37.3,36.725698066120266,False
1466427317,37.3,37.3,37.30802312359883,False
1466427319,37.3,37.48494940330639,37.48494940330639,True
1466427331,37.3,37.3,36.726729830224606,False
1466427425,37.2,37.2,36.995889424255815,False
1466427458,37.3,37.43348677198069,37.43348677198069,True
1466427495,37.3,37.3,36.674075984444684,False
1466427543,37.3,37.246554959447785,37.246554959447785,True
1466427625,37.3,36.53768096860511,36.53768096860511,True
1466427663,37.3,36.69695638799967,36.69695638799967,True
1466427672,37.3,36.658053658238956,36.658053658238956,True
1466427684,37.1,36.663370627157484,36.663370627157484,True
1466427739,37.1,36.70140157947838,36.70140157947838,True
1466427769,37.1,37.1,37.061307259963,False
1466427775,37.1,37.1,37.45701442019079,False
1466427820,37.1,37.1,36.510105249066214,False
1466427837,37.1,37.1,37.172183109524795,False
1466427846,37.1,36.65812913372785,36.65812913372785,True
1466427904,37.1,37.310484339779535,37.310484339779535,True
1466427997,37.2,36.52031765291388,36.52031765291388,True
1466428027,37.2,36.57659919401909,36.57659919401909,True
1466428114,37.2,37.2,36.51414947944042,False
1466428212,37.2,36.798640926916605,36.798640926916605,True
1466428294,37.2,37.2,36.712719833307425,False
1466428321,37.3,36.959401796939986,36.959401796939986,True
1466428340,37.3,36.66562851431469,36.66562851431469,True
1466428378,37.3,37.3,36.716675112430686,False
1466428463,37.3,37.225673154329584,37.225673154329584,True
1466428551,37.1,37.11012317488774,37.11012317488774,True
1466428575,37.3,36.50176553035111,36.50176553035111,True
1466428593,37.3,37.45829094767877,37.45829094767877,True
1466428682,37.2,37.386855321732696,37.386855321732696,True
1466428699,37.2,36.91919402111126,36.91919402111126,True
1466428719,37.0,37.0,37.16680415756848,False
1466428819,37.0,37.33411645671495,37.33411645671495,True
1466428850,36.9,36.9,36.98549541366155,False
1466428884,36.9,36.9,37.24931861208018,False
1466428973,37.4,37.4,37.197170979208494,False
1466429006,37.2,37.28372138320669,37.28372138320669,True
1466429026,37.2,37.2,36.61779530156802,False
1466429066,37.2,37.170227883287176,37.170227883287176,True
1466429072,37.0,37.0,36.8777580581146,False
1466429103,37.0,37.0,37.311670788383026,False
1466429110,37.0,37.0,36.642770007368135,False
1466429123,37.1,37.1,37.31633057827801,False
1466429168,37.1,37.1,37.17356519312308,False
1466429182,37.1,36.56243717880809,36.56243717880809,True
1466429184,37.1,37.1,36.60788045167199,False
1466429197,37.1,37.1,37.19578702817963,False
1466429280,37.0,37.0,37.37023407424961,False
1466429378,37.0,36.81406344957333,36.81406344957333,True
1466429450,37.0,36.50202803859263,36.50202803859263,True
1466429455,37.0,37.0,37.00033199010066,False
1466429510,37.0,37.0,36.50126372305057,False
1466429565,37.0,37.3720228500916,37.3720228500916,True
1466429566,37.0,37.0,36.88029484172176,False
1466429592,37.0,36.682575821765994,36.682575821765994,True
1466429623,36.9,36.9,36.50381608748636,False
1466429691,36.9,36.92484800446713,36.92484800446713,True
1466429733,36.9,37.43539967879913,37.43539967879913,True
1466429803,37.2,37.2,37.107902564738765,False
1466429832,37.2,37.2,37.40581896981796,False
1466429905,37.2,36.8758033534619,36.8758033534619,True
1466429997,37.1,37.1,37.16674660159999,False
1466430050,37.1,37.21616629920708,37.21616629920708,True
1466430088,37.0,37.40420155544419,37.40420155544419,True
1466430174,37.0,37.29177851009673,37.29177851009673,True
1466430247,37.0,37.0,36.67306222782774,False
1466430344,37.0,37.0,37.15959738549197,False
1466430375,37.0,37.0,36.711147678828205,False
1466430400,37.0,36.94883161226665,36.94883161226665,True
1466430457,36.9,36.9,36.720956230064786,False
1466430483,37.2,37.2,36.72645309580351,False
1466430517,37.2,37.32052439353675,37.32052439353675,True
1466430524,37.2,37.2,37.27678737193026,False
1466430592,37.0,37.0,36.59714037067833,False
1466430616,37.0,36.92334859202327,36.92334859202327,True
1466430631,37.1,37.37413277385554,37.37413277385554,True
1466430680,37.1,36.83553361834141,36.83553361834141,True
1466430734,37.1,37.407688041248825,37.407688041248825,True
1466430790,36.9,36.9,36.69238155179436,False
1466430815,36.9,36.9,36.85631519647931,False
1466430895,36.9,36.9,37.46609318975116,False
1466430916,36.9,36.9,36.753006316511026,False
1466430929,36.9,36.9,36.90646984985456,False
1466430936,36.9,36.68315849499332,36.68315849499332,True
1466431009,37.1,36.734421303533736,36.734421303533736,True
1466431036,37.1,37.1960259692693,37.1960259692693,True
1466431055,37.1,37.49618166070289,37.49618166070289,True
1466431145,37.1,37.25278900874096,37.25278900874096,True
1466431218,37.1,37.02945559524487,37.02945559524487,True
1466431290,37.1,37.471017322547915,37.471017322547915,True
1466431324,37.1,36.55359979736909,36.55359979736909,True
1466431400,37.1,36.74327993532336,36.74327993532336,True
1466431450,37.0,37.0,37.22402631537381,False
1466431526,37.0,37.0,36.896365244253495,False
1466431589,37.0,37.26012990329106,37.26012990329106,True
1466431661,37.0,37.0,37.40398933861006,False
1466431760,37.0,37.0,36.74879548254033,False
1466431796,37.0,37.0,36.715902150121906,False
1466431848,37.0,37.0,37.02827866989882,False
1466431879,37.0,37.10680724306139,37.10680724306139,True
1466431954,37.0,36.86728570302305,36.86728570302305,True
1466431958,37.0,37.39091627623682,37.39091627623682,True
1466432002,37.0,36.95545065605403,36.95545065605403,True
1466432101,37.0,37.0,37.36710965044784,False
1466432177,37.0,37.172691858266745,37.172691858266745,True
1466432194,37.0,37.35345892632974,37.35345892632974,True
1466432237,37.0,36.925557440729584,36.925557440729584,True
1466432280,37.2,37.43142280492507,37.43142280492507,True
1466432373,37.2,37.2,37.34561158801464,False
1466432389,37.1,37.054709443182226,37.054709443182226,True
1466432415,37.1,37.17255194919253,37.17255194919253,True
1466432417,37.1,36.5383179791769,36.5383179791769,True
1466432506,36.9,36.9,37.249551868323394,False
1466432569,36.9,37.12136972649399,37.12136972649399,True
1466432577,36.9,37.27348025352139,37.27348025352139,True
1466432670,37.0,36.76304105985251,36.76304105985251,True
1466432706,37.0,37.0,37.02984576022933,False
1466432804,36.9,36.9,36.536640508173676,False
1466432853,37.2,37.2,36.50321449509419,False
1466432947,37.1,36.55075518138375,36.55075518138375,True
1466433040,37.1,37.1,36.59284783933388,False
1466433128,37.1,36.78321286701039,36.78321286701039,True
1466433145,37.1,37.1,37.04679824824883,False
1466433195,37.1,37.1,36.894370491705864,False
1466433289,37.2,37.2,36.586829978179885,False
1466433375,37.2,37.2,36.74341855174139,False
1466433427,37.2,36.517762102659056,36.517762102659056,True
1466433478,37.2,37.49466457820198,37.49466457820198,True
1466433517,37.3,37.23392490181091,37.23392490181091,True
1466433615,37.3,36.868535315146644,36.868535315146644,True
1466433672,37.3,36.90690895440325,36.90690895440325,True
1466433762,37.3,37.3,36.75943680562992,False
1466433809,37.3,36.931453135405754,36.931453135405754,True
1466433873,37.3,37.3,36.707326665696534,False
1466433910,37.3,36.63769326027423,36.63769326027423,True
1466433994,37.3,36.88556114111185,36.88556114111185,True
1466434003,37.3,37.3,36.85735684498884,False
1466434045,37.3,37.3,37.31473746217731,False
1466434096,37.3,37.32067409870571,37.32067409870571,True
1466434173,37.3,37.48001397240826,37.48001397240826,True
1466434199,37.3,36.78916963365465,36.78916963365465,True
1466434224,37.2,37.2,36.932663255123394,False
1466434308,37.2,37.00495283238184,37.00495283238184,True
1466434359,37.3,37.3,37.411499282548014,False
1466434371,37.3,37.108183153891694,37.108183153891694,True
1466434457,37.3,37.3,36.5169095795003,False
1466434498,37.4,37.028121641957334,37.028121641957334,True
1466434552,37.4,37.4,36.84856391222708,False
1466434622,37.4,37.4,36.76713847048958,False
1466434691,37.3,36.70719651993276,36.70719651993276,True
1466434718,37.3,37.3,37.428630701335166,False
1466434727,37.2,36.518715532766265,36.518715532766265,True
1466434815,37.2,37.40842802361885,37.40842802361885,True
1466434892,37.2,37.097858321870895,37.097858321870895,True
1466434915,37.2,37.2,36.78835361580686,False
1466434946,37.2,37.4658750685508,37.4658750685508,True
1466434988,37.2,37.2,37.07842861468352,False
1466435020,37.2,36.58531512165436,36.58531512165436,True
1466435090,37.3,37.3,37.225566007872814,False
1466435099,37.3,37.3,36.79711971840355,False
1466435145,37.3,37.12611954205235,37.12611954205235,True
1466435186,37.1,36.99248245877746,36.99248245877746,True
1466435246,37.3,37.3,37.278302244814206,False
1466435284,37.2,36.757341577164695,36.757341577164695,True
1466435327,37.2,37.2,36.81592651497196,False
1466435369,37.2,37.2,37.374484109403916,False
1466435408,37.2,37.2,36.79526950644388,False
1466435468,37.2,37.2,37.45314371446769,False
1466435486,37.2,36.70817873010743,36.70817873010743,True
1466435555,37.2,37.2,37.044011083435244,False
1466435624,37.2,37.2,36.64969031588967,False
1466435659,37.2,36.891144377848086,36.891144377848086,True
1466435682,37.2,37.2,37.42661713772967,False
1466435712,37.2,37.2,37.05209251626664,False
1466435794,37.2,36.53559627190517,36.53559627190517,True
1466435878,37.3,36.611232016702175,36.611232016702175,True
1466435904,37.4,36.9426533321146,36.9426533321146,True
1466435971,37.4,37.4,37.01554111701829,False
1466436041,37.4,37.4,36.74470486828522,False
1466436059,37.1,37.1,36.65121202368302,False
1466436093,37.3,37.3,36.65084266984357,False
1466436178,37.3,36.93430201558301,36.93430201558301,True
1466436230,37.3,37.3,37.222941356252285,False
1466436280,37.3,37.3,36.65116493151065,False
1466436332,37.3,37.3,36.50552191643298,False
1466436333,37.3,37.3,37.170817070748285,False
1466436431,37.3,37.19850332110321,37.19850332110321,True
1466436520,37.3,37.266882215873615,37.266882215873615,True
1466436572,37.3,37.3,37.188355036869254,False
1466436647,37.3,37.49049063155972,37.49049063155972,True
1466436655,37.3,36.61884252516139,36.61884252516139,True
1466436727,37.3,37.231124821343336,37.231124821343336,True
1466436793,37.3,36.794356220642285,36.794356220642285,True
1466436879,37.1,36.92043245354755,36.92043245354755,True
1466436880,37.1,37.090342825823,37.090342825823,True
1466436939,37.2,37.13453949527309,37.13453949527309,True
1466437015,37.1,37.33949905405934,37.33949905405934,True
1466437048,37.1,37.1,36.73881363227726,False
1466437088,37.1,37.1,37.475317888430624,False
1466437105,37.1,37.1,36.6006054218059,False
1466437122,37.2,36.62375749175174,36.62375749175174,True
1466437160,37.2,37.2,37.10189443203966,False
1466437232,37.2,37.2,37.48500869146905,False
1466437321,37.2,37.2,36.789866893774246,False
1466437335,37.0,37.0,36.74362314968969,False
1466437358,37.4,36.70058067481072,36.70058067481072,True
1466437441,37.4,37.4,36.67235376118353,False
1466437480,37.0,37.0,37.42777352117245,False
1466437561,37.0,37.0,36.65990782949178,False
1466437653,37.0,37.0,36.559735169260435,False
1466437709,37.0,37.0,37.378922765129225,False
1466437798,37.0,36.50669319175743,36.50669319175743,True
1466437869,37.0,36.77203016681116,36.77203016681116,True
1466437952,37.0,37.0,36.98814625712391,False
1466438037,37.0,37.0,36.54286875929301,False
1466438054,37.0,37.0,37.41905536909157,False
1466438056,37.0,37.37223800280296,37.37223800280296,True
1466438136,37.0,36.78570544933759,36.78570544933759,True
1466438234,37.0,36.56636371392359,36.56636371392359,True
1466438261,37.2,37.2,36.696075479221626,False
1466438348,37.3,37.3,36.746505893489534,False
1466438407,37.2,37.45186862666526,37.45186862666526,True
1466438422,37.3,37.178128024522216,37.178128024522216,True
1466438476,37.3,37.3,37.45231641498265,False
1466438571,37.3,37.3,36.62239186769635,False
1466438612,37.2,37.2,36.81981196323283,False
1466438620,37.2,37.02059464480934,37.02059464480934,True
1466438698,37.2,37.2,36.620377667352685,False
1466438747,37.2,37.2,36.83031637954301,False
1466438795,37.2,37.2,36.702198666409366,False
1466438810,37.2,37.2,37.445450697963054,False
1466438888,37.2,36.99304856899518,36.99304856899518,True
1466438975,37.2,37.2,36.672389050710194,False
1466439000,37.2,37.2,36.77153497477775,False
1466439092,37.2,36.78070267298721,36.78070267298721,True
1466439150,37.1,37.498718375042365,37.498718375042365,True
1466439229,37.3,36.651081365765656,36.651081365765656,True
1466439279,37.3,37.3,36.86695948596208,False
1466439328,37.3,36.68102065663446,36.68102065663446,True
1466439351,37.1,37.280591151980154,37.280591151980154,True
1466439447,37.1,37.423831684572164,37.423831684572164,True
1466439466,37.1,37.17170929506786,37.17170929506786,True
1466439480,37.1,37.4721212911761,37.4721212911761,True
1466439560,37.3,37.3,37.024463084573156,False
1466439600,37.1,36.52116208184414,36.52116208184414,True
1466439645,37.1,36.967321568495194,36.967321568495194,True
1466439729,37.1,36.66903104525691,36.66903104525691,True
1466439772,36.9,37.41553022215056,37.41553022215056,True
1466439827,36.9,36.67524825417648,36.67524825417648,True
1466439849,36.9,37.26801939717074,37.26801939717074,True
1466439910,36.9,36.9,37.06422471825867,False
1466439990,37.0,37.0,36.514264869646425,False
1466440005,37.0,37.0,37.06065147465799,False
1466440006,37.1,37.414122824817724,37.414122824817724,True
1466440045,37.1,37.1,37.11112751898693,False
1466440066,37.3,37.3,37.100114448344414,False
1466440154,37.0,37.0,37.438917152141315,False
1466440214,37.0,37.0,36.82267901109266,False
1466440226,37.0,37.0,36.715117840340774,False
1466440304,37.0,37.21508907328053,37.21508907328053,True
1466440385,37.1,37.3884014211934,37.3884014211934,True
1466440451,37.1,36.62439070933574,36.62439070933574,True
1466440521,37.1,37.1,37.44887243055979,False
1466440581,37.0,37.0,36.98776791821166,False
1466440674,37.0,37.0,37.157069899408626,False
1466440727,37.0,37.0,37.18891529130587,False
1466440821,37.0,37.0,36.767258113511254,False
1466440827,37.0,37.08419078366511,37.08419078366511,True
1466440897,37.0,36.80459109434963,36.80459109434963,True
1466440923,37.0,36.69666832600455,36.69666832600455,True
1466441012,37.0,36.730625125605115,36.730625125605115,True
1466441049,37.0,37.0,36.5483081743477,False
1466441147,37.0,36.88915328843262,36.88915328843262,True
1466441213,37.0,37.0,36.72704337790408,False
1466441311,37.0,36.657993343027016,36.657993343027016,True
1466441318,37.0,36.739623672377974,36.739623672377974,True
1466441418,37.0,37.07614233288883,37.07614233288883,True
1466441510,37.0,37.0,36.57830368091614,False
1466441541,37.0,37.02423621634431,37.02423621634431,True
1466441579,37.0,37.0,37.414717288203654,False
1466441630,37.0,37.0,36.866375539743395,False
1466441714,37.0,37.0,36.889010608360444,False
1466441724,37.0,37.0,36.71761773154436,False
1466441741,37.0,37.27740693393411,37.27740693393411,True
1466441822,37.0,36.5634357462243,36.5634357462243,True
1466441883,36.9,36.9,37.049950186806385,False
1466441934,36.9,36.9,37.19982613139559,False
1466441947,37.2,37.3055043219123,37.3055043219123,True
1466442046,37.2,37.2,37.313392219773114,False
1466442137,37.2,37.2,37.11350786946938,False
1466442175,37.2,37.2,37.226102488726205,False
1466442216,37.2,37.44112000328233,37.44112000328233,True
1466442284,37.2,37.2,37.200613916580764,False
1466442332,37.2,37.2,36.95757565495586,False
1466442358,37.2,37.35496660407109,37.35496660407109,True
1466442362,36.9,36.9,37.2909158267103,False
1466442439,36.9,36.9,36.83494257002217,False
1466442490,36.9,36.9,37.27300000637254,False
1466442498,36.9,36.9,36.94378071541486,False
1466442508,36.9,36.92925745650144,36.92925745650144,True
1466442518,36.9,36.9,36.63404662104947,False
1466442556,37.0,37.0,37.14578995072512,False
1466442656,37.0,37.0,37.41130612149399,False
1466442662,36.9,36.9,37.14313572442501,False
1466442703,37.1,37.10815834088569,37.10815834088569,True
1466442768,37.1,37.1,36.55609255740015,False
1466442788,37.1,37.35975272990053,37.35975272990053,True
1466442886,36.9,36.663206404090495,36.663206404090495,True
1466442980,36.9,36.9,36.56900901794822,False
1466443000,37.0,37.046801997565936,37.046801997565936,True
1466443029,37.0,37.0,36.520026615338466,False
1466443038,37.0,36.54403893510786,36.54403893510786,True
1466443089,36.9,36.61816222360227,36.61816222360227,True
1466443162,36.9,36.9,37.34967310794303,False
1466443201,36.9,36.63748115956244,36.63748115956244,True
1466443219,36.9,37.01961476103038,37.01961476103038,True
1466443263,37.2,37.4841637775172,37.4841637775172,True
1466443350,36.8,36.92206959438213,36.92206959438213,True
1466443373,36.8,36.8,37.21874056042513,False
1466443392,36.8,36.8,37.38214855844868,False
1466443402,36.8,36.8,37.114708725857625,False
1466443486,36.8,36.8,37.40743857036158,False
1466443511,36.8,36.8,36.77619979799632,False
1466443584,36.8,36.8,36.52405571310391,False
1466443677,36.8,37.04207974686002,37.04207974686002,True
1466443725,36.8,36.8,36.801380828762085,False
1466443727,36.8,36.63451161594918,36.63451161594918,True
1466443750,36.8,37.13150842099246,37.13150842099246,True
1466443761,36.8,36.842298927467596,36.842298927467596,True
1466443808,36.8,36.8,37.46117314815741,False
1466443861,37.2,37.1695737060336,37.1695737060336,True
1466443929,37.2,36.91516435570263,36.91516435570263,True
1466443986,36.8,37.35700379762991,37.35700379762991,True
1466444043,36.6,36.6,37.277816206196064,False
1466444110,36.6,36.704754247846864,36.704754247846864,True
1466444192,36.6,36.943195397117236,36.943195397117236,True
1466444287,36.6,37.09009933706393,37.09009933706393,True
1466444294,36.6,36.6,36.73469297037353,False
1466444366,36.6,36.98201617793718,36.98201617793718,True
1466444466,36.7,36.7,37.370364871672884,False
1466444505,36.8,36.50324951908077,36.50324951908077,True
1466444556,36.8,37.34654703786632,37.34654703786632,True
1466444624,36.7,37.44055341930862,37.44055341930862,True
1466444663,36.7,36.7,37.16009067507472,False
1466444685,36.9,36.9,37.020054677131725,False
1466444756,36.6,36.86716040105689,36.86716040105689,True
1466444781,36.9,36.9,37.409898607225855,False
1466444840,36.9,37.376157208853996,37.376157208853996,True
1466444854,36.9,36.9,36.824983079544786,False
1466444860,36.9,36.9,37.13412999168223,False
1466444959,36.9,36.9,37.14204364961292,False
1466445058,37.1,36.573448214707504,36.573448214707504,True
1466445107,37.1,36.86973165197617,36.86973165197617,True
1466445165,37.0,37.0,37.40240174992344,False
1466445170,37.0,36.543437321299784,36.543437321299784,True
1466445173,37.0,37.0,36.73830388409982,False
1466445247,37.0,37.04137976759255,37.04137976759255,True
1466445305,37.0,36.77534089446784,36.77534089446784,True
1466445333,37.0,37.10781671471781,37.10781671471781,True
1466445356,37.0,37.22727910837474,37.22727910837474,True
1466445430,37.0,37.0,37.02888574989792,False
1466445491,37.0,37.0,37.176661350025704,False
1466445497,37.0,37.0,36.77579799069374,False
1466445514,37.0,37.0853899129057,37.0853899129057,True
1466445549,37.0,37.221848474630036,37.221848474630036,True
1466445640,37.0,37.0,37.00315314248549,False
1466445648,37.0,37.31230834444961,37.31230834444961,True
1466445739,37.0,36.748300100035316,36.748300100035316,True
1466445814,36.7,36.7845107412114,36.7845107412114,True
1466445879,36.7,36.99339504652911,36.99339504652911,True
1466445909,36.7,37.27832792311576,37.27832792311576,True
1466445965,36.7,36.7,37.19236975216722,False
1466446021,37.0,36.67767081565159,36.67767081565159,True
1466446045,37.0,36.92952892885868,36.92952892885868,True
1466446071,36.8,36.8,36.97035387242207,False
1466446120,36.8,36.8,36.55777290632652,False
1466446168,36.8,36.8,37.14910938885342,False
1466446253,36.8,36.9929294707113,36.9929294707113,True
1466446302,36.8,36.8,36.88133688115724,False
1466446389,36.8,36.8,37.21938193910374,False
1466446404,37.1,37.43376543860925,37.43376543860925,True
1466446494,37.1,37.32636010625222,37.32636010625222,True
1466446594,36.9,37.12296669814204,37.12296669814204,True
1466446643,36.9,36.9,37.262019990285566,False
1466446669,36.9,36.9,36.9033855679931,False
1466446690,36.9,36.9,37.46857502157396,False
1466446735,36.9,36.9,36.99752592370174,False
1466446766,37.0,36.58777054527037,36.58777054527037,True
1466446852,37.2,36.80006365445766,36.80006365445766,True
1466446902,37.2,37.2,36.67905734918039,False
1466446945,37.0,37.0,36.7611083016257,False
1466446987,37.0,37.0,36.86861863339335,False
1466447036,37.0,37.0,37.32240629469628,False
1466447112,37.0,37.0,36.787411635363924,False
1466447129,36.8,36.67065387082441,36.67065387082441,True
1466447189,36.9,36.9,37.496861912880796,False
1466447224,36.8,36.8,36.69650238535497,False
1466447270,36.8,36.8,37.25075152035255,False
1466447272,36.8,37.135156827099216,37.135156827099216,True
1466447348,36.8,36.8,37.0214660086351,False
1466447359,36.8,36.54505180716579,36.54505180716579,True
1466447388,36.8,37.17778578950358,37.17778578950358,True
1466447390,36.8,37.13501738872384,37.13501738872384,True
1466447425,36.8,36.50132378779245,36.50132378779245,True
1466447463,36.8,36.8,37.15944236846699,False
1466447485,36.8,36.8,36.51836838452222,False
1466447545,36.8,36.8,37.0857096358706,False
1466447553,36.8,37.13854817873564,37.13854817873564,True
1466447554,36.8,36.850847492370626,36.850847492370626,True
1466447573,36.8,37.37004689483436,37.37004689483436,True
1466447634,36.8,36.79604199495614,36.79604199495614,True
1466447695,36.8,36.8,36.6181077064104,False
1466447762,36.8,36.56700797900581,36.56700797900581,True
1466447844,36.7,36.994230421579104,36.994230421579104,True
1466447885,36.7,36.5916635333291,36.5916635333291,True
1466447943,36.7,36.7,36.93053764306274,False
1466447956,36.7,36.7,36.7290518034154,False
1466448041,36.7,36.7,37.01343126906267,False
1466448140,36.7,36.7,37.13631628444501,False
1466448215,36.7,36.569338553603785,36.569338553603785,True
1466448270,36.7,36.7,37.27729780997992,False
1466448302,36.7,36.75298717190396,36.75298717190396,True
1466448368,36.7,36.7,36.60128096068531,False
1466448422,36.7,36.745951300880634,36.745951300880634,True
1466448517,36.7,37.391182155437136,37.391182155437136,True
1466448614,36.7,37.09908597173085,37.09908597173085,True
1466448701,36.7,36.7,37.264318608379774,False
1466448743,36.9,36.9,36.75684563473112,False
1466448805,36.9,37.44258913590424,37.44258913590424,True
1466448844,36.9,36.61620350735221,36.61620350735221,True
1466448896,36.9,37.325557870323856,37.325557870323856,True
1466448984,36.9,36.9,37.05123808967769,False
1466449031,36.9,36.9,36.88864805944582,False
1466449045,36.9,36.9,36.696695447505604,False
1466449099,36.9,36.9,37.46912156172533,False
1466449171,36.7,37.45250998140566,37.45250998140566,True
1466449261,36.8,36.78572256757242,36.78572256757242,True
1466449280,36.8,36.9123488435356,36.9123488435356,True
1466449359,36.8,36.8,36.72892329413506,False
1466449442,36.8,37.096554950203995,37.096554950203995,True
1466449496,36.8,36.51396038558371,36.51396038558371,True
1466449537,36.8,37.0430147289028,37.0430147289028,True
1466449555,36.8,36.8,36.58346420001468,False
1466449629,36.8,37.31989088107112,37.31989088107112,True
1466449635,36.6,37.038675447005495,37.038675447005495,True
1466449721,36.6,36.552710000510274,36.552710000510274,True
1466449772,37.0,37.0,37.41665634184597,False
1466449872,37.0,37.0,36.53885399516704,False
1466449873,37.0,37.0,37.283431106201576,False
1466449884,37.2,37.2,37.100241527897964,False
1466449937,37.2,37.2,37.07335851036536,False
1466449953,37.2,36.60952884950174,36.60952884950174,True
1466449959,37.2,37.2,36.55451342128732,False
1466449961,37.2,36.6502191077216,36.6502191077216,True
1466450018,37.1,36.98466599185129,36.98466599185129,True
1466450075,37.1,37.1,36.98173835004761,False
1466450150,37.1,36.972564764788274,36.972564764788274,True
1466450177,37.1,37.27194402755084,37.27194402755084,True
1466450255,37.1,37.1,37.02926973721277,False
1466450343,36.6,36.6,37.190065609964435,False
1466450348,37.2,37.2,36.655710826042466,False
1466450401,37.2,37.2,36.63708096761555,False
1466450433,36.9,36.9,36.74050475338724,False
1466450507,36.9,36.81224192494634,36.81224192494634,True
1466450536,36.9,36.563358627054804,36.563358627054804,True
1466450627,36.9,36.9,36.93189802561108,False
1466450723,36.9,36.9,37.44371891798855,False
1466450817,36.9,36.9,37.418874757571615,False
1466450900,37.0,37.023658940021775,37.023658940021775,True
1466450902,37.0,37.01892431996764,37.01892431996764,True
1466450971,37.0,37.12020810098072,37.12020810098072,True
1466451016,37.0,36.75002939302792,36.75002939302792,True
1466451023,37.0,37.39226930775826,37.39226930775826,True
1466451073,37.0,37.0,36.52277165070245,False
1466451166,37.0,37.27193141571979,37.27193141571979,True
1466451231,37.0,36.97123171536025,36.97123171536025,True
1466451245,37.1,36.655635729899124,36.655635729899124,True
1466451293,37.1,37.134327008154166,37.134327008154166,True
1466451295,37.1,37.15206443289822,37.15206443289822,True
1466451378,36.9,36.9,37.41509749225709,False
1466451445,37.0,36.54394272216896,36.54394272216896,True
1466451508,37.0,37.0,36.51153309381027,False
1466451599,37.1,37.1,37.25651353547187,False
1466451686,37.1,37.1,36.835990044543024,False
1466451761,37.0,37.0,37.200386475310495,False
1466451857,37.0,36.874342948439285,36.874342948439285,True
1466451909,37.0,37.0,36.8417572514063,False
1466451919,37.1,36.6458048731101,36.6458048731101,True
1466452006,37.1,37.1,36.91629497151796,False
1466452035,37.1,36.58889748980231,36.58889748980231,True
1466452039,37.1,37.1,37.48379057274395,False
1466452104,37.1,36.52996326553596,36.52996326553596,True
1466452167,37.1,36.813471450045306,36.813471450045306,True
1466452238,37.1,37.10278974082205,37.10278974082205,True
1466452313,37.1,37.30164155243438,37.30164155243438,True
1466452339,37.1,36.72633579457061,36.72633579457061,True
1466452419,37.1,37.1,37.366977836718185,False
1466452424,37.1,37.1,36.72472413651864,False
1466452435,37.1,36.96294575095736,36.96294575095736,True
1466452531,37.0,37.312276052493736,37.312276052493736,True
1466452584,37.0,37.299767279131245,37.299767279131245,True
1466452625,37.0,37.0,37.49710052375242,False
1466452676,37.0,36.71615269907707,36.71615269907707,True
1466452752,37.1,37.115457026045355,37.115457026045355,True
1466452796,37.1,37.1,37.40865532108432,False
1466452825,37.1,37.1,36.779868666012405,False
1466452860,37.0,37.47883008590788,37.47883008590788,True
1466452960,37.0,37.153394421485174,37.153394421485174,True
1466452979,37.0,37.0,36.66513942334872,False
1466453002,37.0,37.0,37.24029362700733,False
1466453016,37.0,37.47613699133758,37.47613699133758,True
1466453025,37.1,37.1,37.13686383964717,False
1466453089,37.1,36.61576152291669,36.61576152291669,True
1466453141,37.1,36.78916648115661,36.78916648115661,True
1466453154,37.1,37.25785146762914,37.25785146762914,True
1466453184,37.1,36.72040947730045,36.72040947730045,True
1466453202,37.1,37.1,37.32102098990601,False
1466453203,36.9,36.95337927881381,36.95337927881381,True
1466453222,36.9,36.97347713382587,36.97347713382587,True
1466453321,36.9,36.9,36.99597092289503,False
1466453379,36.9,36.9,37.33932556926676,False
1466453392,36.9,36.9,36.52230253934317,False
1466453422,36.9,36.9,36.96895787559804,False
1466453502,37.0,37.0,36.97936570273013,False
1466453518,37.0,36.60099053759897,36.60099053759897,True
1466453563,37.0,37.28858440126802,37.28858440126802,True
1466453604,37.0,37.22261851913243,37.22261851913243,True
1466453639,37.1,37.474203905636315,37.474203905636315,True
1466453705,37.1,37.1,36.86181328543442,False
1466453795,37.1,37.3935214528391,37.3935214528391,True
1466453816,37.1,37.01165652267534,37.01165652267534,True
1466453870,37.2,37.2,36.91602379158785,False
1466453910,37.2,36.88960123630765,36.88960123630765,True
1466454002,37.2,36.97972627222064,36.97972627222064,True
1466454051,37.2,37.2,37.098365224377616,False
1466454087,37.2,36.50798176602285,36.50798176602285,True
1466454129,37.2,36.66895315302515,36.66895315302515,True
1466454227,37.2,37.025333985372264,37.025333985372264,True
1466454259,37.2,37.488534207685746,37.488534207685746,True
1466454262,37.2,36.74210219258217,36.74210219258217,True
1466454298,37.2,37.2,36.64616847343655,False
1466454388,37.1,36.64028256035353,36.64028256035353,True
1466454399,37.1,37.1,37.26134187554207,False
1466454473,37.3,37.3,37.26974512462311,False
1466454529,37.3,37.17767017025378,37.17767017025378,True
1466454559,36.9,36.9,37.30733490849008,False
1466454648,36.9,36.9,36.66096068711458,False
1466454745,37.3,37.05345889356883,37.05345889356883,True
1466454763,37.3,36.984564943964685,36.984564943964685,True
1466454851,37.3,37.3,37.29138723938246,False
1466454936,37.3,37.3,37.24920807734509,False
1466454949,37.3,37.3,37.16690081050174,False
1466455032,37.2,37.2,36.50791080847646,False
1466455065,37.1,37.21792279159532,37.21792279159532,True
1466455119,37.1,36.50827121102631,36.50827121102631,True
1466455172,37.1,37.1,37.276747657758726,False
1466455196,37.0,36.543550606290495,36.543550606290495,True
1466455271,37.0,36.81917046913976,36.81917046913976,True
1466455357,37.0,37.0,36.79783662869107,False
1466455361,37.0,37.054317181303006,37.054317181303006,True
1466455394,37.2,37.25014334560928,37.25014334560928,True
1466455475,36.9,36.60926383496682,36.60926383496682,True
1466455497,36.9,37.49620318757165,37.49620318757165,True
1466455561,36.9,37.07419352179856,37.07419352179856,True
1466455575,36.9,36.71689629176681,36.71689629176681,True
1466455587,36.9,36.9,36.80352410114823,False
1466455651,36.9,37.22954307545754,37.22954307545754,True
1466455658,36.9,36.60889704083862,36.60889704083862,True
1466455732,37.4,37.10337676432747,37.10337676432747,True
1466455812,37.3,36.56163669540073,36.56163669540073,True
1466455910,37.3,36.74253881825756,36.74253881825756,True
1466455951,37.2,36.75701285847597,36.75701285847597,True
1466455999,37.2,37.2,36.847310144241064,False
1466456054,37.1,37.05250416213745,37.05250416213745,True
1466456058,37.1,37.26325333169697,37.26325333169697,True
1466456074,37.1,37.200889914525625,37.200889914525625,True
1466456088,37.2,37.2,36.66799856632796,False
1466456118,37.1,37.37704279650241,37.37704279650241,True
1466456218,37.1,37.1,36.71803272932809,False
1466456265,37.1,37.1,37.32466795270228,False
1466456270,37.1,37.1,36.91137493265017,False
1466456312,37.1,37.07481218149172,37.07481218149172,True
1466456346,37.2,37.102831980246705,37.102831980246705,True
1466456374,37.1,37.13315353039845,37.13315353039845,True
1466456406,37.1,37.3677285902354,37.3677285902354,True
1466456482,37.1,36.58133876502222,36.58133876502222,True
1466456512,37.1,37.1,37.10043487343634,False
1466456610,36.9,37.36265752540074,37.36265752540074,True
1466456683,36.9,36.959477453480226,36.959477453480226,True
1466456768,36.9,36.9,36.6613976882307,False
1466456856,37.1,37.1,37.30597338511815,False
1466456927,37.1,37.40985985103242,37.40985985103242,True
1466457014,37.1,36.86842870963912,36.86842870963912,True
1466457032,37.1,37.1,37.40907592135192,False
1466457067,37.1,37.1,37.140782553752416,False
1466457157,36.9,36.906589755389106,36.906589755389106,True
1466457215,36.9,37.43666315850001,37.43666315850001,True
1466457267,36.9,36.9,37.191174553688946,False
1466457357,36.9,36.9,37.10184571179758,False
1466457434,36.9,36.9,36.6865529705706,False
1466457487,36.9,36.9,37.068156128333186,False
1466457559,36.9,36.9,37.41235823273149,False
1466457603,36.9,36.9,36.71444858991818,False
1466457671,37.0,36.85320923907795,36.85320923907795,True
1466457713,37.0,37.0,36.91376967698219,False
1466457745,37.0,37.35903961661531,37.35903961661531,True
1466457782,36.9,37.452164591135045,37.452164591135045,True
1466457802,36.9,36.9,36.88326925374788,False
1466457817,36.9,36.9,37.485859307082954,False
1466457865,36.9,36.9,37.26842237123194,False
1466457884,36.9,37.12675290043909,37.12675290043909,True
1466457885,36.9,36.9,37.46554169852697,False
1466457917,36.9,36.9,36.65935013646694,False
1466457973,37.2,37.2,37.48561656850254,False
1466458045,37.2,37.2,36.69622902760431,False
1466458135,37.1,37.218795800954105,37.218795800954105,True
1466458151,37.1,37.03944821150738,37.03944821150738,True
1466458230,37.0,36.618836462643884,36.618836462643884,True
1466458324,36.9,36.9,37.479087025299556,False
1466458362,37.2,37.2,36.670310051374095,False
1466458438,37.0,37.04272122458264,37.04272122458264,True
1466458454,37.0,37.472013016687725,37.472013016687725,True
1466458496,37.0,36.77947160470359,36.77947160470359,True
1466458509,36.9,37.1226658041697,37.1226658041697,True
1466458580,37.1,37.1,36.97353476516298,False
1466458590,37.0,37.0,36.844724407212176,False
1466458626,37.0,37.0,37.24753645638303,False
1466458642,37.0,37.0,37.29003928887742,False
1466458665,37.0,37.123877716840234,37.123877716840234,True
1466458694,37.0,36.86662839176065,36.86662839176065,True
1466458762,37.0,37.0,36.52523226753104,False
1466458793,36.9,37.280245828067,37.280245828067,True
1466458824,36.9,36.53291799065144,36.53291799065144,True
1466458906,37.0,37.0,37.14197246962469,False
1466458982,37.0,37.0,36.504750063196866,False
1466459068,37.0,37.47004686129532,37.47004686129532,True
1466459159,37.0,37.0,36.6305518688656,False
1466459184,37.0,37.0,37.25687097193642,False
1466459273,37.0,37.0,36.8175689658948,False
1466459372,36.9,36.9,37.20656611563971,False
1466459415,36.9,36.9,37.148118602401,False
1466459483,36.9,36.9,36.811398106147564,False
1466459504,36.9,37.192887175507686,37.192887175507686,True
1466459588,36.9,36.67702417920146,36.67702417920146,True
1466459595,36.7,37.13772415454687,37.13772415454687,True
1466459673,36.9,36.9,37.199269212917805,False
1466459726,36.9,36.59669771390292,36.59669771390292,True
1466459800,36.9,37.2831309376845,37.2831309376845,True
1466459857,36.8,36.52671272107576,36.52671272107576,True
1466459887,36.8,37.30840200226827,37.30840200226827,True
1466459913,36.8,36.8,36.79366731330134,False
1466459974,36.8,37.136364496075664,37.136364496075664,True
1466459995,36.6,37.292219217826556,37.292219217826556,True
1466460001,36.6,37.10978081564963,37.10978081564963,True
1466460054,37.0,37.0,36.73669593860533,False
1466460130,37.0,37.0,37.03851269218503,False
1466460215,36.9,36.9,36.61624072323351,False
1466460252,36.9,36.9,36.89324546267031,False
1466460272,36.9,36.96598236666624,36.96598236666624,True
1466460346,36.9,37.2744952589844,37.2744952589844,True
1466460440,36.9,36.83600106207024,36.83600106207024,True
1466460461,36.6,36.6,36.80521265176613,False
1466460528,36.6,36.6,37.23504918588824,False
1466460610,36.6,36.702513993599275,36.702513993599275,True
1466460630,36.9,37.095008020934515,37.095008020934515,True
1466460691,36.9,36.9,37.21814485660757,False
1466460706,36.9,36.9,36.80564501386087,False
1466460739,36.9,36.9,37.245719994627606,False
1466460765,36.9,37.25279265209497,37.25279265209497,True
1466460795,36.7,36.71934920398194,36.71934920398194,True
1466460877,36.7,36.7,36.75050066040276,False
1466460973,36.7,36.775119791643185,36.775119791643185,True
1466461009,36.7,36.7,36.83194079616987,False
1466461027,36.9,36.9,36.741057127897456,False
1466461032,36.6,36.6,36.63096346900913,False
1466461096,36.9,36.9,36.639843920563514,False
1466461169,36.9,36.9,37.109592191540216,False
1466461256,36.9,36.77591631411178,36.77591631411178,True
1466461351,36.9,36.9,36.81478174742173,False
1466461451,36.9,36.9,36.94492223294248,False
1466461531,36.9,36.57171877145907,36.57171877145907,True
1466461568,36.6,37.204736782993045,37.204736782993045,True
1466461583,36.6,36.69678272898538,36.69678272898538,True
1466461647,36.6,36.52062835090498,36.52062835090498,True
1466461703,36.7,36.7,37.179879989805904,False
1466461794,36.6,36.6,36.974818350220126,False
1466461813,36.6,36.6,37.18261353397595,False
1466461910,36.6,37.074734685176296,37.074734685176296,True
1466461988,36.6,36.6,37.41974229929175,False
1466462056,36.6,36.6,36.54881145510381,False
1466462101,36.6,36.6,36.84111725149285,False
1466462155,36.6,36.6,36.77756333971491,False
1466462215,36.6,37.37574079137742,37.37574079137742,True
1466462278,36.9,36.9,36.50170019939077,False
1466462368,36.7,36.7,37.07590679617557,False
1466462412,36.7,37.46176136353492,37.46176136353492,True
1466462512,36.7,36.7,37.24945520625619,False
1466462594,36.7,37.02278694541164,37.02278694541164,True
1466462671,36.7,37.13111282014946,37.13111282014946,True
1466462716,36.7,36.81178948657232,36.81178948657232,True
1466462746,37.0,37.33119786673912,37.33119786673912,True
1466462782,36.9,36.610441732492696,36.610441732492696,True
1466462820,36.9,36.84093738247421,36.84093738247421,True
1466462833,36.9,37.24418256434705,37.24418256434705,True
1466462842,36.9,36.9,36.87512869021144,False
1466462850,36.9,36.9,36.69914922901728,False
1466462941,36.8,36.8,36.90803491338804,False
1466463026,36.9,36.9,37.312981336492726,False
1466463117,36.7,36.7,36.560275517769995,False
1466463139,36.7,37.46126459205104,37.46126459205104,True
