1466410104,0.2,0.3942761803320596,0.3942761803320596,True
1466410114,0.2,0.5836600351913204,0.5836600351913204,True
1466410130,0.2,0.8009335139342005,0.8009335139342005,True
1466410181,0.2,0.14381603838772017,0.14381603838772017,True
1466410203,0.2,0.2,0.7630898655307821,False
1466410250,0.2,0.7721861480862396,0.7721861480862396,True
1466410309,0.4,0.490288897350337,0.490288897350337,True
1466410397,0.4,0.8209635087645782,0.8209635087645782,True
1466410430,0.4,0.4,0.45867927011210463,False
1466410469,0.4,0.2862892358956217,0.2862892358956217,True
1466410483,0.4,0.10728397214867225,0.10728397214867225,True
1466410498,0.4,0.769901198432374,0.769901198432374,True
1466410502,0.4,0.054092442952378805,0.054092442952378805,True
1466410532,0.4,0.6262074918186221,0.6262074918186221,True
1466410541,0.9,0.23954587430360608,0.23954587430360608,True
1466410573,0.5,0.5,0.1584017657858846,False
1466410630,0.5,0.5,0.6254428278930174,False
1466410653,0.5,0.32135384322379734,0.32135384322379734,True
1466410746,0.5,0.35811364359240894,0.35811364359240894,True
1466410814,0.5,0.8149096639173716,0.8149096639173716,True
1466410890,0.5,0.7610974239226128,0.7610974239226128,True
1466410902,0.5,0.25199249878375196,0.25199249878375196,True
1466410978,0.5,0.88090707213203,0.88090707213203,True
1466411008,0.5,0.5,0.7427671132920259,False
1466411066,0.5,0.08840468280776015,0.08840468280776015,True
1466411094,0.5,0.5,0.9463392316922888,False
1466411157,0.3,0.3,0.7244176592425022,False
1466411223,0.3,0.619642517728535,0.619642517728535,True
1466411226,0.8,0.8,0.480003372457803,False
1466411272,0.8,0.954822023208066,0.954822023208066,True
1466411303,0.8,0.8,0.2229256441010049,False
1466411318,0.8,0.557697680493739,0.557697680493739,True
1466411396,0.8,0.8,0.42437860962664276,False
1466411493,0.8,0.8,0.04681064223581577,False
1466411549,0.8,0.8,0.012126091709333986,False
1466411560,0.8,0.8,0.8920600917999862,False
1466411626,0.8,0.9679717389651411,0.9679717389651411,True
1466411723,0.8,0.8,0.7896085714773692,False
1466411763,0.8,0.6690316172937196,0.6690316172937196,True
1466411785,0.8,0.8,0.5743515661863808,False
1466411854,0.8,0.8,0.04911932044067824,False
1466411889,0.8,0.08454555267149622,0.08454555267149622,True
1466411988,0.8,0.49702409017730576,0.49702409017730576,True
1466412022,0.8,0.2103214061504406,0.2103214061504406,True
1466412046,0.8,0.10895372950831084,0.10895372950831084,True
1466412076,0.8,0.8,0.8433832802696896,False
1466412152,1.0,0.2917214666320751,0.2917214666320751,True
1466412181,1.0,1.0,0.06171994614824983,False
1466412201,1.0,0.38213794918674515,0.38213794918674515,True
1466412260,0.3,0.3,0.6742077659354848,False
1466412347,0.3,0.20745072798137232,0.20745072798137232,True
1466412360,0.3,0.3,0.6238336981487441,False
1466412438,0.3,0.21588944588365533,0.21588944588365533,True
1466412521,0.3,0.9963486739604331,0.9963486739604331,True
1466412599,0.3,0.3,0.15046347828909534,False
1466412639,0.3,0.3,0.22404664358670534,False
1466412691,0.3,0.3,0.26848736697561204,False
1466412747,0.3,0.3,0.18595290743271764,False
1466412794,0.3,0.5695948423152797,0.5695948423152797,True
1466412819,0.3,0.3,0.9187868367864261,False
1466412832,0.6,0.6,0.048058571499859704,False
1466412874,0.6,0.3706225045074011,0.3706225045074011,True
1466412943,0.6,0.8120258295119921,0.8120258295119921,True
1466412971,0.3,0.30638608442998383,0.30638608442998383,True
1466412990,0.6,0.06827614625117084,0.06827614625117084,True
1466413028,0.6,0.34687890862890225,0.34687890862890225,True
1466413053,0.9,0.9,0.2161969286777241,False
1466413125,0.9,0.4719649065411283,0.4719649065411283,True
1466413200,0.9,0.2705210835868568,0.2705210835868568,True
1466413264,0.9,0.9,0.3580285469083372,False
1466413311,0.9,0.9,0.007863455687128984,False
1466413342,0.9,0.9,0.9909572090366767,False
1466413440,0.9,0.2950800046281459,0.2950800046281459,True
1466413458,0.9,0.5967528364917738,0.5967528364917738,True
1466413529,0.9,0.24588166710911186,0.24588166710911186,True
1466413542,0.9,0.9,0.5081209944392505,False
1466413638,0.9,0.32518913378273795,0.32518913378273795,True
1466413672,0.9,0.9,0.4263543986327939,False
1466413733,0.9,0.9,0.03274865611501998,False
1466413779,0.9,0.07438745584326945,0.07438745584326945,True
1466413780,0.8,0.8,0.32204266657290215,False
1466413864,0.4,0.4,0.1309365220400026,False
1466413885,0.2,0.028744452478981053,0.028744452478981053,True
1466413946,0.2,0.2,0.404722156641398,False
1466414033,0.7,0.6139708887521249,0.6139708887521249,True
1466414071,0.7,0.7,0.38579132016058215,False
1466414164,0.7,0.7,0.3016527822368852,False
1466414225,0.1,0.17720348374465322,0.17720348374465322,True
1466414312,0.1,0.1,0.8396475559922212,False
1466414325,0.1,0.1,0.37367254237279346,False
1466414328,0.2,0.463458115396567,0.463458115396567,True
1466414329,0.2,0.2,0.18208602667351426,False
1466414402,0.2,0.6821030558585973,0.6821030558585973,True
1466414407,0.2,0.2,0.387184557219331,False
1466414413,0.2,0.2,0.9205194841463585,False
1466414460,0.2,0.9272472383798981,0.9272472383798981,True
1466414552,0.2,0.729459358564042,0.729459358564042,True
1466414602,0.2,0.5923095696486205,0.5923095696486205,True
1466414662,0.3,0.3,0.06170300254818206,False
1466414746,0.3,0.3,0.819762104926108,False
1466414844,0.3,0.3,0.39468262898665896,False
1466414943,0.3,0.11232447288831215,0.11232447288831215,True
1466414946,0.3,0.3,0.3819588289503967,False
1466414966,0.3,0.17018658425875077,0.17018658425875077,True
1466415038,0.3,0.3,0.7679141925802105,False
1466415106,0.3,0.3,0.1337283723170597,False
1466415130,0.1,0.4960311137765301,0.4960311137765301,True
1466415145,0.1,0.8254760762401588,0.8254760762401588,True
1466415202,0.1,0.7541052402428646,0.7541052402428646,True
1466415239,0.1,0.44034344681942483,0.44034344681942483,True
1466415249,0.1,0.1,0.5731146526457945,False
1466415308,0.1,0.1,0.10300579538361321,False
1466415357,0.1,0.9696251548401086,0.9696251548401086,True
1466415404,0.1,0.3079172481202961,0.3079172481202961,True
1466415469,0.1,0.1,0.8082282142328872,False
1466415548,0.1,0.0921372442468813,0.0921372442468813,True
1466415588,0.1,0.3572476033840547,0.3572476033840547,True
1466415627,0.1,0.1,0.7005096281353023,False
1466415719,0.4,0.32405644777410614,0.32405644777410614,True
1466415767,0.4,0.19745018704681783,0.19745018704681783,True
1466415860,0.4,0.4,0.6614258487849737,False
1466415872,0.4,0.4002712333540551,0.4002712333540551,True
1466415914,0.4,0.7269450681886571,0.7269450681886571,True
1466415934,0.6,0.6860497293402801,0.6860497293402801,True
1466415988,0.5,0.5,0.2180956556954241,False
1466416004,0.5,0.5,0.16877683539938504,False
1466416050,0.5,0.5,0.5264335899590176,False
1466416150,0.5,0.5588335527567305,0.5588335527567305,True
1466416161,0.5,0.5,0.1432208827455803,False
1466416215,0.5,0.8955329861385649,0.8955329861385649,True
1466416315,0.5,0.5,0.8603216211462156,False
1466416321,0.5,0.5362115855110897,0.5362115855110897,True
1466416393,0.5,0.5,0.7413301342938899,False
1466416440,0.5,0.5,0.2759749542638287,False
1466416510,0.4,0.4,0.31921019722498445,False
1466416541,0.1,0.8671718312494948,0.8671718312494948,True
1466416631,0.1,0.22984197836771247,0.22984197836771247,True
1466416671,0.6,0.6,0.1263437765255686,False
1466416725,0.6,0.6,0.8565988715170754,False
1466416815,0.6,0.49285049138064174,0.49285049138064174,True
1466416867,0.6,0.3090252404783409,0.3090252404783409,True
1466416933,0.6,0.6574387283675521,0.6574387283675521,True
1466416963,0.6,0.6546213092695817,0.6546213092695817,True
1466417034,0.6,0.6,0.44779952897726505,False
1466417069,0.6,0.6,0.1771346279487529,False
1466417095,0.2,0.3012922533669884,0.3012922533669884,True
1466417123,0.2,0.91853352326703,0.91853352326703,True
1466417219,0.2,0.47850394803075635,0.47850394803075635,True
1466417228,0.2,0.2,0.38055339738093674,False
1466417235,0.8,0.8,0.601038113321831,False
1466417266,0.8,0.8,0.30069618242720153,False
1466417298,0.8,0.8,0.8963162170181197,False
1466417382,0.8,0.754582514762733,0.754582514762733,True
1466417429,0.7,0.7,0.2857139863470577,False
1466417434,0.7,0.7,0.9606843448131429,False
1466417513,0.7,0.7,0.6687117960774532,False
1466417598,0.9,0.9811122753378384,0.9811122753378384,True
1466417615,0.9,0.2841109215863574,0.2841109215863574,True
1466417654,0.9,0.9,0.38010050671626405,False
1466417749,0.6,0.6,0.00312465036367926,False
1466417763,0.6,0.3609666451261172,0.3609666451261172,True
1466417822,0.6,0.36284076863857473,0.36284076863857473,True
1466417851,0.6,0.9191041437889751,0.9191041437889751,True
1466417855,0.6,0.6,0.3824143471126037,False
1466417879,0.6,0.21656671977015618,0.21656671977015618,True
1466417895,0.6,0.09242311559772787,0.09242311559772787,True
1466417969,0.6,0.6,0.6272975504997584,False
1466418049,0.6,0.5693028782077634,0.5693028782077634,True
1466418118,0.6,0.396223650727338,0.396223650727338,True
1466418129,0.6,0.6,0.7593346257435177,False
1466418179,0.6,0.6,0.8569342920310591,False
1466418254,0.6,0.4602603218193353,0.4602603218193353,True
1466418332,0.6,0.6,0.8017453805854188,False
1466418428,0.6,0.012110731569630606,0.012110731569630606,True
1466418494,0.6,0.6181824561475127,0.6181824561475127,True
1466418554,0.6,0.6,0.48253730894191116,False
1466418563,0.9,0.9,0.698159798117672,False
1466418564,0.9,0.9655178182974926,0.9655178182974926,True
1466418594,0.9,0.9,0.6663388842922835,False
1466418674,0.9,0.09711923818544443,0.09711923818544443,True
1466418748,0.9,0.9,0.7706763414109562,False
1466418847,0.9,0.9,0.49110709609001146,False
1466418877,0.9,0.9,0.927392121770579,False
1466418917,0.9,0.9,0.489974725649855,False
1466418938,0.9,0.9,0.43750505722141597,False
1466419031,0.5,0.5,0.49537319702634663,False
1466419058,0.5,0.6663027169428768,0.6663027169428768,True
1466419104,0.8,0.8,0.006054967903256103,False
1466419166,0.8,0.8573656985796138,0.8573656985796138,True
1466419261,0.8,0.8,0.5554612888785363,False
1466419349,0.2,0.4484271137198078,0.4484271137198078,True
1466419442,0.7,0.3162469395149654,0.3162469395149654,True
1466419530,0.7,0.39689924558680223,0.39689924558680223,True
1466419595,0.7,0.7,0.4442280327246335,False
1466419646,0.2,0.2,0.7031866718369367,False
1466419737,0.2,0.2,0.7578177072166107,False
1466419826,0.2,0.2,0.5480476667956028,False
1466419880,0.2,0.2,0.8937200035957409,False
1466419911,0.2,0.4696323874891477,0.4696323874891477,True
1466419938,0.2,0.05585333963827466,0.05585333963827466,True
1466420016,0.2,0.2,0.20907413066758673,False
1466420019,0.2,0.41893250679734306,0.41893250679734306,True
1466420108,0.2,0.2487380441366538,0.2487380441366538,True
1466420205,0.2,0.2,0.10815550150167441,False
1466420228,0.2,0.6720480098797679,0.6720480098797679,True
1466420257,0.2,0.2,0.26727956065063996,False
1466420270,0.2,0.49221959364084544,0.49221959364084544,True
1466420296,0.2,0.642828376764159,0.642828376764159,True
1466420331,0.8,0.8717638672747793,0.8717638672747793,True
1466420407,0.8,0.3599898399608603,0.3599898399608603,True
1466420430,0.8,0.827577133162802,0.827577133162802,True
1466420453,0.8,0.9067238269756086,0.9067238269756086,True
1466420474,0.8,0.4467364670864672,0.4467364670864672,True
1466420566,0.8,0.4138131017756379,0.4138131017756379,True
1466420579,0.8,0.8,0.31456120081305694,False
1466420618,0.8,0.23236625141191836,0.23236625141191836,True
1466420624,0.8,0.3688197921281954,0.3688197921281954,True
1466420643,0.8,0.8,0.19490760969833276,False
1466420695,0.5,0.5,0.774171712535263,False
1466420788,0.5,0.47408162112009256,0.47408162112009256,True
1466420863,0.5,0.5,0.6880671457278225,False
1466420947,0.5,0.5,0.13640525226621913,False
1466421003,0.5,0.5631821964074887,0.5631821964074887,True
1466421032,0.5,0.6848851865326283,0.6848851865326283,True
1466421050,0.5,0.5,0.8083777793460718,False
1466421116,0.2,0.2,0.17111256097765215,False
1466421208,0.2,0.22445402011658167,0.22445402011658167,True
1466421234,0.2,0.7778063216376703,0.7778063216376703,True
1466421262,0.2,0.2,0.21675760276038647,False
1466421353,0.2,0.5765355463755711,0.5765355463755711,True
1466421360,0.2,0.2,0.45591340881532527,False
1466421392,0.2,0.2,0.693457422904894,False
1466421480,0.4,0.4,0.5124821592950949,False
1466421530,0.4,0.7392697048219988,0.7392697048219988,True
1466421547,0.4,0.8646127774876858,0.8646127774876858,True
1466421591,0.7,0.15689527343621956,0.15689527343621956,True
1466421633,0.7,0.7,0.4419310245647411,False
1466421636,0.7,0.7,0.5444960874277032,False
1466421670,0.7,0.7,0.40793632646254885,False
1466421695,0.7,0.7,0.4222064600851809,False
1466421721,0.7,0.7,0.5426617572605775,False
1466421804,0.7,0.5051419372511287,0.5051419372511287,True
1466421819,0.7,0.528000117924495,0.528000117924495,True
1466421862,0.7,0.9724323191884283,0.9724323191884283,True
1466421885,0.7,0.7,0.3583832853348532,False
1466421936,0.7,0.7,0.9487555419835576,False
1466422012,0.1,0.07019032407883707,0.07019032407883707,True
1466422044,0.8,0.8,0.9786892423474035,False
1466422045,0.8,0.8,0.6648627125383771,False
1466422137,0.8,0.8,0.5329860257609884,False
1466422162,0.8,0.30564706522287355,0.30564706522287355,True
1466422189,0.8,0.0868002321540553,0.0868002321540553,True
1466422197,0.8,0.8,0.761235465929443,False
1466422264,0.4,0.4,0.5918828255648165,False
1466422330,0.4,0.7537991802250423,0.7537991802250423,True
1466422378,0.4,0.4,0.7800960107278083,False
1466422432,0.4,0.4,0.5600585000220764,False
1466422488,0.4,0.4,0.6239433974972838,False
1466422577,0.4,0.4,0.27951461723879645,False
1466422628,0.4,0.4,0.11688039152950946,False
1466422638,0.2,0.926661736833937,0.926661736833937,True
1466422666,0.2,0.44823049652230085,0.44823049652230085,True
1466422706,0.2,0.2,0.48620616807412786,False
1466422731,0.2,0.2,0.41327470422210644,False
1466422804,0.2,0.2,0.43605956505708043,False
1466422866,0.2,0.2,0.44770046685461606,False
1466422873,0.2,0.2,0.9489063436509372,False
1466422895,0.2,0.2,0.5052603761489827,False
1466422953,0.2,0.19654909618410032,0.19654909618410032,True
1466422973,0.4,0.4,0.21136404044576818,False
1466423017,0.4,0.4,0.2705012444522257,False
1466423051,0.4,0.4,0.26281049382906574,False
1466423099,0.4,0.4,0.5773296246484362,False
1466423150,0.4,0.4,0.5788481498984355,False
1466423155,0.4,0.4,0.9316777387356391,False
1466423168,0.4,0.4,0.4939002852751778,False
1466423205,0.4,0.8893749314797875,0.8893749314797875,True
1466423275,0.4,0.39041937082454015,0.39041937082454015,True
1466423287,0.2,0.2,0.3009401366508758,False
1466423336,0.2,0.2,0.8787060899043678,False
1466423340,0.2,0.4418805611515113,0.4418805611515113,True
1466423355,0.4,0.49681160342674324,0.49681160342674324,True
1466423443,0.4,0.6518130673967558,0.6518130673967558,True
1466423499,0.4,0.8318813560535466,0.8318813560535466,True
1466423585,0.4,0.4,0.36582238061751615,False
1466423612,0.4,0.46451128983154155,0.46451128983154155,True
1466423669,0.5,0.21788147637008504,0.21788147637008504,True
1466423705,0.5,0.8516518654277827,0.8516518654277827,True
1466423770,0.5,0.03085091839996268,0.03085091839996268,True
1466423844,0.5,0.3131309709619212,0.3131309709619212,True
1466423902,0.4,0.33326466091920093,0.33326466091920093,True
1466423913,0.4,0.4,0.989524536186125,False
1466423972,0.4,0.9306770482420726,0.9306770482420726,True
1466424014,0.4,0.4,0.4618378883194063,False
1466424069,0.4,0.4968048556826363,0.4968048556826363,True
1466424154,0.2,0.2,0.9497973172288114,False
1466424155,0.5,0.9076053943074803,0.9076053943074803,True
1466424169,0.5,0.5,0.7469357531756079,False
1466424262,0.5,0.15462550469856762,0.15462550469856762,True
1466424339,0.8,0.6602665386285556,0.6602665386285556,True
1466424398,0.8,0.8,0.906289529802466,False
1466424497,0.8,0.12462668932687204,0.12462668932687204,True
1466424558,0.8,0.8,0.10697175337467935,False
1466424613,0.8,0.8,0.6025672522257116,False
1466424713,0.8,0.8,0.24362743688514843,False
1466424804,0.8,0.8,0.7690758380133577,False
1466424878,0.8,0.8,0.8764059867097723,False
1466424924,0.8,0.8,0.8933759898407205,False
1466425009,0.8,0.8,0.10038613832337628,False
1466425106,0.8,0.7999984627179225,0.7999984627179225,True
1466425129,0.8,0.8,0.45839756603798454,False
1466425179,0.3,0.3,0.7930784758121707,False
1466425257,0.3,0.3,0.49296930515173953,False
1466425262,0.3,0.38368607676982125,0.38368607676982125,True
1466425305,0.3,0.3,0.2724660555124542,False
1466425331,0.3,0.15223915634895913,0.15223915634895913,True
1466425338,0.3,0.3,0.4711003748094058,False
1466425377,0.3,0.3,0.9636355386009793,False
1466425380,0.3,0.8102239888424696,0.8102239888424696,True
1466425417,0.3,0.4213720799054119,0.4213720799054119,True
1466425484,0.3,0.9561658200009976,0.9561658200009976,True
1466425517,0.3,0.5218251229111636,0.5218251229111636,True
1466425553,0.3,0.7983218070547864,0.7983218070547864,True
1466425640,0.3,0.4408171284229232,0.4408171284229232,True
1466425687,0.3,0.7940141406587825,0.7940141406587825,True
1466425711,0.3,0.17065836994006722,0.17065836994006722,True
1466425768,0.3,0.8580463418659183,0.8580463418659183,True
1466425811,0.3,0.3701847758811939,0.3701847758811939,True
1466425856,0.3,0.7350956486555819,0.7350956486555819,True
1466425869,0.3,0.37961092630705273,0.37961092630705273,True
1466425884,0.3,0.3899589834175168,0.3899589834175168,True
1466425962,0.3,0.3,0.1110585743914635,False
1466425974,0.3,0.3,0.9395219552934427,False
1466426016,0.2,0.7091566768127219,0.7091566768127219,True
1466426024,0.2,0.2,0.5171393094548953,False
1466426034,0.2,0.7395719473331882,0.7395719473331882,True
1466426130,0.2,0.2,0.8139802116953826,False
1466426189,0.2,0.43678513551517195,0.43678513551517195,True
1466426198,0.1,0.028120206209006127,0.028120206209006127,True
1466426280,0.2,0.07501883701979883,0.07501883701979883,True
1466426298,0.2,0.2,0.09242554259369473,False
1466426380,0.2,0.5730174311334517,0.5730174311334517,True
1466426420,0.2,0.2,0.7687819250355996,False
1466426509,0.2,0.2,0.17342164809534122,False
1466426521,0.2,0.2,0.04984210943607548,False
1466426535,1.0,0.6577685520202335,0.6577685520202335,True
1466426563,1.0,1.0,0.8703474143685217,False
1466426620,1.0,1.0,0.7176345996273434,False
1466426694,1.0,1.0,0.4957127891690708,False
1466426764,1.0,1.0,0.747327983537038,False
1466426778,1.0,1.0,0.7508579828394029,False
1466426866,1.0,0.28718549267828875,0.28718549267828875,True
1466426938,1.0,0.02552022068398163,0.02552022068398163,True
1466427022,1.0,1.0,0.4077232405044837,False
1466427059,1.0,1.0,0.9479118862216122,False
1466427125,1.0,1.0,0.040976537668215185,False
1466427204,1.0,0.4543035642340556,0.4543035642340556,True
1466427240,1.0,0.6573158051233692,0.6573158051233692,True
1466427317,1.0,1.0,0.39917211539253006,False
1466427319,1.0,1.0,0.9423725336809889,False
1466427331,0.7,0.7,0.5471656057214723,False
1466427425,0.7,0.7,0.2197906562795383,False
1466427458,0.7,0.7,0.3767036831764423,False
1466427495,0.7,0.4020451588264392,0.4020451588264392,True
1466427543,0.4,0.4,0.3924744436078007,False
1466427625,0.4,0.3906542970095028,0.3906542970095028,True
1466427663,0.4,0.4,0.7895184972474069,False
1466427672,0.4,0.4,0.16693816322326283,False
1466427684,0.4,0.4,0.5881804134544836,False
1466427739,0.7,0.27296577759212615,0.27296577759212615,True
1466427769,0.7,0.7,0.9663893513554668,False
1466427775,0.6,0.6,0.42920088873729456,False
1466427820,0.6,0.5228953307149655,0.5228953307149655,True
1466427837,0.6,0.1294287120237969,0.1294287120237969,True
1466427846,0.6,0.7853893106188259,0.7853893106188259,True
1466427904,0.6,0.385446830243654,0.385446830243654,True
1466427997,0.6,0.6,0.5842972081085915,False
1466428027,0.6,0.07261692570807599,0.07261692570807599,True
1466428114,0.8,0.8,0.6393687439295573,False
1466428212,0.8,0.8,0.818677230775323,False
1466428294,0.8,0.22223740419025262,0.22223740419025262,True
1466428321,1.0,0.44067582726445553,0.44067582726445553,True
1466428340,1.0,0.9497554190639182,0.9497554190639182,True
1466428378,1.0,1.0,0.1575966267829224,False
1466428463,1.0,0.18669682413047395,0.18669682413047395,True
1466428551,1.0,0.23352081934025026,0.23352081934025026,True
1466428575,0.6,0.6,0.36587372288909215,False
1466428593,0.6,0.6,0.6956759325787013,False
1466428682,0.6,0.6,0.873400845271878,False
1466428699,0.6,0.9815744557349494,0.9815744557349494,True
1466428719,0.6,0.6,0.5043378012286999,False
1466428819,0.6,0.5272212322574054,0.5272212322574054,True
1466428850,0.6,0.8919509488468047,0.8919509488468047,True
1466428884,0.9,0.9,0.6169622071268368,False
1466428973,0.9,0.9,0.28147626784330204,False
1466429006,0.1,0.25001791169032295,0.25001791169032295,True
1466429026,0.1,0.1,0.9624696525456014,False
1466429066,0.1,0.9282418664470993,0.9282418664470993,True
1466429072,0.1,0.17900754802199714,0.17900754802199714,True
1466429103,0.1,0.23439264599384568,0.23439264599384568,True
1466429110,0.1,0.1,0.591345940096768,False
1466429123,0.1,0.1,0.6952237080387058,False
1466429168,0.9,0.8749728708795503,0.8749728708795503,True
1466429182,0.3,0.1041315003834904,0.1041315003834904,True
1466429184,0.4,0.9731588184435715,0.9731588184435715,True
1466429197,0.4,0.4,0.7898158075649157,False
1466429280,0.4,0.4,0.01562820772885576,False
1466429378,0.4,0.01811787194321901,0.01811787194321901,True
1466429450,0.4,0.8420765723268621,0.8420765723268621,True
1466429455,0.4,0.44224542082062057,0.44224542082062057,True
1466429510,0.8,0.8,0.9665730565396387,False
1466429565,0.8,0.9754072105652455,0.9754072105652455,True
1466429566,0.5,0.5,0.6640961052317496,False
1466429592,0.5,0.35936271995595337,0.35936271995595337,True
1466429623,0.5,0.2423685805082354,0.2423685805082354,True
1466429691,0.5,0.5,0.18859852775051578,False
1466429733,0.5,0.5,0.2656928250119891,False
1466429803,0.5,0.9587907977083477,0.9587907977083477,True
1466429832,0.5,0.9197490452002389,0.9197490452002389,True
1466429905,0.5,0.5,0.677487263640738,False
1466429997,0.5,0.9636322000451076,0.9636322000451076,True
1466430050,0.5,0.5,0.809831255438356,False
1466430088,0.5,0.5335188859624597,0.5335188859624597,True
1466430174,0.5,0.5,0.31009478815379243,False
1466430247,0.5,0.22221390704423283,0.22221390704423283,True
1466430344,0.5,0.5,0.6089877393466401,False
1466430375,0.5,0.5,0.2921947105310573,False
1466430400,1.0,1.0,0.25052041591346197,False
1466430457,1.0,0.1804336869878268,0.1804336869878268,True
1466430483,1.0,0.6157356249956454,0.6157356249956454,True
1466430517,0.2,0.6836331997689901,0.6836331997689901,True
1466430524,0.9,0.9,0.11836859163418567,False
1466430592,0.9,0.4757085351412973,0.4757085351412973,True
1466430616,0.9,0.4503207918204053,0.4503207918204053,True
1466430631,0.9,0.9,0.9321230926086407,False
1466430680,0.9,0.3877447781543688,0.3877447781543688,True
1466430734,0.9,0.9,0.9980464563527832,False
1466430790,0.2,0.7967111600349164,0.7967111600349164,True
1466430815,0.2,0.6040488002170218,0.6040488002170218,True
1466430895,0.2,0.5030381974321976,0.5030381974321976,True
1466430916,1.0,1.0,0.921103014474374,False
1466430929,1.0,0.3087477456141232,0.3087477456141232,True
1466430936,1.0,1.0,0.14537088665884934,False
1466431009,1.0,1.0,0.2596761857951442,False
1466431036,1.0,1.0,0.6174231519378945,False
1466431055,1.0,0.23130221042394206,0.23130221042394206,True
1466431145,0.2,0.25672185258113545,0.25672185258113545,True
1466431218,0.2,0.4525082529899823,0.4525082529899823,True
1466431290,0.2,0.2,0.4643710170704224,False
1466431324,0.2,0.7791861618879861,0.7791861618879861,True
1466431400,0.2,0.39710991663708173,0.39710991663708173,True
1466431450,0.2,0.2,0.29051385250640926,False
1466431526,0.2,0.2,0.20023512679787692,False
1466431589,0.2,0.2,0.24549697569417905,False
1466431661,0.2,0.4493027738332763,0.4493027738332763,True
1466431760,0.3,0.3,0.9594589595036672,False
1466431796,0.3,0.5502049793815679,0.5502049793815679,True
1466431848,0.3,0.9018261890880609,0.9018261890880609,True
1466431879,0.3,0.3,0.7115412150916613,False
1466431954,0.3,0.534225877760731,0.534225877760731,True
1466431958,0.3,0.27049787465772457,0.27049787465772457,True
1466432002,0.3,0.3,0.3670834605103983,False
1466432101,0.3,0.8233678245784959,0.8233678245784959,True
1466432177,0.3,0.3,0.45013516129967157,False
1466432194,0.3,0.9310384604951693,0.9310384604951693,True
1466432237,0.3,0.8455763571738186,0.8455763571738186,True
1466432280,0.3,0.07694307969666325,0.07694307969666325,True
1466432373,0.3,0.9760148187006618,0.9760148187006618,True
1466432389,0.3,0.3,0.04385727638468573,False
1466432415,0.3,0.1963490970702848,0.1963490970702848,True
1466432417,0.3,0.3,0.888775650403783,False
1466432506,0.3,0.2996448699540628,0.2996448699540628,True
1466432569,0.3,0.3,0.2094061870334275,False
1466432577,0.3,0.3,0.3467077217603759,False
1466432670,0.3,0.46835542468740554,0.46835542468740554,True
1466432706,0.3,0.3,0.9514468770884446,False
1466432804,0.3,0.06529781083448982,0.06529781083448982,True
1466432853,0.3,0.3,0.25165091905247283,False
1466432947,0.3,0.3,0.6964194331804066,False
1466433040,0.3,0.3,0.4786740487360226,False
1466433128,0.3,0.2621196210108726,0.2621196210108726,True
1466433145,0.3,0.041262405158210225,0.041262405158210225,True
1466433195,0.3,0.3,0.7538592008317742,False
1466433289,0.3,0.3,0.6354057052655011,False
1466433375,0.7,0.7,0.22538877823806136,False
1466433427,0.7,0.7,0.06874423403696539,False
1466433478,0.7,0.8837486186967682,0.8837486186967682,True
1466433517,0.9,0.6893186262084402,0.6893186262084402,True
1466433615,0.9,0.777827780216623,0.777827780216623,True
1466433672,0.9,0.17533066625145954,0.17533066625145954,True
1466433762,0.8,0.8,0.06077851467469986,False
1466433809,0.8,0.3416372561914439,0.3416372561914439,True
1466433873,0.8,0.12599242418096868,0.12599242418096868,True
1466433910,0.8,0.8,0.7390245422800726,False
1466433994,0.8,0.8204102930534899,0.8204102930534899,True
1466434003,0.8,0.42225744024521916,0.42225744024521916,True
1466434045,0.8,0.8,0.9728622644138338,False
1466434096,0.8,0.6216933058139164,0.6216933058139164,True
1466434173,0.4,0.4,0.18466438838494448,False
1466434199,0.4,0.4,0.001912098204578272,False
1466434224,0.4,0.022952351509533453,0.022952351509533453,True
1466434308,0.4,0.9644225882402551,0.9644225882402551,True
1466434359,1.0,1.0,0.4447925620726233,False
1466434371,0.2,0.33619371118864294,0.33619371118864294,True
1466434457,1.0,1.0,0.7813185101836162,False
1466434498,1.0,1.0,0.4617773567914677,False
1466434552,1.0,0.19553551886723064,0.19553551886723064,True
1466434622,1.0,0.523060053027197,0.523060053027197,True
1466434691,1.0,1.0,0.9605251275637391,False
1466434718,1.0,1.0,0.06390194058402843,False
1466434727,1.0,0.15125445082543276,0.15125445082543276,True
1466434815,1.0,1.0,0.6076513018523321,False
1466434892,0.6,0.6,0.5897651374006702,False
1466434915,0.6,0.6,0.7628316231203012,False
1466434946,0.6,0.41496081833578324,0.41496081833578324,True
1466434988,0.6,0.7131869398868842,0.7131869398868842,True
1466435020,0.7,0.406493880946167,0.406493880946167,True
1466435090,0.7,0.14122461904098704,0.14122461904098704,True
1466435099,0.7,0.5809367756799373,0.5809367756799373,True
1466435145,0.7,0.7813464731507631,0.7813464731507631,True
1466435186,0.7,0.4797699967418284,0.4797699967418284,True
1466435246,0.7,0.7,0.061590104983527016,False
1466435284,0.7,0.7,0.26978214394831845,False
1466435327,0.7,0.7,0.7317227968650827,False
1466435369,0.7,0.8103130059876535,0.8103130059876535,True
1466435408,0.7,0.7,0.25319504220440114,False
1466435468,0.7,0.7529875339858078,0.7529875339858078,True
1466435486,0.7,0.7812764760914178,0.7812764760914178,True
1466435555,0.7,0.9903482983073769,0.9903482983073769,True
1466435624,0.7,0.04443792112047962,0.04443792112047962,True
1466435659,0.7,0.5021752156801762,0.5021752156801762,True
1466435682,0.7,0.7,0.048500578547585604,False
1466435712,0.7,0.7,0.13859983879897053,False
1466435794,0.5,0.03755008068961063,0.03755008068961063,True
1466435878,0.5,0.5,0.6236638378410504,False
1466435904,0.5,0.04668296306601294,0.04668296306601294,True
1466435971,0.5,0.036207125434227994,0.036207125434227994,True
1466436041,0.5,0.5,0.06431217864301841,False
1466436059,0.6,0.47948831245446777,0.47948831245446777,True
1466436093,0.8,0.7399473291618871,0.7399473291618871,True
1466436178,0.1,0.766755745657097,0.766755745657097,True
1466436230,0.1,0.1,0.16620219301135575,False
1466436280,0.1,0.1,0.8467824870486617,False
1466436332,0.1,0.4831306630942409,0.4831306630942409,True
1466436333,0.1,0.67764635758726,0.67764635758726,True
1466436431,0.4,0.004511283411449685,0.004511283411449685,True
1466436520,0.4,0.2862503223938335,0.2862503223938335,True
1466436572,0.3,0.3,0.7828708803195755,False
1466436647,0.3,0.5063832361489701,0.5063832361489701,True
1466436655,0.3,0.3,0.7243701925113591,False
1466436727,0.3,0.3,0.24638898179031266,False
1466436793,0.3,0.3,0.38207363162953645,False
1466436879,0.3,0.7019353867544564,0.7019353867544564,True
1466436880,0.3,0.3,0.07758684738700228,False
1466436939,0.3,0.3,0.34864738279499874,False
1466437015,0.3,0.9203404680689238,0.9203404680689238,True
1466437048,0.3,0.769311259827457,0.769311259827457,True
1466437088,0.5,0.512240327758958,0.512240327758958,True
1466437105,0.5,0.5,0.8704772818155233,False
1466437122,0.5,0.3078097952967014,0.3078097952967014,True
1466437160,0.5,0.3661011746631999,0.3661011746631999,True
1466437232,0.5,0.08776595589950398,0.08776595589950398,True
1466437321,0.5,0.5,0.09327461416216343,False
1466437335,0.5,0.5,0.7110754414604586,False
1466437358,0.7,0.7,0.7770104176363613,False
1466437441,0.7,0.7,0.40670198439314353,False
1466437480,0.7,0.7,0.7708455809576064,False
1466437561,0.7,0.7,0.8413345081408599,False
1466437653,0.2,0.2,0.6693695844604737,False
1466437709,0.2,0.6417910918773597,0.6417910918773597,True
1466437798,0.2,0.2,0.26084126602511526,False
1466437869,0.2,0.09302630730080264,0.09302630730080264,True
1466437952,0.2,0.2,0.1127227916807636,False
1466438037,0.2,0.650606095093225,0.650606095093225,True
1466438054,0.5,0.5931649851160539,0.5931649851160539,True
1466438056,0.5,0.5,0.25894192941407124,False
1466438136,0.5,0.5,0.7690689922612475,False
1466438234,0.5,0.5,0.9468853580424534,False
1466438261,0.5,0.6173445601733235,0.6173445601733235,True
1466438348,0.2,0.818136400730711,0.818136400730711,True
1466438407,0.2,0.28429521358711907,0.28429521358711907,True
1466438422,0.2,0.10993356355532913,0.10993356355532913,True
1466438476,0.2,0.2,0.7389716096513818,False
1466438571,0.2,0.6946127501518284,0.6946127501518284,True
1466438612,0.2,0.2,0.4985465431846452,False
1466438620,0.2,0.8819551116522008,0.8819551116522008,True
1466438698,0.2,0.2,0.9232628455228554,False
1466438747,0.2,0.2,0.06642010811606769,False
1466438795,0.3,0.7512736198030057,0.7512736198030057,True
1466438810,0.4,0.4,0.3078901708348929,False
1466438888,0.1,0.49219091937342685,0.49219091937342685,True
1466438975,0.1,0.1,0.5904120921760204,False
1466439000,0.7,0.7,0.9892400587456459,False
1466439092,0.7,0.6487506247955482,0.6487506247955482,True
1466439150,0.7,0.7,0.08349909764695174,False
1466439229,0.7,0.8822107461186218,0.8822107461186218,True
1466439279,0.7,0.32610832187773364,0.32610832187773364,True
1466439328,0.7,0.7,0.683685301628596,False
1466439351,0.1,0.1,0.04594885373032942,False
1466439447,0.4,0.9683105800572462,0.9683105800572462,True
1466439466,0.4,0.4,0.5595334355007607,False
1466439480,0.4,0.10444919011902432,0.10444919011902432,True
1466439560,0.4,0.4,0.08602396932007084,False
1466439600,0.4,0.4,0.1320137706668595,False
1466439645,0.4,0.8201757386867038,0.8201757386867038,True
1466439729,0.4,0.09135149782556629,0.09135149782556629,True
1466439772,0.4,0.4,0.15686238270814323,False
1466439827,0.9,0.9,0.41347504445860805,False
1466439849,0.9,0.9,0.9866045555552755,False
1466439910,0.9,0.5944139104398302,0.5944139104398302,True
1466439990,0.9,0.9,0.504704652517541,False
1466440005,0.9,0.1343670548588618,0.1343670548588618,True
1466440006,0.9,0.5791482693417169,0.5791482693417169,True
1466440045,0.9,0.1709954620370191,0.1709954620370191,True
1466440066,0.9,0.8725154078389599,0.8725154078389599,True
1466440154,0.2,0.2,0.5849864075278651,False
1466440214,0.2,0.2,0.34812052974606733,False
1466440226,0.2,0.9337765284866308,0.9337765284866308,True
1466440304,0.2,0.2,0.43556798171531874,False
1466440385,0.6,0.4092213480840312,0.4092213480840312,True
1466440451,0.6,0.4420466193792537,0.4420466193792537,True
1466440521,0.6,0.22403399294724635,0.22403399294724635,True
1466440581,0.6,0.6,0.32823916811708065,False
1466440674,0.6,0.6682149375863669,0.6682149375863669,True
1466440727,0.7,0.34417832455222586,0.34417832455222586,True
1466440821,0.7,0.7,0.12103699471776941,False
1466440827,0.7,0.9809953687156141,0.9809953687156141,True
1466440897,0.7,0.8488971156728009,0.8488971156728009,True
1466440923,0.7,0.8700192394079711,0.8700192394079711,True
1466441012,0.5,0.37522378657574573,0.37522378657574573,True
1466441049,0.5,0.5,0.7955944424316217,False
1466441147,0.5,0.5,0.865895772187731,False
1466441213,0.5,0.4024410134424299,0.4024410134424299,True
1466441311,0.9,0.9,0.5023150597114022,False
1466441318,0.9,0.1727035170448158,0.1727035170448158,True
1466441418,0.9,0.10320360008055951,0.10320360008055951,True
1466441510,0.9,0.9,0.7927109107256083,False
1466441541,0.9,0.9,0.9527020003268692,False
1466441579,0.6,0.6,0.5036677536352814,False
1466441630,0.6,0.3479826293270173,0.3479826293270173,True
1466441714,0.6,0.2711758315029721,0.2711758315029721,True
1466441724,0.2,0.2,0.6314251123221548,False
1466441741,0.2,0.38953223956164984,0.38953223956164984,True
1466441822,0.2,0.8342655908599544,0.8342655908599544,True
1466441883,0.2,0.2,0.31429088819213635,False
1466441934,0.2,0.2,0.6716989849474008,False
1466441947,0.2,0.8859966080019402,0.8859966080019402,True
1466442046,0.2,0.2,0.7786383565568735,False
1466442137,0.2,0.0707177095392526,0.0707177095392526,True
1466442175,0.3,0.3,0.2927456661102148,False
1466442216,0.5,0.5,0.7332562737567404,False
1466442284,0.5,0.5,0.6762410181677387,False
1466442332,0.5,0.5,0.058325413049624686,False
1466442358,0.5,0.5,0.28729352356927995,False
1466442362,0.5,0.7699359097199423,0.7699359097199423,True
1466442439,0.4,0.7401039978384123,0.7401039978384123,True
1466442490,0.4,0.4,0.4326184595312197,False
1466442498,0.6,0.8270973702202126,0.8270973702202126,True
1466442508,0.6,0.2906334938005747,0.2906334938005747,True
1466442518,0.6,0.6,0.9604423035689962,False
1466442556,0.6,0.6,0.1289979449131169,False
1466442656,0.3,0.9877017328622814,0.9877017328622814,True
1466442662,0.3,0.2767926962355416,0.2767926962355416,True
1466442703,0.9,0.9,0.655048305698034,False
1466442768,0.9,0.5868027616572357,0.5868027616572357,True
1466442788,0.9,0.7839421047592955,0.7839421047592955,True
1466442886,0.9,0.9,0.980310834713799,False
1466442980,0.9,0.06535052820835685,0.06535052820835685,True
1466443000,0.3,0.3,0.807638387686808,False
1466443029,0.3,0.3,0.5813940315798632,False
1466443038,0.3,0.3,0.036817867702473084,False
1466443089,0.9,0.9,0.8372933842115093,False
1466443162,0.9,0.9,0.14598962880075828,False
1466443201,1.0,1.0,0.6153661979339616,False
1466443219,0.9,0.9,0.7613753789475659,False
1466443263,0.2,0.9829939309804484,0.9829939309804484,True
1466443350,0.2,0.2,0.7483600693451309,False
1466443373,0.2,0.9844226517941396,0.9844226517941396,True
1466443392,0.2,0.6294588643241703,0.6294588643241703,True
1466443402,0.2,0.2,0.7499236819681458,False
1466443486,0.2,0.2,0.8485254277128117,False
1466443511,0.9,0.3465682128445522,0.3465682128445522,True
1466443584,0.9,0.8422001983139542,0.8422001983139542,True
1466443677,0.9,0.9,0.31426250008385537,False
1466443725,0.9,0.4512736079348141,0.4512736079348141,True
1466443727,0.8,0.8996188113674792,0.8996188113674792,True
1466443750,0.8,0.8,0.5639382370656121,False
1466443761,0.8,0.8,0.3912394467872242,False
1466443808,0.8,0.9448789426213241,0.9448789426213241,True
1466443861,0.8,0.3792976651552298,0.3792976651552298,True
1466443929,0.8,0.9091457584136402,0.9091457584136402,True
1466443986,0.8,0.104247770921156,0.104247770921156,True
1466444043,0.8,0.31989789976118477,0.31989789976118477,True
1466444110,0.3,0.46899568977537154,0.46899568977537154,True
1466444192,0.3,0.3,0.7919708744396925,False
1466444287,0.3,0.3,0.30565251834348783,False
1466444294,0.3,0.1344594043862828,0.1344594043862828,True
1466444366,0.3,0.2724217459937065,0.2724217459937065,True
1466444466,0.3,0.3,0.23033903273505352,False
1466444505,0.3,0.5622586770697322,0.5622586770697322,True
1466444556,0.3,0.8107364319056077,0.8107364319056077,True
1466444624,0.2,0.2,0.22969142423239786,False
1466444663,0.2,0.2,0.07135411441150974,False
1466444685,0.2,0.2,0.5366800401922815,False
1466444756,0.2,0.2,0.5095431340952847,False
1466444781,0.2,0.976807840909999,0.976807840909999,True
1466444840,0.2,0.7952320416541245,0.7952320416541245,True
1466444854,0.2,0.2,0.5794641006627811,False
1466444860,0.2,0.2,0.29600084609159094,False
1466444959,0.2,0.2,0.4871516116068595,False
1466445058,0.2,0.2,0.8642368717377557,False
1466445107,0.2,0.23801738681048912,0.23801738681048912,True
1466445165,0.2,0.5534107191389914,0.5534107191389914,True
1466445170,0.2,0.09950666311202039,0.09950666311202039,True
1466445173,0.2,0.2,0.8947086760698996,False
1466445247,1.0,1.0,0.32775665121103603,False
1466445305,1.0,0.41378553453651123,0.41378553453651123,True
1466445333,1.0,1.0,0.9673658889597199,False
1466445356,1.0,0.7576235776882243,0.7576235776882243,True
1466445430,1.0,1.0,0.919216798823812,False
1466445491,0.2,0.2,0.5471029836620228,False
1466445497,0.2,0.2,0.025526994396617875,False
1466445514,0.2,0.32906531490141677,0.32906531490141677,True
1466445549,0.2,0.2,0.6280213788773139,False
1466445640,0.2,0.2,0.5657067400731446,False
1466445648,0.2,0.9232207186511232,0.9232207186511232,True
1466445739,0.2,0.8725757535789631,0.8725757535789631,True
1466445814,0.2,0.2,0.32912607900817925,False
1466445879,0.2,0.6301793494487093,0.6301793494487093,True
1466445909,0.2,0.2,0.18347372318115096,False
1466445965,0.2,0.17930176323119063,0.17930176323119063,True
1466446021,0.9,0.9,0.7140022505377802,False
1466446045,0.9,0.9,0.6262433250370892,False
1466446071,0.9,0.20893669607455212,0.20893669607455212,True
1466446120,0.9,0.1291270349037087,0.1291270349037087,True
1466446168,0.9,0.06939266123558341,0.06939266123558341,True
1466446253,0.9,0.9,0.5394960088313243,False
1466446302,0.9,0.9,0.3401071972949985,False
1466446389,0.9,0.6405543984490886,0.6405543984490886,True
1466446404,0.9,0.9,0.3612399925987878,False
1466446494,0.5,0.5,0.5853476033150344,False
1466446594,0.5,0.7935499943984139,0.7935499943984139,True
1466446643,0.8,0.8,0.6159220174225126,False
1466446669,0.8,0.5590518469721107,0.5590518469721107,True
1466446690,0.8,0.8,0.1078971259725311,False
1466446735,0.8,0.19091794929532646,0.19091794929532646,True
1466446766,0.3,0.3,0.1094516316443227,False
1466446852,0.8,0.9125014208347456,0.9125014208347456,True
1466446902,0.8,0.8,0.7195547125574183,False
1466446945,0.8,0.8,0.6963628209617794,False
1466446987,0.8,0.8,0.0015657607975344545,False
1466447036,0.8,0.8,0.18762536277881448,False
1466447112,0.8,0.8,0.11542817651271453,False
1466447129,0.7,0.7,0.5689897055626302,False
1466447189,0.5,0.45596579004233617,0.45596579004233617,True
1466447224,0.5,0.5,0.15758709884189848,False
1466447270,0.5,0.5,0.1442576280509369,False
1466447272,0.5,0.5,0.39113628852751325,False
1466447348,0.5,0.3747648719638037,0.3747648719638037,True
1466447359,0.5,0.7619594943179379,0.7619594943179379,True
1466447388,0.8,0.96533082642139,0.96533082642139,True
1466447390,0.8,0.47024990467689254,0.47024990467689254,True
1466447425,0.8,0.659372803225541,0.659372803225541,True
1466447463,0.8,0.9105593607731025,0.9105593607731025,True
1466447485,0.6,0.6550614802159304,0.6550614802159304,True
1466447545,0.6,0.6,0.23380808524422492,False
1466447553,1.0,0.16426224735203732,0.16426224735203732,True
1466447554,1.0,0.12008455218566227,0.12008455218566227,True
1466447573,0.3,0.3,0.07665008876347834,False
1466447634,0.3,0.3,0.9385502390280859,False
1466447695,0.3,0.4752373845915764,0.4752373845915764,True
1466447762,0.3,0.3537335834519376,0.3537335834519376,True
1466447844,0.3,0.3,0.4538631531891413,False
1466447885,0.3,0.3,0.6824623028442415,False
1466447943,0.3,0.19761341458917125,0.19761341458917125,True
1466447956,0.9,0.9,0.799757874817214,False
1466448041,0.9,0.9,0.8989354373749248,False
1466448140,0.9,0.9,0.9758680977821275,False
1466448215,0.8,0.8,0.8762683325608599,False
1466448270,0.8,0.8,0.3202421182860795,False
1466448302,0.8,0.8,0.3615650563641344,False
1466448368,0.8,0.34363121501401317,0.34363121501401317,True
1466448422,0.8,0.8,0.47395209507558533,False
1466448517,0.8,0.522795244228074,0.522795244228074,True
1466448614,0.8,0.8,0.92456607543233,False
1466448701,0.8,0.1361742231385954,0.1361742231385954,True
1466448743,0.3,0.3,0.9561340819217773,False
1466448805,0.5,0.026364872538879647,0.026364872538879647,True
1466448844,0.5,0.5,0.031520798578608455,False
1466448896,0.4,0.4,0.7754629971524534,False
1466448984,0.4,0.4067250960937495,0.4067250960937495,True
1466449031,0.9,0.20426015141381437,0.20426015141381437,True
1466449045,0.9,0.2562434993067447,0.2562434993067447,True
1466449099,0.5,0.2179535521924113,0.2179535521924113,True
1466449171,0.5,0.5,0.025126523955688485,False
1466449261,0.3,0.9095379324809495,0.9095379324809495,True
1466449280,0.3,0.7104226928578832,0.7104226928578832,True
1466449359,0.3,0.9568365709969687,0.9568365709969687,True
1466449442,0.5,0.6013649815980511,0.6013649815980511,True
1466449496,0.5,0.9208602991738158,0.9208602991738158,True
1466449537,0.5,0.03677466059356127,0.03677466059356127,True
1466449555,0.5,0.04798449928306325,0.04798449928306325,True
1466449629,0.5,0.7198863375803584,0.7198863375803584,True
1466449635,0.5,0.8503321373944165,0.8503321373944165,True
1466449721,0.5,0.5,0.8521620993351138,False
1466449772,0.5,0.5,0.5207931823361266,False
1466449872,0.5,0.5026702773848769,0.5026702773848769,True
1466449873,0.9,0.017092861829377193,0.017092861829377193,True
1466449884,0.9,0.9,0.7232807262825706,False
1466449937,0.9,0.9,0.7131004406060235,False
1466449953,0.9,0.8198616736929243,0.8198616736929243,True
1466449959,0.9,0.9,0.1788369518530183,False
1466449961,0.9,0.9,0.7276583095391087,False
1466450018,0.9,0.9,0.8694403415125939,False
1466450075,0.9,0.9,0.2843771220346205,False
1466450150,0.9,0.9506900162668085,0.9506900162668085,True
1466450177,0.2,0.845440696650819,0.845440696650819,True
1466450255,0.2,0.6170864075899349,0.6170864075899349,True
1466450343,0.6,0.1504158402431779,0.1504158402431779,True
1466450348,0.6,0.6,0.8527229681085388,False
1466450401,0.6,0.6871354395637762,0.6871354395637762,True
1466450433,0.6,0.6,0.4403088183867604,False
1466450507,0.6,0.6,0.9804569294893172,False
1466450536,0.6,0.6,0.2623766979227081,False
1466450627,0.6,0.9387437139388441,0.9387437139388441,True
1466450723,0.6,0.6,0.10250383212369596,False
1466450817,0.6,0.4075752611665563,0.4075752611665563,True
1466450900,0.6,0.7505023041054474,0.7505023041054474,True
1466450902,0.8,0.11566926441184733,0.11566926441184733,True
1466450971,0.8,0.8,0.5969295457350189,False
1466451016,0.8,0.8,0.5220122140834238,False
1466451023,0.8,0.032324747103444795,0.032324747103444795,True
1466451073,0.8,0.15695056344962832,0.15695056344962832,True
1466451166,0.8,0.11601800859698763,0.11601800859698763,True
1466451231,0.8,0.22392819007740372,0.22392819007740372,True
1466451245,0.8,0.8,0.06745266110669235,False
1466451293,0.8,0.8,0.5739766303776405,False
1466451295,0.8,0.8,0.3158024321347015,False
1466451378,0.8,0.8,0.06354126207938626,False
1466451445,0.8,0.62109616513046,0.62109616513046,True
1466451508,0.8,0.8,0.21600242460765862,False
1466451599,0.8,0.8,0.8084432247824412,False
1466451686,0.8,0.6237263109976281,0.6237263109976281,True
1466451761,0.8,0.8,0.22330931816717625,False
1466451857,0.8,0.8333895442780791,0.8333895442780791,True
1466451909,0.8,0.762867008726555,0.762867008726555,True
1466451919,0.2,0.7774233340932972,0.7774233340932972,True
1466452006,0.2,0.2,0.21502871615028973,False
1466452035,0.2,0.2,0.6690303559884394,False
1466452039,0.2,0.2,0.1664378630966964,False
1466452104,0.4,0.4,0.7530833746833062,False
1466452167,0.4,0.4,0.9851593450840633,False
1466452238,0.4,0.3172083735653254,0.3172083735653254,True
1466452313,0.4,0.4,0.7293516502043754,False
1466452339,1.0,1.0,0.1982617655032458,False
1466452419,1.0,0.09893930647803362,0.09893930647803362,True
1466452424,1.0,0.5987546313990033,0.5987546313990033,True
1466452435,1.0,1.0,0.18364153475109635,False
1466452531,1.0,0.7291396207035907,0.7291396207035907,True
1466452584,1.0,0.3715247485043853,0.3715247485043853,True
1466452625,1.0,1.0,0.10783725654994403,False
1466452676,1.0,0.04553235738919148,0.04553235738919148,True
1466452752,1.0,0.8849009593197493,0.8849009593197493,True
1466452796,1.0,1.0,0.8354798795906588,False
1466452825,1.0,0.012953673594385817,0.012953673594385817,True
1466452860,1.0,0.25929627010828027,0.25929627010828027,True
1466452960,1.0,1.0,0.9795897088202478,False
1466452979,1.0,1.0,0.7481592138403401,False
1466453002,1.0,1.0,0.809571239334539,False
1466453016,1.0,0.6319317740775686,0.6319317740775686,True
1466453025,1.0,1.0,0.011607456877623878,False
1466453089,1.0,0.028156512885288754,0.028156512885288754,True
1466453141,1.0,1.0,0.30004139549606446,False
1466453154,1.0,0.4377459412985931,0.4377459412985931,True
1466453184,0.2,0.5499116300016799,0.5499116300016799,True
1466453202,0.2,0.33109702311021694,0.33109702311021694,True
1466453203,0.2,0.2,0.8819633115040855,False
1466453222,0.2,0.2,0.6935803611834356,False
1466453321,0.2,0.6491037800558609,0.6491037800558609,True
1466453379,0.3,0.6056325970230477,0.6056325970230477,True
1466453392,0.3,0.6248601236622893,0.6248601236622893,True
1466453422,0.3,0.3,0.8262102118859601,False
1466453502,0.3,0.3,0.13028678268502925,False
1466453518,0.8,0.604713183538223,0.604713183538223,True
1466453563,0.8,0.8145656911804254,0.8145656911804254,True
1466453604,0.8,0.8,0.1720237770551133,False
1466453639,0.8,0.10548597849930141,0.10548597849930141,True
1466453705,0.8,0.8,0.4429812861341893,False
1466453795,0.1,0.1,0.5745352522981234,False
1466453816,0.1,0.1,0.8775831044105991,False
1466453870,0.1,0.1,0.45377288703301444,False
1466453910,0.4,0.4,0.8928023555288049,False
1466454002,0.4,0.9755019474761814,0.9755019474761814,True
1466454051,0.4,0.4,0.8143468393360289,False
1466454087,0.4,0.7599485109464628,0.7599485109464628,True
1466454129,0.4,0.4,0.31992680119678185,False
1466454227,0.2,0.2,0.8429596378962003,False
1466454259,0.2,0.2,0.25633992145562334,False
1466454262,0.2,0.2,0.36056456272060455,False
1466454298,0.2,0.5804554352513258,0.5804554352513258,True
1466454388,0.2,0.2,0.5440401540304459,False
1466454399,0.2,0.10445671966911863,0.10445671966911863,True
1466454473,0.2,0.21414040688274305,0.21414040688274305,True
1466454529,0.2,0.2,0.7356556626593111,False
1466454559,0.2,0.2,0.8132415736274631,False
1466454648,0.2,0.2,0.8455066440306389,False
1466454745,0.2,0.2,0.8646152765801497,False
1466454763,0.2,0.17890165492321564,0.17890165492321564,True
1466454851,0.2,0.2,0.6654156122384799,False
1466454936,0.2,0.3734371701855732,0.3734371701855732,True
1466454949,0.2,0.6238998246322319,0.6238998246322319,True
1466455032,0.2,0.2,0.7978246318510663,False
1466455065,0.2,0.2,0.34041841899785497,False
1466455119,0.2,0.6347239055200379,0.6347239055200379,True
1466455172,0.2,0.2,0.7020318868662163,False
1466455196,0.1,0.8072596621152242,0.8072596621152242,True
1466455271,1.0,1.0,0.5309228136265614,False
1466455357,1.0,1.0,0.6395321210686044,False
1466455361,1.0,1.0,0.09485526806328193,False
1466455394,1.0,1.0,0.022141374268126124,False
1466455475,1.0,0.21823674222674128,0.21823674222674128,True
1466455497,1.0,1.0,0.19540016305889796,False
1466455561,1.0,0.1499916438922868,0.1499916438922868,True
1466455575,1.0,0.6881349505137794,0.6881349505137794,True
1466455587,1.0,0.33071991744912665,0.33071991744912665,True
1466455651,1.0,1.0,0.9174999461701993,False
1466455658,1.0,0.8761235561806103,0.8761235561806103,True
1466455732,1.0,1.0,0.4154888378701478,False
1466455812,0.8,0.6842839884165814,0.6842839884165814,True
1466455910,0.8,0.8034523400926695,0.8034523400926695,True
1466455951,0.8,0.7856393368298966,0.7856393368298966,True
1466455999,0.8,0.47520308858526716,0.47520308858526716,True
1466456054,0.8,0.8,0.17594678323123125,False
1466456058,0.9,0.9,0.4222172474038868,False
1466456074,0.9,0.9,0.25065153444076194,False
1466456088,0.9,0.9,0.7376696153645139,False
1466456118,0.9,0.9,0.8561776495120408,False
1466456218,0.9,0.9,0.8644736492865901,False
1466456265,0.9,0.9,0.36607571680070616,False
1466456270,0.9,0.2566484460679095,0.2566484460679095,True
1466456312,0.9,0.21850365450480835,0.21850365450480835,True
1466456346,0.9,0.9975923898620885,0.9975923898620885,True
1466456374,0.9,0.9,0.5681310774807515,False
1466456406,0.9,0.9,0.9486923378959655,False
1466456482,0.9,0.8587424571007811,0.8587424571007811,True
1466456512,0.9,0.9,0.18190329873939437,False
1466456610,0.9,0.9,0.5703761891312213,False
1466456683,0.9,0.5171299504898197,0.5171299504898197,True
1466456768,0.9,0.8503480833605287,0.8503480833605287,True
1466456856,0.9,0.9,0.09043324490687754,False
1466456927,0.9,0.5949534658315294,0.5949534658315294,True
1466457014,0.9,0.9,0.6458769162083949,False
1466457032,0.9,0.16486844050565042,0.16486844050565042,True
1466457067,0.5,0.05910996169956362,0.05910996169956362,True
1466457157,0.1,0.4017779722309286,0.4017779722309286,True
1466457215,0.1,0.6951830490120003,0.6951830490120003,True
1466457267,0.1,0.4279977547823124,0.4279977547823124,True
1466457357,0.1,0.1,0.9967144702188873,False
1466457434,0.1,0.01566425888828482,0.01566425888828482,True
1466457487,0.1,0.7356867182431408,0.7356867182431408,True
1466457559,0.3,0.03706008196433608,0.03706008196433608,True
1466457603,0.3,0.3,0.7417077636078693,False
1466457671,0.8,0.8,0.7068036983322317,False
1466457713,0.8,0.8,0.38965023079398575,False
1466457745,0.8,0.9235448455160267,0.9235448455160267,True
1466457782,0.8,0.8685106392468738,0.8685106392468738,True
1466457802,0.8,0.8,0.585797089183018,False
1466457817,0.8,0.8,0.44518566085181877,False
1466457865,0.8,0.6555136453992886,0.6555136453992886,True
1466457884,0.8,0.8,0.6557536729574711,False
1466457885,0.8,0.3383408662523074,0.3383408662523074,True
1466457917,0.8,0.5509932244788623,0.5509932244788623,True
1466457973,0.8,0.539865690413972,0.539865690413972,True
1466458045,0.6,0.6,0.7289850730527563,False
1466458135,0.6,0.6,0.09357457529928759,False
1466458151,0.6,0.6,0.20758815236841666,False
1466458230,0.2,0.2,0.2566346517611129,False
1466458324,0.2,0.8411809677541507,0.8411809677541507,True
1466458362,0.2,0.2,0.6913616334416652,False
1466458438,0.2,0.954654957093631,0.954654957093631,True
1466458454,0.2,0.7476160426833611,0.7476160426833611,True
1466458496,0.2,0.42740723508581724,0.42740723508581724,True
1466458509,0.2,0.2,0.5766224261471771,False
1466458580,0.2,0.2,0.4985512243348814,False
1466458590,0.2,0.8284323286604983,0.8284323286604983,True
1466458626,0.2,0.85575953096109,0.85575953096109,True
1466458642,0.2,0.23282695677162524,0.23282695677162524,True
1466458665,0.2,0.2,0.26979863738184473,False
1466458694,0.2,0.2,0.8266155094422175,False
1466458762,0.2,0.029580278984988384,0.029580278984988384,True
1466458793,0.2,0.2,0.035153905561641996,False
1466458824,0.2,0.2,0.9307522244685775,False
1466458906,0.2,0.2,0.016444963639595134,False
1466458982,0.2,0.2,0.810517552447194,False
1466459068,0.2,0.8191637463396165,0.8191637463396165,True
1466459159,0.4,0.5253139315665075,0.5253139315665075,True
1466459184,0.4,0.4,0.9250275345692454,False
1466459273,0.6,0.6,0.3592385825719355,False
1466459372,0.4,0.4,0.27472267880147605,False
1466459415,0.4,0.4,0.48456363711174677,False
1466459483,0.4,0.4,0.5807575089221491,False
1466459504,0.4,0.616505135938883,0.616505135938883,True
1466459588,0.4,0.4,0.9804951382346051,False
1466459595,0.4,0.4,0.25358203996536144,False
1466459673,0.4,0.4,0.6284856861923218,False
1466459726,0.4,0.589447735433383,0.589447735433383,True
1466459800,0.4,0.3822950497947102,0.3822950497947102,True
1466459857,0.3,0.3,0.07624541135967344,False
1466459887,0.6,0.646657657234137,0.646657657234137,True
1466459913,0.6,0.6,0.5467364986705565,False
1466459974,0.6,0.6,0.9215547042389153,False
1466459995,0.6,0.4280640507184956,0.4280640507184956,True
1466460001,0.6,0.9122543337441633,0.9122543337441633,True
1466460054,0.6,0.6,0.44785282803609405,False
1466460130,0.6,0.16923899372488072,0.16923899372488072,True
1466460215,0.2,0.24780946865128484,0.24780946865128484,True
1466460252,0.2,0.6358632967553901,0.6358632967553901,True
1466460272,0.2,0.5725062081819512,0.5725062081819512,True
1466460346,0.2,0.2,0.009059660789046187,False
1466460440,0.2,0.2,0.9036505143665736,False
1466460461,0.2,0.2,0.950704556929175,False
1466460528,0.2,0.2,0.36480711024081436,False
1466460610,0.2,0.19187254220322514,0.19187254220322514,True
1466460630,0.2,0.2,0.15869982267316696,False
1466460691,0.2,0.9807991402494409,0.9807991402494409,True
1466460706,0.1,0.7484490060510117,0.7484490060510117,True
1466460739,0.1,0.8319758957559301,0.8319758957559301,True
1466460765,0.1,0.16438269678459583,0.16438269678459583,True
1466460795,0.1,0.7515955561829955,0.7515955561829955,True
1466460877,0.1,0.1,0.38674347276058096,False
1466460973,0.1,0.8107782903240718,0.8107782903240718,True
1466461009,0.1,0.1,0.07300769881414615,False
1466461027,0.1,0.07283968434037247,0.07283968434037247,True
1466461032,0.1,0.1,0.5463709457814251,False
1466461096,0.1,0.1,0.860414772939886,False
1466461169,0.1,0.1,0.9241626364079968,False
1466461256,0.1,0.08211000611802721,0.08211000611802721,True
1466461351,0.1,0.7041581119599547,0.7041581119599547,True
1466461451,0.1,0.7953693211655282,0.7953693211655282,True
1466461531,0.3,0.3,0.27297092985428595,False
1466461568,0.3,0.3,0.7088220288268527,False
1466461583,0.3,0.3,0.8838545123600065,False
1466461647,0.9,0.118915205756709,0.118915205756709,True
1466461703,0.9,0.9,0.3947107237459856,False
1466461794,0.9,0.01789751178338783,0.01789751178338783,True
1466461813,0.3,0.9011551980848524,0.9011551980848524,True
1466461910,0.8,0.4969858091303577,0.4969858091303577,True
1466461988,0.5,0.5,0.24637368529272308,False
1466462056,0.5,0.5,0.26023507967147275,False
1466462101,0.5,0.7427001355841456,0.7427001355841456,True
1466462155,0.5,0.5,0.18141472285776294,False
1466462215,0.5,0.5,0.8764302615129227,False
1466462278,1.0,0.8080618933311696,0.8080618933311696,True
1466462368,0.8,0.2950610699980232,0.2950610699980232,True
1466462412,0.8,0.8,0.9529790890980032,False
1466462512,0.8,0.8,0.12453227076228746,False
1466462594,0.8,0.5874200945366004,0.5874200945366004,True
1466462671,0.4,0.4,0.21658914263547047,False
1466462716,0.7,0.701182547657608,0.701182547657608,True
1466462746,0.9,0.20827664898952425,0.20827664898952425,True
1466462782,0.9,0.9,0.12205189773252345,False
1466462820,0.9,0.8510667372501397,0.8510667372501397,True
1466462833,0.9,0.9,0.6818637250888802,False
1466462842,0.9,0.9,0.9825965022088317,False
1466462850,0.9,0.3516217993700389,0.3516217993700389,True
1466462941,0.9,0.9,0.5027843662199074,False
1466463026,0.9,0.07211198671727925,0.07211198671727925,True
1466463117,0.7,0.7,0.826734769192984,False
1466463139,0.7,0.7,0.29427283613741306,False
