1466410104,126.6,149.65538255377663,149.65538255377663,True
1466410114,126.6,126.6,159.76125836635805,False
1466410130,126.6,126.6,153.21347317547975,False
1466410181,126.6,126.6,124.6191826953476,False
1466410203,126.6,121.31411857378909,121.31411857378909,True
1466410250,126.6,121.33221284074196,121.33221284074196,True
1466410309,126.6,126.6,141.38109480673273,False
1466410397,126.6,126.6,137.59779316555338,False
1466410430,126.6,123.0091959737121,123.0091959737121,True
1466410469,126.6,144.97950299485254,144.97950299485254,True
1466410483,126.6,153.27714912827386,153.27714912827386,True
1466410498,134.1,134.1,146.8530297411114,False
1466410502,134.1,120.37578892190366,120.37578892190366,True
1466410532,134.1,134.1,121.28002267114171,False
1466410541,140.0,147.80367032984887,147.80367032984887,True
1466410573,140.0,140.0,145.78607854396128,False
1466410630,140.0,159.16969720978386,159.16969720978386,True
1466410653,140.0,140.0,159.2214087340518,False
1466410746,140.0,140.0,123.9616825330267,False
1466410814,140.0,149.22315688608018,149.22315688608018,True
1466410890,140.0,146.61570272207038,146.61570272207038,True
1466410902,140.0,150.61811417352482,150.61811417352482,True
1466410978,140.0,158.07971844634562,158.07971844634562,True
1466411008,140.0,140.0,127.83067015250246,False
1466411066,140.0,148.3509516807415,148.3509516807415,True
1466411094,140.0,141.5597702750348,141.5597702750348,True
1466411157,141.0,145.77597294652819,145.77597294652819,True
1466411223,137.7,137.7,144.17907955530424,False
1466411226,137.7,137.7,136.03399192618846,False
1466411272,137.7,137.7,137.70325230580605,False
1466411303,133.3,141.46199227085393,141.46199227085393,True
1466411318,133.3,142.0572893311868,142.0572893311868,True
1466411396,133.3,152.5999507151658,152.5999507151658,True
1466411493,133.3,153.5981565872608,153.5981565872608,True
1466411549,133.3,152.75428869795655,152.75428869795655,True
1466411560,133.3,133.3,148.65780201371683,False
1466411626,130.8,135.34482211516647,135.34482211516647,True
1466411723,130.8,130.8,144.55677360388972,False
1466411763,123.7,123.7,121.00593823678952,False
1466411785,123.7,150.89269495556042,150.89269495556042,True
1466411854,126.4,126.4,141.80828225805362,False
1466411889,126.4,126.4,125.577732840347,False
1466411988,126.4,126.4,148.94642592021407,False
1466412022,117.6,117.6,141.8263811736063,False
1466412046,117.6,117.6,131.57691000796967,False
1466412076,117.6,126.84644374609307,126.84644374609307,True
1466412152,117.6,117.6,122.0571586599041,False
1466412181,117.6,152.7511427226736,152.7511427226736,True
1466412201,117.6,117.6,121.52740751913045,False
1466412260,123.5,123.5,133.36830284369447,False
1466412347,123.5,120.75917205025496,120.75917205025496,True
1466412360,128.8,159.97434860831362,159.97434860831362,True
1466412438,128.8,128.8,135.30185529228763,False
1466412521,136.0,132.99896525638016,132.99896525638016,True
1466412599,136.0,136.0,129.75616089066585,False
1466412639,136.0,146.6219043129994,146.6219043129994,True
1466412691,136.0,153.28069553983022,153.28069553983022,True
1466412747,136.0,136.0,146.5326490945005,False
1466412794,136.0,150.06973890814518,150.06973890814518,True
1466412819,136.0,127.6186844869098,127.6186844869098,True
1466412832,140.8,140.8,120.7067214669155,False
1466412874,149.2,138.83331348074427,138.83331348074427,True
1466412943,143.2,143.2,120.69050236206213,False
1466412971,143.2,143.2,147.24170035536855,False
1466412990,143.9,143.9,142.81758619747578,False
1466413028,143.9,149.6992959532851,149.6992959532851,True
1466413053,143.9,147.12294928242014,147.12294928242014,True
1466413125,150.3,125.47360172953006,125.47360172953006,True
1466413200,150.3,123.26134791046933,123.26134791046933,True
1466413264,150.3,158.7887628771187,158.7887628771187,True
1466413311,141.0,141.0,158.9378257046968,False
1466413342,141.0,141.0,139.3879424780728,False
1466413440,141.0,141.0,129.33548325492814,False
1466413458,143.8,147.74689023998633,147.74689023998633,True
1466413529,143.8,146.3661308655224,146.3661308655224,True
1466413542,143.8,134.11707708296413,134.11707708296413,True
1466413638,143.8,131.08349793920493,131.08349793920493,True
1466413672,143.8,140.72915435322707,140.72915435322707,True
1466413733,143.8,143.8,131.59214097643815,False
1466413779,143.8,143.8,120.2011449336954,False
1466413780,143.8,140.2575335559729,140.2575335559729,True
1466413864,143.8,143.8,149.30518692216134,False
1466413885,143.8,149.42129450378934,149.42129450378934,True
1466413946,143.8,153.6306167042186,153.6306167042186,True
1466414033,147.7,147.7,124.76059878488275,False
1466414071,147.7,145.06321418043456,145.06321418043456,True
1466414164,147.7,138.55116199826773,138.55116199826773,True
1466414225,147.7,136.60098178687664,136.60098178687664,True
1466414312,147.7,147.7,122.71589458793633,False
1466414325,155.1,155.1,144.59623187946778,False
1466414328,155.1,155.1,128.9443756871566,False
1466414329,155.1,135.39524874490462,135.39524874490462,True
1466414402,163.4,163.4,131.73819499281285,False
1466414407,160.8,145.2634292064512,145.2634292064512,True
1466414413,160.8,123.03451171828341,123.03451171828341,True
1466414460,160.8,160.8,142.1983658688126,False
1466414552,160.8,147.66525845101708,147.66525845101708,True
1466414602,160.8,122.53684844115234,122.53684844115234,True
1466414662,160.8,160.8,139.86696160192156,False
1466414746,160.8,160.8,128.81162693896135,False
1466414844,160.8,160.8,131.853639966246,False
1466414943,159.0,159.0,152.94202552826525,False
1466414946,159.0,159.0,149.03699277128854,False
1466414966,159.0,159.0,123.51883070499153,False
1466415038,154.9,154.9,151.65553356074645,False
1466415106,154.9,135.04077027664133,135.04077027664133,True
1466415130,154.9,154.9,140.26440694614118,False
1466415145,154.9,127.03679209547572,127.03679209547572,True
1466415202,149.8,133.65409453471196,133.65409453471196,True
1466415239,149.8,149.8,129.368303954601,False
1466415249,149.8,149.8,129.5727898520008,False
1466415308,149.8,149.8,133.18250173472677,False
1466415357,149.8,149.8,127.51864184021292,False
1466415404,149.8,149.8,130.82143594819652,False
1466415469,149.8,149.8,135.66906545130186,False
1466415548,149.8,149.8,146.98137387976732,False
1466415588,149.8,149.8,143.45439244393282,False
1466415627,149.8,149.8,156.51654890383668,False
1466415719,149.8,137.97804532745087,137.97804532745087,True
1466415767,149.8,149.8,144.2587835785289,False
1466415860,149.8,149.8,143.5619391456088,False
1466415872,145.4,145.4,132.0397116700942,False
1466415914,145.4,128.3165561713503,128.3165561713503,True
1466415934,145.4,141.12438463962962,141.12438463962962,True
1466415988,146.5,121.8483047926034,121.8483047926034,True
1466416004,146.5,146.5,143.59998046102788,False
1466416050,146.5,159.5018373903445,159.5018373903445,True
1466416150,146.5,124.75733533504904,124.75733533504904,True
1466416161,146.5,146.5,138.53625420585138,False
1466416215,146.5,146.5,146.38654209167166,False
1466416315,146.5,146.5,147.12631073301796,False
1466416321,146.5,146.5,156.8844722231695,False
1466416393,146.5,146.5,152.54880553694414,False
1466416440,146.5,124.55610127058802,124.55610127058802,True
1466416510,146.5,152.14771242424325,152.14771242424325,True
1466416541,146.5,146.5,128.35818163270648,False
1466416631,146.5,146.5,145.0269153357262,False
1466416671,146.5,146.5,125.09731846766344,False
1466416725,146.5,146.5,148.74723474809605,False
1466416815,146.5,146.5,147.32362852220461,False
1466416867,146.5,139.6521376265364,139.6521376265364,True
1466416933,146.5,149.86681838135954,149.86681838135954,True
1466416963,146.5,159.1492831580654,159.1492831580654,True
1466417034,146.5,159.80784990386672,159.80784990386672,True
1466417069,146.5,157.46527359120472,157.46527359120472,True
1466417095,146.5,136.17199817920456,136.17199817920456,True
1466417123,146.5,146.5,122.56292897099465,False
1466417219,146.5,146.5,133.0616140602985,False
1466417228,146.5,155.52097675424596,155.52097675424596,True
1466417235,147.0,143.50571676022008,143.50571676022008,True
1466417266,147.0,147.0,149.67053303762086,False
1466417298,144.2,144.2,153.38781059460982,False
1466417382,150.2,145.03833136774418,145.03833136774418,True
1466417429,150.2,150.3561932768751,150.3561932768751,True
1466417434,150.2,124.38560157307197,124.38560157307197,True
1466417513,148.0,147.17077143884308,147.17077143884308,True
1466417598,148.0,148.0,120.76983559007812,False
1466417615,148.0,148.0,136.1464278675707,False
1466417654,148.0,132.353135483435,132.353135483435,True
1466417749,148.0,123.64020680148892,123.64020680148892,True
1466417763,148.0,130.1177914221405,130.1177914221405,True
1466417822,148.0,148.0,140.0621102610341,False
1466417851,148.0,148.0,142.84547981333108,False
1466417855,148.0,128.6948049206136,128.6948049206136,True
1466417879,148.0,148.0,135.7023692147332,False
1466417895,138.5,147.87285718100696,147.87285718100696,True
1466417969,138.5,122.62217370618862,122.62217370618862,True
1466418049,138.5,138.5,129.9470902018943,False
1466418118,138.5,138.5,156.30129597194758,False
1466418129,138.5,138.5,120.38600170942728,False
1466418179,138.5,138.5,151.60639854719759,False
1466418254,138.5,138.5,126.13692366013086,False
1466418332,140.6,140.6,123.99624648271093,False
1466418428,140.6,157.69793949315613,157.69793949315613,True
1466418494,138.0,135.00375304672787,135.00375304672787,True
1466418554,138.0,128.7980070753112,128.7980070753112,True
1466418563,138.0,138.0,126.05197261607753,False
1466418564,138.0,138.0,157.87275636222643,False
1466418594,138.0,138.0,157.4955644343757,False
1466418674,138.0,140.07148124006778,140.07148124006778,True
1466418748,138.0,156.20970679259955,156.20970679259955,True
1466418847,137.4,127.86862584351783,127.86862584351783,True
1466418877,137.4,137.4,140.89819975259667,False
1466418917,129.5,141.26595067783992,141.26595067783992,True
1466418938,129.5,129.5,136.78255759227255,False
1466419031,120.6,120.6,144.95644601886866,False
1466419058,130.4,130.4,123.63803874617251,False
1466419104,130.4,130.4,155.7951512894948,False
1466419166,130.4,130.4,129.69251153457495,False
1466419261,130.4,130.4,136.3035476595034,False
1466419349,130.4,131.2963557001823,131.2963557001823,True
1466419442,130.4,130.4,158.59365951675193,False
1466419530,130.4,130.4,154.33663776185927,False
1466419595,130.4,125.79054546650383,125.79054546650383,True
1466419646,130.4,145.73287900063963,145.73287900063963,True
1466419737,130.4,156.25760957652028,156.25760957652028,True
1466419826,140.3,140.3,130.53865588227603,False
1466419880,140.3,140.3,143.7954922743138,False
1466419911,140.3,139.80392155502892,139.80392155502892,True
1466419938,150.0,135.42661919913536,135.42661919913536,True
1466420016,150.0,127.97827827280263,127.97827827280263,True
1466420019,150.0,150.0,159.05163874807764,False
1466420108,150.0,159.4329502346191,159.4329502346191,True
1466420205,150.0,150.0,138.07781061594437,False
1466420228,150.0,120.73464750592248,120.73464750592248,True
1466420257,150.0,138.81997393459451,138.81997393459451,True
1466420270,139.9,130.17117328748273,130.17117328748273,True
1466420296,139.9,139.9,156.28058316268294,False
1466420331,139.9,159.97642962432394,159.97642962432394,True
1466420407,139.9,158.46250282670962,158.46250282670962,True
1466420430,150.2,150.2,152.33765006382038,False
1466420453,140.1,140.1,159.20108973858032,False
1466420474,140.1,127.78782224109509,127.78782224109509,True
1466420566,140.1,149.73182692353532,149.73182692353532,True
1466420579,140.1,140.1,130.0808665633343,False
1466420618,140.1,140.1,156.19428470078836,False
1466420624,140.1,140.1,140.45245668663574,False
1466420643,140.1,140.1,122.40224915600041,False
1466420695,140.1,140.1,134.195559272024,False
1466420788,140.1,159.60594255118727,159.60594255118727,True
1466420863,140.1,136.9631742936912,136.9631742936912,True
1466420947,140.1,153.90232348893258,153.90232348893258,True
1466421003,140.1,136.65599172842474,136.65599172842474,True
1466421032,140.1,122.89577402120287,122.89577402120287,True
1466421050,140.1,154.5691230444819,154.5691230444819,True
1466421116,140.1,140.1,154.19923029420912,False
1466421208,140.1,140.1,142.75270316774578,False
1466421234,140.1,140.1,121.7815014195497,False
1466421262,140.1,126.29064147457436,126.29064147457436,True
1466421353,140.1,140.1,140.8384339107531,False
1466421360,140.1,140.1,148.0464636571552,False
1466421392,140.1,124.70990536259518,124.70990536259518,True
1466421480,140.1,140.70842407753872,140.70842407753872,True
1466421530,140.1,140.1,146.9738200825335,False
1466421547,140.1,137.43261347814862,137.43261347814862,True
1466421591,149.5,126.4016515821012,126.4016515821012,True
1466421633,149.5,149.5,133.0211192210789,False
1466421636,149.5,149.5,138.6759855595061,False
1466421670,149.5,133.6039389362255,133.6039389362255,True
1466421695,149.5,158.62083141463063,158.62083141463063,True
1466421721,149.5,149.5,139.5804234875842,False
1466421804,149.5,142.9115286767593,142.9115286767593,True
1466421819,149.5,128.13047755109065,128.13047755109065,True
1466421862,149.5,149.5,153.05134743927292,False
1466421885,144.6,144.6,141.0038059142626,False
1466421936,144.6,122.75946805756104,122.75946805756104,True
1466422012,144.6,154.5172074015853,154.5172074015853,True
1466422044,144.6,144.6,141.97515189644503,False
1466422045,144.6,144.6,156.46079988971172,False
1466422137,144.6,145.27844544423996,145.27844544423996,True
1466422162,144.6,144.6,134.58826329766222,False
1466422189,144.6,137.05511761354046,137.05511761354046,True
1466422197,144.6,144.6,153.1740874202403,False
1466422264,152.5,149.11382997823102,149.11382997823102,True
1466422330,152.5,152.5,142.18212684202717,False
1466422378,152.5,124.25163864569365,124.25163864569365,True
1466422432,152.5,155.9378671457324,155.9378671457324,True
1466422488,157.5,120.71100776998051,120.71100776998051,True
1466422577,157.5,157.5,131.70807072091185,False
1466422628,164.8,152.89141253504334,152.89141253504334,True
1466422638,164.8,164.8,157.45725984536546,False
1466422666,164.8,164.8,150.34791500936277,False
1466422706,162.1,162.1,130.46491750755249,False
1466422731,162.1,162.1,147.40710173053156,False
1466422804,162.1,128.47417490720366,128.47417490720366,True
1466422866,162.1,131.28512812137916,131.28512812137916,True
1466422873,156.7,144.9854331677453,144.9854331677453,True
1466422895,156.7,144.89696398156815,144.89696398156815,True
1466422953,156.8,156.8,159.2879461850825,False
1466422973,156.8,156.8,133.54741346508075,False
1466423017,156.8,126.6508494726259,126.6508494726259,True
1466423051,151.2,152.28649087528385,152.28649087528385,True
1466423099,151.2,123.06285107724221,123.06285107724221,True
1466423150,151.2,123.29545330901891,123.29545330901891,True
1466423155,151.2,135.8702664121034,135.8702664121034,True
1466423168,151.2,151.2,135.65231897151713,False
1466423205,151.2,151.2,150.86893859733,False
1466423275,151.2,151.6122445914161,151.6122445914161,True
1466423287,151.2,120.39942887980074,120.39942887980074,True
1466423336,151.2,151.2,128.46531423500653,False
1466423340,151.2,132.93694090544875,132.93694090544875,True
1466423355,151.2,123.9807822944896,123.9807822944896,True
1466423443,151.2,151.2,137.43330121313733,False
1466423499,151.2,151.2,158.61917092648568,False
1466423585,151.2,151.2,127.03183016975235,False
1466423612,151.2,143.97415853287322,143.97415853287322,True
1466423669,151.2,151.2,135.27030867859534,False
1466423705,146.4,130.64689083428976,130.64689083428976,True
1466423770,146.4,137.5919645042216,137.5919645042216,True
1466423844,139.5,137.45723200700093,137.45723200700093,True
1466423902,139.5,139.5,122.95823069301437,False
1466423913,139.5,156.43730871305178,156.43730871305178,True
1466423972,139.5,139.5,137.56931254945346,False
1466424014,139.5,139.5,133.75706420197824,False
1466424069,139.5,139.5,131.74827958694658,False
1466424154,139.5,139.5,144.96165136341855,False
1466424155,139.5,139.5,139.31416530528801,False
1466424169,139.5,139.5,135.58078786419557,False
1466424262,139.5,120.58344759722812,120.58344759722812,True
1466424339,139.5,122.35660916487785,122.35660916487785,True
1466424398,139.5,144.02090206042087,144.02090206042087,True
1466424497,139.8,139.8,120.60345779691298,False
1466424558,135.4,123.81102319713541,123.81102319713541,True
1466424613,127.8,133.0205974061203,133.0205974061203,True
1466424713,124.2,155.6446794198906,155.6446794198906,True
1466424804,121.0,121.0,143.50909549772126,False
1466424878,124.8,145.98581010564007,145.98581010564007,True
1466424924,124.8,146.98779127785855,146.98779127785855,True
1466425009,124.8,139.13224453735907,139.13224453735907,True
1466425106,125.4,156.089318745003,156.089318745003,True
1466425129,125.5,125.5,152.08982664993897,False
1466425179,125.5,125.5,147.54077946185907,False
1466425257,125.5,123.44594794067086,123.44594794067086,True
1466425262,125.5,125.5,155.52566012467292,False
1466425305,135.4,146.66622826942822,146.66622826942822,True
1466425331,135.4,135.4,152.96022630239102,False
1466425338,135.4,150.5236611351384,150.5236611351384,True
1466425377,135.4,132.33970339077263,132.33970339077263,True
1466425380,139.7,135.5796576520054,135.5796576520054,True
1466425417,139.7,127.19902168593691,127.19902168593691,True
1466425484,139.7,139.7,154.00394131940945,False
1466425517,139.7,125.65449450890989,125.65449450890989,True
1466425553,139.7,150.78531532392896,150.78531532392896,True
1466425640,139.7,139.7,126.5585485457731,False
1466425687,139.7,146.3265670647378,146.3265670647378,True
1466425711,138.8,138.8,153.91859197650166,False
1466425768,138.8,138.8,122.7490092013214,False
1466425811,138.8,138.8,148.52086867970283,False
1466425856,138.8,138.8,127.65774455414962,False
1466425869,138.8,147.73733607314276,147.73733607314276,True
1466425884,131.1,131.1,134.0295134713004,False
1466425962,133.3,133.3,133.71299588545378,False
1466425974,133.3,136.54435411190502,136.54435411190502,True
1466426016,133.3,133.3,122.7227122646817,False
1466426024,133.3,133.3,145.73706064994704,False
1466426034,133.3,133.3,144.1529865557667,False
1466426130,125.1,125.1,155.26208004206967,False
1466426189,125.1,125.1,131.50906935999552,False
1466426198,135.6,135.6,146.33978356972736,False
1466426280,135.6,144.7989027458873,144.7989027458873,True
1466426298,135.6,131.03315636994017,131.03315636994017,True
1466426380,135.6,135.6,145.78820487438253,False
1466426420,145.7,132.57323572987755,132.57323572987755,True
1466426509,142.3,142.3,134.47897953156863,False
1466426521,142.3,128.03479884640086,128.03479884640086,True
1466426535,142.3,142.3,155.97628348380772,False
1466426563,142.3,157.9606569757389,157.9606569757389,True
1466426620,142.3,125.9898086881521,125.9898086881521,True
1466426694,142.3,130.1929072324712,130.1929072324712,True
1466426764,137.0,137.0,154.46255225658217,False
1466426778,137.0,137.0,124.88930639794239,False
1466426866,137.0,137.0,155.7206795310463,False
1466426938,137.0,137.389807534351,137.389807534351,True
1466427022,137.0,136.3079484738388,136.3079484738388,True
1466427059,137.0,125.04961282106201,125.04961282106201,True
1466427125,137.0,138.89515269085425,138.89515269085425,True
1466427204,127.1,127.1,133.8670060639536,False
1466427240,127.1,146.57213758725942,146.57213758725942,True
1466427317,127.1,137.24511412365808,137.24511412365808,True
1466427319,127.1,126.86764184372107,126.86764184372107,True
1466427331,127.1,127.1,152.15916132783994,False
1466427425,127.1,127.1,137.6752526978403,False
1466427458,127.1,127.1,152.01335912185672,False
1466427495,127.1,143.90661497198334,143.90661497198334,True
1466427543,127.1,127.1,120.00821007131611,False
1466427625,127.1,149.32916100178645,149.32916100178645,True
1466427663,127.1,127.1,132.37555903709392,False
1466427672,127.1,125.2357352677002,125.2357352677002,True
1466427684,127.1,128.95218276891055,128.95218276891055,True
1466427739,127.1,127.1,137.55136568388656,False
1466427769,127.1,125.09558973513967,125.09558973513967,True
1466427775,127.1,158.7924362952478,158.7924362952478,True
1466427820,130.8,130.8,120.13951885809665,False
1466427837,130.8,125.73890281473844,125.73890281473844,True
1466427846,130.8,131.73329287566344,131.73329287566344,True
1466427904,129.8,152.5095969756112,152.5095969756112,True
1466427997,129.8,129.8,148.1191222514829,False
1466428027,137.4,137.4,153.08116361111806,False
1466428114,136.9,136.9,137.9073001646331,False
1466428212,136.9,136.9,133.4824973868097,False
1466428294,137.0,137.0,155.22288408096512,False
1466428321,141.4,141.4,124.957585458135,False
1466428340,141.4,135.48737198120398,135.48737198120398,True
1466428378,141.4,141.4,130.9514295488176,False
1466428463,141.4,149.51669267781978,149.51669267781978,True
1466428551,141.4,141.4,133.6471950603277,False
1466428575,141.4,137.91281933088084,137.91281933088084,True
1466428593,141.4,149.16396828010207,149.16396828010207,True
1466428682,141.4,129.48229249916847,129.48229249916847,True
1466428699,141.4,142.63056725396854,142.63056725396854,True
1466428719,134.1,134.1,151.5595785663052,False
1466428819,134.1,151.89774879197233,151.89774879197233,True
1466428850,134.1,134.1,157.77148538833814,False
1466428884,132.5,132.5,129.10824571755313,False
1466428973,132.5,124.81623190732935,124.81623190732935,True
1466429006,132.5,132.5,120.50002539866878,False
1466429026,132.5,142.44874072006078,142.44874072006078,True
1466429066,132.5,149.82792370782784,149.82792370782784,True
1466429072,132.5,132.5,145.704011983378,False
1466429103,132.5,129.3808483218104,129.3808483218104,True
1466429110,132.5,147.06562894481624,147.06562894481624,True
1466429123,132.8,141.48753075215578,141.48753075215578,True
1466429168,132.8,132.8,158.18188113516408,False
1466429182,130.2,153.63223256800507,153.63223256800507,True
1466429184,130.2,130.2,150.18478162673122,False
1466429197,130.2,130.2,153.61892776031573,False
1466429280,133.0,138.87738671934113,138.87738671934113,True
1466429378,133.0,133.0,157.75719088504104,False
1466429450,129.3,129.3,130.92590657355515,False
1466429455,129.3,126.17007916159565,126.17007916159565,True
1466429510,129.3,150.11856360486644,150.11856360486644,True
1466429565,121.3,132.41583354101618,132.41583354101618,True
1466429566,121.3,121.3,141.36147683150054,False
1466429592,121.3,121.3,142.7951732592466,False
1466429623,127.9,127.9,154.8688254551098,False
1466429691,131.1,126.9822894082463,126.9822894082463,True
1466429733,131.1,158.87029953720634,158.87029953720634,True
1466429803,131.1,148.75708738423697,148.75708738423697,True
1466429832,131.1,149.45165136422955,149.45165136422955,True
1466429905,131.1,129.7207983047656,129.7207983047656,True
1466429997,131.1,156.20982800267495,156.20982800267495,True
1466430050,131.1,151.98907327022448,151.98907327022448,True
1466430088,138.8,138.8,150.4957241193895,False
1466430174,138.8,138.8,127.71139690034504,False
1466430247,138.8,154.63865944683994,154.63865944683994,True
1466430344,138.8,154.90392413557063,154.90392413557063,True
1466430375,138.8,157.42539576608732,157.42539576608732,True
1466430400,138.8,138.8,132.4697027612743,False
1466430457,138.8,124.45336205886858,124.45336205886858,True
1466430483,138.8,138.8,151.72193046949883,False
1466430517,130.5,158.68569614347885,158.68569614347885,True
1466430524,132.5,152.70497495617866,152.70497495617866,True
1466430592,132.5,129.8224390795924,129.8224390795924,True
1466430616,132.5,132.5,122.65994820491815,False
1466430631,132.5,150.4432229613886,150.4432229613886,True
1466430680,132.5,122.35197866496397,122.35197866496397,True
1466430734,132.5,132.5,137.65936089809617,False
1466430790,128.7,128.7,127.99623569115585,False
1466430815,128.7,128.7,127.89763164477407,False
1466430895,137.3,131.97859848264855,131.97859848264855,True
1466430916,137.3,125.31379858967722,125.31379858967722,True
1466430929,137.3,137.3,142.02664959991523,False
1466430936,137.3,137.3,157.23787651379985,False
1466431009,143.0,136.687292096549,136.687292096549,True
1466431036,141.2,129.26085548741497,129.26085548741497,True
1466431055,141.2,141.2,123.85516256174103,False
1466431145,141.2,141.2,141.1681673537541,False
1466431218,141.2,141.2,145.69549163413794,False
1466431290,143.7,151.75856531335154,151.75856531335154,True
1466431324,143.7,143.7,120.74242680849436,False
1466431400,143.7,157.1007859442831,157.1007859442831,True
1466431450,143.7,130.04239521663493,130.04239521663493,True
1466431526,143.7,149.90384896082162,149.90384896082162,True
1466431589,143.7,143.7,148.84182003988548,False
1466431661,143.7,123.67036456699425,123.67036456699425,True
1466431760,143.7,143.7,137.8303993368486,False
1466431796,143.7,133.2798528151697,133.2798528151697,True
1466431848,150.0,139.30528258067028,139.30528258067028,True
1466431879,150.0,126.78057158282265,126.78057158282265,True
1466431954,157.4,157.4,126.84428425190113,False
1466431958,157.4,157.4,153.04181450517677,False
1466432002,157.4,157.4,150.29875107069978,False
1466432101,157.4,157.76538733815642,157.76538733815642,True
1466432177,157.4,157.4,151.26958496436652,False
1466432194,157.4,131.55274953348697,131.55274953348697,True
1466432237,157.4,157.4,157.55690742300146,False
1466432280,157.4,157.4,123.46621454755523,False
1466432373,157.4,157.4,131.0305428932016,False
1466432389,157.4,157.4,143.9385440790174,False
1466432415,157.4,133.7451300723003,133.7451300723003,True
1466432417,157.4,137.93152342492365,137.93152342492365,True
1466432506,157.4,157.4,141.7695789820272,False
1466432569,153.5,135.1179303696978,135.1179303696978,True
1466432577,153.5,125.87318974375191,125.87318974375191,True
1466432670,153.5,153.5,129.07399604263324,False
1466432706,153.5,144.4279341362254,144.4279341362254,True
1466432804,159.4,159.4,158.6206871912888,False
1466432853,159.4,152.28856791916672,152.28856791916672,True
1466432947,159.4,159.4,128.34955762003162,False
1466433040,159.4,159.4,124.95537586421399,False
1466433128,159.4,159.4,135.7289024989991,False
1466433145,159.4,131.57563394996248,131.57563394996248,True
1466433195,159.4,128.15369408258485,128.15369408258485,True
1466433289,159.4,159.4,139.70961694665263,False
1466433375,152.8,152.8,153.41711208624932,False
1466433427,152.8,159.6479902607562,159.6479902607562,True
1466433478,144.0,135.66489485473818,135.66489485473818,True
1466433517,144.0,144.0,138.23656857183653,False
1466433615,139.8,139.8,139.80485912155513,False
1466433672,139.8,138.4943534816135,138.4943534816135,True
1466433762,144.8,136.21567426277073,136.21567426277073,True
1466433809,144.8,157.42241038457297,157.42241038457297,True
1466433873,144.8,144.8,148.02871423291697,False
1466433910,144.8,147.1381376016595,147.1381376016595,True
1466433994,144.8,132.0324568282034,132.0324568282034,True
1466434003,144.8,144.8,126.10412652263872,False
1466434045,144.8,134.6059634611884,134.6059634611884,True
1466434096,144.8,157.11241192251327,157.11241192251327,True
1466434173,144.8,144.8,123.2077983352782,False
1466434199,144.8,135.4096900985687,135.4096900985687,True
1466434224,144.8,144.8,157.39368397790466,False
1466434308,144.8,157.62975660287788,157.62975660287788,True
1466434359,144.8,155.72177174975323,155.72177174975323,True
1466434371,144.8,144.8,132.90561560138556,False
1466434457,144.8,144.8,153.4031926056319,False
1466434498,144.8,144.8,128.0212219211757,False
1466434552,144.8,159.29280488027473,159.29280488027473,True
1466434622,144.8,144.8,155.09940652039776,False
1466434691,144.8,144.8,136.6498753150368,False
1466434718,144.8,153.5748653814273,153.5748653814273,True
1466434727,144.8,159.9617811081943,159.9617811081943,True
1466434815,144.8,157.9505977410056,157.9505977410056,True
1466434892,139.1,139.1,132.6860935377305,False
1466434915,139.1,135.54174718546773,135.54174718546773,True
1466434946,139.1,146.44460217853293,146.44460217853293,True
1466434988,139.1,152.40781680275146,152.40781680275146,True
1466435020,147.0,132.88930179706523,132.88930179706523,True
1466435090,147.0,157.95668919274266,157.95668919274266,True
1466435099,152.3,152.3,159.74380766742806,False
1466435145,152.3,152.3,144.30452236818965,False
1466435186,152.3,152.3,143.38004302665638,False
1466435246,152.3,121.32717736010989,121.32717736010989,True
1466435284,152.3,134.1100465208129,134.1100465208129,True
1466435327,152.3,152.3,130.72778617441205,False
1466435369,155.9,155.9,150.1500088362123,False
1466435408,155.9,155.9,132.74511299042214,False
1466435468,155.9,140.65504116643146,140.65504116643146,True
1466435486,155.9,151.8928387414704,151.8928387414704,True
1466435555,155.9,155.9,151.8468549166666,False
1466435624,155.9,155.9,141.74800324664,False
1466435659,146.5,146.5,137.26788931017967,False
1466435682,146.5,146.5,150.84067525512793,False
1466435712,146.5,146.5,136.18825060808166,False
1466435794,146.5,125.77885786191196,125.77885786191196,True
1466435878,146.5,146.5,143.44208349380133,False
1466435904,146.5,154.9064903482964,154.9064903482964,True
1466435971,154.5,143.7172312079411,143.7172312079411,True
1466436041,154.5,144.31082010222178,144.31082010222178,True
1466436059,154.5,130.45835364807562,130.45835364807562,True
1466436093,161.0,130.92022834239359,130.92022834239359,True
1466436178,165.0,165.0,156.08221189097645,False
1466436230,165.0,155.1981466714481,155.1981466714481,True
1466436280,159.5,150.60758379300327,150.60758379300327,True
1466436332,159.5,159.5,126.84801409242098,False
1466436333,159.5,159.5,126.96795354168283,False
1466436431,153.1,153.1,145.15535260722788,False
1466436520,153.1,136.36871058423122,136.36871058423122,True
1466436572,153.1,153.1,157.5108406323961,False
1466436647,153.1,153.1,137.86947722502262,False
1466436655,162.7,162.7,152.63088841099983,False
1466436727,162.7,162.7,146.7521403990403,False
1466436793,162.7,162.7,134.55900818634595,False
1466436879,162.7,121.26852454367528,121.26852454367528,True
1466436880,162.7,162.7,121.72619618262475,False
1466436939,162.7,134.23697542833995,134.23697542833995,True
1466437015,162.7,145.23418742245488,145.23418742245488,True
1466437048,162.7,133.06909133793187,133.06909133793187,True
1466437088,162.7,130.36664673831189,130.36664673831189,True
1466437105,162.7,162.7,133.10758427695868,False
1466437122,161.4,147.0601328614143,147.0601328614143,True
1466437160,161.4,161.4,144.5846410841686,False
1466437232,161.4,161.4,134.65036767768095,False
1466437321,161.4,161.4,145.94243550365934,False
1466437335,161.4,154.672238593002,154.672238593002,True
1466437358,161.4,130.36690302529883,130.36690302529883,True
1466437441,161.4,161.4,145.9604291430423,False
1466437480,161.4,130.85460784523949,130.85460784523949,True
1466437561,161.4,161.4,145.23299372822058,False
1466437653,153.9,145.17876084221956,145.17876084221956,True
1466437709,153.9,146.16485391716907,146.16485391716907,True
1466437798,153.9,133.0543347484804,133.0543347484804,True
1466437869,153.9,153.9,146.37216376255748,False
1466437952,146.0,146.0,152.92620628144522,False
1466438037,141.8,128.43068867971044,128.43068867971044,True
1466438054,141.8,147.24867837953423,147.24867837953423,True
1466438056,141.8,141.8,151.4935491104599,False
1466438136,141.8,159.78764205979562,159.78764205979562,True
1466438234,141.8,159.19920011369334,159.19920011369334,True
1466438261,141.8,141.8,155.71567812573986,False
1466438348,141.8,138.480887082094,138.480887082094,True
1466438407,141.8,120.45228164018887,120.45228164018887,True
1466438422,141.8,155.4664251292924,155.4664251292924,True
1466438476,141.8,141.8,138.30043039963877,False
1466438571,139.0,151.92886641616758,151.92886641616758,True
1466438612,139.0,121.84199337884502,121.84199337884502,True
1466438620,139.0,139.0,125.66566323703233,False
1466438698,141.0,141.0,153.06566281870008,False
1466438747,141.0,138.31728722870577,138.31728722870577,True
1466438795,141.0,141.0,148.01765669495273,False
1466438810,144.3,149.08537931149607,149.08537931149607,True
1466438888,144.3,148.12676210818506,148.12676210818506,True
1466438975,144.3,154.78615054248135,154.78615054248135,True
1466439000,144.3,144.3,121.03568738386059,False
1466439092,144.3,151.85774051170327,151.85774051170327,True
1466439150,144.3,128.66033365306163,128.66033365306163,True
1466439229,144.3,127.47606501678374,127.47606501678374,True
1466439279,144.3,122.19853969590187,122.19853969590187,True
1466439328,144.3,134.0351804352417,134.0351804352417,True
1466439351,144.3,144.3,131.3893362347326,False
1466439447,144.3,130.65136022828952,130.65136022828952,True
1466439466,144.3,145.1821806730735,145.1821806730735,True
1466439480,144.3,151.00989295478303,151.00989295478303,True
1466439560,144.3,129.79269759946604,129.79269759946604,True
1466439600,135.2,135.2,144.57970966848006,False
1466439645,135.2,150.70469806449006,150.70469806449006,True
1466439729,135.2,131.23994217326668,131.23994217326668,True
1466439772,126.4,126.4,120.08037803674448,False
1466439827,126.4,126.4,159.16110594294324,False
1466439849,126.4,126.4,144.64210146734047,False
1466439910,126.4,126.4,127.08966107258135,False
1466439990,126.4,151.00718522734317,151.00718522734317,True
1466440005,126.4,150.53531543916995,150.53531543916995,True
1466440006,126.4,126.4,158.25698031631836,False
1466440045,122.6,138.24623761071203,138.24623761071203,True
1466440066,123.7,123.7,120.64003130582633,False
1466440154,123.7,123.7,126.04870273927027,False
1466440214,123.7,142.3346701443975,142.3346701443975,True
1466440226,123.7,123.7,133.70684262846908,False
1466440304,130.2,130.2,121.66128086200868,False
1466440385,130.2,130.2,135.41033143108592,False
1466440451,123.3,123.3,143.21692561081372,False
1466440521,123.3,145.62231122236975,145.62231122236975,True
1466440581,123.3,123.3,152.2007654939863,False
1466440674,123.3,131.9061002528745,131.9061002528745,True
1466440727,123.3,123.3,159.18323290201636,False
1466440821,133.3,147.1193035807119,147.1193035807119,True
1466440827,133.3,133.3,133.49747522811694,False
1466440897,133.3,135.3737879848108,135.3737879848108,True
1466440923,133.3,133.3,151.18108757096007,False
1466441012,133.3,133.3,154.18003680368503,False
1466441049,133.3,149.43739481739573,149.43739481739573,True
1466441147,133.3,133.3,141.2134986743452,False
1466441213,134.6,152.03645500779862,152.03645500779862,True
1466441311,134.6,134.6,120.69646393470762,False
1466441318,134.6,156.5016000364433,156.5016000364433,True
1466441418,134.6,138.9663262681551,138.9663262681551,True
1466441510,134.6,134.6,155.245579840836,False
1466441541,134.6,155.8919818675276,155.8919818675276,True
1466441579,134.6,138.67276316948613,138.67276316948613,True
1466441630,134.6,147.56233883288508,147.56233883288508,True
1466441714,134.6,158.9822850177818,158.9822850177818,True
1466441724,145.1,145.1,125.8748220946031,False
1466441741,145.1,156.5056487150282,156.5056487150282,True
1466441822,145.1,145.1,133.71802233001657,False
1466441883,139.3,123.55885165670297,123.55885165670297,True
1466441934,139.3,153.58621565783304,153.58621565783304,True
1466441947,139.3,144.91014354141933,144.91014354141933,True
1466442046,139.3,124.02114346906502,124.02114346906502,True
1466442137,145.3,125.8285795312792,125.8285795312792,True
1466442175,145.3,125.24742807049643,125.24742807049643,True
1466442216,145.3,145.3,120.53820746317083,False
1466442284,145.3,138.50659184034487,138.50659184034487,True
1466442332,145.3,145.3,128.60952334245792,False
1466442358,141.6,141.6,126.5274053573199,False
1466442362,141.6,150.56025146040977,150.56025146040977,True
1466442439,141.6,141.6,150.38058863158247,False
1466442490,141.6,152.85469845370324,152.85469845370324,True
1466442498,141.6,154.04945576385876,154.04945576385876,True
1466442508,141.6,141.6,145.97145432863783,False
1466442518,141.6,141.6,159.15509513571595,False
1466442556,141.6,122.36903882769046,122.36903882769046,True
1466442656,141.6,121.51839036900135,121.51839036900135,True
1466442662,141.6,141.6,137.99011269009065,False
1466442703,141.6,151.37834620753713,151.37834620753713,True
1466442768,141.6,123.93047070166158,123.93047070166158,True
1466442788,141.6,156.2053694102829,156.2053694102829,True
1466442886,141.6,147.2658765626253,147.2658765626253,True
1466442980,141.6,159.67501473845914,159.67501473845914,True
1466443000,141.6,141.6,148.06414429909955,False
1466443029,141.6,151.65100776755963,151.65100776755963,True
1466443038,141.6,126.4400366527833,126.4400366527833,True
1466443089,141.6,141.6,144.5212629798695,False
1466443162,144.5,156.63055346282798,156.63055346282798,True
1466443201,144.5,144.5,153.15576697436973,False
1466443219,144.5,149.66038438847255,149.66038438847255,True
1466443263,144.5,144.5,125.45081817045393,False
1466443350,135.7,135.7,121.88812323169076,False
1466443373,125.5,133.98308756073766,133.98308756073766,True
1466443392,135.6,135.6,149.42663670700585,False
1466443402,135.6,135.6,153.44994129200683,False
1466443486,135.6,135.6,145.8017833241249,False
1466443511,135.6,135.6,130.18369778928547,False
1466443584,135.6,128.08033257060416,128.08033257060416,True
1466443677,142.4,142.4,128.33224147667005,False
1466443725,142.4,142.4,146.71671191373605,False
1466443727,142.4,142.4,125.2674360057546,False
1466443750,142.4,142.4,127.2958504378592,False
1466443761,140.0,133.8321118983483,133.8321118983483,True
1466443808,140.0,140.0,134.6465343817185,False
1466443861,140.0,132.5046837099519,132.5046837099519,True
1466443929,140.0,140.0,127.31893398063886,False
1466443986,140.0,140.0,156.8952227463326,False
1466444043,140.0,139.49307157711428,139.49307157711428,True
1466444110,140.0,140.0,145.7746488535906,False
1466444192,140.0,156.60737022066624,156.60737022066624,True
1466444287,140.0,125.64085762667717,125.64085762667717,True
1466444294,133.2,132.69335679762656,132.69335679762656,True
1466444366,133.2,133.2,126.11072232701778,False
1466444466,133.2,154.52600725991005,154.52600725991005,True
1466444505,139.1,144.85181985071185,144.85181985071185,True
1466444556,143.9,159.12947037948152,159.12947037948152,True
1466444624,143.9,149.01850049710603,149.01850049710603,True
1466444663,143.9,141.64401081538333,141.64401081538333,True
1466444685,143.9,143.9,137.4512903821627,False
1466444756,143.9,143.9,144.10589828726452,False
1466444781,143.9,129.2966561731124,129.2966561731124,True
1466444840,151.4,151.4,121.67651619384569,False
1466444854,151.4,151.4,121.41002258868917,False
1466444860,158.1,158.1,141.7046515538408,False
1466444959,158.1,131.4123827557684,131.4123827557684,True
1466445058,159.6,127.50145735830476,127.50145735830476,True
1466445107,159.6,159.6,145.6745609433921,False
1466445165,159.6,156.40741176837741,156.40741176837741,True
1466445170,159.6,159.6,128.41979605275762,False
1466445173,159.6,154.88378956618905,154.88378956618905,True
1466445247,159.6,136.65521823410432,136.65521823410432,True
1466445305,161.4,161.4,147.71805858372204,False
1466445333,161.4,161.4,129.38667357897032,False
1466445356,161.4,161.4,146.26319390572652,False
1466445430,161.4,121.61222243602263,121.61222243602263,True
1466445491,161.4,161.4,120.91022872712219,False
1466445497,161.4,161.4,136.0367840424213,False
1466445514,161.4,161.4,150.24504021091187,False
1466445549,161.4,126.49702286724197,126.49702286724197,True
1466445640,161.4,135.88002684599,135.88002684599,True
1466445648,161.4,139.01008288398742,139.01008288398742,True
1466445739,161.4,161.4,131.2438276349075,False
1466445814,161.4,147.83209311776437,147.83209311776437,True
1466445879,161.4,161.4,130.5749370861662,False
1466445909,161.4,130.27259661126618,130.27259661126618,True
1466445965,161.4,135.78921721360948,135.78921721360948,True
1466446021,161.4,136.17591591464713,136.17591591464713,True
1466446045,164.4,164.4,127.45726819762521,False
1466446071,164.4,164.4,153.4251729380054,False
1466446120,164.4,132.00161734202945,132.00161734202945,True
1466446168,164.4,145.69986265433775,145.69986265433775,True
1466446253,164.4,159.98861784461377,159.98861784461377,True
1466446302,164.4,145.78990388504945,145.78990388504945,True
1466446389,164.4,164.4,125.16859344806662,False
1466446404,163.9,147.76415585800788,147.76415585800788,True
1466446494,163.9,128.72160516737043,128.72160516737043,True
1466446594,161.9,149.31380265165222,149.31380265165222,True
1466446643,161.9,157.32897898876377,157.32897898876377,True
1466446669,161.9,148.44904647600686,148.44904647600686,True
1466446690,159.0,159.0,140.59474431776653,False
1466446735,159.0,137.1797798339667,137.1797798339667,True
1466446766,159.0,159.0,128.3264545159326,False
1466446852,159.0,120.36218635704324,120.36218635704324,True
1466446902,159.0,159.0,148.1941425110741,False
1466446945,159.0,159.0,152.0131472545434,False
1466446987,152.8,152.8,156.033566455397,False
1466447036,152.8,120.72031956423228,120.72031956423228,True
1466447112,152.8,152.8,123.30522541460645,False
1466447129,152.8,143.05067972673373,143.05067972673373,True
1466447189,162.3,162.3,149.86865543808796,False
1466447224,162.3,153.45227675189992,153.45227675189992,True
1466447270,159.9,159.9,153.7869328171425,False
1466447272,159.9,158.8749166863702,158.8749166863702,True
1466447348,156.8,156.8,144.68558137213174,False
1466447359,156.8,156.8,132.04363530376432,False
1466447388,156.8,156.8,155.97030531192064,False
1466447390,156.8,156.8,156.6101420702342,False
1466447425,147.6,147.6,125.46144483126304,False
1466447463,147.6,131.96859180666613,131.96859180666613,True
1466447485,138.8,159.18504290312296,159.18504290312296,True
1466447545,138.8,138.8,133.01435995642407,False
1466447553,138.8,138.8,147.3859251060212,False
1466447554,138.8,159.66040066618405,159.66040066618405,True
1466447573,138.8,127.1584599579187,127.1584599579187,True
1466447634,138.8,130.402525731832,130.402525731832,True
1466447695,138.8,138.8,138.55186866359603,False
1466447762,138.8,155.21708103622376,155.21708103622376,True
1466447844,138.8,138.8,129.87907116367,False
1466447885,138.8,139.69394958517705,139.69394958517705,True
1466447943,138.8,138.8,141.2084212696656,False
1466447956,138.8,138.8,134.21346122513808,False
1466448041,138.8,148.31843325410924,148.31843325410924,True
1466448140,138.8,138.8,140.36898899935753,False
1466448215,138.8,138.8,128.7294378137293,False
1466448270,138.8,138.8,142.64371928738694,False
1466448302,138.8,134.73486819529577,134.73486819529577,True
1466448368,138.8,157.6741423663155,157.6741423663155,True
1466448422,133.6,133.6,156.5557732572597,False
1466448517,133.6,121.55962879083636,121.55962879083636,True
1466448614,133.6,157.78883922928748,157.78883922928748,True
1466448701,133.6,133.6,141.872488680795,False
1466448743,133.6,133.6,144.09651997824972,False
1466448805,133.6,133.6,129.56989017800288,False
1466448844,133.6,138.32880450916244,138.32880450916244,True
1466448896,133.6,140.5659751638451,140.5659751638451,True
1466448984,142.9,142.9,153.4149049572989,False
1466449031,142.9,142.9,143.2460661384979,False
1466449045,142.9,152.56908171162644,152.56908171162644,True
1466449099,142.9,151.97059087353514,151.97059087353514,True
1466449171,144.6,154.65141951609303,154.65141951609303,True
1466449261,144.6,144.6,135.68002164498867,False
1466449280,144.6,143.70792270405508,143.70792270405508,True
1466449359,144.6,124.48101794898815,124.48101794898815,True
1466449442,144.6,157.3868314321184,157.3868314321184,True
1466449496,144.6,144.6,141.3200140749186,False
1466449537,135.0,151.44397963827575,151.44397963827575,True
1466449555,135.0,130.9151271720691,130.9151271720691,True
1466449629,135.0,135.0,121.26756236120524,False
1466449635,135.0,135.0,133.73116587664654,False
1466449721,135.0,135.0,146.00106580245006,False
1466449772,135.0,141.0362718131738,141.0362718131738,True
1466449872,135.0,135.0,141.57747540016973,False
1466449873,130.4,130.4,135.2520264874832,False
1466449884,120.6,155.27747087453724,155.27747087453724,True
1466449937,120.6,144.90570864476211,144.90570864476211,True
1466449953,120.6,120.6,139.73144706840435,False
1466449959,120.6,120.6,139.70485599955273,False
1466449961,120.6,159.96226021499368,159.96226021499368,True
1466450018,120.6,146.13331366666728,146.13331366666728,True
1466450075,120.6,142.9694848596239,142.9694848596239,True
1466450150,120.6,138.0886220892712,138.0886220892712,True
1466450177,120.6,120.6,121.46089360855957,False
1466450255,120.6,142.70725249753832,142.70725249753832,True
1466450343,125.9,125.9,123.9399924305611,False
1466450348,135.6,146.9473204900336,146.9473204900336,True
1466450401,129.9,129.9,158.02668588008746,False
1466450433,129.7,121.73847920019725,121.73847920019725,True
1466450507,129.7,146.36042090353715,146.36042090353715,True
1466450536,129.7,129.7,125.42096295736623,False
1466450627,129.7,136.64426706802794,136.64426706802794,True
1466450723,129.7,137.5461860930233,137.5461860930233,True
1466450817,129.7,129.7,135.1666527027987,False
1466450900,129.7,151.98701260571949,151.98701260571949,True
1466450902,129.7,124.56589750363614,124.56589750363614,True
1466450971,129.7,129.7,153.39188491141465,False
1466451016,129.7,125.09510920026491,125.09510920026491,True
1466451023,129.7,159.70807244067782,159.70807244067782,True
1466451073,129.7,157.03146674980476,157.03146674980476,True
1466451166,129.7,129.7,142.48181214016105,False
1466451231,129.7,135.6075674962333,135.6075674962333,True
1466451245,129.7,129.7,145.23074238537802,False
1466451293,129.7,120.94074110266402,120.94074110266402,True
1466451295,129.7,151.3868046337319,151.3868046337319,True
1466451378,129.7,142.04814905499865,142.04814905499865,True
1466451445,129.7,129.7,148.7289495651839,False
1466451508,129.7,129.6253518947067,129.6253518947067,True
1466451599,129.7,129.7,121.21389444529102,False
1466451686,129.7,127.52449565886604,127.52449565886604,True
1466451761,129.7,153.04629140117802,153.04629140117802,True
1466451857,129.7,150.7699748752647,150.7699748752647,True
1466451909,129.7,129.7,122.45167864617602,False
1466451919,129.7,126.53297023317205,126.53297023317205,True
1466452006,129.7,129.7,123.34271403811542,False
1466452035,120.5,120.5,125.67373864819048,False
1466452039,120.5,128.32926961659967,128.32926961659967,True
1466452104,120.5,128.74330719530624,128.74330719530624,True
1466452167,128.9,144.99924477001372,144.99924477001372,True
1466452238,128.9,128.9,136.38182252611688,False
1466452313,132.7,133.62127527552542,133.62127527552542,True
1466452339,125.1,146.5239093756038,146.5239093756038,True
1466452419,131.1,129.65495114111377,129.65495114111377,True
1466452424,131.1,159.78403797798146,159.78403797798146,True
1466452435,131.1,131.1,123.40049798037246,False
1466452531,131.1,129.79798480621696,129.79798480621696,True
1466452584,131.1,131.1,142.9854274427028,False
1466452625,131.1,131.1,135.2951576113142,False
1466452676,132.2,150.58442340885867,150.58442340885867,True
1466452752,128.0,128.0,131.13160745515498,False
1466452796,128.0,128.0,153.46069142161537,False
1466452825,128.0,120.59010932578728,120.59010932578728,True
1466452860,128.0,153.35691867877804,153.35691867877804,True
1466452960,128.0,121.64649121152028,121.64649121152028,True
1466452979,128.0,128.0,141.99691014130914,False
1466453002,128.0,136.94693116346565,136.94693116346565,True
1466453016,128.0,152.05072372284056,152.05072372284056,True
1466453025,128.0,124.06662952560129,124.06662952560129,True
1466453089,128.0,152.4224127541069,152.4224127541069,True
1466453141,128.0,128.0,126.40437243477177,False
1466453154,128.0,155.9568744778365,155.9568744778365,True
1466453184,128.0,131.6716726094526,131.6716726094526,True
1466453202,128.0,128.0,147.0053869422669,False
1466453203,128.0,130.77050514388887,130.77050514388887,True
1466453222,128.0,128.0,157.2833629537574,False
1466453321,132.8,132.8,131.29759716364174,False
1466453379,132.8,138.43282641936094,138.43282641936094,True
1466453392,132.8,125.49731750629986,125.49731750629986,True
1466453422,132.8,128.3745048758106,128.3745048758106,True
1466453502,132.8,132.8,128.5219972845054,False
1466453518,132.8,132.8,132.63636694934934,False
1466453563,132.8,132.8,133.64702860640932,False
1466453604,132.8,132.8,120.22062077028271,False
1466453639,132.8,132.8,131.35152671151985,False
1466453705,125.5,125.5,141.29569793679096,False
1466453795,125.5,125.5,145.71851595787658,False
1466453816,125.5,124.83893549628621,124.83893549628621,True
1466453870,125.5,143.59304178874638,143.59304178874638,True
1466453910,125.5,125.5,137.26038216373308,False
1466454002,125.5,147.49359908835717,147.49359908835717,True
1466454051,125.5,131.56169012704396,131.56169012704396,True
1466454087,125.5,147.03394064851003,147.03394064851003,True
1466454129,125.5,138.8629294194623,138.8629294194623,True
1466454227,125.5,154.42927706528343,154.42927706528343,True
1466454259,125.5,122.12290912941921,122.12290912941921,True
1466454262,125.5,125.5,142.24223407214927,False
1466454298,125.5,125.5,136.76787123063397,False
1466454388,125.5,138.85422702513773,138.85422702513773,True
1466454399,125.5,130.880751390238,130.880751390238,True
1466454473,125.5,154.00588544566708,154.00588544566708,True
1466454529,125.5,125.5,156.82941592823875,False
1466454559,130.6,130.6,154.28324611072534,False
1466454648,130.6,130.6,149.84395190976275,False
1466454745,130.6,146.43914810703197,146.43914810703197,True
1466454763,130.6,153.5803707727283,153.5803707727283,True
1466454851,120.4,128.08233942260551,128.08233942260551,True
1466454936,120.4,120.4,148.86539135019711,False
1466454949,120.4,120.4,148.7236800048026,False
1466455032,125.5,125.5,155.73279819397055,False
1466455065,125.5,129.52687550847762,129.52687550847762,True
1466455119,125.5,125.5,135.8196598336956,False
1466455172,125.5,134.94988894213293,134.94988894213293,True
1466455196,125.5,125.5,130.56017422787986,False
1466455271,131.0,129.97442988090086,129.97442988090086,True
1466455357,131.0,131.0,121.11047575616465,False
1466455361,122.2,159.90209475912297,159.90209475912297,True
1466455394,122.2,122.2,148.95013940288865,False
1466455475,128.2,128.2,123.47155699812002,False
1466455497,128.2,129.99575112731048,129.99575112731048,True
1466455561,128.2,135.06867100072077,135.06867100072077,True
1466455575,128.2,128.2,129.73166697092785,False
1466455587,128.2,128.2,157.15272337112566,False
1466455651,119.7,119.7,159.59999916730646,False
1466455658,119.7,119.7,130.77538698663858,False
1466455732,119.7,119.7,142.36828555926462,False
1466455812,119.7,132.6892821642801,132.6892821642801,True
1466455910,119.7,119.7,135.37906857497902,False
1466455951,119.7,119.7,127.28640642954257,False
1466455999,119.7,119.7,126.81673972380126,False
1466456054,119.7,119.7,152.02284153234868,False
1466456058,119.7,119.7,128.8444061776766,False
1466456074,122.9,122.9,150.3504905911796,False
1466456088,120.7,120.7,122.12306387171076,False
1466456118,120.7,120.7,148.62061563003252,False
1466456218,123.9,123.9,141.5584839954599,False
1466456265,122.3,120.91919107953072,120.91919107953072,True
1466456270,122.3,155.2756507520458,155.2756507520458,True
1466456312,122.3,146.89886750726123,146.89886750726123,True
1466456346,122.3,122.3,140.67310052536615,False
1466456374,122.3,122.3,127.96843485168579,False
1466456406,129.2,123.73042207287102,123.73042207287102,True
1466456482,129.2,129.2,157.808382096224,False
1466456512,129.2,129.2,127.66366016404714,False
1466456610,120.4,120.4,125.70754740452398,False
1466456683,120.4,120.4,150.0035288219203,False
1466456768,120.4,132.17375637632907,132.17375637632907,True
1466456856,120.4,120.4,148.18801761806535,False
1466456927,120.4,128.90116821601953,128.90116821601953,True
1466457014,120.4,159.40777248602365,159.40777248602365,True
1466457032,120.4,147.3851089884668,147.3851089884668,True
1466457067,120.4,120.4,144.65542106029721,False
1466457157,120.4,120.4,138.57304905692195,False
1466457215,120.4,120.4,149.24773746341384,False
1466457267,120.4,124.94718547598242,124.94718547598242,True
1466457357,129.6,129.6,156.18305511129546,False
1466457434,129.6,124.37577170879202,124.37577170879202,True
1466457487,129.7,129.7,143.61233652036492,False
1466457559,129.7,129.7,151.88835506480552,False
1466457603,129.7,158.80246472690203,158.80246472690203,True
1466457671,129.7,157.63559744964112,157.63559744964112,True
1466457713,129.7,129.7,121.58511720196134,False
1466457745,129.7,129.7,159.0883575521442,False
1466457782,129.7,129.7,144.55577049888234,False
1466457802,129.7,139.75693380798043,139.75693380798043,True
1466457817,129.7,129.7,130.64111884184828,False
1466457865,123.9,149.72295873976563,149.72295873976563,True
1466457884,123.9,123.9,151.99412664026457,False
1466457885,123.9,123.9,124.52449543057104,False
1466457917,123.9,123.9,141.46895382409207,False
1466457973,123.9,130.9722532820638,130.9722532820638,True
1466458045,123.9,130.84557289917993,130.84557289917993,True
1466458135,123.9,137.545882189961,137.545882189961,True
1466458151,123.9,144.78343048931356,144.78343048931356,True
1466458230,123.9,123.9,139.12938613743276,False
1466458324,123.9,132.56482852290782,132.56482852290782,True
1466458362,132.5,132.5,144.33977950037365,False
1466458438,132.5,143.54954715605487,143.54954715605487,True
1466458454,132.5,131.24646270761576,131.24646270761576,True
1466458496,132.5,152.20623126756777,152.20623126756777,True
1466458509,136.2,136.2,146.49984304642905,False
1466458580,136.2,136.2,141.33765864843969,False
1466458590,136.2,136.2,126.9157646960744,False
1466458626,144.3,128.0477565708171,128.0477565708171,True
1466458642,144.3,144.3,140.8266013139944,False
1466458665,138.3,142.76277057010785,142.76277057010785,True
1466458694,138.3,138.3,137.5891371729752,False
1466458762,138.3,138.3,122.13346734017206,False
1466458793,138.3,136.97146885410947,136.97146885410947,True
1466458824,138.3,144.92512859581436,144.92512859581436,True
1466458906,138.3,152.08961160044538,152.08961160044538,True
1466458982,138.3,151.669420264009,151.669420264009,True
1466459068,138.3,138.3,149.57633451897374,False
1466459159,138.3,138.3,124.54403424824007,False
1466459184,138.3,155.19069459358906,155.19069459358906,True
1466459273,138.3,138.3,133.2737134369733,False
1466459372,138.3,138.3,158.34367847616102,False
1466459415,138.3,138.3,138.161958947744,False
1466459483,130.1,130.1,129.74894490682843,False
1466459504,130.1,144.0555297288475,144.0555297288475,True
1466459588,130.1,151.38997124966966,151.38997124966966,True
1466459595,130.1,154.39050729929141,154.39050729929141,True
1466459673,134.6,134.6,151.488994061648,False
1466459726,134.6,134.6,136.90049388540217,False
1466459800,134.6,134.6,138.03630316737053,False
1466459857,134.6,133.8906646741026,133.8906646741026,True
1466459887,134.6,143.28965817297112,143.28965817297112,True
1466459913,134.6,134.6,131.67670885282075,False
1466459974,134.6,128.10842114820667,128.10842114820667,True
1466459995,134.6,145.54671588530417,145.54671588530417,True
1466460001,134.6,134.6,156.32418287522324,False
1466460054,134.6,148.95025899506282,148.95025899506282,True
1466460130,134.6,144.88978178963032,144.88978178963032,True
1466460215,134.6,135.78427441299243,135.78427441299243,True
1466460252,124.1,135.33566132306316,135.33566132306316,True
1466460272,123.3,124.8215718439803,124.8215718439803,True
1466460346,123.3,123.3,127.77106293548306,False
1466460440,123.3,123.3,156.38738778126864,False
1466460461,123.3,151.71772000615044,151.71772000615044,True
1466460528,123.3,122.30491839288838,122.30491839288838,True
1466460610,123.3,123.3,129.5426387284238,False
1466460630,120.7,121.26258287607834,121.26258287607834,True
1466460691,120.7,132.84723771663022,132.84723771663022,True
1466460706,120.7,126.77835932199687,126.77835932199687,True
1466460739,120.7,120.7,141.07190434855468,False
1466460765,120.7,138.25156933633994,138.25156933633994,True
1466460795,120.7,157.04615108900413,157.04615108900413,True
1466460877,120.7,125.73064615496632,125.73064615496632,True
1466460973,120.7,120.7,146.13325567697262,False
1466461009,131.0,131.0,130.98067079220812,False
1466461027,131.0,152.06560693453844,152.06560693453844,True
1466461032,131.0,141.90338119666401,141.90338119666401,True
1466461096,126.9,123.60344316827315,123.60344316827315,True
1466461169,126.9,141.69042719467893,141.69042719467893,True
1466461256,136.6,136.6,152.68147724611043,False
1466461351,136.6,136.6,123.08601084246071,False
1466461451,136.6,136.6,138.55135435810027,False
1466461531,136.6,134.99580608051426,134.99580608051426,True
1466461568,126.6,126.6,153.4653810762962,False
1466461583,135.3,129.6400207324584,129.6400207324584,True
1466461647,135.3,135.3,156.81097403124866,False
1466461703,126.9,153.5674906324079,153.5674906324079,True
1466461794,135.7,135.7,139.29509044500094,False
1466461813,135.7,124.55728704652864,124.55728704652864,True
1466461910,135.7,143.15049253373462,143.15049253373462,True
1466461988,137.9,137.9,138.68005163414975,False
1466462056,137.9,137.9,147.6124862432549,False
1466462101,137.9,150.9401413525612,150.9401413525612,True
1466462155,137.9,136.30948405996295,136.30948405996295,True
1466462215,137.9,139.7586854571715,139.7586854571715,True
1466462278,129.0,150.5309007836688,150.5309007836688,True
1466462368,129.0,150.05246958983813,150.05246958983813,True
1466462412,134.3,134.3,122.94593307532591,False
1466462512,134.3,134.3,126.97778422375214,False
1466462594,126.3,126.3,155.59525269171482,False
1466462671,126.3,126.3,124.18251391501984,False
1466462716,126.3,126.3,131.22423919283344,False
1466462746,126.3,135.5293021669706,135.5293021669706,True
1466462782,126.3,127.93482939556168,127.93482939556168,True
1466462820,129.3,135.3267959267069,135.3267959267069,True
1466462833,133.8,140.7953993613628,140.7953993613628,True
1466462842,133.8,149.12252441865377,149.12252441865377,True
1466462850,133.8,133.8,128.63968892657996,False
1466462941,125.6,125.20706395806515,125.20706395806515,True
1466463026,125.6,125.6,129.0771116566273,False
1466463117,125.6,155.22992547308536,155.22992547308536,True
1466463139,125.6,125.6,144.2280633360825,False
