1466410104,36.8,37.20220498177617,37.20220498177617,True
1466410114,36.8,36.511436739546,36.511436739546,True
1466410130,36.8,36.8,37.112930430322685,False
1466410181,36.8,37.48767606411549,37.48767606411549,True
1466410203,36.8,36.8,36.69493122072139,False
1466410250,36.6,36.92965890488182,36.92965890488182,True
1466410309,36.6,36.7285641448173,36.7285641448173,True
1466410397,36.6,36.6,37.043520312905336,False
1466410430,36.6,37.25568852971313,37.25568852971313,True
1466410469,36.6,37.38372918075323,37.38372918075323,True
1466410483,36.6,36.6,37.423884892194735,False
1466410498,36.6,36.6,37.30511899157139,False
1466410502,36.6,37.02613278553051,37.02613278553051,True
1466410532,36.8,36.8,37.29741166264751,False
1466410541,36.8,36.8,36.72070298686321,False
1466410573,36.8,36.8,37.42959266706731,False
1466410630,36.8,36.914535120381295,36.914535120381295,True
1466410653,36.8,37.27676129607787,37.27676129607787,True
1466410746,36.8,36.8,37.06538875908285,False
1466410814,36.8,37.16718034943259,37.16718034943259,True
1466410890,36.8,36.8,36.67869996171558,False
1466410902,36.9,37.22845559729881,37.22845559729881,True
1466410978,36.9,36.722281211441796,36.722281211441796,True
1466411008,37.0,37.0,37.398115270985556,False
1466411066,37.0,37.0,36.5002438264835,False
1466411094,37.0,36.519146252697595,36.519146252697595,True
1466411157,36.7,36.7,36.70287794799783,False
1466411223,36.7,36.7,37.215845934432515,False
1466411226,36.7,36.7,37.42139687371653,False
1466411272,36.7,36.7,36.96605602652317,False
1466411303,36.7,37.410637150965194,37.410637150965194,True
1466411318,36.7,37.27921073606877,37.27921073606877,True
1466411396,36.7,36.7,36.55329043142575,False
1466411493,36.7,36.7,37.281570528747,False
1466411549,36.7,37.11891656049488,37.11891656049488,True
1466411560,36.9,36.9,36.5211251437457,False
1466411626,36.9,36.9,36.68533250931647,False
1466411723,36.8,36.8,36.78428236595167,False
1466411763,36.9,36.74166817948201,36.74166817948201,True
1466411785,36.9,36.9,36.91499969449416,False
1466411854,37.0,36.60896615636356,36.60896615636356,True
1466411889,37.0,37.36651666023322,37.36651666023322,True
1466411988,37.0,37.0,36.879135544792106,False
1466412022,37.0,37.493711799871704,37.493711799871704,True
1466412046,36.8,36.8666272913105,36.8666272913105,True
1466412076,36.9,37.46098313726433,37.46098313726433,True
1466412152,36.9,37.029286914869445,37.029286914869445,True
1466412181,36.9,37.13191867915405,37.13191867915405,True
1466412201,36.9,37.039946995691814,37.039946995691814,True
1466412260,36.9,36.9,37.02499041098471,False
1466412347,36.9,36.9,36.550273984867275,False
1466412360,36.9,36.9,37.45909888175373,False
1466412438,36.9,36.9,37.03263588513273,False
1466412521,36.9,36.67900245755707,36.67900245755707,True
1466412599,36.9,37.49083066792704,37.49083066792704,True
1466412639,37.0,37.265355518379984,37.265355518379984,True
1466412691,37.0,37.0,37.288894359447596,False
1466412747,36.9,36.9,37.01929400266848,False
1466412794,36.9,36.51357212941423,36.51357212941423,True
1466412819,36.9,36.9,36.978103361632584,False
1466412832,36.7,36.93393529131114,36.93393529131114,True
1466412874,36.7,37.04491553843461,37.04491553843461,True
1466412943,36.7,36.965559163359195,36.965559163359195,True
1466412971,36.7,37.44873945317071,37.44873945317071,True
1466412990,36.7,37.140284986831205,37.140284986831205,True
1466413028,36.7,37.32867536800916,37.32867536800916,True
1466413053,36.7,36.7,36.90734600313567,False
1466413125,36.9,36.9,36.904932352699625,False
1466413200,36.6,36.837664257140695,36.837664257140695,True
1466413264,36.6,36.6,36.889359562126565,False
1466413311,36.6,36.6,36.63263373240581,False
1466413342,36.6,36.776602363452874,36.776602363452874,True
1466413440,36.6,36.6,37.14147410707464,False
1466413458,36.6,36.6,36.99812893350275,False
1466413529,36.8,36.8,36.5377971275378,False
1466413542,36.8,36.8,36.528176662378684,False
1466413638,37.1,37.1,36.68953605554742,False
1466413672,37.1,37.20114677487088,37.20114677487088,True
1466413733,37.1,37.1,36.920585196666295,False
1466413779,37.1,36.78707921715735,36.78707921715735,True
1466413780,37.1,36.99292881885854,36.99292881885854,True
1466413864,37.1,36.99706428842183,36.99706428842183,True
1466413885,37.1,37.056408374780595,37.056408374780595,True
1466413946,37.1,37.1,36.98195638155948,False
1466414033,37.0,37.07207596671159,37.07207596671159,True
1466414071,37.0,36.79073879596645,36.79073879596645,True
1466414164,37.0,37.0,37.094671485787956,False
1466414225,37.0,36.52721607494237,36.52721607494237,True
1466414312,37.1,36.93378382649566,36.93378382649566,True
1466414325,37.1,37.1,36.61187093260186,False
1466414328,37.1,37.1,37.494661651820884,False
1466414329,36.8,36.84815509944391,36.84815509944391,True
1466414402,36.8,37.23224019017825,37.23224019017825,True
1466414407,37.0,37.0,36.59834336060076,False
1466414413,36.6,37.036863786578365,37.036863786578365,True
1466414460,36.6,36.6,36.7760682450577,False
1466414552,36.6,36.6,36.905939976449964,False
1466414602,36.6,37.03033159127478,37.03033159127478,True
1466414662,36.8,36.8,36.98718418305186,False
1466414746,36.8,37.16358057448122,37.16358057448122,True
1466414844,36.8,36.8,37.036694869025794,False
1466414943,36.8,36.8,37.14668439768074,False
1466414946,36.8,36.8,37.049272528890135,False
1466414966,36.8,37.4724133462774,37.4724133462774,True
1466415038,36.8,36.8,36.86258381650914,False
1466415106,36.6,37.271767371078575,37.271767371078575,True
1466415130,36.7,37.195571560571324,37.195571560571324,True
1466415145,36.7,36.7,37.17955516725846,False
1466415202,36.7,37.14102412716805,37.14102412716805,True
1466415239,36.7,36.6809270399361,36.6809270399361,True
1466415249,36.8,36.8,36.92466182253222,False
1466415308,36.8,36.8,37.20376223419784,False
1466415357,36.9,36.61687803909249,36.61687803909249,True
1466415404,37.0,36.99537378514064,36.99537378514064,True
1466415469,36.7,37.46257043092754,37.46257043092754,True
1466415548,36.9,36.9,36.66911373604611,False
1466415588,36.9,36.827057092084395,36.827057092084395,True
1466415627,36.9,36.9,37.23181751477179,False
1466415719,36.9,37.129195176787604,37.129195176787604,True
1466415767,36.9,36.9,36.82802715765292,False
1466415860,36.9,36.80161093079329,36.80161093079329,True
1466415872,36.9,36.9,36.55286107659028,False
1466415914,36.9,36.9,36.646604496889296,False
1466415934,36.7,37.31123720839166,37.31123720839166,True
1466415988,36.7,36.7,36.73006206734175,False
1466416004,36.7,36.7,37.15932783725649,False
1466416050,36.7,37.423177995366,37.423177995366,True
1466416150,36.7,37.209966442802006,37.209966442802006,True
1466416161,36.8,36.50854579864168,36.50854579864168,True
1466416215,36.9,36.9,37.4057671462409,False
1466416315,37.0,37.0,36.97296479068399,False
1466416321,37.0,37.0,37.03343870023748,False
1466416393,37.0,37.0,37.44729234288001,False
1466416440,37.0,37.275145455798985,37.275145455798985,True
1466416510,37.0,37.0,37.32788849066171,False
1466416541,36.9,37.20612190905049,37.20612190905049,True
1466416631,36.9,36.9,36.96330573568971,False
1466416671,36.9,36.9,36.8205718062141,False
1466416725,36.9,36.52414984506805,36.52414984506805,True
1466416815,36.9,37.31839810486214,37.31839810486214,True
1466416867,36.8,37.2541313960364,37.2541313960364,True
1466416933,37.0,36.983155143082314,36.983155143082314,True
1466416963,37.0,37.0,37.23316078063833,False
1466417034,37.0,37.0,37.467415062512714,False
1466417069,36.6,36.6,37.36832242161045,False
1466417095,37.0,36.67399225145017,36.67399225145017,True
1466417123,37.0,37.337430214545,37.337430214545,True
1466417219,36.6,37.23852790905578,37.23852790905578,True
1466417228,36.6,36.596662807281845,36.596662807281845,True
1466417235,37.0,36.83804911562082,36.83804911562082,True
1466417266,37.0,37.06478327963492,37.06478327963492,True
1466417298,36.6,36.6,37.09205557180308,False
1466417382,36.7,36.7,36.66453892397895,False
1466417429,36.7,37.02860007140012,37.02860007140012,True
1466417434,36.8,36.8,37.16837309008929,False
1466417513,36.8,36.93288867089281,36.93288867089281,True
1466417598,36.8,36.8,36.62270949912043,False
1466417615,36.8,36.8,37.342301513855965,False
1466417654,36.8,36.8,37.031176477006824,False
1466417749,36.8,36.8,36.988327858344086,False
1466417763,36.8,36.72517676040248,36.72517676040248,True
1466417822,36.8,36.862619528884466,36.862619528884466,True
1466417851,36.6,37.30213547169966,37.30213547169966,True
1466417855,36.8,36.8,36.88813812238246,False
1466417879,36.9,36.9,36.66961260319602,False
1466417895,36.9,36.9,37.246990269764915,False
1466417969,36.7,37.19549643645158,37.19549643645158,True
1466418049,36.7,36.70935188408827,36.70935188408827,True
1466418118,36.7,37.18907006043306,37.18907006043306,True
1466418129,36.7,37.164888682350266,37.164888682350266,True
1466418179,36.8,36.8,36.86538773208898,False
1466418254,37.0,37.2326768806052,37.2326768806052,True
1466418332,37.0,36.75587101781961,36.75587101781961,True
1466418428,37.0,37.0,36.53033481398202,False
1466418494,37.0,37.0,37.11396409965896,False
1466418554,37.0,37.0,36.79896056312163,False
1466418563,37.0,36.9713970348329,36.9713970348329,True
1466418564,37.0,36.84057667073519,36.84057667073519,True
1466418594,37.0,36.92596196246911,36.92596196246911,True
1466418674,37.0,37.0,36.73434079535354,False
1466418748,37.0,36.61981868387986,36.61981868387986,True
1466418847,37.0,37.0,37.178750825478446,False
1466418877,37.0,37.0,36.97996048476286,False
1466418917,37.0,36.68036070376187,36.68036070376187,True
1466418938,36.9,37.34780029508804,37.34780029508804,True
1466419031,36.7,37.06706363109175,37.06706363109175,True
1466419058,36.7,36.7,36.926226522355385,False
1466419104,36.7,37.36054480594977,37.36054480594977,True
1466419166,36.7,37.093734101679026,37.093734101679026,True
1466419261,36.8,36.99663309616582,36.99663309616582,True
1466419349,36.8,36.8,37.442310323182156,False
1466419442,36.8,37.22891019882951,37.22891019882951,True
1466419530,36.8,36.98583036844807,36.98583036844807,True
1466419595,36.5,36.5,36.53254564965467,False
1466419646,36.5,36.665626087305135,36.665626087305135,True
1466419737,36.5,36.5,36.77668245115904,False
1466419826,36.5,37.092872540028125,37.092872540028125,True
1466419880,36.5,37.47386652144741,37.47386652144741,True
1466419911,36.5,37.05615756419063,37.05615756419063,True
1466419938,36.5,36.5,37.410372991521164,False
1466420016,36.6,37.390358703023665,37.390358703023665,True
1466420019,36.6,37.018346265448315,37.018346265448315,True
1466420108,36.6,36.6,37.1595958039716,False
1466420205,36.6,37.32161951093626,37.32161951093626,True
1466420228,36.6,36.6,36.93569536072261,False
1466420257,36.6,36.69049885279194,36.69049885279194,True
1466420270,36.6,36.66927064881041,36.66927064881041,True
1466420296,36.6,36.6,37.13293512787661,False
1466420331,36.6,37.46377659082078,37.46377659082078,True
1466420407,36.6,36.6,36.88909177991429,False
1466420430,36.5,36.63185833057706,36.63185833057706,True
1466420453,36.5,36.60380177607561,36.60380177607561,True
1466420474,36.5,36.781261098957664,36.781261098957664,True
1466420566,36.5,36.5,37.42862039634351,False
1466420579,36.5,36.5,36.9484752934231,False
1466420618,36.5,36.5,36.624688817569336,False
1466420624,36.9,36.9,36.875300515314,False
1466420643,36.9,36.9,36.67463089256118,False
1466420695,36.6,37.098353336754755,37.098353336754755,True
1466420788,36.6,36.6,37.32743874291173,False
1466420863,36.6,36.6,37.42156419103662,False
1466420947,36.6,36.6,37.17359750817215,False
1466421003,36.6,37.198709808560125,37.198709808560125,True
1466421032,36.6,36.6,36.997578995592825,False
1466421050,36.8,36.8,36.911503305865885,False
1466421116,36.8,36.857384017207515,36.857384017207515,True
1466421208,36.8,36.8,36.53125178521305,False
1466421234,36.8,36.8,36.91208689077431,False
1466421262,36.8,36.68356459012842,36.68356459012842,True
1466421353,36.8,37.216059649655065,37.216059649655065,True
1466421360,36.8,37.09443599026309,37.09443599026309,True
1466421392,36.8,37.11348976212893,37.11348976212893,True
1466421480,36.8,36.90949462780637,36.90949462780637,True
1466421530,36.8,36.53940372310556,36.53940372310556,True
1466421547,36.8,36.8,36.995932858598074,False
1466421591,36.8,36.71363238608302,36.71363238608302,True
1466421633,36.9,36.9,37.043294084109874,False
1466421636,36.9,36.9,36.92762948018721,False
1466421670,36.9,36.9,36.550670218051565,False
1466421695,36.9,36.9,36.69492982583254,False
1466421721,36.9,37.080629647435856,37.080629647435856,True
1466421804,36.9,36.825839585917315,36.825839585917315,True
1466421819,36.9,37.25616877118497,37.25616877118497,True
1466421862,36.5,36.5,37.31368393151262,False
1466421885,36.5,36.5,36.96491366410822,False
1466421936,36.5,36.877617918869824,36.877617918869824,True
1466422012,36.5,36.5,37.03510642772633,False
1466422044,36.5,36.890711180226255,36.890711180226255,True
1466422045,36.5,37.03169266753353,37.03169266753353,True
1466422137,36.5,37.38734552551676,37.38734552551676,True
1466422162,36.4,36.4,37.076821849045295,False
1466422189,36.4,36.4,36.751245210241954,False
1466422197,36.5,36.5,36.77334349256422,False
1466422264,36.5,36.75581218405376,36.75581218405376,True
1466422330,36.5,36.5,36.90579232736259,False
1466422378,36.5,36.502720307048335,36.502720307048335,True
1466422432,36.5,36.6282296521231,36.6282296521231,True
1466422488,36.6,36.93535567084385,36.93535567084385,True
1466422577,36.6,37.15936147397548,37.15936147397548,True
1466422628,36.6,36.6,37.030965292265755,False
1466422638,36.4,37.43361639658334,37.43361639658334,True
1466422666,36.4,37.03491427123107,37.03491427123107,True
1466422706,36.5,36.5,37.36733828740194,False
1466422731,36.6,36.58102971581781,36.58102971581781,True
1466422804,36.6,36.72469515504443,36.72469515504443,True
1466422866,36.6,36.6,36.51215435511632,False
1466422873,36.5,36.5,37.072570452032274,False
1466422895,36.6,36.6,37.24082925500281,False
1466422953,36.6,36.6,36.98753269024311,False
1466422973,36.6,37.232958214363386,37.232958214363386,True
1466423017,36.6,36.50305201634923,36.50305201634923,True
1466423051,36.6,36.6,36.69756000657244,False
1466423099,36.6,37.4962632703078,37.4962632703078,True
1466423150,36.6,36.80033616380396,36.80033616380396,True
1466423155,36.6,36.6,36.51914795951144,False
1466423168,36.5,36.5,36.59984519207778,False
1466423205,36.5,36.917112374357814,36.917112374357814,True
1466423275,36.5,36.5,37.349293766189156,False
1466423287,36.7,36.7,37.2835552341272,False
1466423336,36.4,36.4,36.9816748121391,False
1466423340,36.4,36.89828754800857,36.89828754800857,True
1466423355,36.4,36.4,37.494060564300824,False
1466423443,36.4,36.4,36.53129693705316,False
1466423499,36.5,36.5,36.76691245102448,False
1466423585,36.5,36.5,37.16314554855095,False
1466423612,36.5,36.5,37.31145024721828,False
1466423669,36.5,36.782105001060714,36.782105001060714,True
1466423705,36.5,36.5,36.79462276900152,False
1466423770,36.5,36.5,37.49872992799072,False
1466423844,36.4,37.329888375725666,37.329888375725666,True
1466423902,36.6,37.04616924436852,37.04616924436852,True
1466423913,36.6,36.6,37.332729258877414,False
1466423972,36.6,36.6,36.64783322406696,False
1466424014,36.6,36.6,36.96057088033333,False
1466424069,36.6,36.6,36.632101939899286,False
1466424154,36.6,36.6,37.46421058756998,False
1466424155,36.7,37.43652672779631,37.43652672779631,True
1466424169,36.4,36.63850014942285,36.63850014942285,True
1466424262,36.4,36.4,37.07898357540409,False
1466424339,36.4,37.437130567249476,37.437130567249476,True
1466424398,36.4,37.151689950062156,37.151689950062156,True
1466424497,36.4,37.31888143227281,37.31888143227281,True
1466424558,36.5,36.96708455175907,36.96708455175907,True
1466424613,36.5,36.5,36.66531844108621,False
1466424713,36.5,37.19659497189497,37.19659497189497,True
1466424804,36.6,36.6,37.43109845144937,False
1466424878,36.6,36.6,36.609465887421564,False
1466424924,36.6,36.68051887097139,36.68051887097139,True
1466425009,36.6,36.61022575472843,36.61022575472843,True
1466425106,36.6,36.6,37.10802466591289,False
1466425129,36.6,37.278337261844136,37.278337261844136,True
1466425179,36.5,36.5,37.33081137536385,False
1466425257,36.7,36.54794062039618,36.54794062039618,True
1466425262,36.5,37.121603894834294,37.121603894834294,True
1466425305,36.5,36.5,37.351729009284874,False
1466425331,36.7,36.7,36.89793586751315,False
1466425338,36.7,36.74794465803977,36.74794465803977,True
1466425377,36.7,37.21874430079546,37.21874430079546,True
1466425380,36.7,36.7,37.16416505132612,False
1466425417,36.7,37.28072146209814,37.28072146209814,True
1466425484,36.7,36.7,36.94941316331299,False
1466425517,36.7,36.7,36.65580241930181,False
1466425553,36.7,36.7,36.94270395768683,False
1466425640,36.7,36.7,37.33156902341497,False
1466425687,36.6,36.6,37.35355072871828,False
1466425711,36.6,36.680475799140936,36.680475799140936,True
1466425768,36.5,36.5,36.70148725941417,False
1466425811,36.5,37.37508271699308,37.37508271699308,True
1466425856,36.5,37.45899167032945,37.45899167032945,True
1466425869,36.5,36.5,36.79553645019505,False
1466425884,36.5,36.5,37.41664840287523,False
1466425962,36.5,36.50747205546306,36.50747205546306,True
1466425974,36.6,36.6,36.63071073630782,False
1466426016,36.5,36.5,37.37099235806514,False
1466426024,36.6,36.6,36.68870342125815,False
1466426034,36.6,36.6,37.29760180282255,False
1466426130,36.6,36.6,36.80068993088486,False
1466426189,36.6,36.6,37.486065525890346,False
1466426198,36.6,36.6,36.769137644373814,False
1466426280,36.6,36.6,36.791961848549334,False
1466426298,36.6,36.515439215671975,36.515439215671975,True
1466426380,36.6,36.6,37.436006544741105,False
1466426420,36.6,37.38896478647307,37.38896478647307,True
1466426509,36.6,36.6,36.71557835077362,False
1466426521,36.6,36.6,36.54255632553101,False
1466426535,36.6,36.6,37.312645277704746,False
1466426563,36.6,36.6,36.837606599578585,False
1466426620,36.6,36.667137457069536,36.667137457069536,True
1466426694,36.6,36.6,37.36843852878026,False
1466426764,36.6,36.79433756993088,36.79433756993088,True
1466426778,36.5,36.5,36.782954698678324,False
1466426866,36.5,37.17854902531694,37.17854902531694,True
1466426938,36.5,36.75318651771054,36.75318651771054,True
1466427022,36.6,36.98203022978412,36.98203022978412,True
1466427059,36.5,36.58515267600458,36.58515267600458,True
1466427125,36.6,36.6,37.241918009942594,False
1466427204,36.6,36.6,37.07285902016367,False
1466427240,36.6,36.6,36.91539925991785,False
1466427317,36.6,36.6,36.593082471103266,False
1466427319,36.6,37.28849383102522,37.28849383102522,True
1466427331,36.6,36.6,36.89976377952457,False
1466427425,36.6,36.6,36.5502857029825,False
1466427458,36.6,36.6,37.47655955994912,False
1466427495,36.5,37.0301498601894,37.0301498601894,True
1466427543,36.5,36.55691175372531,36.55691175372531,True
1466427625,36.5,36.8259332941254,36.8259332941254,True
1466427663,36.5,37.298284564845176,37.298284564845176,True
1466427672,36.6,36.6,36.70169639526323,False
1466427684,36.5,37.13450220278185,37.13450220278185,True
1466427739,36.6,36.74255040505087,36.74255040505087,True
1466427769,36.5,36.640353260154825,36.640353260154825,True
1466427775,36.5,36.5,36.90802484652033,False
1466427820,36.5,36.90403546888405,36.90403546888405,True
1466427837,36.6,37.00744214185148,37.00744214185148,True
1466427846,36.6,37.18351957946718,37.18351957946718,True
1466427904,36.6,37.30303689149128,37.30303689149128,True
1466427997,36.6,36.6,36.612870354144604,False
1466428027,36.6,37.44419958219457,37.44419958219457,True
1466428114,36.6,37.43901153328608,37.43901153328608,True
1466428212,36.6,36.91643288606088,36.91643288606088,True
1466428294,36.6,36.54881729854989,36.54881729854989,True
1466428321,36.6,37.417781802613696,37.417781802613696,True
1466428340,36.4,36.79231655452687,36.79231655452687,True
1466428378,36.4,36.88247560216066,36.88247560216066,True
1466428463,36.6,36.96826082198351,36.96826082198351,True
1466428551,36.7,36.7,37.44962912519873,False
1466428575,36.4,37.10122474121049,37.10122474121049,True
1466428593,36.4,36.4,37.459791989532384,False
1466428682,36.4,36.72748703729592,36.72748703729592,True
1466428699,36.6,36.6,37.41506424577791,False
1466428719,36.6,36.6,36.82321038737164,False
1466428819,36.6,37.061751868375445,37.061751868375445,True
1466428850,36.7,36.874561631505536,36.874561631505536,True
1466428884,36.7,37.02606404230651,37.02606404230651,True
1466428973,36.7,36.78001432316757,36.78001432316757,True
1466429006,36.7,36.7,36.51454618234143,False
1466429026,36.7,36.7,37.12721041298097,False
1466429066,36.7,37.04897862735021,37.04897862735021,True
1466429072,36.7,37.30552237278163,37.30552237278163,True
1466429103,36.7,36.7,37.34395945410655,False
1466429110,36.7,36.7,36.87843416624543,False
1466429123,36.7,36.7,37.16674699068375,False
1466429168,36.7,36.7,37.464845681474216,False
1466429182,36.6,36.6,37.14969527141026,False
1466429184,36.5,36.5,37.020272407731646,False
1466429197,36.4,36.4,37.234426289492276,False
1466429280,36.5,36.6913472542565,36.6913472542565,True
1466429378,36.5,36.658743569531566,36.658743569531566,True
1466429450,36.5,37.28057578869893,37.28057578869893,True
1466429455,36.5,36.71192728479339,36.71192728479339,True
1466429510,36.5,36.5,37.28236139986448,False
1466429565,36.5,37.14034721587892,37.14034721587892,True
1466429566,36.5,36.999866524922,36.999866524922,True
1466429592,36.5,36.54099860951196,36.54099860951196,True
1466429623,36.5,36.5,37.37042603901413,False
1466429691,36.5,37.254412968986344,37.254412968986344,True
1466429733,36.5,36.5,37.42995652926678,False
1466429803,36.5,36.5,36.55611585337437,False
1466429832,36.5,36.5,37.237006386093526,False
1466429905,36.5,36.93887933402587,36.93887933402587,True
1466429997,36.5,36.5,37.31834697304699,False
1466430050,36.5,36.5,36.67817495650328,False
1466430088,36.5,36.97480599905853,36.97480599905853,True
1466430174,36.7,36.83040538625885,36.83040538625885,True
1466430247,36.7,36.7,36.97994490343646,False
1466430344,36.7,36.88584150910602,36.88584150910602,True
1466430375,36.7,36.94584210492026,36.94584210492026,True
1466430400,36.7,36.522161666948875,36.522161666948875,True
1466430457,36.6,36.6,37.39492921774513,False
1466430483,36.6,36.6,37.09863480761415,False
1466430517,36.6,36.6,36.578871007722576,False
1466430524,36.6,37.482007318930656,37.482007318930656,True
1466430592,36.6,36.76365242110599,36.76365242110599,True
1466430616,36.7,36.7,36.56999864013856,False
1466430631,36.7,36.7,36.97953320964385,False
1466430680,36.7,36.7,36.60983890411779,False
1466430734,36.5,37.234386584062044,37.234386584062044,True
1466430790,36.5,37.101849493050665,37.101849493050665,True
1466430815,36.5,37.48197647576836,37.48197647576836,True
1466430895,36.5,37.42070882668341,37.42070882668341,True
1466430916,36.5,36.5,37.1418657407551,False
1466430929,36.5,36.79172602377104,36.79172602377104,True
1466430936,36.5,36.5,37.24954164794423,False
1466431009,36.5,36.90015596439534,36.90015596439534,True
1466431036,36.4,36.4,37.226416892095514,False
1466431055,36.4,36.98742326479567,36.98742326479567,True
1466431145,36.4,36.4,36.740497090278595,False
1466431218,36.5,36.5,36.94636274795678,False
1466431290,36.5,36.5,37.09037947035898,False
1466431324,36.5,36.5,37.4617287732113,False
1466431400,36.6,36.6,37.4438633815903,False
1466431450,36.6,37.11366052901786,37.11366052901786,True
1466431526,36.6,36.93719124037146,36.93719124037146,True
1466431589,36.6,36.6,36.51595965748774,False
1466431661,36.6,36.6,36.8549270941934,False
1466431760,36.4,36.616427549749126,36.616427549749126,True
1466431796,36.4,37.20114020023204,37.20114020023204,True
1466431848,36.4,36.98220987697473,36.98220987697473,True
1466431879,36.5,36.653901427026184,36.653901427026184,True
1466431954,36.7,37.38957567758651,37.38957567758651,True
1466431958,36.6,36.6,36.988651548044416,False
1466432002,36.6,36.6,36.535294210003414,False
1466432101,36.7,36.7,36.629898399316936,False
1466432177,36.7,36.7,36.72826856975387,False
1466432194,36.6,37.02741139253814,37.02741139253814,True
1466432237,36.4,36.4,36.80130563955558,False
1466432280,36.4,36.4,36.71470607921316,False
1466432373,36.4,36.4,37.04185011781138,False
1466432389,36.4,36.4,37.449131657843296,False
1466432415,36.6,37.12104636264341,37.12104636264341,True
1466432417,36.6,36.6,36.57074059595201,False
1466432506,36.6,37.162647025504995,37.162647025504995,True
1466432569,36.6,37.15882141692858,37.15882141692858,True
1466432577,36.6,37.3111796938459,37.3111796938459,True
1466432670,36.6,36.6,37.331205726994774,False
1466432706,36.5,36.5,37.22855130921881,False
1466432804,36.5,36.5,36.50261404135272,False
1466432853,36.5,37.2779229743517,37.2779229743517,True
1466432947,36.5,36.5,36.95151145997953,False
1466433040,36.5,36.5,36.56416392050045,False
1466433128,36.5,36.6901843788952,36.6901843788952,True
1466433145,36.5,36.81323816225227,36.81323816225227,True
1466433195,36.5,36.5,37.19408337974749,False
1466433289,36.6,36.60217896000728,36.60217896000728,True
1466433375,36.6,36.6,36.86861713394046,False
1466433427,36.6,37.14539535477134,37.14539535477134,True
1466433478,36.6,37.190667365040085,37.190667365040085,True
1466433517,36.6,36.6,37.29075023982995,False
1466433615,36.5,36.79925226724577,36.79925226724577,True
1466433672,36.5,36.5,36.94221083017424,False
1466433762,36.5,36.959703159047635,36.959703159047635,True
1466433809,36.7,36.7,36.62931764091337,False
1466433873,36.7,36.7,37.382694768997325,False
1466433910,36.4,36.4,37.3636918866434,False
1466433994,36.6,36.9080088951699,36.9080088951699,True
1466434003,36.6,36.6,37.432518197400775,False
1466434045,36.6,36.6,37.374865846459734,False
1466434096,36.6,36.6,36.64859637556954,False
1466434173,36.5,36.85277416820841,36.85277416820841,True
1466434199,36.5,36.5,36.51163705981281,False
1466434224,36.4,37.492093405294256,37.492093405294256,True
1466434308,36.4,37.28350698938478,37.28350698938478,True
1466434359,36.4,36.4,36.59842614811746,False
1466434371,36.5,37.02344765860612,37.02344765860612,True
1466434457,36.5,36.5,37.01739672707742,False
1466434498,36.6,36.6,37.31636508890513,False
1466434552,36.7,37.224286547610895,37.224286547610895,True
1466434622,36.7,36.7,37.10725585177142,False
1466434691,36.7,36.7,36.71416511331755,False
1466434718,36.7,36.961758524047944,36.961758524047944,True
1466434727,36.7,37.409726160595945,37.409726160595945,True
1466434815,36.7,36.7,36.79366860348793,False
1466434892,36.7,37.25421140598897,37.25421140598897,True
1466434915,36.7,36.7,37.47425707270103,False
1466434946,36.6,36.95016100005784,36.95016100005784,True
1466434988,36.6,36.62648206940918,36.62648206940918,True
1466435020,36.6,37.20225521546822,37.20225521546822,True
1466435090,36.6,36.6,37.48788457601633,False
1466435099,36.5,36.81082730376987,36.81082730376987,True
1466435145,36.5,36.5,36.558801955130754,False
1466435186,36.5,37.13080462504243,37.13080462504243,True
1466435246,36.5,36.90364639517958,36.90364639517958,True
1466435284,36.6,36.6,37.0154693173608,False
1466435327,36.6,36.6,37.09970328029361,False
1466435369,36.6,37.242991649059135,37.242991649059135,True
1466435408,36.6,37.21492293083714,37.21492293083714,True
1466435468,36.7,36.7,37.03399543571184,False
1466435486,36.7,37.100805163718775,37.100805163718775,True
1466435555,36.7,36.772490222163185,36.772490222163185,True
1466435624,36.7,36.7,37.19074149476856,False
1466435659,36.5,36.5,36.522010660730935,False
1466435682,36.5,37.105470263311965,37.105470263311965,True
1466435712,36.5,36.5,36.818726109779696,False
1466435794,36.5,36.5,36.8848007484995,False
1466435878,36.5,36.5,37.38362973643218,False
1466435904,36.5,36.62226521596175,36.62226521596175,True
1466435971,36.7,36.59341747749336,36.59341747749336,True
1466436041,36.6,36.6,37.20424863726328,False
1466436059,36.5,36.5,36.868260254499965,False
1466436093,36.5,36.5,36.5968044752117,False
1466436178,36.5,37.38605340321621,37.38605340321621,True
1466436230,36.5,36.5,37.49114432550593,False
1466436280,36.5,36.5,37.487525954999015,False
1466436332,36.7,36.7,36.66633810446453,False
1466436333,36.7,37.49277608262985,37.49277608262985,True
1466436431,36.7,37.219064600891556,37.219064600891556,True
1466436520,36.7,36.7,36.71327145810834,False
1466436572,36.7,36.7,37.4101161446682,False
1466436647,36.7,36.699833250342444,36.699833250342444,True
1466436655,36.7,36.535878323449076,36.535878323449076,True
1466436727,36.7,36.7,37.341757164800036,False
1466436793,36.4,37.28963267308329,37.28963267308329,True
1466436879,36.6,36.6,36.62557125720104,False
1466436880,36.6,36.91232141348657,36.91232141348657,True
1466436939,36.6,36.6,36.6170915086465,False
1466437015,36.6,36.77299650422641,36.77299650422641,True
1466437048,36.6,36.6,36.541669554898554,False
1466437088,36.6,37.29144339296824,37.29144339296824,True
1466437105,36.6,36.6,37.189674166842586,False
1466437122,36.6,36.6,36.70362473389489,False
1466437160,36.6,36.6,37.19046164002717,False
1466437232,36.6,37.37340400619651,37.37340400619651,True
1466437321,36.6,37.36629423503432,37.36629423503432,True
1466437335,36.6,36.55910416331203,36.55910416331203,True
1466437358,36.6,36.6,36.903560462706906,False
1466437441,36.5,36.5,37.18164975727429,False
1466437480,36.5,37.34526726336302,37.34526726336302,True
1466437561,36.5,37.28874085293659,37.28874085293659,True
1466437653,36.5,37.412655045246176,37.412655045246176,True
1466437709,36.5,36.5,36.654908236411536,False
1466437798,36.5,36.5,36.9602260266637,False
1466437869,36.7,36.7,36.946973444163945,False
1466437952,36.6,36.93777747800275,36.93777747800275,True
1466438037,36.5,36.5,37.41640367048162,False
1466438054,36.5,36.8564854941534,36.8564854941534,True
1466438056,36.5,36.51787750664359,36.51787750664359,True
1466438136,36.7,36.7,36.62921653613251,False
1466438234,36.7,36.83273336896801,36.83273336896801,True
1466438261,36.7,36.7,37.12726703945816,False
1466438348,36.7,36.7,36.937877497272005,False
1466438407,36.7,36.7,37.03266513537086,False
1466438422,37.0,37.0,36.831285219348594,False
1466438476,36.8,36.8,37.416281824287,False
1466438571,36.8,37.440021411215014,37.440021411215014,True
1466438612,36.9,36.9,36.611497749402794,False
1466438620,36.9,36.9,37.18975735920826,False
1466438698,36.9,36.94066414022533,36.94066414022533,True
1466438747,36.8,36.53310727806614,36.53310727806614,True
1466438795,36.8,36.8,37.29387334109216,False
1466438810,36.8,36.87694739472177,36.87694739472177,True
1466438888,36.8,36.8,36.82233830750828,False
1466438975,36.8,36.8,36.91255143746045,False
1466439000,36.8,36.8,36.73574497536204,False
1466439092,36.8,36.95727059897092,36.95727059897092,True
1466439150,36.8,37.15129460600681,37.15129460600681,True
1466439229,36.8,36.8,37.082528278036776,False
1466439279,36.9,37.43724547771753,37.43724547771753,True
1466439328,36.8,36.8,37.45176764252822,False
1466439351,36.8,36.8,37.1512422492343,False
1466439447,36.8,36.8,36.733727807388355,False
1466439466,36.8,37.11206583249795,37.11206583249795,True
1466439480,36.8,37.13746885087022,37.13746885087022,True
1466439560,36.8,36.762975408712244,36.762975408712244,True
1466439600,36.9,36.9,37.21576800728799,False
1466439645,36.9,37.06674543832678,37.06674543832678,True
1466439729,36.9,36.65311215088039,36.65311215088039,True
1466439772,36.9,36.57460845379859,36.57460845379859,True
1466439827,36.9,36.9,37.15269551202755,False
1466439849,37.0,37.0,36.829924122005494,False
1466439910,36.9,36.9,36.78620123031374,False
1466439990,36.9,36.65713299598385,36.65713299598385,True
1466440005,36.9,36.51278902759648,36.51278902759648,True
1466440006,36.9,37.002730262032436,37.002730262032436,True
1466440045,36.9,36.9,37.486544873700666,False
1466440066,36.9,36.9,36.55215438497681,False
1466440154,36.9,37.426317710616736,37.426317710616736,True
1466440214,36.7,37.314390303344595,37.314390303344595,True
1466440226,36.6,37.10360488946708,37.10360488946708,True
1466440304,36.6,36.6,37.28669652864046,False
1466440385,36.8,37.460985272894334,37.460985272894334,True
1466440451,36.8,36.8,36.74800561283259,False
1466440521,36.8,36.79326586032052,36.79326586032052,True
1466440581,36.8,36.8,37.34079733469305,False
1466440674,36.8,37.39109450182161,37.39109450182161,True
1466440727,36.8,36.65741332542724,36.65741332542724,True
1466440821,36.8,36.8,37.45163898336531,False
1466440827,36.8,37.28578860710831,37.28578860710831,True
1466440897,36.8,36.8,37.44248157991688,False
1466440923,36.8,36.8,37.27909119366967,False
1466441012,36.8,36.63466603527834,36.63466603527834,True
1466441049,36.8,36.8,37.32535025224914,False
1466441147,37.0,37.0,36.61078956606062,False
1466441213,36.7,36.7,37.39173919113481,False
1466441311,36.7,36.569550320537125,36.569550320537125,True
1466441318,36.7,37.462215328570764,37.462215328570764,True
1466441418,36.7,36.671060812986646,36.671060812986646,True
1466441510,36.7,37.19710177422507,37.19710177422507,True
1466441541,36.7,37.36566457959925,37.36566457959925,True
1466441579,36.7,36.7,37.035438376327804,False
1466441630,36.7,37.21466372602953,37.21466372602953,True
1466441714,36.7,36.7,36.929934633780974,False
1466441724,36.9,36.9,36.65722703466609,False
1466441741,36.9,36.85241497873701,36.85241497873701,True
1466441822,36.9,36.9,36.91764400533704,False
1466441883,36.9,36.671521790339796,36.671521790339796,True
1466441934,36.9,36.9,36.85898699835372,False
1466441947,37.0,37.02815955934119,37.02815955934119,True
1466442046,37.0,36.7278201136618,36.7278201136618,True
1466442137,36.7,36.7,36.79837838208973,False
1466442175,36.6,36.6,36.67622875734844,False
1466442216,36.8,37.3768466331935,37.3768466331935,True
1466442284,36.8,36.8,36.51160969286289,False
1466442332,36.8,36.73438246630054,36.73438246630054,True
1466442358,36.8,36.8,36.68025612004703,False
1466442362,36.7,37.4071224125675,37.4071224125675,True
1466442439,36.7,36.7,37.46199925613585,False
1466442490,36.7,36.517201889519114,36.517201889519114,True
1466442498,37.1,37.1,36.943708834671085,False
1466442508,37.1,37.09461727951496,37.09461727951496,True
1466442518,37.0,37.08198171561952,37.08198171561952,True
1466442556,37.0,37.416613480892934,37.416613480892934,True
1466442656,37.0,37.0,37.0128961338256,False
1466442662,37.0,37.42488012167877,37.42488012167877,True
1466442703,37.0,37.0,37.11163209617191,False
1466442768,37.0,37.0,36.94049498131207,False
1466442788,37.0,36.72000801235844,36.72000801235844,True
1466442886,37.0,37.0,36.81660504286654,False
1466442980,36.7,36.7,37.48809544349273,False
1466443000,36.7,37.31139721547165,37.31139721547165,True
1466443029,36.7,36.7,37.23867998405754,False
1466443038,36.9,36.9,37.01698784803566,False
1466443089,36.9,37.33433403292631,37.33433403292631,True
1466443162,36.9,36.9,37.15301375074057,False
1466443201,36.9,36.9,36.75309212192214,False
1466443219,36.9,36.677342875425545,36.677342875425545,True
1466443263,36.9,36.9,36.63408121086362,False
1466443350,36.9,37.116559835748035,37.116559835748035,True
1466443373,36.8,37.39502957465395,37.39502957465395,True
1466443392,36.8,36.8,36.72496899091722,False
1466443402,36.8,36.51251135668739,36.51251135668739,True
1466443486,36.8,36.8,36.51950320233273,False
1466443511,36.8,36.8,37.30459165664429,False
1466443584,36.7,37.24290030233544,37.24290030233544,True
1466443677,37.1,36.92188523040588,36.92188523040588,True
1466443725,37.0,37.0,37.065550983848844,False
1466443727,37.0,37.43433344002624,37.43433344002624,True
1466443750,36.9,36.9,37.067205786537514,False
1466443761,37.0,37.0,37.39725006021213,False
1466443808,37.0,37.0,36.86140194574004,False
1466443861,37.0,36.85587800450174,36.85587800450174,True
1466443929,37.1,37.49396720208056,37.49396720208056,True
1466443986,37.1,37.1,37.17589783223484,False
1466444043,37.1,37.14636774086139,37.14636774086139,True
1466444110,37.0,36.6302789955255,36.6302789955255,True
1466444192,37.0,37.0,37.303713939570194,False
1466444287,36.9,36.9,36.81561442650608,False
1466444294,36.9,36.68026166799433,36.68026166799433,True
1466444366,36.9,36.9,36.751741021130975,False
1466444466,36.9,37.428330789122505,37.428330789122505,True
1466444505,36.9,36.9,36.84899053661902,False
1466444556,36.9,36.9,36.95242345166556,False
1466444624,36.9,36.9,37.297520674912384,False
1466444663,36.9,36.9,37.138050206355366,False
1466444685,36.9,36.89569017414594,36.89569017414594,True
1466444756,37.2,37.2,37.050044149437106,False
1466444781,37.2,36.89803622148141,36.89803622148141,True
1466444840,37.2,37.2,36.68194651796798,False
1466444854,37.2,36.96288618989402,36.96288618989402,True
1466444860,37.2,36.95024755439667,36.95024755439667,True
1466444959,37.0,37.0,37.100453154000654,False
1466445058,37.2,37.2,37.412028461553255,False
1466445107,37.1,37.0476213734595,37.0476213734595,True
1466445165,37.1,36.65301743185922,36.65301743185922,True
1466445170,37.0,36.99554367631046,36.99554367631046,True
1466445173,37.0,37.0,36.74723970227008,False
1466445247,37.0,37.09798832422956,37.09798832422956,True
1466445305,37.0,37.0,36.86991833097741,False
1466445333,37.0,37.073795840978384,37.073795840978384,True
1466445356,37.0,37.0,37.05648421290125,False
1466445430,37.0,37.0,36.868073502837824,False
1466445491,37.2,37.2,36.65227309694554,False
1466445497,37.1,37.1,37.000149888950595,False
1466445514,37.1,37.1,37.118903660574134,False
1466445549,37.0,36.61293621411411,36.61293621411411,True
1466445640,37.2,36.99096561993331,36.99096561993331,True
1466445648,37.2,36.81850962112662,36.81850962112662,True
1466445739,37.2,37.2,36.586849566820824,False
1466445814,37.2,37.498736138072694,37.498736138072694,True
1466445879,36.9,36.9,36.69931906248864,False
1466445909,36.9,36.9,37.2990801921146,False
1466445965,36.9,36.60064076802385,36.60064076802385,True
1466446021,36.9,36.73918669838265,36.73918669838265,True
1466446045,37.1,37.00870136667178,37.00870136667178,True
1466446071,36.9,36.73628717295708,36.73628717295708,True
1466446120,36.9,36.9,36.738179432172245,False
1466446168,36.9,36.776989599328864,36.776989599328864,True
1466446253,36.9,36.9,37.39828470909177,False
1466446302,36.9,36.668890486387205,36.668890486387205,True
1466446389,36.9,36.90537618460935,36.90537618460935,True
1466446404,36.6,36.60208426081638,36.60208426081638,True
1466446494,36.6,37.100251922675504,37.100251922675504,True
1466446594,36.7,36.7,37.352096804626576,False
1466446643,36.7,36.7,36.671294231965874,False
1466446669,36.7,37.2572475009471,37.2572475009471,True
1466446690,36.7,37.14006001822653,37.14006001822653,True
1466446735,36.8,36.60034234963097,36.60034234963097,True
1466446766,37.0,37.0,36.51555980686805,False
1466446852,37.1,36.915920455717384,36.915920455717384,True
1466446902,37.1,36.73520966652917,36.73520966652917,True
1466446945,36.9,36.64051908227346,36.64051908227346,True
1466446987,36.7,36.7,37.27439894753764,False
1466447036,36.9,36.89236321413781,36.89236321413781,True
1466447112,36.8,36.502043106139276,36.502043106139276,True
1466447129,36.8,36.8,37.314295054887694,False
1466447189,36.8,36.725763631286284,36.725763631286284,True
1466447224,36.6,36.6,37.27574487826578,False
1466447270,36.6,36.6,36.72297713066317,False
1466447272,36.6,36.6,36.51299718147878,False
1466447348,36.6,36.6734767116176,36.6734767116176,True
1466447359,36.6,36.6,37.27495687447433,False
1466447388,36.6,36.80355410889425,36.80355410889425,True
1466447390,36.6,36.6,36.55221366684015,False
1466447425,36.6,37.46385873670911,37.46385873670911,True
1466447463,36.6,36.6,36.83321162462327,False
1466447485,36.6,36.681026726397874,36.681026726397874,True
1466447545,36.6,37.39306661571142,37.39306661571142,True
1466447553,36.6,37.0676211322585,37.0676211322585,True
1466447554,36.8,37.24440860794803,37.24440860794803,True
1466447573,37.0,37.24769312481632,37.24769312481632,True
1466447634,37.0,37.0,36.955450653485464,False
1466447695,36.8,36.8,36.552605175022215,False
1466447762,36.8,36.8,37.3703380506086,False
1466447844,36.8,36.8,37.49607670136991,False
1466447885,36.8,36.8,36.86299556839002,False
1466447943,36.8,36.8,36.82987183250758,False
1466447956,36.8,36.8,36.54015801597358,False
1466448041,36.8,37.06485419066808,37.06485419066808,True
1466448140,36.8,36.85859088931541,36.85859088931541,True
1466448215,36.9,36.9437789397235,36.9437789397235,True
1466448270,36.9,37.360494484084406,37.360494484084406,True
1466448302,36.9,36.724209318063195,36.724209318063195,True
1466448368,36.9,37.36401268208938,37.36401268208938,True
1466448422,36.8,36.8,36.85486505120176,False
1466448517,36.8,37.14143073239257,37.14143073239257,True
1466448614,36.8,36.8,36.69402969964268,False
1466448701,36.8,36.8,37.31902881186441,False
1466448743,36.8,37.41933335818878,37.41933335818878,True
1466448805,36.8,37.244504273257576,37.244504273257576,True
1466448844,36.9,36.9,37.23192786117093,False
1466448896,36.9,36.9,37.036535284715825,False
1466448984,36.9,36.54673884237264,36.54673884237264,True
1466449031,36.9,37.00254630505295,37.00254630505295,True
1466449045,36.9,37.25036424708553,37.25036424708553,True
1466449099,36.9,37.15236565939981,37.15236565939981,True
1466449171,36.9,36.9,37.07338006718351,False
1466449261,36.9,36.9,37.42227426695027,False
1466449280,36.9,36.9,36.585015210305606,False
1466449359,36.8,36.95845881737608,36.95845881737608,True
1466449442,36.8,36.845750503773104,36.845750503773104,True
1466449496,36.7,36.7,37.163024678603634,False
1466449537,36.7,37.22342564526961,37.22342564526961,True
1466449555,36.7,36.7,36.839600733959855,False
1466449629,36.7,36.7,37.02640523824667,False
1466449635,36.7,37.32910864875432,37.32910864875432,True
1466449721,36.7,36.7,36.61207989269735,False
1466449772,36.7,36.7,37.44075257409285,False
1466449872,36.7,36.99715883121315,36.99715883121315,True
1466449873,36.7,37.48976400199607,37.48976400199607,True
1466449884,36.7,36.7,37.4130285305454,False
1466449937,36.8,37.4283321881625,37.4283321881625,True
1466449953,37.0,36.78915020242922,36.78915020242922,True
1466449959,37.0,37.210512783761615,37.210512783761615,True
1466449961,36.6,36.627820786391574,36.627820786391574,True
1466450018,36.6,37.35856463806443,37.35856463806443,True
1466450075,36.8,36.61280679833223,36.61280679833223,True
1466450150,36.8,37.2481033305298,37.2481033305298,True
1466450177,36.8,37.23068499425993,37.23068499425993,True
1466450255,36.8,36.8,36.88468797370622,False
1466450343,36.8,36.86459448810084,36.86459448810084,True
1466450348,36.8,37.33628903232201,37.33628903232201,True
1466450401,36.8,36.8,37.21463502786375,False
1466450433,36.7,36.78297120966181,36.78297120966181,True
1466450507,36.7,37.12786361566769,37.12786361566769,True
1466450536,36.7,37.25325783318869,37.25325783318869,True
1466450627,36.7,37.26164489422667,37.26164489422667,True
1466450723,36.7,36.7,37.259010417472034,False
1466450817,37.0,37.0,36.96364083573094,False
1466450900,37.0,37.0,36.61646632225924,False
1466450902,37.0,36.894449487211276,36.894449487211276,True
1466450971,36.6,36.73764943406523,36.73764943406523,True
1466451016,36.6,36.631894909597065,36.631894909597065,True
1466451023,36.6,36.6,37.33750769364845,False
1466451073,36.9,37.18867397066775,37.18867397066775,True
1466451166,37.0,37.0,36.553815723685595,False
1466451231,36.7,37.30331655830669,37.30331655830669,True
1466451245,36.7,36.7,36.98387743697703,False
1466451293,36.7,37.25755088592141,37.25755088592141,True
1466451295,37.0,37.30354235943897,37.30354235943897,True
1466451378,36.7,36.994457118994966,36.994457118994966,True
1466451445,36.7,36.7,36.85682792357292,False
1466451508,36.7,36.95455143761546,36.95455143761546,True
1466451599,36.7,36.7,36.961352933074195,False
1466451686,36.7,36.79768032497289,36.79768032497289,True
1466451761,36.7,36.66074110434871,36.66074110434871,True
1466451857,36.7,37.2119705083053,37.2119705083053,True
1466451909,36.7,36.7,36.82116178743571,False
1466451919,36.7,36.7,36.68756217877824,False
1466452006,36.7,36.7,37.04347487502162,False
1466452035,36.7,36.71495184196078,36.71495184196078,True
1466452039,36.7,36.7,36.92259093437456,False
1466452104,36.7,36.7,36.67889586055995,False
1466452167,36.7,36.563572400931456,36.563572400931456,True
1466452238,37.1,37.1,36.664469496779304,False
1466452313,37.0,37.0,37.055556975785066,False
1466452339,37.0,37.0,36.60422906382852,False
1466452419,37.2,36.656530351127884,36.656530351127884,True
1466452424,37.0,37.25615328876182,37.25615328876182,True
1466452435,37.1,36.58994039870141,36.58994039870141,True
1466452531,37.1,37.334431791770285,37.334431791770285,True
1466452584,37.1,37.429380999271785,37.429380999271785,True
1466452625,37.0,37.11050193446401,37.11050193446401,True
1466452676,37.0,36.50596285597336,36.50596285597336,True
1466452752,37.1,36.530709882131355,36.530709882131355,True
1466452796,37.0,37.0,37.45187709011475,False
1466452825,37.0,37.39990173688872,37.39990173688872,True
1466452860,37.2,37.299453108470566,37.299453108470566,True
1466452960,36.9,37.31326872483189,37.31326872483189,True
1466452979,37.1,37.1,36.78524633196743,False
1466453002,36.9,36.9,37.145271650240694,False
1466453016,36.9,36.9,37.149749965449864,False
1466453025,36.9,36.55768811633878,36.55768811633878,True
1466453089,36.9,37.144513199231085,37.144513199231085,True
1466453141,36.6,36.6,36.54896826908877,False
1466453154,37.1,37.1,36.791703816659336,False
1466453184,37.1,37.1,36.996453467005324,False
1466453202,37.1,37.1,37.36106177886897,False
1466453203,37.1,37.1,37.48837132446785,False
1466453222,37.1,37.1,37.27084479617274,False
1466453321,37.2,37.2,36.61928481211052,False
1466453379,37.2,36.60569888629811,36.60569888629811,True
1466453392,37.2,37.198675133666974,37.198675133666974,True
1466453422,37.2,37.2,36.62856975723099,False
1466453502,37.2,37.2,36.7055822305899,False
1466453518,37.1,36.68507319964917,36.68507319964917,True
1466453563,37.1,37.16910420473611,37.16910420473611,True
1466453604,37.1,37.115166935909365,37.115166935909365,True
1466453639,37.2,37.070779358079086,37.070779358079086,True
1466453705,37.1,36.607701526296445,36.607701526296445,True
1466453795,37.1,36.56113695825982,36.56113695825982,True
1466453816,37.1,36.84043934965242,36.84043934965242,True
1466453870,37.1,36.75360986233411,36.75360986233411,True
1466453910,37.1,37.143898931480244,37.143898931480244,True
1466454002,37.0,37.45567411512463,37.45567411512463,True
1466454051,37.0,37.11947976788856,37.11947976788856,True
1466454087,37.1,37.1,37.24683409912604,False
1466454129,36.9,36.9,37.2121105149141,False
1466454227,36.9,36.88611481047328,36.88611481047328,True
1466454259,37.0,37.042610490045995,37.042610490045995,True
1466454262,37.0,37.0,36.6549712953816,False
1466454298,37.0,37.122779068918476,37.122779068918476,True
1466454388,37.0,37.0,36.93120303877085,False
1466454399,36.9,36.9,37.10917072557454,False
1466454473,37.1,37.1,37.19940917649064,False
1466454529,37.1,37.49055500100385,37.49055500100385,True
1466454559,37.1,37.493705736527815,37.493705736527815,True
1466454648,37.1,37.1,36.555502405637945,False
1466454745,37.1,37.124232670508604,37.124232670508604,True
1466454763,37.1,37.1,37.44448063652651,False
1466454851,37.1,37.1,36.90945914586167,False
1466454936,37.0,37.0,36.947424670817796,False
1466454949,37.0,36.62708889964813,36.62708889964813,True
1466455032,37.0,36.61573207980666,36.61573207980666,True
1466455065,37.0,37.0,36.974219884144794,False
1466455119,37.0,37.26105441254726,37.26105441254726,True
1466455172,36.9,36.9,37.072681489049536,False
1466455196,36.9,36.9,36.8753288796003,False
1466455271,37.1,37.1,36.91658749472561,False
1466455357,37.1,37.07617168586718,37.07617168586718,True
1466455361,37.0,37.0,36.99303955494661,False
1466455394,37.0,37.117465466610966,37.117465466610966,True
1466455475,37.0,37.32264815724981,37.32264815724981,True
1466455497,37.0,37.26553217713235,37.26553217713235,True
1466455561,37.0,36.86811493916357,36.86811493916357,True
1466455575,36.9,37.007216602118824,37.007216602118824,True
1466455587,36.9,36.9,37.44082356879915,False
1466455651,36.9,36.9,37.03075496619079,False
1466455658,36.9,36.9,36.86408331507404,False
1466455732,36.9,37.17887911425171,37.17887911425171,True
1466455812,36.9,36.57610187707833,36.57610187707833,True
1466455910,36.9,36.699269335447376,36.699269335447376,True
1466455951,37.0,36.76814843106958,36.76814843106958,True
1466455999,37.0,37.0,37.32083872889934,False
1466456054,37.1,37.1,36.82581840268987,False
1466456058,37.1,37.23336350341179,37.23336350341179,True
1466456074,37.1,37.25035906105595,37.25035906105595,True
1466456088,37.2,37.44007090884256,37.44007090884256,True
1466456118,37.1,37.1,36.68420831199988,False
1466456218,37.1,36.981935835552505,36.981935835552505,True
1466456265,37.1,36.69572116073996,36.69572116073996,True
1466456270,37.1,37.1,36.69820573889645,False
1466456312,37.1,37.1,36.520023721013,False
1466456346,37.1,37.1,36.7557961105935,False
1466456374,37.2,37.44227812713183,37.44227812713183,True
1466456406,37.2,37.210663311696706,37.210663311696706,True
1466456482,37.2,36.87821149250315,36.87821149250315,True
1466456512,37.2,37.2,37.23818782643198,False
1466456610,37.2,37.2,36.65572576271996,False
1466456683,37.4,37.4,37.17823046602067,False
1466456768,37.4,36.73541891741308,36.73541891741308,True
1466456856,37.4,37.4,36.94135791215077,False
1466456927,37.4,37.4,36.58786990012513,False
1466457014,37.4,36.91740964800026,36.91740964800026,True
1466457032,37.3,36.761450598966874,36.761450598966874,True
1466457067,37.3,36.879041597903715,36.879041597903715,True
1466457157,37.2,37.2,37.47565835733779,False
1466457215,37.2,37.2,37.299686985832814,False
1466457267,37.2,37.2,37.10784372422607,False
1466457357,37.2,37.22863021615317,37.22863021615317,True
1466457434,37.2,37.2,37.22625277182972,False
1466457487,37.2,37.2,37.21462554419206,False
1466457559,36.9,36.7208637639455,36.7208637639455,True
1466457603,36.9,36.9,36.93567789588119,False
1466457671,37.1,37.12154281141909,37.12154281141909,True
1466457713,37.1,37.1,37.18023531479621,False
1466457745,37.0,37.223989204107355,37.223989204107355,True
1466457782,37.0,37.0,36.78244925894236,False
1466457802,37.0,37.0,37.209043637758604,False
1466457817,37.0,37.0,36.52638215590448,False
1466457865,37.0,37.0,37.3068973879703,False
1466457884,37.0,37.0,37.17693416990041,False
1466457885,37.0,37.0,36.51348301580585,False
1466457917,37.1,37.03145243363411,37.03145243363411,True
1466457973,37.1,36.74267529342814,36.74267529342814,True
1466458045,37.1,37.1,36.99202460947411,False
1466458135,37.1,37.1,36.71762100232605,False
1466458151,37.1,37.1,36.765854640499846,False
1466458230,37.1,37.1,36.59669163450441,False
1466458324,37.1,37.173093902620614,37.173093902620614,True
1466458362,37.1,36.779292957937884,36.779292957937884,True
1466458438,37.1,36.54748748550993,36.54748748550993,True
1466458454,37.1,37.1,37.453796890530285,False
1466458496,37.1,37.40669418736396,37.40669418736396,True
1466458509,37.0,37.00485354266456,37.00485354266456,True
1466458580,37.1,37.1,37.079847918041104,False
1466458590,37.1,37.1,36.699093377753364,False
1466458626,37.1,37.1,37.229958801635,False
1466458642,37.1,37.1,36.83096819154405,False
1466458665,37.1,37.1,36.565111254962915,False
1466458694,37.2,37.2,37.329284989005515,False
1466458762,37.2,37.37739899733125,37.37739899733125,True
1466458793,37.2,36.92207455239683,36.92207455239683,True
1466458824,37.2,37.47075663373234,37.47075663373234,True
1466458906,37.2,36.55887927072999,36.55887927072999,True
1466458982,37.2,37.03600044533438,37.03600044533438,True
1466459068,37.1,37.1,36.99616337062424,False
1466459159,37.1,37.1,37.15987903288805,False
1466459184,37.1,37.1,36.624249934824626,False
1466459273,37.1,37.01984550477993,37.01984550477993,True
1466459372,37.1,37.46418127345312,37.46418127345312,True
1466459415,37.0,37.0,37.037020732971456,False
1466459483,37.0,37.034317953585365,37.034317953585365,True
1466459504,37.0,36.94500976086165,36.94500976086165,True
1466459588,37.1,36.665256953799556,36.665256953799556,True
1466459595,37.0,37.226210427632715,37.226210427632715,True
1466459673,37.0,37.0,37.489030401272046,False
1466459726,36.9,36.9,37.01850806133917,False
1466459800,36.9,37.42543755134114,37.42543755134114,True
1466459857,36.9,36.9,36.96104047377569,False
1466459887,36.9,36.73503837771787,36.73503837771787,True
1466459913,36.9,36.9,36.9255915611084,False
1466459974,36.9,36.9,37.23864131782708,False
1466459995,36.9,36.6938474625961,36.6938474625961,True
1466460001,36.9,36.744117440057416,36.744117440057416,True
1466460054,36.9,36.9,36.60713698449171,False
1466460130,36.9,36.9,37.09794187302466,False
1466460215,37.0,36.8127527895134,36.8127527895134,True
1466460252,37.0,37.0,36.875764048607195,False
1466460272,37.0,36.71813721647735,36.71813721647735,True
1466460346,37.1,37.1,36.513192149319536,False
1466460440,37.1,36.97049751408615,36.97049751408615,True
1466460461,37.1,37.1,37.22141864794449,False
1466460528,37.0,37.48406869007421,37.48406869007421,True
1466460610,36.9,36.9,36.717620106884105,False
1466460630,37.0,37.0,36.88895746562353,False
1466460691,37.0,37.0,37.114787574238385,False
1466460706,37.0,37.0,36.6876313734194,False
1466460739,37.1,37.1,36.627276621926676,False
1466460765,37.3,37.18321133986478,37.18321133986478,True
1466460795,37.2,37.435242029326496,37.435242029326496,True
1466460877,37.1,37.03208835626721,37.03208835626721,True
1466460973,37.2,37.029068339638584,37.029068339638584,True
1466461009,37.2,37.2,37.18797409520134,False
1466461027,37.0,37.30831703187692,37.30831703187692,True
1466461032,37.0,37.21554242988121,37.21554242988121,True
1466461096,37.0,37.44207938037379,37.44207938037379,True
1466461169,37.0,37.0,37.207310692359655,False
1466461256,37.0,37.1713391660143,37.1713391660143,True
1466461351,37.0,37.04745560423771,37.04745560423771,True
1466461451,37.1,37.419194479154605,37.419194479154605,True
1466461531,37.1,37.484120545218225,37.484120545218225,True
1466461568,37.1,37.1,36.72536105417979,False
1466461583,37.2,37.2,37.000347976949705,False
1466461647,37.1,37.1,36.654466295643154,False
1466461703,37.1,36.87911921482154,36.87911921482154,True
1466461794,37.3,37.27196463800565,37.27196463800565,True
1466461813,37.2,37.2,37.014693992869724,False
1466461910,37.2,37.2,36.52417852015786,False
1466461988,37.2,37.35747110691021,37.35747110691021,True
1466462056,37.2,37.12587562013746,37.12587562013746,True
1466462101,37.2,37.2,36.65160134892658,False
1466462155,37.2,37.2,36.8216595678181,False
1466462215,37.2,37.2,37.095394261289606,False
1466462278,37.2,37.338419155328914,37.338419155328914,True
1466462368,37.2,37.43343319938426,37.43343319938426,True
1466462412,37.2,37.2,37.086347236610536,False
1466462512,37.0,37.0,37.10373115034252,False
1466462594,37.0,37.0,36.91606171285249,False
1466462671,37.0,37.0,37.17712414568425,False
1466462716,37.3,36.85960710765372,36.85960710765372,True
1466462746,37.4,37.4,36.53736635250764,False
1466462782,37.4,37.39196517109453,37.39196517109453,True
1466462820,37.4,37.090117499677305,37.090117499677305,True
1466462833,37.1,37.1,37.17745531686293,False
1466462842,37.1,37.36075748674544,37.36075748674544,True
1466462850,37.1,37.1,36.932083123830274,False
1466462941,37.1,37.1,36.988385268879085,False
1466463026,37.1,37.15261505379015,37.15261505379015,True
1466463117,37.3,37.3,36.8613608241467,False
1466463139,37.3,37.3,36.8456272548953,False
