1466410104,88.5,148.0597359829144,148.0597359829144,True
1466410114,88.5,169.73969438228858,169.73969438228858,True
1466410130,88.5,88.5,34.62968751532613,False
1466410181,88.5,55.50875693520607,55.50875693520607,True
1466410203,88.5,66.06820329159406,66.06820329159406,True
1466410250,88.5,152.5838516956586,152.5838516956586,True
1466410309,88.5,88.5,9.753406465048698,False
1466410397,88.5,153.7489059353592,153.7489059353592,True
1466410430,88.5,0.4443445992919459,0.4443445992919459,True
1466410469,88.5,88.5,134.12900604701488,False
1466410483,88.5,88.5,93.24070417117241,False
1466410498,88.5,89.82411728835234,89.82411728835234,True
1466410502,88.5,88.5,77.19750930466707,False
1466410532,88.5,88.5,79.69448047893837,False
1466410541,88.5,88.5,127.26454740686745,False
1466410573,88.5,88.5,91.10269299955856,False
1466410630,88.5,27.528370321869964,27.528370321869964,True
1466410653,88.5,151.9563659526491,151.9563659526491,True
1466410746,88.5,88.5,71.58291294610797,False
1466410814,88.5,88.5,113.0783513557699,False
1466410890,88.5,54.70165836004646,54.70165836004646,True
1466410902,88.5,88.5,33.45848726512286,False
1466410978,88.5,88.5,95.70844744141557,False
1466411008,88.5,88.5,20.131439051127288,False
1466411066,88.5,88.5,162.01946405238795,False
1466411094,88.5,88.5,124.64304844600822,False
1466411157,88.5,119.2839604578281,119.2839604578281,True
1466411223,88.5,88.5,108.12184962450083,False
1466411226,88.5,34.412223219113145,34.412223219113145,True
1466411272,88.5,50.07942576064088,50.07942576064088,True
1466411303,88.5,88.5,115.3250059740219,False
1466411318,88.5,35.44224299783074,35.44224299783074,True
1466411396,88.5,88.5,75.176349797119,False
1466411493,88.5,88.5,39.87154661285075,False
1466411549,88.5,88.5,7.2792934112412055,False
1466411560,88.5,88.5,72.93150726542193,False
1466411626,88.5,116.27549280745333,116.27549280745333,True
1466411723,88.5,114.81417199403121,114.81417199403121,True
1466411763,88.5,88.5,171.33070134065989,False
1466411785,88.5,149.54000759545966,149.54000759545966,True
1466411854,88.5,186.23051219341363,186.23051219341363,True
1466411889,88.5,88.5,96.17163124651249,False
1466411988,88.5,184.68180440981388,184.68180440981388,True
1466412022,88.5,71.75353100570258,71.75353100570258,True
1466412046,88.5,139.82228238372363,139.82228238372363,True
1466412076,88.5,61.580882253477576,61.580882253477576,True
1466412152,88.5,161.08998172681788,161.08998172681788,True
1466412181,88.5,49.4730527574677,49.4730527574677,True
1466412201,88.5,88.5,48.27911825955773,False
1466412260,88.5,192.0600230915732,192.0600230915732,True
1466412347,88.5,88.5,51.587942372805884,False
1466412360,88.5,88.5,15.72565231566685,False
1466412438,88.5,83.75347054649814,83.75347054649814,True
1466412521,88.5,129.49701681164046,129.49701681164046,True
1466412599,88.5,88.5,84.10488156749378,False
1466412639,88.5,118.62081572383332,118.62081572383332,True
1466412691,88.5,55.45312907207354,55.45312907207354,True
1466412747,88.5,88.5,11.920439880812616,False
1466412794,88.5,88.5,17.47335366816469,False
1466412819,88.5,179.80812240497005,179.80812240497005,True
1466412832,88.5,88.5,99.27408367048199,False
1466412874,88.5,88.5,132.5022341102572,False
1466412943,88.5,88.5,10.07360303401863,False
1466412971,88.5,88.5,75.96807324734193,False
1466412990,88.5,88.5,33.12716015953108,False
1466413028,88.5,87.12138357614376,87.12138357614376,True
1466413053,88.5,149.0136100246933,149.0136100246933,True
1466413125,88.5,11.58846966615159,11.58846966615159,True
1466413200,88.5,88.5,93.78229678503833,False
1466413264,88.5,84.36750988637456,84.36750988637456,True
1466413311,88.5,154.527288138379,154.527288138379,True
1466413342,88.5,92.39002047238716,92.39002047238716,True
1466413440,88.5,88.5,20.71634884902376,False
1466413458,88.5,88.5,3.2515544013278053,False
1466413529,88.5,88.5,181.19730455776136,False
1466413542,88.5,88.5,174.7526325977471,False
1466413638,88.5,88.5,120.73385787611821,False
1466413672,88.5,10.28538054288488,10.28538054288488,True
1466413733,88.5,88.5,47.388650145616666,False
1466413779,88.5,43.16057644528504,43.16057644528504,True
1466413780,88.5,17.22505640376579,17.22505640376579,True
1466413864,88.5,88.5,175.53466713173472,False
1466413885,88.5,88.5,1.4066306114821847,False
1466413946,88.5,88.5,21.579606972598796,False
1466414033,88.5,88.5,148.3346296402661,False
1466414071,88.5,88.5,156.77801834378195,False
1466414164,88.5,88.5,120.71449059146747,False
1466414225,88.5,88.5,74.53554049589835,False
1466414312,88.6,154.2960609697234,154.2960609697234,True
1466414325,88.6,88.6,31.73076918403952,False
1466414328,88.6,50.05401174325206,50.05401174325206,True
1466414329,88.6,88.6,110.79676472956514,False
1466414402,88.6,88.6,21.656069477006,False
1466414407,88.6,67.4347900531447,67.4347900531447,True
1466414413,88.6,50.62960917887474,50.62960917887474,True
1466414460,88.6,88.6,102.76331744271626,False
1466414552,88.6,40.03931670847811,40.03931670847811,True
1466414602,88.6,41.999625283697675,41.999625283697675,True
1466414662,88.6,88.6,68.17331166852598,False
1466414746,88.6,88.6,160.0646887469374,False
1466414844,88.6,47.19975179712041,47.19975179712041,True
1466414943,88.6,147.40585402483484,147.40585402483484,True
1466414946,88.6,120.36343662250594,120.36343662250594,True
1466414966,88.6,88.6,157.4473618770303,False
1466415038,88.6,88.6,124.58224442967527,False
1466415106,88.6,81.59777645000081,81.59777645000081,True
1466415130,88.6,88.6,99.2657201588746,False
1466415145,88.6,88.6,149.26512783120018,False
1466415202,88.6,14.576272856893535,14.576272856893535,True
1466415239,88.6,63.65365623744881,63.65365623744881,True
1466415249,88.6,35.948443584005354,35.948443584005354,True
1466415308,88.6,84.78551662343408,84.78551662343408,True
1466415357,88.6,88.6,119.98651293349889,False
1466415404,88.6,24.22511635780138,24.22511635780138,True
1466415469,88.6,101.73568070617496,101.73568070617496,True
1466415548,88.6,88.6,21.085118226589607,False
1466415588,88.6,48.11315196637893,48.11315196637893,True
1466415627,88.6,19.903070024275983,19.903070024275983,True
1466415719,88.6,88.6,6.809287204252268,False
1466415767,88.6,88.6,149.52518101386684,False
1466415860,88.6,88.6,160.79528072089659,False
1466415872,88.6,88.6,58.726059998650946,False
1466415914,88.6,156.70605109450858,156.70605109450858,True
1466415934,88.6,88.6,96.5340199722464,False
1466415988,88.6,49.970261694795326,49.970261694795326,True
1466416004,88.6,88.6,30.76695083512877,False
1466416050,88.6,88.6,102.94411175281348,False
1466416150,88.6,88.6,168.5739741930346,False
1466416161,88.6,186.32169332035303,186.32169332035303,True
1466416215,88.6,82.43642278208007,82.43642278208007,True
1466416315,88.6,124.27449853313544,124.27449853313544,True
1466416321,88.6,88.6,95.08047633448955,False
1466416393,88.6,188.28047828650904,188.28047828650904,True
1466416440,88.6,152.58711783653771,152.58711783653771,True
1466416510,88.6,66.54357053374378,66.54357053374378,True
1466416541,88.6,88.6,121.0054907212626,False
1466416631,88.6,89.32187743143926,89.32187743143926,True
1466416671,88.6,77.99915090036534,77.99915090036534,True
1466416725,88.6,172.24751177591554,172.24751177591554,True
1466416815,88.6,88.6,26.696269283305195,False
1466416867,88.6,88.6,103.81595773963062,False
1466416933,88.6,72.55162317039124,72.55162317039124,True
1466416963,88.6,122.34112534734119,122.34112534734119,True
1466417034,88.6,88.6,173.46015280821032,False
1466417069,88.6,118.99255877317012,118.99255877317012,True
1466417095,88.6,88.6,187.9464080992739,False
1466417123,88.6,47.232264815630145,47.232264815630145,True
1466417219,88.6,88.6,97.78968665943937,False
1466417228,88.6,158.1923004662472,158.1923004662472,True
1466417235,88.6,66.92341391741354,66.92341391741354,True
1466417266,88.6,88.6,145.64404562062364,False
1466417298,88.6,152.79824517575366,152.79824517575366,True
1466417382,88.6,65.93193967502471,65.93193967502471,True
1466417429,88.6,88.6,19.992669974852607,False
1466417434,88.6,88.6,70.52035929812905,False
1466417513,88.6,88.6,55.93279463894996,False
1466417598,88.6,88.6,144.7459457189856,False
1466417615,88.6,160.58180858383514,160.58180858383514,True
1466417654,88.6,88.6,4.134024892797639,False
1466417749,88.6,88.6,66.3055359932555,False
1466417763,88.7,147.61035531646212,147.61035531646212,True
1466417822,88.7,88.7,105.52800490272986,False
1466417851,88.7,88.7,92.4246557736789,False
1466417855,88.7,88.7,170.20480428011086,False
1466417879,88.8,1.8292575125718136,1.8292575125718136,True
1466417895,88.8,88.8,93.81815079745952,False
1466417969,88.8,173.88594114949652,173.88594114949652,True
1466418049,88.8,16.888090491379735,16.888090491379735,True
1466418118,88.8,88.8,8.45433821976842,False
1466418129,88.8,88.8,116.3334815310679,False
1466418179,88.8,88.8,90.20755720799608,False
1466418254,88.8,101.34596799725033,101.34596799725033,True
1466418332,88.8,88.8,33.01245947552827,False
1466418428,88.8,88.8,173.32651681684382,False
1466418494,88.8,160.2350657843243,160.2350657843243,True
1466418554,88.8,88.8,126.39235259285479,False
1466418563,88.8,11.40198924549436,11.40198924549436,True
1466418564,88.8,4.00717308947991,4.00717308947991,True
1466418594,88.8,169.43460918650908,169.43460918650908,True
1466418674,88.8,88.8,109.47471125251005,False
1466418748,88.8,88.8,140.21773637306205,False
1466418847,88.8,88.8,68.03013039806893,False
1466418877,88.8,88.8,38.02226333562804,False
1466418917,88.8,88.8,70.18035136555025,False
1466418938,88.8,155.04292823878774,155.04292823878774,True
1466419031,88.8,88.8,16.545356008857382,False
1466419058,88.8,14.588925615173508,14.588925615173508,True
1466419104,88.8,199.01092348479443,199.01092348479443,True
1466419166,88.8,88.8,14.611465401508239,False
1466419261,88.8,119.44710057734966,119.44710057734966,True
1466419349,88.8,89.4464564344988,89.4464564344988,True
1466419442,88.8,62.43068926866775,62.43068926866775,True
1466419530,88.8,88.8,86.84084310239982,False
1466419595,88.9,154.51560504207708,154.51560504207708,True
1466419646,88.9,24.38496764302571,24.38496764302571,True
1466419737,88.9,197.5484870088385,197.5484870088385,True
1466419826,88.9,32.093865812476885,32.093865812476885,True
1466419880,88.9,88.9,188.85961782289894,False
1466419911,88.9,52.8667850383973,52.8667850383973,True
1466419938,88.9,190.87101752023378,190.87101752023378,True
1466420016,88.9,163.4419297667834,163.4419297667834,True
1466420019,88.9,88.9,112.87529436807446,False
1466420108,88.9,14.065340356924882,14.065340356924882,True
1466420205,88.9,88.9,97.46316295205806,False
1466420228,88.9,88.9,199.7479563381115,False
1466420257,88.9,88.9,198.87447746176676,False
1466420270,88.9,88.9,129.67057252494575,False
1466420296,88.9,88.9,199.9839820620956,False
1466420331,88.9,88.9,3.518775881817726,False
1466420407,88.9,144.1550028258174,144.1550028258174,True
1466420430,88.9,2.2379087997470792,2.2379087997470792,True
1466420453,88.9,53.56130861314801,53.56130861314801,True
1466420474,88.9,186.26580273581484,186.26580273581484,True
1466420566,88.9,88.9,82.54677914652217,False
1466420579,88.9,43.52193777291118,43.52193777291118,True
1466420618,88.9,88.9,113.69385485597101,False
1466420624,88.9,81.1779722117438,81.1779722117438,True
1466420643,88.9,88.9,55.715538370354814,False
1466420695,88.9,88.9,180.23166739944048,False
1466420788,88.9,88.9,5.953297342871422,False
1466420863,88.9,16.099686264839285,16.099686264839285,True
1466420947,88.9,151.96072906809775,151.96072906809775,True
1466421003,88.9,88.9,190.1650126212034,False
1466421032,88.9,88.9,37.2928102730735,False
1466421050,88.9,88.9,17.687021839105157,False
1466421116,88.9,88.9,93.31452600334464,False
1466421208,88.9,88.9,26.266863902234185,False
1466421234,88.9,33.920594256978,33.920594256978,True
1466421262,88.9,88.9,178.40357915082748,False
1466421353,88.9,88.9,150.46234134655708,False
1466421360,88.9,88.9,139.58599719669851,False
1466421392,88.9,88.9,78.75498414577116,False
1466421480,88.9,88.9,144.7655598062593,False
1466421530,88.9,161.68006512154312,161.68006512154312,True
1466421547,88.9,43.83505221271664,43.83505221271664,True
1466421591,88.9,141.94897102506397,141.94897102506397,True
1466421633,88.9,161.73099911419814,161.73099911419814,True
1466421636,88.9,88.9,26.651052810256903,False
1466421670,88.9,80.38058411636769,80.38058411636769,True
1466421695,88.9,87.81314497552954,87.81314497552954,True
1466421721,88.9,113.67391140780695,113.67391140780695,True
1466421804,88.9,168.68953026636845,168.68953026636845,True
1466421819,88.9,155.4378918807888,155.4378918807888,True
1466421862,88.9,88.9,14.915573048843388,False
1466421885,88.9,27.261581674359636,27.261581674359636,True
1466421936,88.9,35.958445417395126,35.958445417395126,True
1466422012,88.9,88.9,72.99465157278746,False
1466422044,88.9,93.07541869636155,93.07541869636155,True
1466422045,88.9,88.9,126.40988214117593,False
1466422137,88.9,19.12423000925243,19.12423000925243,True
1466422162,88.9,176.34433890401567,176.34433890401567,True
1466422189,88.9,88.9,199.1861618734672,False
1466422197,88.9,93.83673730786566,93.83673730786566,True
1466422264,88.9,88.9,66.02086662860064,False
1466422330,88.9,88.9,41.9546372466663,False
1466422378,88.9,183.44978272104382,183.44978272104382,True
1466422432,88.9,88.9,87.52343462820853,False
1466422488,88.9,137.05715867063438,137.05715867063438,True
1466422577,88.9,88.9,118.52851961600082,False
1466422628,88.9,144.1597835362461,144.1597835362461,True
1466422638,88.9,88.9,155.429940139883,False
1466422666,88.9,88.9,189.77133940937486,False
1466422706,88.9,88.9,170.77164770428058,False
1466422731,88.9,106.03112750156949,106.03112750156949,True
1466422804,88.9,88.9,68.20027832575232,False
1466422866,88.9,88.9,146.61672125377288,False
1466422873,88.9,111.31487314398323,111.31487314398323,True
1466422895,88.9,24.00482768596357,24.00482768596357,True
1466422953,88.9,88.9,29.905458347868464,False
1466422973,88.9,88.9,119.04978679705684,False
1466423017,88.9,88.9,20.623743489926817,False
1466423051,88.9,100.44954591939734,100.44954591939734,True
1466423099,88.9,167.54321328334817,167.54321328334817,True
1466423150,88.9,88.9,68.49171155955744,False
1466423155,88.9,159.49251509911616,159.49251509911616,True
1466423168,88.9,88.9,187.0733551839321,False
1466423205,88.9,5.8942446136653,5.8942446136653,True
1466423275,88.9,88.9,128.11068052409092,False
1466423287,88.9,103.89923112476218,103.89923112476218,True
1466423336,88.9,88.9,192.79346678668927,False
1466423340,88.9,7.294638275895915,7.294638275895915,True
1466423355,88.9,88.9,167.65629387221335,False
1466423443,88.9,18.84614030952141,18.84614030952141,True
1466423499,88.9,12.551574231857842,12.551574231857842,True
1466423585,88.9,9.579003638412553,9.579003638412553,True
1466423612,88.9,88.9,79.53925263132604,False
1466423669,88.9,88.9,165.1806029043861,False
1466423705,88.9,88.9,167.72195703481268,False
1466423770,88.9,88.9,63.18704620590698,False
1466423844,88.9,0.7288390186214633,0.7288390186214633,True
1466423902,88.9,78.56275848867296,78.56275848867296,True
1466423913,88.9,88.9,92.65640790122656,False
1466423972,88.9,193.3551605054706,193.3551605054706,True
1466424014,88.9,180.87356896124888,180.87356896124888,True
1466424069,88.9,88.9,52.910925677352424,False
1466424154,88.9,88.9,186.05136986352719,False
1466424155,88.9,88.9,100.58625997142398,False
1466424169,88.9,87.87275858332882,87.87275858332882,True
1466424262,88.9,88.9,91.85559122176915,False
1466424339,88.9,88.9,8.173352203518359,False
1466424398,88.9,8.42554751372473,8.42554751372473,True
1466424497,88.9,0.8275217853091821,0.8275217853091821,True
1466424558,88.9,138.25752515220577,138.25752515220577,True
1466424613,88.9,168.5051227675983,168.5051227675983,True
1466424713,88.9,88.9,21.749579871390633,False
1466424804,88.9,88.9,123.7240308085994,False
1466424878,88.9,149.196768183439,149.196768183439,True
1466424924,88.9,50.39889732267648,50.39889732267648,True
1466425009,88.9,86.07304371083424,86.07304371083424,True
1466425106,88.9,88.9,143.70210823318806,False
1466425129,88.9,14.017153860417842,14.017153860417842,True
1466425179,88.9,88.9,61.52422790048806,False
1466425257,88.9,9.360172393008082,9.360172393008082,True
1466425262,88.9,88.9,106.6128728314657,False
1466425305,88.9,88.9,191.4277935285338,False
1466425331,88.9,88.9,73.46015091626721,False
1466425338,88.9,88.9,46.971402012994524,False
1466425377,88.9,88.9,60.35222417342603,False
1466425380,88.9,88.9,156.6632643024108,False
1466425417,88.9,88.9,90.37610103983876,False
1466425484,88.9,127.13730070060237,127.13730070060237,True
1466425517,88.9,26.770251183363026,26.770251183363026,True
1466425553,88.9,88.9,96.41973823103271,False
1466425640,88.9,88.9,76.56253500446613,False
1466425687,88.9,31.798073262720706,31.798073262720706,True
1466425711,88.9,105.61699227294237,105.61699227294237,True
1466425768,88.9,2.842869359126121,2.842869359126121,True
1466425811,88.9,88.9,59.091192580540806,False
1466425856,88.9,88.9,153.76193717694133,False
1466425869,88.9,88.9,119.531376217205,False
1466425884,88.9,161.23083335419471,161.23083335419471,True
1466425962,88.9,14.928468023495034,14.928468023495034,True
1466425974,88.9,88.9,101.73239291178464,False
1466426016,88.9,88.9,141.7446992323042,False
1466426024,88.9,189.23343969931906,189.23343969931906,True
1466426034,88.9,88.9,45.69815897552212,False
1466426130,88.9,151.52282009812782,151.52282009812782,True
1466426189,88.9,183.37839017320601,183.37839017320601,True
1466426198,88.9,88.9,50.676411481645104,False
1466426280,88.9,88.9,41.38636429949501,False
1466426298,88.9,88.9,85.74022734650535,False
1466426380,88.9,88.9,139.1035176350777,False
1466426420,88.9,3.7640063505433474,3.7640063505433474,True
1466426509,88.9,118.22270004873235,118.22270004873235,True
1466426521,88.9,161.89699255057988,161.89699255057988,True
1466426535,88.9,77.27352114098285,77.27352114098285,True
1466426563,88.9,167.18122630389442,167.18122630389442,True
1466426620,88.9,88.9,90.02193272623708,False
1466426694,88.9,80.51696443299596,80.51696443299596,True
1466426764,88.9,159.94052337753274,159.94052337753274,True
1466426778,88.9,196.53315846422103,196.53315846422103,True
1466426866,88.9,88.9,26.24100432702081,False
1466426938,88.9,88.9,89.25117279695584,False
1466427022,88.9,183.88184620750678,183.88184620750678,True
1466427059,88.9,23.853125280475894,23.853125280475894,True
1466427125,88.9,88.9,63.178038718216236,False
1466427204,88.9,14.022798090661848,14.022798090661848,True
1466427240,88.9,88.9,21.009309464147428,False
1466427317,88.9,63.104579903068284,63.104579903068284,True
1466427319,88.9,37.704662733918056,37.704662733918056,True
1466427331,88.9,88.9,134.9236866011715,False
1466427425,88.9,88.9,80.60261373628039,False
1466427458,88.9,88.9,20.22242508692966,False
1466427495,88.9,127.94187541194447,127.94187541194447,True
1466427543,88.9,124.82081737775574,124.82081737775574,True
1466427625,88.9,88.9,103.30873825553854,False
1466427663,88.9,88.9,120.31717886684392,False
1466427672,88.9,88.9,10.126894591166625,False
1466427684,88.9,88.9,108.3574569519273,False
1466427739,88.9,88.9,78.72937035442705,False
1466427769,88.9,88.9,25.991091525265976,False
1466427775,88.9,88.9,152.3614613440701,False
1466427820,88.9,157.66506247743823,157.66506247743823,True
1466427837,88.9,88.9,170.00269043403958,False
1466427846,88.9,126.50032176410497,126.50032176410497,True
1466427904,88.9,88.9,143.09875559972568,False
1466427997,88.9,12.578937823189484,12.578937823189484,True
1466428027,88.9,7.377064333362404,7.377064333362404,True
1466428114,88.9,88.9,20.138077071360485,False
1466428212,88.9,8.619953285101833,8.619953285101833,True
1466428294,88.9,88.9,73.57349666024886,False
1466428321,88.9,88.9,56.8931386365527,False
1466428340,89.1,89.1,9.881881051945896,False
1466428378,89.1,89.1,64.61988093408651,False
1466428463,89.1,89.1,196.18169479792456,False
1466428551,89.1,89.1,66.69262663362147,False
1466428575,89.1,67.45952947871479,67.45952947871479,True
1466428593,89.1,89.1,106.3852138052197,False
1466428682,89.1,34.75403202760037,34.75403202760037,True
1466428699,89.1,89.1,69.09561660472565,False
1466428719,89.1,89.1,87.51541548489092,False
1466428819,89.1,126.7290625110942,126.7290625110942,True
1466428850,89.1,103.59222637341101,103.59222637341101,True
1466428884,89.1,89.1,89.16359376842733,False
1466428973,89.1,72.70263209067649,72.70263209067649,True
1466429006,89.1,133.3897910425615,133.3897910425615,True
1466429026,89.1,147.23805457493307,147.23805457493307,True
1466429066,89.1,89.1,139.95240059289392,False
1466429072,89.1,89.1,111.8417301504278,False
1466429103,89.1,89.1,197.65744944663732,False
1466429110,89.1,81.83598817768424,81.83598817768424,True
1466429123,89.1,97.40283479106608,97.40283479106608,True
1466429168,89.1,184.43411837339522,184.43411837339522,True
1466429182,89.1,124.77074465472175,124.77074465472175,True
1466429184,89.1,114.41739959386294,114.41739959386294,True
1466429197,89.1,117.52633162885803,117.52633162885803,True
1466429280,89.1,89.1,77.65691676275,False
1466429378,89.1,89.1,121.37834460976293,False
1466429450,89.1,89.1,86.84232262323374,False
1466429455,89.1,89.1,190.6420583736398,False
1466429510,89.1,89.1,147.73713467483455,False
1466429565,89.1,127.48028227862697,127.48028227862697,True
1466429566,89.1,89.1,121.85644070123207,False
1466429592,89.1,141.580521797943,141.580521797943,True
1466429623,89.1,105.9036362774457,105.9036362774457,True
1466429691,89.1,147.56136550891983,147.56136550891983,True
1466429733,89.1,89.1,18.67867357355728,False
1466429803,89.1,89.1,124.30219359664764,False
1466429832,89.1,143.9038885507379,143.9038885507379,True
1466429905,89.1,163.7485037488438,163.7485037488438,True
1466429997,89.1,89.1,164.4894651280405,False
1466430050,89.1,170.27376521816447,170.27376521816447,True
1466430088,89.1,89.1,87.90024172790677,False
1466430174,89.1,0.7065301434965532,0.7065301434965532,True
1466430247,89.1,89.1,75.653868350093,False
1466430344,89.1,89.1,166.46172944816365,False
1466430375,89.1,185.21859795705913,185.21859795705913,True
1466430400,89.1,89.1,134.43661807069645,False
1466430457,89.1,198.29873537584277,198.29873537584277,True
1466430483,89.1,2.0362021384526585,2.0362021384526585,True
1466430517,89.1,159.52293802523297,159.52293802523297,True
1466430524,89.1,89.1,135.05820240052645,False
1466430592,89.1,9.252010653999587,9.252010653999587,True
1466430616,89.1,30.68855110642823,30.68855110642823,True
1466430631,89.1,111.77429870651419,111.77429870651419,True
1466430680,89.1,179.8031190479218,179.8031190479218,True
1466430734,89.1,89.1,152.35221595274592,False
1466430790,89.1,87.25915836371041,87.25915836371041,True
1466430815,89.1,3.62911615148791,3.62911615148791,True
1466430895,89.1,89.1,124.54166182907467,False
1466430916,89.1,89.1,143.60801035890984,False
1466430929,89.1,89.1,157.12363868186284,False
1466430936,89.1,139.45026479668482,139.45026479668482,True
1466431009,89.1,89.1,170.61004588227237,False
1466431036,89.1,22.781816764137442,22.781816764137442,True
1466431055,89.1,39.0150938289699,39.0150938289699,True
1466431145,89.1,89.1,195.99656783749754,False
1466431218,88.9,88.9,108.33100367021054,False
1466431290,88.9,68.79950653869868,68.79950653869868,True
1466431324,88.9,88.9,90.08857210807986,False
1466431400,88.9,137.76085652700087,137.76085652700087,True
1466431450,88.9,88.9,169.31033093143373,False
1466431526,88.9,49.52867621322565,49.52867621322565,True
1466431589,88.9,88.9,148.31989585574155,False
1466431661,89.0,74.73521730890955,74.73521730890955,True
1466431760,89.0,89.0,184.3251465078931,False
1466431796,89.0,65.34169711179115,65.34169711179115,True
1466431848,89.0,136.07592017920555,136.07592017920555,True
1466431879,89.0,162.70316392223543,162.70316392223543,True
1466431954,89.0,89.0,44.97333140090347,False
1466431958,89.0,137.71022628429864,137.71022628429864,True
1466432002,89.0,63.08809792378276,63.08809792378276,True
1466432101,89.0,89.0,28.496752448913742,False
1466432177,89.0,89.0,70.25903485869694,False
1466432194,89.0,89.0,13.866992532571821,False
1466432237,89.0,167.83093396405337,167.83093396405337,True
1466432280,89.0,19.717869148883473,19.717869148883473,True
1466432373,89.0,100.76780918507535,100.76780918507535,True
1466432389,89.0,89.0,155.7449354814397,False
1466432415,89.0,28.807984022309263,28.807984022309263,True
1466432417,89.0,113.65359210022675,113.65359210022675,True
1466432506,89.0,159.76852935158178,159.76852935158178,True
1466432569,89.0,128.7568280396932,128.7568280396932,True
1466432577,89.0,33.32827992829115,33.32827992829115,True
1466432670,89.0,89.0,185.59916199455859,False
1466432706,89.0,89.0,163.3521178904998,False
1466432804,89.0,89.0,19.125469263398177,False
1466432853,89.0,89.0,41.17584548411186,False
1466432947,89.0,89.0,89.89410018798955,False
1466433040,89.0,199.95491650876818,199.95491650876818,True
1466433128,89.0,32.950998505703225,32.950998505703225,True
1466433145,89.0,89.0,146.2418035510294,False
1466433195,89.0,89.0,103.57494578214377,False
1466433289,89.0,52.73816151976871,52.73816151976871,True
1466433375,89.0,89.0,86.12551642166851,False
1466433427,89.0,89.0,175.41211080680495,False
1466433478,89.0,43.34501915402562,43.34501915402562,True
1466433517,89.0,89.0,107.62367446059169,False
1466433615,89.0,89.0,76.95888087515303,False
1466433672,89.0,88.93849258697122,88.93849258697122,True
1466433762,89.0,89.0,198.05741015248825,False
1466433809,89.0,81.18208835877445,81.18208835877445,True
1466433873,89.0,89.0,142.8468501941569,False
1466433910,89.0,89.0,97.62102513478072,False
1466433994,89.0,138.59164745547625,138.59164745547625,True
1466434003,89.0,30.148591785515567,30.148591785515567,True
1466434045,89.0,89.0,116.54410724705274,False
1466434096,89.0,187.30998820711753,187.30998820711753,True
1466434173,89.0,89.0,54.2725146453441,False
1466434199,89.0,43.80172026977862,43.80172026977862,True
1466434224,89.0,109.60363724410188,109.60363724410188,True
1466434308,89.0,89.0,117.85568801366195,False
1466434359,89.0,158.58927415436267,158.58927415436267,True
1466434371,89.0,135.06582702625462,135.06582702625462,True
1466434457,89.0,89.0,4.322177590608667,False
1466434498,89.0,89.0,146.1636378001419,False
1466434552,89.0,89.0,108.54417834319592,False
1466434622,89.0,99.74100030020887,99.74100030020887,True
1466434691,89.0,89.0,83.51748490037284,False
1466434718,89.0,89.0,74.85841960989374,False
1466434727,89.0,89.0,47.46727346636204,False
1466434815,89.0,89.0,39.594970078051574,False
1466434892,89.0,89.0,118.76276664251581,False
1466434915,89.0,89.0,97.88073353259028,False
1466434946,89.0,89.0,120.35998769902643,False
1466434988,89.0,133.77375718893325,133.77375718893325,True
1466435020,89.0,58.513512390764014,58.513512390764014,True
1466435090,89.0,17.60396420077599,17.60396420077599,True
1466435099,89.0,89.0,175.44488885840775,False
1466435145,89.0,183.38870581405885,183.38870581405885,True
1466435186,89.0,60.235205018750726,60.235205018750726,True
1466435246,89.0,144.64430726090004,144.64430726090004,True
1466435284,89.0,112.84627845988264,112.84627845988264,True
1466435327,89.0,89.0,94.98883519315334,False
1466435369,89.0,89.0,101.82821458294296,False
1466435408,89.0,63.72575443956266,63.72575443956266,True
1466435468,89.0,89.0,188.62097056370317,False
1466435486,89.0,19.294729942811006,19.294729942811006,True
1466435555,89.0,89.0,57.11535334044267,False
1466435624,89.0,89.0,76.18212600478913,False
1466435659,89.0,13.370643217235866,13.370643217235866,True
1466435682,89.0,185.59371964736505,185.59371964736505,True
1466435712,89.0,89.0,152.2330560801753,False
1466435794,89.0,89.0,92.50603880263202,False
1466435878,89.0,89.0,118.78911885382553,False
1466435904,89.0,89.0,99.23827085541323,False
1466435971,89.0,89.0,172.81802864673512,False
1466436041,89.0,75.70915463427883,75.70915463427883,True
1466436059,89.0,89.0,137.4238387709968,False
1466436093,89.0,23.775387832378513,23.775387832378513,True
1466436178,89.0,89.0,117.14591653587165,False
1466436230,89.0,135.88781618573907,135.88781618573907,True
1466436280,89.0,89.0,51.74143934799736,False
1466436332,89.0,89.0,32.36225160590527,False
1466436333,89.0,143.40659549709275,143.40659549709275,True
1466436431,89.0,6.291995130129502,6.291995130129502,True
1466436520,89.0,89.0,194.14362520696116,False
1466436572,89.0,89.0,87.83774445744274,False
1466436647,89.0,42.380686014052316,42.380686014052316,True
1466436655,89.0,89.0,170.47051052162837,False
1466436727,89.0,151.25400219344812,151.25400219344812,True
1466436793,89.0,13.13061268344038,13.13061268344038,True
1466436879,89.0,89.0,87.04803462551503,False
1466436880,89.0,0.10548581215990005,0.10548581215990005,True
1466436939,89.0,84.75456666139958,84.75456666139958,True
1466437015,89.0,89.0,13.885079700287829,False
1466437048,89.0,89.0,40.02350453256363,False
1466437088,89.0,110.81053603819373,110.81053603819373,True
1466437105,89.0,89.0,52.40322811516509,False
1466437122,89.0,114.07071251833283,114.07071251833283,True
1466437160,89.0,179.24482498831574,179.24482498831574,True
1466437232,89.0,30.67642856083388,30.67642856083388,True
1466437321,89.0,89.0,14.467381894103104,False
1466437335,89.0,20.64217628812186,20.64217628812186,True
1466437358,89.0,89.0,63.36178442513503,False
1466437441,89.0,168.26272596508795,168.26272596508795,True
1466437480,89.0,89.0,58.32217077143418,False
1466437561,89.0,89.0,191.49880591052565,False
1466437653,89.0,62.94719859901123,62.94719859901123,True
1466437709,89.0,89.0,86.79230869926069,False
1466437798,89.0,144.14678071966384,144.14678071966384,True
1466437869,89.0,5.011744341460833,5.011744341460833,True
1466437952,89.0,89.0,13.975188009028127,False
1466438037,89.0,149.80198225415697,149.80198225415697,True
1466438054,89.0,89.0,52.35692135616641,False
1466438056,89.0,75.76843502983206,75.76843502983206,True
1466438136,89.0,186.07853802060617,186.07853802060617,True
1466438234,89.0,89.0,188.78436159236983,False
1466438261,89.0,39.8796421592817,39.8796421592817,True
1466438348,89.0,89.0,53.94119564853679,False
1466438407,89.0,23.374997605669968,23.374997605669968,True
1466438422,89.0,89.0,45.765405228705646,False
1466438476,89.0,187.79122887865947,187.79122887865947,True
1466438571,89.0,89.0,131.34293816395854,False
1466438612,89.0,89.0,150.5636100100368,False
1466438620,89.0,81.67196490862307,81.67196490862307,True
1466438698,89.0,89.0,114.66424534497489,False
1466438747,89.0,60.25967830160117,60.25967830160117,True
1466438795,89.0,89.0,85.40178622807268,False
1466438810,89.0,89.0,0.42825117548421776,False
1466438888,89.0,48.59943210566111,48.59943210566111,True
1466438975,89.0,49.20409406785578,49.20409406785578,True
1466439000,89.0,89.0,62.34241490858003,False
1466439092,89.0,73.37297853573249,73.37297853573249,True
1466439150,89.0,3.968656981151497,3.968656981151497,True
1466439229,89.0,89.0,54.48775296808519,False
1466439279,89.0,38.201913965149956,38.201913965149956,True
1466439328,89.0,89.0,131.94800329790507,False
1466439351,89.0,89.0,170.21704618082904,False
1466439447,89.0,89.0,184.7287382088904,False
1466439466,89.0,89.0,6.428008432387466,False
1466439480,89.0,89.0,119.63005957275668,False
1466439560,89.0,33.493714148876876,33.493714148876876,True
1466439600,89.0,77.41256485103978,77.41256485103978,True
1466439645,89.0,89.0,194.29711040984841,False
1466439729,89.0,89.0,108.30847776768265,False
1466439772,89.0,27.94638239793983,27.94638239793983,True
1466439827,89.0,179.34177650501982,179.34177650501982,True
1466439849,89.0,162.8637365373655,162.8637365373655,True
1466439910,89.0,89.0,142.3489574097992,False
1466439990,89.0,89.0,154.20094147256725,False
1466440005,89.0,146.16339811538663,146.16339811538663,True
1466440006,89.0,25.68403352351758,25.68403352351758,True
1466440045,89.0,113.35676374904422,113.35676374904422,True
1466440066,89.0,89.0,196.82379722533454,False
1466440154,89.0,89.0,7.828433221369857,False
1466440214,89.0,159.0188861128387,159.0188861128387,True
1466440226,89.0,60.01834719333829,60.01834719333829,True
1466440304,89.0,89.0,122.1001630488969,False
1466440385,89.0,106.32651590108925,106.32651590108925,True
1466440451,89.0,89.0,4.356394964967114,False
1466440521,89.0,89.0,103.15472447754352,False
1466440581,89.0,89.0,99.63597757286131,False
1466440674,89.0,89.0,195.92219731565993,False
1466440727,89.0,69.90740167647185,69.90740167647185,True
1466440821,89.0,89.0,159.4544437729976,False
1466440827,89.0,89.0,159.2419491941048,False
1466440897,89.0,89.0,95.31780506699248,False
1466440923,89.0,27.500181596682438,27.500181596682438,True
1466441012,89.0,178.63814609807702,178.63814609807702,True
1466441049,89.0,89.0,23.835488631506642,False
1466441147,89.0,156.70860287965976,156.70860287965976,True
1466441213,89.0,58.831029374097476,58.831029374097476,True
1466441311,89.0,154.02841612178642,154.02841612178642,True
1466441318,89.0,75.11917927742499,75.11917927742499,True
1466441418,89.0,89.0,124.01749263690822,False
1466441510,89.0,89.0,163.23296091656277,False
1466441541,89.0,89.0,132.0815366113895,False
1466441579,89.0,56.372722164298494,56.372722164298494,True
1466441630,89.0,171.63102862260496,171.63102862260496,True
1466441714,89.0,89.0,100.83032919263148,False
1466441724,89.0,89.0,17.153287263443453,False
1466441741,89.0,89.0,136.60550385647258,False
1466441822,89.0,8.21595196320577,8.21595196320577,True
1466441883,89.0,89.0,124.29700755918198,False
1466441934,89.0,89.0,134.97571852496014,False
1466441947,89.0,61.10745114832825,61.10745114832825,True
1466442046,89.0,87.5478042164406,87.5478042164406,True
1466442137,89.0,89.0,105.22822092425079,False
1466442175,89.0,69.63841834007829,69.63841834007829,True
1466442216,89.0,89.0,198.50753822472785,False
1466442284,89.0,89.0,107.15735508183329,False
1466442332,89.0,54.85183476965352,54.85183476965352,True
1466442358,89.0,143.7357516455241,143.7357516455241,True
1466442362,89.0,89.0,182.51087070400084,False
1466442439,89.0,4.108088749572625,4.108088749572625,True
1466442490,89.0,107.84202462397876,107.84202462397876,True
1466442498,89.0,111.62988408075189,111.62988408075189,True
1466442508,89.0,89.0,149.75649392607093,False
1466442518,89.0,89.0,50.8525643355872,False
1466442556,89.0,127.70743070374996,127.70743070374996,True
1466442656,89.0,89.0,17.403247889842998,False
1466442662,89.0,174.65996259955315,174.65996259955315,True
1466442703,89.0,89.0,10.395254173808821,False
1466442768,89.0,0.8346245394124541,0.8346245394124541,True
1466442788,89.0,89.0,180.06200422469888,False
1466442886,89.0,89.0,10.401964894960102,False
1466442980,89.0,89.0,42.59545932107025,False
1466443000,89.0,48.808908180560984,48.808908180560984,True
1466443029,89.0,89.0,157.84495431870357,False
1466443038,89.0,65.36418285896377,65.36418285896377,True
1466443089,89.0,89.0,19.59143383174158,False
1466443162,89.0,83.68948352003112,83.68948352003112,True
1466443201,89.0,89.0,11.418091945924713,False
1466443219,89.0,89.0,107.62459660519268,False
1466443263,89.0,189.93254166909907,189.93254166909907,True
1466443350,89.0,89.0,88.68050765279429,False
1466443373,89.0,89.0,140.25468715578776,False
1466443392,89.0,151.71649865457033,151.71649865457033,True
1466443402,89.0,89.0,9.320392283865363,False
1466443486,89.0,89.0,134.18684780401347,False
1466443511,89.0,144.43838101422935,144.43838101422935,True
1466443584,89.0,14.39657809435564,14.39657809435564,True
1466443677,88.9,88.9,2.5610211710551223,False
1466443725,88.9,88.9,44.47947580423693,False
1466443727,88.9,171.19526684513426,171.19526684513426,True
1466443750,89.0,165.62587653216565,165.62587653216565,True
1466443761,89.0,100.07812050366505,100.07812050366505,True
1466443808,89.0,49.686264699068005,49.686264699068005,True
1466443861,89.0,122.33059869201581,122.33059869201581,True
1466443929,89.0,185.02526280387914,185.02526280387914,True
1466443986,89.0,89.0,35.08663916258135,False
1466444043,89.0,86.09840054210058,86.09840054210058,True
1466444110,89.0,136.2975535828784,136.2975535828784,True
1466444192,89.0,89.0,93.61767885461221,False
1466444287,89.0,48.29988093809221,48.29988093809221,True
1466444294,89.0,65.98242442373893,65.98242442373893,True
1466444366,89.0,89.0,82.27275341954498,False
1466444466,89.0,112.97690471294423,112.97690471294423,True
1466444505,89.0,89.0,137.7692693184066,False
1466444556,89.0,88.09744625027159,88.09744625027159,True
1466444624,89.0,89.0,107.46787108699995,False
1466444663,89.0,49.37874056595566,49.37874056595566,True
1466444685,89.0,10.453058187288367,10.453058187288367,True
1466444756,89.0,199.83376895237805,199.83376895237805,True
1466444781,89.0,124.53335056985044,124.53335056985044,True
1466444840,89.0,23.239583841874744,23.239583841874744,True
1466444854,89.0,198.42456801454077,198.42456801454077,True
1466444860,89.0,86.35123144825654,86.35123144825654,True
1466444959,89.0,89.0,64.12927807814657,False
1466445058,89.0,89.0,45.4586764205221,False
1466445107,89.0,145.67641037400912,145.67641037400912,True
1466445165,89.0,89.0,192.78124820081615,False
1466445170,89.0,71.56241816428437,71.56241816428437,True
1466445173,89.0,89.0,81.16312316808592,False
1466445247,89.0,114.2815027050422,114.2815027050422,True
1466445305,89.0,148.7234548762669,148.7234548762669,True
1466445333,89.0,3.5160642938671938,3.5160642938671938,True
1466445356,89.0,131.19056366965577,131.19056366965577,True
1466445430,89.0,26.433294855305213,26.433294855305213,True
1466445491,89.0,120.15716128601267,120.15716128601267,True
1466445497,89.0,89.0,117.66876870276606,False
1466445514,89.0,40.753620472765895,40.753620472765895,True
1466445549,89.0,89.0,28.834301707161103,False
1466445640,89.0,47.30763827890237,47.30763827890237,True
1466445648,89.0,76.62140656626231,76.62140656626231,True
1466445739,89.0,52.51083691861091,52.51083691861091,True
1466445814,89.0,89.0,13.551690633808011,False
1466445879,89.1,89.1,159.91212677703896,False
1466445909,89.1,72.75901396916211,72.75901396916211,True
1466445965,89.1,89.1,32.84140737922827,False
1466446021,89.1,89.1,90.4009370833865,False
1466446045,89.1,89.1,120.97982363618883,False
1466446071,89.1,89.1,71.18915388623076,False
1466446120,89.1,89.1,27.383120894951162,False
1466446168,89.1,89.1,168.15913519629052,False
1466446253,89.1,141.24453276056062,141.24453276056062,True
1466446302,89.1,89.1,34.630707236125446,False
1466446389,89.1,89.1,24.016445738728343,False
1466446404,89.1,122.59655434117384,122.59655434117384,True
1466446494,89.1,150.39025744108392,150.39025744108392,True
1466446594,89.1,89.1,196.42421573921445,False
1466446643,89.1,89.1,90.01055981254424,False
1466446669,89.1,53.75641463042531,53.75641463042531,True
1466446690,89.1,19.973928208692083,19.973928208692083,True
1466446735,89.1,196.91191943839377,196.91191943839377,True
1466446766,89.1,89.1,76.70552075896582,False
1466446852,89.1,89.1,48.71071459331737,False
1466446902,89.1,117.8271104535862,117.8271104535862,True
1466446945,89.1,89.1,122.50418016583072,False
1466446987,89.1,89.1,146.94721089433625,False
1466447036,89.1,89.1,99.79569520466933,False
1466447112,89.1,30.057091059754736,30.057091059754736,True
1466447129,89.1,89.1,152.8295152911484,False
1466447189,89.1,89.1,24.38852403289793,False
1466447224,89.1,149.96561652757822,149.96561652757822,True
1466447270,89.1,185.42440547398766,185.42440547398766,True
1466447272,89.1,89.1,67.60721398817866,False
1466447348,89.1,137.61691862482465,137.61691862482465,True
1466447359,89.1,74.59503047332396,74.59503047332396,True
1466447388,89.1,108.57174405397043,108.57174405397043,True
1466447390,89.1,149.11367175381008,149.11367175381008,True
1466447425,89.1,89.1,74.05074328399233,False
1466447463,89.1,167.50361032435114,167.50361032435114,True
1466447485,89.1,89.1,139.0499353268581,False
1466447545,89.1,89.1,134.729439540056,False
1466447553,89.1,105.17341246614009,105.17341246614009,True
1466447554,89.1,95.87922897811394,95.87922897811394,True
1466447573,89.1,89.1,107.38647997229857,False
1466447634,89.1,89.1,89.28492748739527,False
1466447695,89.1,187.1665748164398,187.1665748164398,True
1466447762,89.1,121.85055732984983,121.85055732984983,True
1466447844,89.1,172.518887832341,172.518887832341,True
1466447885,89.1,89.1,6.199924864052564,False
1466447943,89.1,92.91937893737494,92.91937893737494,True
1466447956,89.1,76.04779648685131,76.04779648685131,True
1466448041,89.1,36.22519937962878,36.22519937962878,True
1466448140,89.1,190.72458565831673,190.72458565831673,True
1466448215,89.1,89.1,122.73313791979687,False
1466448270,89.1,89.1,24.05455608271325,False
1466448302,89.1,172.08196411153628,172.08196411153628,True
1466448368,89.1,43.84318338710591,43.84318338710591,True
1466448422,89.1,49.230167458301686,49.230167458301686,True
1466448517,89.1,89.1,37.27070027197499,False
1466448614,89.1,140.16817150343604,140.16817150343604,True
1466448701,89.1,169.51849102580206,169.51849102580206,True
1466448743,89.1,179.90808897633548,179.90808897633548,True
1466448805,89.1,41.76377521248558,41.76377521248558,True
1466448844,89.1,89.1,163.71794697871044,False
1466448896,89.1,89.1,172.9863755405698,False
1466448984,89.1,89.1,134.32879459839876,False
1466449031,89.1,89.1,1.4526975700580813,False
1466449045,89.1,89.1,189.40501167684528,False
1466449099,89.1,89.1,53.242007437272896,False
1466449171,89.1,89.1,175.49213719399722,False
1466449261,89.1,89.1,93.73932436086649,False
1466449280,89.1,89.1,57.215608002404615,False
1466449359,89.1,97.55151646578794,97.55151646578794,True
1466449442,89.1,166.4504835294814,166.4504835294814,True
1466449496,89.1,4.8440109805420795,4.8440109805420795,True
1466449537,89.1,115.140558502087,115.140558502087,True
1466449555,89.1,77.15766976449099,77.15766976449099,True
1466449629,89.1,89.1,28.587631825970504,False
1466449635,89.1,89.1,1.9626016943435465,False
1466449721,89.1,111.39953475874398,111.39953475874398,True
1466449772,89.1,66.60700283530403,66.60700283530403,True
1466449872,89.1,52.34123082315225,52.34123082315225,True
1466449873,89.1,88.74862386461018,88.74862386461018,True
1466449884,89.1,119.24870388016775,119.24870388016775,True
1466449937,89.1,89.1,179.82766756082322,False
1466449953,89.1,94.91813642517897,94.91813642517897,True
1466449959,89.1,89.1,176.40681600656808,False
1466449961,89.1,89.1,172.78922463435975,False
1466450018,89.1,185.97510774440917,185.97510774440917,True
1466450075,89.1,89.1,5.300358653411719,False
1466450150,89.1,2.9491004144361455,2.9491004144361455,True
1466450177,89.1,89.1,96.33553594203516,False
1466450255,89.1,33.0738615457278,33.0738615457278,True
1466450343,89.1,89.1,177.1400465948731,False
1466450348,89.1,40.909708401967215,40.909708401967215,True
1466450401,89.1,89.1,119.78615580041809,False
1466450433,89.1,89.1,184.00607732709247,False
1466450507,89.1,89.1,107.30447952509179,False
1466450536,89.1,28.402640367118682,28.402640367118682,True
1466450627,89.1,144.43594136724903,144.43594136724903,True
1466450723,89.1,189.0375588145601,189.0375588145601,True
1466450817,89.1,89.1,146.70689765560581,False
1466450900,89.1,122.64883357589589,122.64883357589589,True
1466450902,89.1,89.1,159.0001127636808,False
1466450971,89.1,89.1,66.23061699771031,False
1466451016,89.1,139.30597562736656,139.30597562736656,True
1466451023,89.1,35.14783262214103,35.14783262214103,True
1466451073,89.1,158.48623043984043,158.48623043984043,True
1466451166,89.1,89.1,15.892413918573656,False
1466451231,89.1,89.1,47.572475292783565,False
1466451245,89.1,89.1,130.47551362150105,False
1466451293,89.1,94.57568718835279,94.57568718835279,True
1466451295,89.1,89.1,36.82820674454099,False
1466451378,89.1,120.5357264205923,120.5357264205923,True
1466451445,89.1,89.1,51.47526795664123,False
1466451508,89.1,89.1,68.70822429921768,False
1466451599,89.1,128.68393696576587,128.68393696576587,True
1466451686,89.1,89.1,89.87748684472949,False
1466451761,89.1,89.1,198.78198732754285,False
1466451857,89.1,144.13636707504537,144.13636707504537,True
1466451909,89.1,89.1,149.94892781116084,False
1466451919,89.1,89.1,160.72208906680524,False
1466452006,89.1,186.6475913437704,186.6475913437704,True
1466452035,89.1,1.536976418340763,1.536976418340763,True
1466452039,89.1,89.1,175.52910147764214,False
1466452104,89.1,172.90244950374364,172.90244950374364,True
1466452167,89.1,69.57386210725652,69.57386210725652,True
1466452238,89.1,29.02234726574364,29.02234726574364,True
1466452313,89.1,125.8957986189948,125.8957986189948,True
1466452339,89.1,24.33334054348306,24.33334054348306,True
1466452419,89.1,159.3357347889838,159.3357347889838,True
1466452424,89.1,61.91326018619456,61.91326018619456,True
1466452435,89.1,89.1,145.82564692138158,False
1466452531,89.1,0.9084975595639255,0.9084975595639255,True
1466452584,89.1,186.7965092994479,186.7965092994479,True
1466452625,89.1,52.63908134655048,52.63908134655048,True
1466452676,89.1,111.4007321614508,111.4007321614508,True
1466452752,89.1,89.1,181.35238584565258,False
1466452796,89.1,179.82136370153347,179.82136370153347,True
1466452825,89.1,41.24243154561669,41.24243154561669,True
1466452860,89.1,89.1,77.25003762667262,False
1466452960,89.1,107.63846432896496,107.63846432896496,True
1466452979,89.1,89.1,192.12937015131152,False
1466453002,89.1,19.80686051280194,19.80686051280194,True
1466453016,89.1,140.9809179437207,140.9809179437207,True
1466453025,89.1,89.1,73.55654573142942,False
1466453089,89.1,87.58334784052431,87.58334784052431,True
1466453141,89.1,145.82136810372089,145.82136810372089,True
1466453154,89.1,89.1,181.97753766528228,False
1466453184,89.1,170.24595092868017,170.24595092868017,True
1466453202,89.1,97.36983100834236,97.36983100834236,True
1466453203,89.1,89.1,32.12235440580991,False
1466453222,89.1,16.367785579038486,16.367785579038486,True
1466453321,89.1,89.1,127.42571995583252,False
1466453379,89.1,89.1,45.92516511299331,False
1466453392,89.1,71.39675714967922,71.39675714967922,True
1466453422,89.1,88.4649160220366,88.4649160220366,True
1466453502,89.1,122.2842116528514,122.2842116528514,True
1466453518,89.1,66.85733448258591,66.85733448258591,True
1466453563,89.1,89.1,36.86414881599178,False
1466453604,89.1,108.69345502107689,108.69345502107689,True
1466453639,89.1,89.1,67.11783550355368,False
1466453705,89.1,134.28320690707164,134.28320690707164,True
1466453795,89.1,35.67452713795749,35.67452713795749,True
1466453816,89.1,192.5134127087431,192.5134127087431,True
1466453870,89.1,89.1,196.43480386594214,False
1466453910,89.1,147.28662662135724,147.28662662135724,True
1466454002,89.1,89.1,137.87751225979133,False
1466454051,89.1,42.922376462215524,42.922376462215524,True
1466454087,89.1,89.1,61.41538160628856,False
1466454129,89.1,142.08775237539746,142.08775237539746,True
1466454227,89.1,89.1,39.42510909267569,False
1466454259,89.1,89.1,174.29098468289448,False
1466454262,89.1,89.1,175.6759495323759,False
1466454298,89.1,110.89661146330772,110.89661146330772,True
1466454388,89.1,89.1,185.93947388630176,False
1466454399,89.1,86.32110003613607,86.32110003613607,True
1466454473,89.1,162.1008538123362,162.1008538123362,True
1466454529,89.1,44.05801830503595,44.05801830503595,True
1466454559,89.1,140.36871170840968,140.36871170840968,True
1466454648,89.1,89.1,139.09567604420866,False
1466454745,89.1,89.1,40.83821507363572,False
1466454763,89.1,36.610973267212124,36.610973267212124,True
1466454851,89.1,46.30850242040112,46.30850242040112,True
1466454936,89.1,50.187077943142874,50.187077943142874,True
1466454949,89.1,89.1,101.24113272850057,False
1466455032,89.1,89.1,116.29498600705932,False
1466455065,89.1,89.1,109.94924392946777,False
1466455119,89.1,116.73764876502086,116.73764876502086,True
1466455172,89.1,163.58851963707332,163.58851963707332,True
1466455196,89.1,89.1,91.49708249919006,False
1466455271,89.1,89.1,99.84262434174612,False
1466455357,89.1,39.36024609088016,39.36024609088016,True
1466455361,89.1,89.1,69.18602781725221,False
1466455394,89.1,195.85176926369263,195.85176926369263,True
1466455475,89.1,89.1,75.93127480939899,False
1466455497,89.1,89.1,115.92251983773818,False
1466455561,89.1,89.1,45.041017307238995,False
1466455575,89.1,89.1,184.19342633960008,False
1466455587,89.1,176.84954413992972,176.84954413992972,True
1466455651,89.1,191.21707695098627,191.21707695098627,True
1466455658,89.1,89.1,166.01009142719124,False
1466455732,89.1,82.75395312819651,82.75395312819651,True
1466455812,89.1,41.675422240331336,41.675422240331336,True
1466455910,89.1,144.267869132535,144.267869132535,True
1466455951,89.1,130.6307546753492,130.6307546753492,True
1466455999,89.1,89.1,14.335460597019889,False
1466456054,89.1,51.59308394110216,51.59308394110216,True
1466456058,89.1,94.04844930719251,94.04844930719251,True
1466456074,89.1,89.1,156.30609969790854,False
1466456088,89.1,89.1,193.72205023977347,False
1466456118,89.1,89.1,70.21517534628143,False
1466456218,89.1,89.1,44.89197386719101,False
1466456265,89.1,162.98460450637197,162.98460450637197,True
1466456270,89.1,89.1,145.66388093127048,False
1466456312,89.1,89.1,99.17803734405055,False
1466456346,89.1,89.1,180.28239699933516,False
1466456374,89.1,89.1,100.67546971433481,False
1466456406,89.1,155.60820626655536,155.60820626655536,True
1466456482,89.1,89.1,40.42329935110196,False
1466456512,89.1,89.1,30.716546133961952,False
1466456610,89.1,89.1,41.58096751123737,False
1466456683,89.1,89.1,75.89386984570406,False
1466456768,89.1,89.1,55.26941363453377,False
1466456856,89.2,89.2,122.587272835591,False
1466456927,89.2,83.22203148687824,83.22203148687824,True
1466457014,89.2,79.13109501794615,79.13109501794615,True
1466457032,89.2,89.2,38.91668978204408,False
1466457067,89.2,89.2,116.83273131171941,False
1466457157,89.2,89.2,106.44328200202196,False
1466457215,89.2,138.33063749435243,138.33063749435243,True
1466457267,89.2,99.62770967692813,99.62770967692813,True
1466457357,89.2,176.0148765972348,176.0148765972348,True
1466457434,89.2,197.51650012982913,197.51650012982913,True
1466457487,89.2,89.2,109.51386637110407,False
1466457559,89.2,89.2,70.17043947683486,False
1466457603,89.2,167.41452110988035,167.41452110988035,True
1466457671,89.2,89.2,48.43042630507848,False
1466457713,89.2,21.91131155818249,21.91131155818249,True
1466457745,89.2,37.10205176902013,37.10205176902013,True
1466457782,89.2,89.2,9.335104920044103,False
1466457802,89.2,197.82981381275,197.82981381275,True
1466457817,89.2,89.2,140.69580659378173,False
1466457865,89.2,81.11588340287443,81.11588340287443,True
1466457884,89.2,89.2,54.436914323459185,False
1466457885,89.2,83.6383314664847,83.6383314664847,True
1466457917,89.3,94.42527267845138,94.42527267845138,True
1466457973,89.3,6.956199482940062,6.956199482940062,True
1466458045,89.3,89.3,111.88871170872487,False
1466458135,89.3,151.2932566140466,151.2932566140466,True
1466458151,89.3,89.3,134.15720688580964,False
1466458230,89.3,190.7272569065477,190.7272569065477,True
1466458324,89.3,103.52355665528789,103.52355665528789,True
1466458362,89.4,89.4,48.68076689080991,False
1466458438,89.4,89.4,19.27114336114739,False
1466458454,89.4,89.4,123.02115513004787,False
1466458496,89.4,89.4,141.65616562367256,False
1466458509,89.4,77.16101519210777,77.16101519210777,True
1466458580,89.4,92.95725724553085,92.95725724553085,True
1466458590,89.4,184.00696653385222,184.00696653385222,True
1466458626,89.4,157.31100352718158,157.31100352718158,True
1466458642,89.4,89.4,5.127955059522082,False
1466458665,89.4,46.48660808040992,46.48660808040992,True
1466458694,89.4,89.4,145.90153270542638,False
1466458762,89.4,89.4,93.27402805439458,False
1466458793,89.4,189.3010083032705,189.3010083032705,True
1466458824,89.4,89.4,122.8172393491646,False
1466458906,89.4,184.651181040861,184.651181040861,True
1466458982,89.4,165.25613348161636,165.25613348161636,True
1466459068,89.4,89.4,168.31388115526047,False
1466459159,89.4,89.4,101.99866706123213,False
1466459184,89.4,89.4,142.12939592409379,False
1466459273,89.4,100.38923846810329,100.38923846810329,True
1466459372,89.4,91.61864990836833,91.61864990836833,True
1466459415,89.4,89.4,111.0925248129131,False
1466459483,89.5,89.5,44.04508861139584,False
1466459504,89.5,89.5,169.39466326223032,False
1466459588,89.5,52.92173121301713,52.92173121301713,True
1466459595,89.5,89.5,134.55360169853327,False
1466459673,89.5,89.5,31.137379615625306,False
1466459726,89.5,89.5,19.892321483665356,False
1466459800,89.5,89.5,26.68617322534883,False
1466459857,89.5,153.62289976577878,153.62289976577878,True
1466459887,89.5,89.5,113.58575243705762,False
1466459913,89.5,153.8932740451969,153.8932740451969,True
1466459974,89.5,194.73241809022227,194.73241809022227,True
1466459995,89.5,89.5,160.17327884784982,False
1466460001,89.5,89.5,71.39973718320121,False
1466460054,89.5,89.5,138.2708723310197,False
1466460130,89.5,89.5,62.03179030604373,False
1466460215,89.5,125.45975171613262,125.45975171613262,True
1466460252,89.5,176.91381085326555,176.91381085326555,True
1466460272,89.5,89.5,45.82337893210278,False
1466460346,89.5,89.5,124.72702121964446,False
1466460440,89.5,89.5,70.97189695497255,False
1466460461,89.5,154.6616606730632,154.6616606730632,True
1466460528,89.5,89.5,70.58299653741058,False
1466460610,89.5,55.64124812686344,55.64124812686344,True
1466460630,89.5,89.5,189.6978736790653,False
1466460691,89.5,64.76908895658298,64.76908895658298,True
1466460706,89.5,89.5,25.203722616297664,False
1466460739,89.5,89.5,6.2689573725284164,False
1466460765,89.5,52.873245663138846,52.873245663138846,True
1466460795,89.5,87.45067759050747,87.45067759050747,True
1466460877,89.5,89.5,168.89709256063017,False
1466460973,89.5,113.71202302086132,113.71202302086132,True
1466461009,89.5,10.316508011839542,10.316508011839542,True
1466461027,89.5,89.5,41.04990694510142,False
1466461032,89.5,89.5,156.62438141326163,False
1466461096,89.5,145.1624447847172,145.1624447847172,True
1466461169,89.5,89.5,131.18004994789723,False
1466461256,89.5,89.5,90.09658990534032,False
1466461351,89.5,118.80555038882356,118.80555038882356,True
1466461451,89.5,89.5,97.84926610220673,False
1466461531,89.5,89.5,104.49443242574826,False
1466461568,89.5,168.01224939764052,168.01224939764052,True
1466461583,89.5,71.49880697256637,71.49880697256637,True
1466461647,89.5,89.5,183.41258056198956,False
1466461703,89.5,89.5,158.9784363495428,False
1466461794,89.5,91.32213552148873,91.32213552148873,True
1466461813,89.5,58.044933820634846,58.044933820634846,True
1466461910,89.5,23.496218653291322,23.496218653291322,True
1466461988,89.5,89.5,75.65265677530671,False
1466462056,89.5,89.5,101.41844604234645,False
1466462101,89.5,89.5,53.45778319252745,False
1466462155,89.5,89.5,147.1824576082599,False
1466462215,89.5,53.675900238772776,53.675900238772776,True
1466462278,89.5,89.5,25.020067120970335,False
1466462368,89.5,89.5,19.01455040637059,False
1466462412,89.5,89.5,148.8775882164786,False
1466462512,89.5,142.35084872326266,142.35084872326266,True
1466462594,89.5,110.1878247351836,110.1878247351836,True
1466462671,89.5,197.69365277706032,197.69365277706032,True
1466462716,89.5,89.5,147.12510596838175,False
1466462746,89.5,32.539594296977256,32.539594296977256,True
1466462782,89.5,87.47684013146556,87.47684013146556,True
1466462820,89.5,154.45691298989982,154.45691298989982,True
1466462833,89.5,89.5,108.38331649663924,False
1466462842,89.5,89.5,176.39341649408667,False
1466462850,89.5,89.5,117.23942836688046,False
1466462941,89.5,89.5,28.106072968716656,False
1466463026,89.5,199.45993157884496,199.45993157884496,True
1466463117,89.5,89.5,125.04934933135992,False
1466463139,89.5,89.5,148.2979270064348,False
