1466410104,37.0,36.86708539185355,36.86708539185355,True
1466410114,37.0,37.0,37.44455836990419,False
1466410130,37.0,37.0,36.662621443406834,False
1466410181,37.0,36.78419901162702,36.78419901162702,True
1466410203,37.1,37.1,37.05342796496795,False
1466410250,37.1,37.1,36.88392660965931,False
1466410309,37.1,36.90812989819316,36.90812989819316,True
1466410397,37.1,37.1,36.54159622475128,False
1466410430,36.6,36.6,36.91376312317883,False
1466410469,36.6,36.6,37.48315448576126,False
1466410483,36.6,37.223072778093645,37.223072778093645,True
1466410498,36.6,36.6,36.57104267123027,False
1466410502,36.6,36.69271092527738,36.69271092527738,True
1466410532,37.0,37.0,37.189658490910226,False
1466410541,37.0,37.0,36.67007136594832,False
1466410573,37.0,37.16026352329223,37.16026352329223,True
1466410630,37.0,36.62729096897238,36.62729096897238,True
1466410653,36.9,36.9,37.00976089046014,False
1466410746,36.9,36.96818486306633,36.96818486306633,True
1466410814,36.9,36.9,37.412758080629445,False
1466410890,36.9,37.03388148115686,37.03388148115686,True
1466410902,37.0,37.02664956070075,37.02664956070075,True
1466410978,36.9,37.31712118085676,37.31712118085676,True
1466411008,36.9,37.28005153330471,37.28005153330471,True
1466411066,37.0,37.0,37.05545581224907,False
1466411094,37.0,37.0,36.794680291446014,False
1466411157,37.0,37.307557418135715,37.307557418135715,True
1466411223,37.0,36.88808534952685,36.88808534952685,True
1466411226,37.1,37.1,37.313932491592375,False
1466411272,37.1,37.38406753557323,37.38406753557323,True
1466411303,37.1,36.69464203364548,36.69464203364548,True
1466411318,37.1,37.37850433788126,37.37850433788126,True
1466411396,37.1,37.39783139796083,37.39783139796083,True
1466411493,37.1,37.1,37.08384595917531,False
1466411549,37.1,37.041910337923355,37.041910337923355,True
1466411560,37.1,37.1,37.144705266881566,False
1466411626,36.9,36.9,37.44841233682363,False
1466411723,36.9,36.9,37.16026175788341,False
1466411763,36.9,36.9,37.487267288940245,False
1466411785,36.9,36.9,37.38214238160246,False
1466411854,37.1,37.1,36.76347149513589,False
1466411889,37.1,37.1,37.202422772541965,False
1466411988,37.1,37.4262143029353,37.4262143029353,True
1466412022,37.0,37.0,37.33972857887341,False
1466412046,37.0,36.76810624962883,36.76810624962883,True
1466412076,37.1,37.1,36.88451189940945,False
1466412152,37.2,37.2,37.061591304005546,False
1466412181,37.2,36.87629033097698,36.87629033097698,True
1466412201,37.2,37.2,36.64400772615447,False
1466412260,37.2,37.2,37.19034754069316,False
1466412347,37.4,36.68377075000922,36.68377075000922,True
1466412360,37.3,36.64310576938427,36.64310576938427,True
1466412438,37.4,37.20202538897442,37.20202538897442,True
1466412521,37.4,37.4,36.79555765269386,False
1466412599,37.2,37.277921644201264,37.277921644201264,True
1466412639,37.2,37.2,37.19407913918498,False
1466412691,37.2,37.32927445381583,37.32927445381583,True
1466412747,37.2,37.13732914745961,37.13732914745961,True
1466412794,37.2,37.2,36.658884278621024,False
1466412819,37.2,36.924306147309785,36.924306147309785,True
1466412832,37.3,37.3,36.60246109789196,False
1466412874,37.3,36.73828277991709,36.73828277991709,True
1466412943,37.3,37.3,36.51152743956058,False
1466412971,37.2,37.49904818455392,37.49904818455392,True
1466412990,37.2,36.77466672324327,36.77466672324327,True
1466413028,37.2,37.2,37.44649487017205,False
1466413053,37.2,37.03678123335969,37.03678123335969,True
1466413125,37.2,36.908545696073105,36.908545696073105,True
1466413200,37.2,36.78444953434689,36.78444953434689,True
1466413264,37.2,37.2,37.11287848007504,False
1466413311,37.2,37.2,37.09648266853821,False
1466413342,37.3,37.3,36.660945879522025,False
1466413440,37.3,37.3,37.25920013589562,False
1466413458,37.3,37.3,36.80332416438073,False
1466413529,37.3,37.2668294423424,37.2668294423424,True
1466413542,37.2,37.2,37.26275833746893,False
1466413638,37.3,36.71227246985127,36.71227246985127,True
1466413672,37.3,37.3,37.44551524592622,False
1466413733,37.3,36.5929539373734,36.5929539373734,True
1466413779,37.3,37.3,36.513527176330825,False
1466413780,37.3,37.42128448307505,37.42128448307505,True
1466413864,37.3,37.3,36.54838922929764,False
1466413885,37.1,37.25016535637079,37.25016535637079,True
1466413946,37.1,37.1,36.60125256905827,False
1466414033,37.1,37.1,37.46180877103206,False
1466414071,37.1,36.88209712938863,36.88209712938863,True
1466414164,37.1,37.152791368924625,37.152791368924625,True
1466414225,37.1,36.57535278448237,36.57535278448237,True
1466414312,37.2,37.2,37.36952464256314,False
1466414325,37.2,37.2,37.30137408046224,False
1466414328,37.2,36.69193179022145,36.69193179022145,True
1466414329,37.2,37.2,36.577947645414106,False
1466414402,37.2,37.2,37.44520838532056,False
1466414407,37.3,37.184946800941006,37.184946800941006,True
1466414413,37.7,37.279121881572884,37.279121881572884,True
1466414460,37.7,36.5563793307243,36.5563793307243,True
1466414552,37.7,37.01765074917872,37.01765074917872,True
1466414602,37.7,36.83442352101557,36.83442352101557,True
1466414662,37.8,36.966172955352626,36.966172955352626,True
1466414746,37.8,36.586934843526286,36.586934843526286,True
1466414844,37.6,37.10441654877815,37.10441654877815,True
1466414943,37.6,37.6,37.32882706761714,False
1466414946,37.6,37.11395701617092,37.11395701617092,True
1466414966,37.9,37.9,36.87736799288928,False
1466415038,37.2,36.587792513927546,36.587792513927546,True
1466415106,37.2,37.48252669367132,37.48252669367132,True
1466415130,37.4,37.4,36.58949534074445,False
1466415145,37.4,36.69013223453785,36.69013223453785,True
1466415202,37.2,36.526702956790864,36.526702956790864,True
1466415239,37.2,37.2,37.46265004402752,False
1466415249,37.2,37.2,36.628209881387185,False
1466415308,37.2,37.2,36.85138462784568,False
1466415357,37.2,37.35233143147495,37.35233143147495,True
1466415404,37.2,36.58449497526449,36.58449497526449,True
1466415469,37.2,37.2,36.81130301415735,False
1466415548,37.4,37.277312502851366,37.277312502851366,True
1466415588,37.4,37.4,37.36878832558418,False
1466415627,37.4,37.4,36.83807899103808,False
1466415719,37.4,37.4,37.4742126118762,False
1466415767,37.3,36.95543625035327,36.95543625035327,True
1466415860,37.3,37.46404991385743,37.46404991385743,True
1466415872,37.3,37.03336763835157,37.03336763835157,True
1466415914,37.2,37.04126314286347,37.04126314286347,True
1466415934,37.3,37.3,37.07942562771203,False
1466415988,37.3,36.66275337976967,36.66275337976967,True
1466416004,37.3,37.3,36.76417072518358,False
1466416050,37.3,37.3,37.34731512553682,False
1466416150,37.2,37.44292858052613,37.44292858052613,True
1466416161,37.1,37.1,37.323224128858065,False
1466416215,37.2,37.2,36.81185621311498,False
1466416315,37.2,37.2,37.39720160375375,False
1466416321,37.2,37.449864387187525,37.449864387187525,True
1466416393,37.2,37.45804561309318,37.45804561309318,True
1466416440,37.3,37.3,36.926105239638304,False
1466416510,37.2,37.2,36.799718867305536,False
1466416541,37.1,37.171228647770526,37.171228647770526,True
1466416631,37.1,37.33772360522156,37.33772360522156,True
1466416671,37.1,36.75421347005825,36.75421347005825,True
1466416725,37.1,37.1,36.59591252929354,False
1466416815,37.2,36.564867827592415,36.564867827592415,True
1466416867,37.1,37.1,36.974254673415786,False
1466416933,37.3,37.3,36.65806924806759,False
1466416963,37.3,37.3,37.49808488259381,False
1466417034,37.4,37.4,37.13719276628321,False
1466417069,37.4,37.4,37.16596535384786,False
1466417095,37.4,36.96472081262396,36.96472081262396,True
1466417123,37.4,37.04438502487021,37.04438502487021,True
1466417219,37.4,37.4,36.93136510917617,False
1466417228,37.4,37.4,37.20210605502315,False
1466417235,37.4,37.4,36.7308928483713,False
1466417266,37.4,36.84813830267595,36.84813830267595,True
1466417298,37.4,36.606276387447295,36.606276387447295,True
1466417382,37.2,37.2,37.35866934332206,False
1466417429,37.4,36.62047518887176,36.62047518887176,True
1466417434,37.4,37.4,36.55589700595218,False
1466417513,37.4,37.19295592675047,37.19295592675047,True
1466417598,37.0,37.0,36.59943894588822,False
1466417615,37.3,37.008457038505206,37.008457038505206,True
1466417654,37.2,37.490793079076326,37.490793079076326,True
1466417749,37.2,37.2,37.352342617920726,False
1466417763,37.2,36.88207489734269,36.88207489734269,True
1466417822,37.2,37.05502256011587,37.05502256011587,True
1466417851,37.1,37.48571322402795,37.48571322402795,True
1466417855,36.9,36.9,36.959316743465564,False
1466417879,37.0,36.50282566166199,36.50282566166199,True
1466417895,37.0,37.353248364611275,37.353248364611275,True
1466417969,37.1,36.70191672139975,36.70191672139975,True
1466418049,37.1,37.1,37.10511134417763,False
1466418118,37.1,37.42799939208541,37.42799939208541,True
1466418129,37.0,37.0,36.76288568271246,False
1466418179,37.0,37.0,36.91487221013152,False
1466418254,37.0,37.32175765442348,37.32175765442348,True
1466418332,37.1,37.1,37.12252651792693,False
1466418428,37.1,36.72054538524783,36.72054538524783,True
1466418494,37.0,37.0,37.38822244673353,False
1466418554,37.0,37.07213919708129,37.07213919708129,True
1466418563,37.0,37.0,37.41321906957804,False
1466418564,37.2,37.2,36.92382914605303,False
1466418594,36.9,36.76066310425459,36.76066310425459,True
1466418674,36.9,37.46541004410175,37.46541004410175,True
1466418748,37.2,37.371743404122086,37.371743404122086,True
1466418847,37.1,37.1,37.37266291174398,False
1466418877,37.0,37.0,36.554417713969954,False
1466418917,37.0,37.0,36.656199749524006,False
1466418938,37.0,37.4907655731935,37.4907655731935,True
1466419031,37.0,36.502885054655486,36.502885054655486,True
1466419058,37.0,37.0,37.44001086785693,False
1466419104,37.0,36.68078811880791,36.68078811880791,True
1466419166,37.0,36.53565800443752,36.53565800443752,True
1466419261,37.0,36.74253289146519,36.74253289146519,True
1466419349,37.0,37.0,36.86485124589902,False
1466419442,37.0,37.0,37.05848870423064,False
1466419530,37.0,37.0,37.42152095801877,False
1466419595,37.1,37.1,37.15609115577819,False
1466419646,37.1,36.820108225420306,36.820108225420306,True
1466419737,37.1,37.1,36.94468475907921,False
1466419826,36.9,36.9,36.51289254846998,False
1466419880,36.9,36.54271456503141,36.54271456503141,True
1466419911,36.9,36.76365164906978,36.76365164906978,True
1466419938,36.9,36.90362817241267,36.90362817241267,True
1466420016,36.9,36.9,36.71308648363083,False
1466420019,36.9,36.9,37.002593217061616,False
1466420108,36.9,36.9,36.56825960491402,False
1466420205,37.0,36.89753939933438,36.89753939933438,True
1466420228,37.2,37.2,37.22801681970247,False
1466420257,37.2,37.2,36.91617112950193,False
1466420270,37.2,37.2,36.712957714711905,False
1466420296,36.9,36.9,36.687901206382804,False
1466420331,36.9,36.9,36.5125137296805,False
1466420407,36.9,36.9,36.614794183755464,False
1466420430,37.0,37.0,36.63881101298247,False
1466420453,37.1,36.511516662770255,36.511516662770255,True
1466420474,37.2,37.2,37.28705692367077,False
1466420566,37.2,37.2,36.56869093281638,False
1466420579,37.1,36.9733064480895,36.9733064480895,True
1466420618,37.3,37.3,36.74189135670832,False
1466420624,37.3,36.993257400235755,36.993257400235755,True
1466420643,37.1,36.55764804875699,36.55764804875699,True
1466420695,37.1,37.134301963268776,37.134301963268776,True
1466420788,37.1,37.10474798343806,37.10474798343806,True
1466420863,37.1,37.1,36.57787187753719,False
1466420947,37.1,37.1,37.16798345286148,False
1466421003,37.1,37.1,36.911740182409744,False
1466421032,37.1,37.26652088950309,37.26652088950309,True
1466421050,37.1,37.15683012023181,37.15683012023181,True
1466421116,37.1,36.571156806721056,36.571156806721056,True
1466421208,37.1,36.941241940601635,36.941241940601635,True
1466421234,37.1,37.1,37.197306621371716,False
1466421262,37.1,37.41099925941877,37.41099925941877,True
1466421353,37.3,37.3,37.21532556458271,False
1466421360,37.3,37.29241274936973,37.29241274936973,True
1466421392,37.3,37.3,37.02660164063268,False
1466421480,37.1,37.1,37.28500692161572,False
1466421530,37.1,37.1,37.464282533187635,False
1466421547,36.9,36.63423514955723,36.63423514955723,True
1466421591,36.9,36.9,36.915346727842646,False
1466421633,37.0,36.99654947527306,36.99654947527306,True
1466421636,37.0,37.0,36.70957747926479,False
1466421670,37.0,36.75378776321403,36.75378776321403,True
1466421695,37.0,37.0,37.39451010479301,False
1466421721,37.4,37.4,37.398243251482256,False
1466421804,37.3,37.3,36.56447906243028,False
1466421819,37.3,37.31525313174622,37.31525313174622,True
1466421862,37.3,36.566113505419196,36.566113505419196,True
1466421885,37.3,37.3,37.35317586478278,False
1466421936,37.2,36.70669900679395,36.70669900679395,True
1466422012,37.2,36.90562993552213,36.90562993552213,True
1466422044,37.2,37.2,37.08097448887222,False
1466422045,37.4,37.4,37.144713775239715,False
1466422137,37.3,37.3,37.46163733505863,False
1466422162,37.3,37.3,37.106008126061745,False
1466422189,37.3,37.428397207341234,37.428397207341234,True
1466422197,37.1,37.1,37.16915792770031,False
1466422264,37.1,37.157839701616766,37.157839701616766,True
1466422330,37.1,37.1,37.21955883232916,False
1466422378,37.1,36.82659672462792,36.82659672462792,True
1466422432,37.7,37.7,36.66048170203985,False
1466422488,37.9,37.9,37.39331223785772,False
1466422577,37.3,36.613969238795775,36.613969238795775,True
1466422628,37.3,36.718684039023444,36.718684039023444,True
1466422638,37.3,37.3,37.475076170849235,False
1466422666,37.3,36.84490853161192,36.84490853161192,True
1466422706,37.3,37.32178466855738,37.32178466855738,True
1466422731,37.3,36.52478026510683,36.52478026510683,True
1466422804,37.7,37.7,37.00666706627626,False
1466422866,37.7,37.24777928918245,37.24777928918245,True
1466422873,37.7,37.333972543119245,37.333972543119245,True
1466422895,37.2,36.86289519100762,36.86289519100762,True
1466422953,37.2,37.2,37.18708029351281,False
1466422973,37.2,37.30989244945329,37.30989244945329,True
1466423017,37.4,36.94951065473346,36.94951065473346,True
1466423051,37.1,37.1,36.942378540033395,False
1466423099,37.1,37.430888703986774,37.430888703986774,True
1466423150,37.1,37.1,37.30172326562034,False
1466423155,37.1,36.94736818995031,36.94736818995031,True
1466423168,37.1,37.06392154193303,37.06392154193303,True
1466423205,37.2,37.2,36.577416012881855,False
1466423275,37.2,37.2,36.595478343104475,False
1466423287,37.2,37.2,37.15401488842903,False
1466423336,37.2,37.2,36.67644006820163,False
1466423340,37.2,37.237084904576804,37.237084904576804,True
1466423355,37.2,37.2,36.52866715427825,False
1466423443,37.2,37.2,36.687499822349515,False
1466423499,37.2,37.42379119194508,37.42379119194508,True
1466423585,37.4,37.4,37.069028214954194,False
1466423612,37.1,37.486041291045645,37.486041291045645,True
1466423669,37.1,37.16565291110537,37.16565291110537,True
1466423705,37.1,36.64186847774274,36.64186847774274,True
1466423770,37.3,37.3,36.55601773025756,False
1466423844,37.3,37.3,37.45639707796612,False
1466423902,37.3,36.94825072063367,36.94825072063367,True
1466423913,37.3,37.3,36.52322460082247,False
1466423972,37.1,37.1,37.03444707545893,False
1466424014,37.1,37.1,37.39044716978732,False
1466424069,37.1,37.14356889007961,37.14356889007961,True
1466424154,37.1,36.56134695226252,36.56134695226252,True
1466424155,37.1,37.1,36.65218887930617,False
1466424169,37.1,36.707444634327544,36.707444634327544,True
1466424262,37.1,36.784743085272865,36.784743085272865,True
1466424339,37.1,37.18398616220606,37.18398616220606,True
1466424398,37.2,37.2,37.20388657958153,False
1466424497,37.2,37.11525929058867,37.11525929058867,True
1466424558,37.2,37.2,36.77433956005872,False
1466424613,37.1,37.1,37.22539053267602,False
1466424713,37.2,37.2,37.140640007764425,False
1466424804,37.2,36.845207600015314,36.845207600015314,True
1466424878,37.2,36.62857966376146,36.62857966376146,True
1466424924,37.2,37.2,36.823726524081295,False
1466425009,37.2,37.2,36.853395762657954,False
1466425106,37.2,37.13597650088678,37.13597650088678,True
1466425129,37.2,37.43208173833296,37.43208173833296,True
1466425179,37.4,36.928873335711586,36.928873335711586,True
1466425257,37.3,37.3,37.20567412566806,False
1466425262,37.2,37.059085676208234,37.059085676208234,True
1466425305,37.2,37.2,37.380764304632535,False
1466425331,37.2,37.2,36.55134622322232,False
1466425338,37.2,37.19520321388388,37.19520321388388,True
1466425377,37.2,37.2,36.881450776469904,False
1466425380,37.1,37.1,37.23037349065858,False
1466425417,37.1,37.40985773024999,37.40985773024999,True
1466425484,37.1,37.1,37.15532192698668,False
1466425517,37.1,37.427286473114755,37.427286473114755,True
1466425553,37.1,37.1,37.00902377231591,False
1466425640,37.1,36.98727744763635,36.98727744763635,True
1466425687,37.3,36.92566666927683,36.92566666927683,True
1466425711,37.3,37.44175940226465,37.44175940226465,True
1466425768,37.3,37.3,36.75854446785973,False
1466425811,37.3,36.59115963207767,36.59115963207767,True
1466425856,37.2,36.74259048187022,36.74259048187022,True
1466425869,37.2,37.2,37.392090718594275,False
1466425884,37.0,37.0,37.24172399684423,False
1466425962,36.9,36.76209191887877,36.76209191887877,True
1466425974,36.9,36.9,37.04030081141228,False
1466426016,36.9,37.18793518480951,37.18793518480951,True
1466426024,36.9,37.23613121614979,37.23613121614979,True
1466426034,36.9,36.9,36.88914719971439,False
1466426130,37.1,36.95457220419001,36.95457220419001,True
1466426189,37.1,36.68316501847754,36.68316501847754,True
1466426198,37.1,36.58730874148106,36.58730874148106,True
1466426280,37.1,37.335455847569,37.335455847569,True
1466426298,37.2,36.93895087078153,36.93895087078153,True
1466426380,37.0,37.0,37.1989949554243,False
1466426420,37.0,36.89465159929088,36.89465159929088,True
1466426509,37.0,37.0,36.82365032765395,False
1466426521,37.0,37.24550757874197,37.24550757874197,True
1466426535,37.0,37.107942761427225,37.107942761427225,True
1466426563,37.0,36.90839369692512,36.90839369692512,True
1466426620,37.0,37.46938101746619,37.46938101746619,True
1466426694,37.0,37.0,36.90113134402522,False
1466426764,37.0,37.290187501171374,37.290187501171374,True
1466426778,37.0,36.93011872480084,36.93011872480084,True
1466426866,37.0,36.781407214603696,36.781407214603696,True
1466426938,37.0,37.0,37.04038830968896,False
1466427022,37.0,37.01967331692832,37.01967331692832,True
1466427059,37.0,37.0,37.39293093171529,False
1466427125,37.0,37.000268475205274,37.000268475205274,True
1466427204,37.0,36.50743527945972,36.50743527945972,True
1466427240,37.0,37.34037160905879,37.34037160905879,True
1466427317,37.1,37.01076628788923,37.01076628788923,True
1466427319,37.1,36.944427586271594,36.944427586271594,True
1466427331,37.1,37.1,37.47529611681642,False
1466427425,36.9,37.25895395108033,37.25895395108033,True
1466427458,36.9,36.9,37.011579054195366,False
1466427495,37.0,37.0,36.78318399076711,False
1466427543,37.0,37.0,37.312828449301996,False
1466427625,37.0,37.0,36.6994449222291,False
1466427663,37.0,37.0,37.0256096269309,False
1466427672,37.0,37.26563590484593,37.26563590484593,True
1466427684,37.0,37.0,37.05973620660806,False
1466427739,36.9,36.54900781266935,36.54900781266935,True
1466427769,36.9,36.9,36.999509116528245,False
1466427775,36.9,36.896467732679696,36.896467732679696,True
1466427820,36.9,36.9,36.849284414843645,False
1466427837,37.0,37.0,37.46060406341862,False
1466427846,37.1,37.1,36.94372761050039,False
1466427904,37.2,36.65339299766944,36.65339299766944,True
1466427997,36.9,36.9,37.209369430917874,False
1466428027,36.9,36.9,36.85382672734556,False
1466428114,36.9,37.37015050671472,37.37015050671472,True
1466428212,37.0,37.0,37.29497403926468,False
1466428294,37.1,37.34546232439509,37.34546232439509,True
1466428321,37.1,36.842557739407,36.842557739407,True
1466428340,37.1,36.88365102453091,36.88365102453091,True
1466428378,37.1,36.86451584927623,36.86451584927623,True
1466428463,37.1,37.25977917233892,37.25977917233892,True
1466428551,37.1,37.1,37.08778602179831,False
1466428575,37.1,37.1,37.24134703504977,False
1466428593,37.1,37.1,37.33294273875547,False
1466428682,37.1,37.1,36.769361372526056,False
1466428699,37.0,36.572311432947565,36.572311432947565,True
1466428719,37.1,37.1,37.036378328525984,False
1466428819,37.1,37.33241543264506,37.33241543264506,True
1466428850,37.0,36.700394597621866,36.700394597621866,True
1466428884,37.0,37.11163368166351,37.11163368166351,True
1466428973,36.9,36.9,37.440505872522714,False
1466429006,37.0,37.0,36.7816610417306,False
1466429026,37.0,37.0,37.21819177856797,False
1466429066,37.0,36.90004609395548,36.90004609395548,True
1466429072,37.1,37.1,36.7082803079061,False
1466429103,37.1,37.292374546426295,37.292374546426295,True
1466429110,37.1,37.28827120173836,37.28827120173836,True
1466429123,37.1,37.1,36.73446815581177,False
1466429168,37.1,37.1,37.33900457165526,False
1466429182,37.1,36.7895528174212,36.7895528174212,True
1466429184,37.1,36.60001936052891,36.60001936052891,True
1466429197,37.1,37.1,37.34415224146931,False
1466429280,37.1,37.46995001316947,37.46995001316947,True
1466429378,37.1,37.1,37.394108913901334,False
1466429450,37.0,37.35841389783276,37.35841389783276,True
1466429455,37.0,37.0,37.363068389128934,False
1466429510,37.0,37.0,36.708543526216815,False
1466429565,37.0,37.0,36.50914793211633,False
1466429566,36.9,36.575170471769965,36.575170471769965,True
1466429592,36.9,36.86871882395935,36.86871882395935,True
1466429623,36.9,36.9,37.43368604812988,False
1466429691,37.2,36.67818446686144,36.67818446686144,True
1466429733,37.0,37.0,36.67422834290294,False
1466429803,37.1,37.05385579441314,37.05385579441314,True
1466429832,37.1,36.870119294474335,36.870119294474335,True
1466429905,37.2,37.2,36.703075410613444,False
1466429997,37.1,37.1,37.117977123203126,False
1466430050,37.1,37.1,36.740716891269635,False
1466430088,37.1,37.1,36.651059836388114,False
1466430174,37.1,37.33819655570282,37.33819655570282,True
1466430247,37.1,37.1,37.32998680990136,False
1466430344,37.1,37.1,37.427303346213215,False
1466430375,37.1,37.1,36.52664381592773,False
1466430400,37.1,37.44092183773189,37.44092183773189,True
1466430457,37.1,36.80559528982686,36.80559528982686,True
1466430483,37.1,37.1,37.23726836470659,False
1466430517,37.1,37.1,36.72609924932432,False
1466430524,37.0,37.48457126882726,37.48457126882726,True
1466430592,37.0,37.43986604180639,37.43986604180639,True
1466430616,37.0,37.0,37.21219958014471,False
1466430631,37.0,36.75038527907399,36.75038527907399,True
1466430680,37.0,37.0,36.911197633171064,False
1466430734,37.0,37.0,36.70319047648817,False
1466430790,37.0,37.0,36.63692178967658,False
1466430815,37.2,36.672245105065564,36.672245105065564,True
1466430895,37.2,36.882807399395865,36.882807399395865,True
1466430916,37.2,37.2,36.81552127399585,False
1466430929,37.2,36.753864583157565,36.753864583157565,True
1466430936,37.2,37.2,37.17836069415331,False
1466431009,37.0,37.0,36.68438866047545,False
1466431036,37.1,37.35664063770861,37.35664063770861,True
1466431055,37.1,36.61148001771972,36.61148001771972,True
1466431145,37.2,37.2,37.2623527009347,False
1466431218,37.2,37.2,37.08310297228056,False
1466431290,37.1,37.01433031747638,37.01433031747638,True
1466431324,37.1,36.93608236379224,36.93608236379224,True
1466431400,37.1,37.1,36.82294681410298,False
1466431450,37.2,36.83585254405568,36.83585254405568,True
1466431526,37.2,37.2,37.21259915321935,False
1466431589,37.2,36.72678451260792,36.72678451260792,True
1466431661,37.2,37.2,36.86887624474681,False
1466431760,37.1,37.21528171680747,37.21528171680747,True
1466431796,37.4,37.4,36.553319148358064,False
1466431848,37.1,36.94506154540871,36.94506154540871,True
1466431879,37.1,37.1,37.273088315653446,False
1466431954,37.1,37.486270195817234,37.486270195817234,True
1466431958,37.1,37.1,37.44748674227749,False
1466432002,37.3,37.3,37.29537431038633,False
1466432101,37.4,37.4,36.57565450346487,False
1466432177,37.4,37.4,36.75461082133933,False
1466432194,37.4,36.690378785501856,36.690378785501856,True
1466432237,37.4,36.632464978376674,36.632464978376674,True
1466432280,37.4,37.4,36.98797776076541,False
1466432373,37.4,37.4,36.5457503294729,False
1466432389,37.3,37.3,37.356094545874136,False
1466432415,37.3,37.3,36.50769693153947,False
1466432417,37.3,37.3,36.75024020457169,False
1466432506,37.3,36.85293471726045,36.85293471726045,True
1466432569,37.3,37.351070814688875,37.351070814688875,True
1466432577,37.2,36.859987186745826,36.859987186745826,True
1466432670,37.3,37.047687898924224,37.047687898924224,True
1466432706,37.3,37.3,36.73460849303664,False
1466432804,37.3,36.83498726552435,36.83498726552435,True
1466432853,37.3,37.3,37.236975602697235,False
1466432947,37.1,36.52352602114922,36.52352602114922,True
1466433040,37.1,37.38971882795724,37.38971882795724,True
1466433128,37.4,37.4,36.61807238319692,False
1466433145,37.4,36.79649233352699,36.79649233352699,True
1466433195,37.4,37.4,37.19362401819302,False
1466433289,37.4,37.33384194204461,37.33384194204461,True
1466433375,37.3,37.02343071266593,37.02343071266593,True
1466433427,37.3,37.3,36.55140150746746,False
1466433478,37.3,36.88528954976669,36.88528954976669,True
1466433517,37.3,37.3,37.249103545769096,False
1466433615,37.3,37.3,37.106724101165774,False
1466433672,37.3,36.79833702207576,36.79833702207576,True
1466433762,37.2,36.61980301725795,36.61980301725795,True
1466433809,37.4,37.4,36.54680483780465,False
1466433873,37.4,37.4,37.143235884610725,False
1466433910,37.4,37.4,37.17732801232942,False
1466433994,37.4,37.4,37.23824165629506,False
1466434003,37.2,37.44312653796604,37.44312653796604,True
1466434045,37.3,36.707736731746266,36.707736731746266,True
1466434096,37.3,36.796795404648165,36.796795404648165,True
1466434173,37.3,36.94396469984979,36.94396469984979,True
1466434199,37.3,36.772483277853034,36.772483277853034,True
1466434224,37.4,37.4,36.54735975754019,False
1466434308,37.3,37.3,37.05398943930551,False
1466434359,37.2,37.32018026570892,37.32018026570892,True
1466434371,37.2,37.2,37.472910323020336,False
1466434457,37.3,37.3,37.267294529451554,False
1466434498,37.4,37.4,36.93067739788025,False
1466434552,37.4,37.4,37.22723450591408,False
1466434622,37.4,36.7940585947152,36.7940585947152,True
1466434691,37.1,36.78739233314802,36.78739233314802,True
1466434718,37.1,37.1,36.80477627015867,False
1466434727,37.2,37.2,37.49571050264644,False
1466434815,37.2,37.2,37.275173531047734,False
1466434892,37.1,36.82107640615522,36.82107640615522,True
1466434915,37.2,36.771105281960175,36.771105281960175,True
1466434946,37.2,37.2,36.688372899495505,False
1466434988,37.2,36.80150139370791,36.80150139370791,True
1466435020,37.2,37.2,37.15803358689211,False
1466435090,37.2,36.73028514624441,36.73028514624441,True
1466435099,37.3,37.3,36.667964858593876,False
1466435145,37.3,36.759994370817054,36.759994370817054,True
1466435186,37.3,37.14937455662299,37.14937455662299,True
1466435246,38.0,38.0,36.59618166380888,False
1466435284,38.0,37.25401650267334,37.25401650267334,True
1466435327,38.0,37.310763381734525,37.310763381734525,True
1466435369,37.6,37.6,36.904289462896,False
1466435408,37.6,36.96700030429852,36.96700030429852,True
1466435468,37.8,37.8,37.486216414489135,False
1466435486,37.8,37.8,37.017968444985776,False
1466435555,37.9,36.63921537692143,36.63921537692143,True
1466435624,37.9,37.9,36.84083415796871,False
1466435659,37.9,37.9,36.890679260650536,False
1466435682,37.9,37.9,37.23975921780344,False
1466435712,37.3,37.4148859960429,37.4148859960429,True
1466435794,37.3,36.60991506106612,36.60991506106612,True
1466435878,37.3,37.3,37.08596753904108,False
1466435904,37.3,37.224452557444195,37.224452557444195,True
1466435971,37.2,37.2,37.37059399088947,False
1466436041,37.2,36.81471001166728,36.81471001166728,True
1466436059,37.2,36.730487139861744,36.730487139861744,True
1466436093,37.4,37.4,36.803319238166665,False
1466436178,37.2,37.2,37.012045622806305,False
1466436230,37.4,37.48529227695651,37.48529227695651,True
1466436280,37.4,37.38303299317755,37.38303299317755,True
1466436332,37.4,37.4,37.47626972945051,False
1466436333,37.4,37.39576734083486,37.39576734083486,True
1466436431,37.4,37.4,37.28858939473663,False
1466436520,37.6,36.71882285218388,36.71882285218388,True
1466436572,37.6,36.7393604563523,36.7393604563523,True
1466436647,37.6,36.60677191426849,36.60677191426849,True
1466436655,37.6,37.6,36.719440014901274,False
1466436727,37.8,37.8,36.5648856237602,False
1466436793,37.6,36.66401217494876,36.66401217494876,True
1466436879,37.6,37.139743104441315,37.139743104441315,True
1466436880,37.6,37.6,37.02345693281923,False
1466436939,37.6,36.65212348060969,36.65212348060969,True
1466437015,37.6,37.6,37.11269540946266,False
1466437048,37.6,37.6,36.65057331165849,False
1466437088,37.6,37.6,37.256208655071354,False
1466437105,37.7,36.992814160998854,36.992814160998854,True
1466437122,37.3,37.3,37.0183363670586,False
1466437160,37.3,37.3,37.1687424068497,False
1466437232,37.3,37.1773382948099,37.1773382948099,True
1466437321,37.3,37.3,36.6783329090786,False
1466437335,37.3,37.082464883962444,37.082464883962444,True
1466437358,37.2,37.2,36.68575760587335,False
1466437441,37.3,37.3,37.07176455985013,False
1466437480,37.3,37.3,37.209879433570364,False
1466437561,37.7,37.7,37.25453681662752,False
1466437653,37.3,37.3,36.65988603114076,False
1466437709,37.2,37.2,36.65216163773497,False
1466437798,37.7,37.33716640882419,37.33716640882419,True
1466437869,37.7,37.7,37.12529571235894,False
1466437952,37.7,37.33289558949111,37.33289558949111,True
1466438037,37.7,37.1455755902058,37.1455755902058,True
1466438054,37.7,36.565044179071776,36.565044179071776,True
1466438056,37.9,36.6578059105479,36.6578059105479,True
1466438136,37.8,37.16429971010509,37.16429971010509,True
1466438234,37.8,37.8,36.80298516195965,False
1466438261,37.8,36.76948609590884,36.76948609590884,True
1466438348,37.9,37.9,36.88203592603973,False
1466438407,37.1,37.1,36.77854577656951,False
1466438422,37.1,36.604388372199345,36.604388372199345,True
1466438476,37.2,37.2,36.827792785096314,False
1466438571,37.2,37.2,37.384401695325295,False
1466438612,37.2,36.89283654758329,36.89283654758329,True
1466438620,37.2,37.2,37.17212745494736,False
1466438698,37.8,37.8,36.69748206505836,False
1466438747,37.8,37.07711198595993,37.07711198595993,True
1466438795,37.8,36.88390866697539,36.88390866697539,True
1466438810,37.6,37.6,37.289997847977254,False
1466438888,37.6,37.6,36.684347631787865,False
1466438975,37.2,36.563880526417925,36.563880526417925,True
1466439000,37.2,37.2,37.34258764567451,False
1466439092,37.7,36.80849669000991,36.80849669000991,True
1466439150,37.7,36.818031837215926,36.818031837215926,True
1466439229,37.9,36.666812694735825,36.666812694735825,True
1466439279,37.9,37.9,36.65971048966836,False
1466439328,37.9,36.643531862651116,36.643531862651116,True
1466439351,37.9,37.010541277900096,37.010541277900096,True
1466439447,37.3,37.3,36.656702917325546,False
1466439466,37.3,37.3,36.75736036393415,False
1466439480,37.6,37.06546704723309,37.06546704723309,True
1466439560,37.6,37.6,37.10477422544026,False
1466439600,37.4,37.13796549130813,37.13796549130813,True
1466439645,37.4,37.4,36.603325572120895,False
1466439729,37.4,36.67647237742114,36.67647237742114,True
1466439772,37.4,36.707097528950584,36.707097528950584,True
1466439827,37.4,37.4,36.775771627175985,False
1466439849,37.3,37.39764482761923,37.39764482761923,True
1466439910,37.3,37.3,36.960203002813806,False
1466439990,37.2,37.2,37.297638172020186,False
1466440005,37.8,37.498969446418,37.498969446418,True
1466440006,37.4,37.46038696094652,37.46038696094652,True
1466440045,37.3,36.638711619077384,36.638711619077384,True
1466440066,37.3,36.69089564074081,36.69089564074081,True
1466440154,37.2,36.64083511798034,36.64083511798034,True
1466440214,37.2,37.2,37.011518154216944,False
1466440226,37.2,37.2,37.41615325409979,False
1466440304,37.2,37.2,37.13251959462462,False
1466440385,37.2,37.2,37.08973716195042,False
1466440451,37.2,36.6324512714523,36.6324512714523,True
1466440521,37.2,37.2,36.90938789324248,False
1466440581,37.2,37.043327902012884,37.043327902012884,True
1466440674,37.2,37.2,36.57165249527937,False
1466440727,37.2,37.39349922378221,37.39349922378221,True
1466440821,37.2,37.206548532943,37.206548532943,True
1466440827,37.3,36.77517676585422,36.77517676585422,True
1466440897,37.3,36.89836833160934,36.89836833160934,True
1466440923,37.2,37.2,36.60540130943658,False
1466441012,37.2,37.156680741858644,37.156680741858644,True
1466441049,37.0,37.46365009381983,37.46365009381983,True
1466441147,37.0,37.0,37.25837577995028,False
1466441213,37.0,36.50562749270806,36.50562749270806,True
1466441311,37.0,37.1163726836164,37.1163726836164,True
1466441318,37.0,37.457017888380584,37.457017888380584,True
1466441418,37.0,37.0,37.37978701297317,False
1466441510,37.1,37.1,36.95623808951909,False
1466441541,37.1,37.097829165247845,37.097829165247845,True
1466441579,37.1,37.1,36.56124799170897,False
1466441630,37.1,37.1,37.02034053216107,False
1466441714,37.1,36.79586157225062,36.79586157225062,True
1466441724,37.1,36.98397361884576,36.98397361884576,True
1466441741,37.1,37.1,37.14106178938899,False
1466441822,37.1,36.52469242219687,36.52469242219687,True
1466441883,37.1,37.1,36.50794230062674,False
1466441934,37.1,37.1,37.222496247457975,False
1466441947,37.2,37.447546893765555,37.447546893765555,True
1466442046,37.3,37.3,36.87348220515014,False
1466442137,37.0,37.0,37.46015185783721,False
1466442175,37.2,37.2,36.834097873441664,False
1466442216,37.2,37.114085245565384,37.114085245565384,True
1466442284,37.2,37.2,37.29589458052732,False
1466442332,37.2,36.99414696758766,36.99414696758766,True
1466442358,37.2,37.15377215336129,37.15377215336129,True
1466442362,37.2,37.14184856699565,37.14184856699565,True
1466442439,37.2,37.2,37.36205957535172,False
1466442490,36.9,36.9,37.08125300598987,False
1466442498,37.1,37.1,36.76872347034038,False
1466442508,37.1,37.431954515216965,37.431954515216965,True
1466442518,37.1,37.17682790061757,37.17682790061757,True
1466442556,37.1,37.1,37.20408700227973,False
1466442656,37.1,36.517932124987134,36.517932124987134,True
1466442662,37.1,37.03950650992323,37.03950650992323,True
1466442703,37.0,37.0,37.190338075617035,False
1466442768,37.1,37.1,36.630815787142375,False
1466442788,37.1,37.1,36.81091169868938,False
1466442886,37.2,37.2,36.99376558259658,False
1466442980,37.2,36.54003484508443,36.54003484508443,True
1466443000,37.2,37.2,37.274406535682395,False
1466443029,37.2,36.56889133678233,36.56889133678233,True
1466443038,36.9,36.9,37.298000387337275,False
1466443089,37.1,37.31813156360357,37.31813156360357,True
1466443162,37.1,37.1,36.58781387615345,False
1466443201,37.1,36.58482512231673,36.58482512231673,True
1466443219,37.1,37.31194333225145,37.31194333225145,True
1466443263,37.1,37.26513103434935,37.26513103434935,True
1466443350,37.1,37.1,36.79498727175671,False
1466443373,37.1,37.1,36.828792186258575,False
1466443392,37.2,37.26091396416855,37.26091396416855,True
1466443402,37.2,36.94401312838462,36.94401312838462,True
1466443486,37.2,36.927310697441094,36.927310697441094,True
1466443511,37.2,37.3208429376412,37.3208429376412,True
1466443584,37.2,37.401946927432945,37.401946927432945,True
1466443677,37.2,36.5563611009435,36.5563611009435,True
1466443725,37.0,36.717667840807984,36.717667840807984,True
1466443727,37.0,36.98642175207846,36.98642175207846,True
1466443750,37.0,36.54316522927252,36.54316522927252,True
1466443761,37.0,37.0,37.165998744132104,False
1466443808,37.1,37.088973958403145,37.088973958403145,True
1466443861,37.1,37.36736452058786,37.36736452058786,True
1466443929,37.1,37.1,36.927620984748906,False
1466443986,37.2,36.696971244101086,36.696971244101086,True
1466444043,37.1,37.1,37.4216850459734,False
1466444110,37.1,37.08872793723873,37.08872793723873,True
1466444192,37.3,37.3,36.57557662318385,False
1466444287,37.2,37.2,37.15759966794226,False
1466444294,37.2,37.2,37.017619636918546,False
1466444366,37.2,37.2,36.57032140424155,False
1466444466,37.2,37.310989642276375,37.310989642276375,True
1466444505,37.2,37.2,37.32064933915602,False
1466444556,37.2,37.2,36.83444548221855,False
1466444624,37.2,37.2,37.25915374728221,False
1466444663,37.2,37.2,36.65474436415734,False
1466444685,37.2,37.2,37.31199033283928,False
1466444756,37.2,36.57125081305305,36.57125081305305,True
1466444781,37.4,37.4,37.48327882021926,False
1466444840,37.4,37.260975130112506,37.260975130112506,True
1466444854,37.1,37.1,37.31927130839394,False
1466444860,37.1,37.1,37.13294624262629,False
1466444959,37.1,37.365655820150835,37.365655820150835,True
1466445058,37.1,37.077994604018116,37.077994604018116,True
1466445107,37.1,36.57826179898038,36.57826179898038,True
1466445165,37.1,37.1,36.52633630742102,False
1466445170,37.1,37.1,36.929428283849525,False
1466445173,37.1,37.1,36.811766582831766,False
1466445247,37.1,37.1,37.1486226889096,False
1466445305,37.1,37.04539828182876,37.04539828182876,True
1466445333,37.1,37.1,36.95670134441633,False
1466445356,37.1,37.18965115479113,37.18965115479113,True
1466445430,37.1,37.1,36.99344923546072,False
1466445491,37.1,37.1,36.795860328097,False
1466445497,37.1,37.21195612594792,37.21195612594792,True
1466445514,37.1,37.1,37.346427753610556,False
1466445549,37.3,37.253173725366274,37.253173725366274,True
1466445640,37.3,36.891984926610554,36.891984926610554,True
1466445648,37.3,37.3,37.38439166413327,False
1466445739,37.3,37.3,36.795508287289195,False
1466445814,37.3,37.3,36.96623997920365,False
1466445879,37.9,37.9,37.42412306175965,False
1466445909,37.9,36.613628986214245,36.613628986214245,True
1466445965,37.4,37.161089869449846,37.161089869449846,True
1466446021,37.9,37.9,37.01980080580069,False
1466446045,37.9,37.9,37.09521893505163,False
1466446071,37.5,37.5,37.258816968799394,False
1466446120,37.5,36.64675112665789,36.64675112665789,True
1466446168,37.6,36.93660656187975,36.93660656187975,True
1466446253,37.6,36.54080074243612,36.54080074243612,True
1466446302,38.0,38.0,37.27462691836235,False
1466446389,38.0,36.84738279133436,36.84738279133436,True
1466446404,37.2,37.2,37.05547180492887,False
1466446494,37.4,37.4,36.75839626582004,False
1466446594,37.3,37.41171294024758,37.41171294024758,True
1466446643,37.4,36.56628113444229,36.56628113444229,True
1466446669,37.4,37.044518381739984,37.044518381739984,True
1466446690,37.4,36.762561436585,36.762561436585,True
1466446735,37.4,37.06259937021818,37.06259937021818,True
1466446766,37.2,36.7904477500289,36.7904477500289,True
1466446852,37.2,37.2,36.64248353049031,False
1466446902,36.9,36.7753264423753,36.7753264423753,True
1466446945,36.9,36.9,37.451228314026146,False
1466446987,36.9,36.9,36.62763253162465,False
1466447036,37.2,36.607714646325306,36.607714646325306,True
1466447112,37.1,37.1,36.560927140342386,False
1466447129,37.1,36.824856715142154,36.824856715142154,True
1466447189,37.1,37.1,37.107624476528734,False
1466447224,37.0,37.0,36.67850265921655,False
1466447270,37.2,37.2,36.58160497866055,False
1466447272,37.2,37.310388803192545,37.310388803192545,True
1466447348,37.1,37.1133534631451,37.1133534631451,True
1466447359,37.0,37.0,37.43290591976482,False
1466447388,37.0,37.0,37.17527123437793,False
1466447390,37.0,37.0,37.03480458653951,False
1466447425,37.2,37.2,36.98573652093852,False
1466447463,37.2,37.49810503735326,37.49810503735326,True
1466447485,36.9,36.9,37.02340678111427,False
1466447545,37.1,36.80227172012914,36.80227172012914,True
1466447553,37.1,37.048160565976396,37.048160565976396,True
1466447554,37.1,37.161057527689856,37.161057527689856,True
1466447573,37.0,37.24946204014587,37.24946204014587,True
1466447634,36.8,36.8,36.561885031590755,False
1466447695,37.0,36.541509223514076,36.541509223514076,True
1466447762,37.1,37.1,37.02903425847816,False
1466447844,37.1,37.44364455382541,37.44364455382541,True
1466447885,37.1,37.1,36.58126222310669,False
1466447943,37.1,37.1,36.65026259618502,False
1466447956,37.1,36.77567409889504,36.77567409889504,True
1466448041,37.1,37.1,36.74855308184894,False
1466448140,37.1,37.1,37.02454077141098,False
1466448215,37.1,36.930076281865425,36.930076281865425,True
1466448270,37.2,36.73400224692679,36.73400224692679,True
1466448302,37.2,37.361371067041794,37.361371067041794,True
1466448368,37.0,37.0,37.015463980368075,False
1466448422,37.0,37.0,37.09161525576215,False
1466448517,36.9,37.1190945437854,37.1190945437854,True
1466448614,37.2,37.2,36.56638427459888,False
1466448701,37.2,37.2,37.4516759478771,False
1466448743,37.2,37.2,37.310988713674924,False
1466448805,37.2,36.951529125165266,36.951529125165266,True
1466448844,37.2,37.2,37.040609808445396,False
1466448896,37.2,36.56683767594144,36.56683767594144,True
1466448984,37.2,36.73254352577371,36.73254352577371,True
1466449031,37.2,37.258180718822,37.258180718822,True
1466449045,37.2,36.662609805450415,36.662609805450415,True
1466449099,37.2,37.2,36.817411276669496,False
1466449171,37.3,37.32312188971753,37.32312188971753,True
1466449261,37.3,37.3,37.23199177677564,False
1466449280,37.2,37.2,36.508575663935545,False
1466449359,37.0,36.88115922261362,36.88115922261362,True
1466449442,37.0,36.58504969816255,36.58504969816255,True
1466449496,37.0,37.0,36.78923442474034,False
1466449537,37.0,37.0,36.798152457634295,False
1466449555,36.9,37.12643940859099,37.12643940859099,True
1466449629,37.0,37.0,37.20261781319251,False
1466449635,37.0,37.0,37.198307857690736,False
1466449721,36.9,36.9,37.034681655589345,False
1466449772,37.0,36.52737600517576,36.52737600517576,True
1466449872,37.0,37.0,36.72179937317902,False
1466449873,37.0,36.7591030249366,36.7591030249366,True
1466449884,37.1,37.1,36.977621315391495,False
1466449937,37.1,37.1,37.20549096593719,False
1466449953,37.1,36.67568770879254,36.67568770879254,True
1466449959,37.1,37.1,37.484525011680915,False
1466449961,37.1,36.61025557878124,36.61025557878124,True
1466450018,37.1,36.91136674848572,36.91136674848572,True
1466450075,37.1,37.1,36.727726517318594,False
1466450150,37.1,37.1,36.77919429604125,False
1466450177,37.1,36.84902301027148,36.84902301027148,True
1466450255,37.1,36.968302536775454,36.968302536775454,True
1466450343,37.1,36.59443530013067,36.59443530013067,True
1466450348,37.1,37.39873119052657,37.39873119052657,True
1466450401,37.1,37.1,36.69259494329526,False
1466450433,37.1,37.1,36.73909606328514,False
1466450507,37.3,37.3,37.13780641644861,False
1466450536,37.3,37.097864773344334,37.097864773344334,True
1466450627,37.3,36.97354214902801,36.97354214902801,True
1466450723,37.3,37.3,36.64270871122452,False
1466450817,37.3,37.3,37.31019571045375,False
1466450900,37.3,36.51318276252822,36.51318276252822,True
1466450902,37.3,37.3,36.81006266990412,False
1466450971,37.3,36.67027393294418,36.67027393294418,True
1466451016,37.4,36.90540810801583,36.90540810801583,True
1466451023,37.4,37.063770968988024,37.063770968988024,True
1466451073,37.4,37.4,37.04985972850998,False
1466451166,37.1,37.1,37.06767392614501,False
1466451231,37.1,37.1,37.16482057186235,False
1466451245,37.1,37.1,37.244440087676196,False
1466451293,37.1,36.50398703806151,36.50398703806151,True
1466451295,37.1,37.1,37.04963269101171,False
1466451378,37.1,36.59768229261917,36.59768229261917,True
1466451445,37.0,37.385324819120655,37.385324819120655,True
1466451508,37.0,37.30434757812543,37.30434757812543,True
1466451599,37.0,36.829678919139695,36.829678919139695,True
1466451686,37.0,37.220263824634124,37.220263824634124,True
1466451761,37.0,37.0,37.29978452272659,False
1466451857,37.0,37.0,37.036926238041616,False
1466451909,37.0,37.0,37.183031666989194,False
1466451919,37.0,36.87328279135826,36.87328279135826,True
1466452006,37.2,37.2,36.982567031662136,False
1466452035,37.0,37.169689773822405,37.169689773822405,True
1466452039,37.0,36.97405469339395,36.97405469339395,True
1466452104,37.0,36.58614229398141,36.58614229398141,True
1466452167,37.0,37.0,37.251922108286344,False
1466452238,37.0,36.88258424067208,36.88258424067208,True
1466452313,37.0,37.0,36.883858728613795,False
1466452339,37.1,37.1,37.197569253173874,False
1466452419,37.2,37.2,37.21874940706713,False
1466452424,37.2,36.77402318274642,36.77402318274642,True
1466452435,37.2,37.2,36.55426684989344,False
1466452531,37.0,37.0,37.155398927607166,False
1466452584,37.0,37.0,36.70408517810319,False
1466452625,37.0,37.0,36.719632075293624,False
1466452676,37.0,37.0,37.245658937841284,False
1466452752,37.0,37.0,36.59474427741946,False
1466452796,37.0,37.0,36.809433625555606,False
1466452825,37.0,37.276447693434044,37.276447693434044,True
1466452860,36.9,36.9,37.02691297813804,False
1466452960,36.9,37.49564514263314,37.49564514263314,True
1466452979,36.9,36.83266632727254,36.83266632727254,True
1466453002,37.0,37.0,37.188124067967074,False
1466453016,37.0,37.0,36.53344583675502,False
1466453025,37.0,37.22193055386372,37.22193055386372,True
1466453089,37.1,37.1,36.8276410708291,False
1466453141,37.1,36.92683622297314,36.92683622297314,True
1466453154,37.1,37.334126427741744,37.334126427741744,True
1466453184,37.1,37.1,37.248601232496014,False
1466453202,37.1,37.1401972607637,37.1401972607637,True
1466453203,37.1,37.46763484269874,37.46763484269874,True
1466453222,37.1,37.1,36.71489035240581,False
1466453321,37.1,37.1,36.87911042626141,False
1466453379,37.1,36.68905147600794,36.68905147600794,True
1466453392,37.2,36.69350227265086,36.69350227265086,True
1466453422,37.2,37.42423711446749,37.42423711446749,True
1466453502,37.2,37.09310288699412,37.09310288699412,True
1466453518,36.9,36.9,37.2542900852142,False
1466453563,37.1,37.389723266837784,37.389723266837784,True
1466453604,36.9,36.54462228167913,36.54462228167913,True
1466453639,37.0,37.0,37.362777714781494,False
1466453705,37.0,37.0,36.58485934582759,False
1466453795,37.0,37.0,36.7935770754014,False
1466453816,37.0,36.60452379139747,36.60452379139747,True
1466453870,37.0,37.48260737032341,37.48260737032341,True
1466453910,37.0,37.0,37.40937690574522,False
1466454002,37.0,37.0,37.1175351599474,False
1466454051,37.0,37.431393233685746,37.431393233685746,True
1466454087,37.0,37.0,36.6940132845313,False
1466454129,37.0,36.689161662723734,36.689161662723734,True
1466454227,37.0,37.0,36.58566279772884,False
1466454259,37.1,37.1,36.95041846803161,False
1466454262,37.2,37.0366350487672,37.0366350487672,True
1466454298,37.2,37.13096848305821,37.13096848305821,True
1466454388,37.2,37.2,36.53247375351132,False
1466454399,37.0,37.0,36.542950938762225,False
1466454473,37.2,37.38974585084906,37.38974585084906,True
1466454529,37.2,36.92961539460358,36.92961539460358,True
1466454559,37.2,37.2,37.26279141819605,False
1466454648,37.2,36.7100343561011,36.7100343561011,True
1466454745,37.2,37.2,37.4751307681149,False
1466454763,37.2,37.43853999295179,37.43853999295179,True
1466454851,37.2,37.2,37.019139061594096,False
1466454936,37.2,37.3783844803665,37.3783844803665,True
1466454949,37.2,37.2,37.35289376111422,False
1466455032,37.2,36.79021410862468,36.79021410862468,True
1466455065,37.2,37.2,36.81477732899268,False
1466455119,37.2,37.2,37.22632844283456,False
1466455172,37.1,37.1,36.85817701046474,False
1466455196,37.1,37.1,36.903827802034584,False
1466455271,37.1,36.8315417828257,36.8315417828257,True
1466455357,37.1,37.1,37.34543578057843,False
1466455361,37.1,37.1,36.87028432051467,False
1466455394,37.4,37.4,36.670417794206664,False
1466455475,37.2,37.49474432869083,37.49474432869083,True
1466455497,37.3,37.3,36.5050500104068,False
1466455561,37.3,37.01610793643091,37.01610793643091,True
1466455575,37.3,37.45104462955366,37.45104462955366,True
1466455587,37.3,37.12795072557636,37.12795072557636,True
1466455651,37.3,37.3,37.35205124097679,False
1466455658,37.2,37.2,36.865236303502066,False
1466455732,37.2,37.2,36.526568959422185,False
1466455812,37.4,36.86434715918004,36.86434715918004,True
1466455910,37.4,36.87441278578371,36.87441278578371,True
1466455951,37.4,37.4,37.46080961119872,False
1466455999,37.4,37.4,36.686448632222366,False
1466456054,37.1,37.39550737714089,37.39550737714089,True
1466456058,37.1,37.1,36.837213707258186,False
1466456074,37.1,36.937653647917784,36.937653647917784,True
1466456088,37.1,37.1,36.58479736466111,False
1466456118,37.2,36.6525977098155,36.6525977098155,True
1466456218,37.2,37.2,36.87218290909709,False
1466456265,37.2,37.2,36.92372276704883,False
1466456270,37.2,37.2,36.73471793917563,False
1466456312,37.2,37.08169365655369,37.08169365655369,True
1466456346,37.2,37.2,37.474578327257746,False
1466456374,37.2,37.2,36.856006131731405,False
1466456406,37.2,37.2,36.8188349733651,False
1466456482,37.3,37.3,37.055478311315284,False
1466456512,37.3,37.3,37.114524876629815,False
1466456610,37.3,37.071228663136196,37.071228663136196,True
1466456683,37.3,37.3,37.42203120677638,False
1466456768,37.3,37.3,36.917120937656364,False
1466456856,37.3,37.3,36.62231566309026,False
1466456927,37.2,37.2,36.801952078541255,False
1466457014,37.2,36.53596295736435,36.53596295736435,True
1466457032,37.4,36.605359855458815,36.605359855458815,True
1466457067,37.3,37.00440641366729,37.00440641366729,True
1466457157,37.2,37.2,36.797613861603914,False
1466457215,37.3,37.3,37.31091628657442,False
1466457267,37.2,37.2,37.15957640169363,False
1466457357,37.2,37.2,37.18981653497525,False
1466457434,37.2,37.2,37.46296856064639,False
1466457487,37.2,37.34362022584949,37.34362022584949,True
1466457559,37.4,36.69300238122935,36.69300238122935,True
1466457603,37.4,37.4,37.041112942595724,False
1466457671,37.4,37.4,36.90642958661274,False
1466457713,37.4,37.4,37.36874367603541,False
1466457745,37.4,37.4,37.460674684027246,False
1466457782,37.4,37.4,36.74887289327465,False
1466457802,37.2,36.83566787669787,36.83566787669787,True
1466457817,37.1,37.1,37.019542643499435,False
1466457865,37.3,36.97924275396182,36.97924275396182,True
1466457884,37.3,37.3,37.183852378069844,False
1466457885,37.3,37.46631701501947,37.46631701501947,True
1466457917,37.3,37.3,37.43518255568544,False
1466457973,37.4,36.63992026716282,36.63992026716282,True
1466458045,37.4,37.4,37.34121931153426,False
1466458135,37.4,37.395597874489034,37.395597874489034,True
1466458151,37.4,37.4,36.5278319994509,False
1466458230,37.2,36.69975336787874,36.69975336787874,True
1466458324,37.1,36.903952075682746,36.903952075682746,True
1466458362,37.1,36.86417049402684,36.86417049402684,True
1466458438,37.1,37.28383484354863,37.28383484354863,True
1466458454,37.3,37.3,36.68452256096107,False
1466458496,37.5,36.618230588898385,36.618230588898385,True
1466458509,37.5,37.03498445319131,37.03498445319131,True
1466458580,37.7,37.12496701090034,37.12496701090034,True
1466458590,37.6,37.6,36.88098367948029,False
1466458626,37.6,36.548036386964796,36.548036386964796,True
1466458642,37.8,36.981225103680906,36.981225103680906,True
1466458665,37.8,37.8,37.39298911144054,False
1466458694,37.8,37.023668974256545,37.023668974256545,True
1466458762,37.3,37.3,37.03305428165655,False
1466458793,38.0,37.39960705848736,37.39960705848736,True
1466458824,38.0,38.0,36.61195356243123,False
1466458906,38.0,38.0,36.76832920234184,False
1466458982,38.0,37.49547821027065,37.49547821027065,True
1466459068,38.0,37.38737934054723,37.38737934054723,True
1466459159,38.0,37.371206628440326,37.371206628440326,True
1466459184,37.2,37.104575859266824,37.104575859266824,True
1466459273,37.4,37.4,36.57379962691038,False
1466459372,37.4,36.5606928751605,36.5606928751605,True
1466459415,37.1,36.573473886355636,36.573473886355636,True
1466459483,37.1,37.09580367159863,37.09580367159863,True
1466459504,37.1,37.400523508352336,37.400523508352336,True
1466459588,37.2,37.43682978105894,37.43682978105894,True
1466459595,37.2,36.576427127725296,36.576427127725296,True
1466459673,37.2,37.2,37.30391631069309,False
1466459726,37.3,36.580189025694054,36.580189025694054,True
1466459800,37.3,37.3,36.88060932227272,False
1466459857,37.3,37.25940632331069,37.25940632331069,True
1466459887,37.3,37.3,36.734145603422796,False
1466459913,37.2,36.69927582066469,36.69927582066469,True
1466459974,37.2,36.59317716071287,36.59317716071287,True
1466459995,37.9,37.47092738699197,37.47092738699197,True
1466460001,37.9,37.9,37.214216954538635,False
1466460054,37.9,37.9,36.889782098980895,False
1466460130,37.7,37.7,37.184962740898875,False
1466460215,37.9,37.9,37.27219959933228,False
1466460252,37.8,37.29045626617873,37.29045626617873,True
1466460272,37.8,37.8,36.817460520061715,False
1466460346,37.8,37.8,37.23125633453083,False
1466460440,37.8,37.8,36.76425203162014,False
1466460461,37.4,37.4,37.15596520418456,False
1466460528,37.3,37.02081104471539,37.02081104471539,True
1466460610,37.3,37.3,36.68363558860549,False
1466460630,37.1,37.33024436001551,37.33024436001551,True
1466460691,37.1,37.04625638734762,37.04625638734762,True
1466460706,37.2,36.85470469135858,36.85470469135858,True
1466460739,37.1,37.1,37.06355073911708,False
1466460765,37.3,36.56575396434929,36.56575396434929,True
1466460795,37.3,37.3,36.918492384312465,False
1466460877,37.3,37.3,37.49080570859245,False
1466460973,37.3,37.33174578025605,37.33174578025605,True
1466461009,37.0,37.0,36.73565000650987,False
1466461027,37.0,37.31115079446458,37.31115079446458,True
1466461032,37.0,37.0,37.164618281260424,False
1466461096,37.0,37.05868668866504,37.05868668866504,True
1466461169,37.0,36.53998831933802,36.53998831933802,True
1466461256,37.0,36.61372135971251,36.61372135971251,True
1466461351,37.1,37.1,36.53487811304873,False
1466461451,37.1,37.1,36.95445268774056,False
1466461531,37.1,36.54261826757278,36.54261826757278,True
1466461568,37.1,37.1,37.31321802917994,False
1466461583,37.1,36.6590326454379,36.6590326454379,True
1466461647,37.1,37.1,36.776552191565344,False
1466461703,37.1,37.1,37.04214153700385,False
1466461794,37.1,37.1,37.2445360151456,False
1466461813,37.1,37.140017947502685,37.140017947502685,True
1466461910,37.1,37.1,37.3718953279868,False
1466461988,37.1,37.1,37.10931496703481,False
1466462056,37.0,37.0,37.19401426292173,False
1466462101,37.0,37.0,37.117145770546024,False
1466462155,37.0,37.0,37.47652690315513,False
1466462215,36.6,36.99669768380615,36.99669768380615,True
1466462278,37.0,37.0,36.57200128378914,False
1466462368,37.0,37.0,37.34365122335327,False
1466462412,37.2,37.2,37.116785546499386,False
1466462512,37.2,36.798676532819975,36.798676532819975,True
1466462594,37.2,37.19690426673694,37.19690426673694,True
1466462671,37.2,37.2,37.01212297087434,False
1466462716,37.2,37.2,37.28487859596362,False
1466462746,37.2,37.2,37.31710079518592,False
1466462782,37.0,37.0,36.8420905108435,False
1466462820,37.0,37.025084285011374,37.025084285011374,True
1466462833,37.0,37.0,37.146015688599945,False
1466462842,37.0,37.0,36.750792910376866,False
1466462850,37.0,36.87012515537444,36.87012515537444,True
1466462941,37.0,37.0,36.74851866790473,False
1466463026,37.0,37.064500536476565,37.064500536476565,True
1466463117,37.0,37.0,36.906312624426405,False
1466463139,37.0,37.0,37.37013307062051,False
