1466410104,0.43,0.34085963493412696,0.34085963493412696,True
1466410114,0.46,0.46,0.15498106395925726,False
1466410130,0.46,0.46,0.10779707478490363,False
1466410181,0.46,0.6548896985752855,0.6548896985752855,True
1466410203,0.46,0.8472722244216364,0.8472722244216364,True
1466410250,0.47,0.47,0.3970347574352565,False
1466410309,0.47,0.5277276110986404,0.5277276110986404,True
1466410397,0.47,0.9527168634544664,0.9527168634544664,True
1466410430,0.47,0.47,0.5468851009251419,False
1466410469,0.47,0.47,0.08559995101490758,False
1466410483,0.47,0.47,0.3057261699386451,False
1466410498,0.47,0.47,0.2274821419851304,False
1466410502,0.47,0.47,0.8663259246601376,False
1466410532,0.49,0.49,0.24481524250543207,False
1466410541,0.49,0.49,0.992909800854539,False
1466410573,0.51,0.51,0.3396276303717827,False
1466410630,0.51,0.51,0.13836660964065983,False
1466410653,0.49,0.7220338087457179,0.7220338087457179,True
1466410746,0.49,0.19718839584512915,0.19718839584512915,True
1466410814,0.49,0.3549217005516727,0.3549217005516727,True
1466410890,0.49,0.49,0.7442813840388106,False
1466410902,0.49,0.679281655267644,0.679281655267644,True
1466410978,0.51,0.51,0.8644558073806556,False
1466411008,0.5,0.31023077579261626,0.31023077579261626,True
1466411066,0.5,0.7700782438058751,0.7700782438058751,True
1466411094,0.5,0.5,0.04485164969311306,False
1466411157,0.51,0.51,0.8206057539749563,False
1466411223,0.51,0.25614327396040304,0.25614327396040304,True
1466411226,0.51,0.09761922935800471,0.09761922935800471,True
1466411272,0.51,0.15722593127113116,0.15722593127113116,True
1466411303,0.5,0.5,0.4353454229790835,False
1466411318,0.52,0.52,0.09590092662711536,False
1466411396,0.52,0.36967617180966006,0.36967617180966006,True
1466411493,0.52,0.7321839114593,0.7321839114593,True
1466411549,0.5,0.2430239295136123,0.2430239295136123,True
1466411560,0.5,0.25365140980131284,0.25365140980131284,True
1466411626,0.51,0.51,0.7054154722352888,False
1466411723,0.53,0.53,0.8616757998460576,False
1466411763,0.5,0.5,0.06147072490987726,False
1466411785,0.5,0.6573742006390845,0.6573742006390845,True
1466411854,0.49,0.7925384882405805,0.7925384882405805,True
1466411889,0.49,0.7641748640758428,0.7641748640758428,True
1466411988,0.49,0.48879908324607335,0.48879908324607335,True
1466412022,0.49,0.49,0.4714151374906478,False
1466412046,0.48,0.48,0.938529467496594,False
1466412076,0.48,0.20410121492080313,0.20410121492080313,True
1466412152,0.51,0.51,0.5519045237780621,False
1466412181,0.51,0.10247010909761678,0.10247010909761678,True
1466412201,0.51,0.5827829836472054,0.5827829836472054,True
1466412260,0.51,0.5187036383874678,0.5187036383874678,True
1466412347,0.51,0.2611320629086138,0.2611320629086138,True
1466412360,0.51,0.38135473779720797,0.38135473779720797,True
1466412438,0.49,0.49,0.003053067071141058,False
1466412521,0.49,0.9104747718210565,0.9104747718210565,True
1466412599,0.49,0.9432046936295021,0.9432046936295021,True
1466412639,0.49,0.5376836483899963,0.5376836483899963,True
1466412691,0.5,0.22261800734736925,0.22261800734736925,True
1466412747,0.5,0.5,0.6519940240895077,False
1466412794,0.5,0.5,0.8795020340568922,False
1466412819,0.51,0.09304486152312497,0.09304486152312497,True
1466412832,0.53,0.47700067107227917,0.47700067107227917,True
1466412874,0.53,0.19800532721137054,0.19800532721137054,True
1466412943,0.53,0.53,0.8574407375217192,False
1466412971,0.53,0.53,0.3342519841860214,False
1466412990,0.53,0.7268877725254939,0.7268877725254939,True
1466413028,0.54,0.6753698787747529,0.6753698787747529,True
1466413053,0.55,0.55,0.0281646482187754,False
1466413125,0.52,0.52,0.42271092976699376,False
1466413200,0.52,0.1114101467636861,0.1114101467636861,True
1466413264,0.52,0.52,0.7860089171284887,False
1466413311,0.52,0.52,0.7381475180759788,False
1466413342,0.49,0.31297989529496495,0.31297989529496495,True
1466413440,0.49,0.92549826163525,0.92549826163525,True
1466413458,0.47,0.7268048710526299,0.7268048710526299,True
1466413529,0.47,0.47,0.3678776717606639,False
1466413542,0.47,0.1371699477956555,0.1371699477956555,True
1466413638,0.47,0.8343595797769363,0.8343595797769363,True
1466413672,0.47,0.47,0.14962559192525937,False
1466413733,0.47,0.8492763928143948,0.8492763928143948,True
1466413779,0.48,0.614125511079618,0.614125511079618,True
1466413780,0.47,0.47,0.20035680537433376,False
1466413864,0.44,0.44,0.9963092091618584,False
1466413885,0.45,0.42827077895986243,0.42827077895986243,True
1466413946,0.45,0.45,0.31701103657572705,False
1466414033,0.45,0.45,0.6961992288589041,False
1466414071,0.47,0.4866949485332338,0.4866949485332338,True
1466414164,0.46,0.46,0.0682455306174985,False
1466414225,0.46,0.46,0.7550374427880403,False
1466414312,0.46,0.030944754631784477,0.030944754631784477,True
1466414325,0.43,0.843457605908605,0.843457605908605,True
1466414328,0.41,0.41,0.9114757066365718,False
1466414329,0.4,0.32290901686421725,0.32290901686421725,True
1466414402,0.4,0.340697669895201,0.340697669895201,True
1466414407,0.4,0.44762760631918896,0.44762760631918896,True
1466414413,0.43,0.02894201280551223,0.02894201280551223,True
1466414460,0.42,0.42,0.47189106745780796,False
1466414552,0.41,0.5938477576485994,0.5938477576485994,True
1466414602,0.41,0.41,0.5456432659136184,False
1466414662,0.41,0.41,0.9916370788103686,False
1466414746,0.41,0.5843009033451385,0.5843009033451385,True
1466414844,0.41,0.41,0.42863556632799193,False
1466414943,0.43,0.6504172581503527,0.6504172581503527,True
1466414946,0.43,0.43,0.3907574004733051,False
1466414966,0.43,0.43,0.5939051655639652,False
1466415038,0.43,0.43,0.7696712274452199,False
1466415106,0.42,0.8845951413289495,0.8845951413289495,True
1466415130,0.42,0.42,0.7250572117008599,False
1466415145,0.42,0.5737248534496084,0.5737248534496084,True
1466415202,0.42,0.42,0.2692020522185583,False
1466415239,0.44,0.1232282988904122,0.1232282988904122,True
1466415249,0.42,0.42,0.49813030909781786,False
1466415308,0.44,0.44,0.8999000372224372,False
1466415357,0.44,0.44,0.6831215068104689,False
1466415404,0.44,0.7458533890145408,0.7458533890145408,True
1466415469,0.46,0.46,0.35642931124881283,False
1466415548,0.45,0.19180326110359447,0.19180326110359447,True
1466415588,0.43,0.8231843480386949,0.8231843480386949,True
1466415627,0.43,0.14231482057208455,0.14231482057208455,True
1466415719,0.43,0.43,0.74112025159903,False
1466415767,0.43,0.43,0.871405783208821,False
1466415860,0.43,0.43,0.08892007218910858,False
1466415872,0.42,0.09127855267301954,0.09127855267301954,True
1466415914,0.42,0.42,0.3402507509965095,False
1466415934,0.42,0.42,0.4856922107048969,False
1466415988,0.42,0.42,0.21545346307385804,False
1466416004,0.4,0.4,0.24646037760336115,False
1466416050,0.4,0.4,0.5191704831689167,False
1466416150,0.4,0.4,0.9394230933089089,False
1466416161,0.4,0.9163036027943826,0.9163036027943826,True
1466416215,0.4,0.4,0.8608909843477598,False
1466416315,0.4,0.5625764363600413,0.5625764363600413,True
1466416321,0.4,0.4,0.5126752081014866,False
1466416393,0.41,0.41,0.43826159253701036,False
1466416440,0.41,0.41,0.47127215733567784,False
1466416510,0.41,0.41,0.4219160765766067,False
1466416541,0.41,0.41,0.9832816881720448,False
1466416631,0.41,0.4945592721236266,0.4945592721236266,True
1466416671,0.41,0.41,0.3156560941409815,False
1466416725,0.43,0.057198571341185334,0.057198571341185334,True
1466416815,0.43,0.43,0.8590105928265671,False
1466416867,0.44,0.19706601395171408,0.19706601395171408,True
1466416933,0.44,0.8327869724965996,0.8327869724965996,True
1466416963,0.43,0.17096587529027496,0.17096587529027496,True
1466417034,0.43,0.43,0.7586637815710112,False
1466417069,0.45,0.7750911069573994,0.7750911069573994,True
1466417095,0.45,0.45,0.8441979756628507,False
1466417123,0.47,0.4431236464763729,0.4431236464763729,True
1466417219,0.47,0.47,0.8602775380611022,False
1466417228,0.47,0.47,0.3689535563546412,False
1466417235,0.46,0.46,0.8393994403778147,False
1466417266,0.49,0.9098559391727604,0.9098559391727604,True
1466417298,0.49,0.24120850777145442,0.24120850777145442,True
1466417382,0.49,0.49,0.7588157073459123,False
1466417429,0.49,0.49,0.15374990048503512,False
1466417434,0.46,0.8653168547154393,0.8653168547154393,True
1466417513,0.46,0.16108847305682683,0.16108847305682683,True
1466417598,0.46,0.46,0.974542666167488,False
1466417615,0.46,0.18191415618085405,0.18191415618085405,True
1466417654,0.47,0.47,0.22436356620276532,False
1466417749,0.47,0.47,0.9188399562176381,False
1466417763,0.47,0.6110353765269916,0.6110353765269916,True
1466417822,0.48,0.48,0.40394544690342304,False
1466417851,0.48,0.48,0.12339223701853397,False
1466417855,0.48,0.8625565763148607,0.8625565763148607,True
1466417879,0.51,0.47427341905747045,0.47427341905747045,True
1466417895,0.52,0.52,0.0009395253070025866,False
1466417969,0.52,0.52,0.9005408955597103,False
1466418049,0.55,0.8968236205315265,0.8968236205315265,True
1466418118,0.56,0.650304443288245,0.650304443288245,True
1466418129,0.56,0.56,0.8137426741549177,False
1466418179,0.56,0.5403900819131997,0.5403900819131997,True
1466418254,0.57,0.9106284110787065,0.9106284110787065,True
1466418332,0.56,0.2768928221733833,0.2768928221733833,True
1466418428,0.56,0.56,0.020318907350153625,False
1466418494,0.57,0.57,0.6922683373510335,False
1466418554,0.57,0.57,0.3700300775808455,False
1466418563,0.57,0.03829608237772564,0.03829608237772564,True
1466418564,0.57,0.57,0.8354549172548006,False
1466418594,0.59,0.663060468711084,0.663060468711084,True
1466418674,0.59,0.59,0.23826056592891798,False
1466418748,0.56,0.32009406830031506,0.32009406830031506,True
1466418847,0.56,0.6026650719583716,0.6026650719583716,True
1466418877,0.58,0.2985971217056077,0.2985971217056077,True
1466418917,0.58,0.58,0.534533649571586,False
1466418938,0.58,0.58,0.7160120281433225,False
1466419031,0.57,0.5725275152437441,0.5725275152437441,True
1466419058,0.57,0.43353900905698695,0.43353900905698695,True
1466419104,0.58,0.58,0.6626338976176724,False
1466419166,0.58,0.07713737726462522,0.07713737726462522,True
1466419261,0.59,0.59,0.03799773665608497,False
1466419349,0.59,0.59,0.524570730360536,False
1466419442,0.61,0.5573640526373174,0.5573640526373174,True
1466419530,0.63,0.2824404414806525,0.2824404414806525,True
1466419595,0.63,0.08157642128949705,0.08157642128949705,True
1466419646,0.63,0.63,0.8418493638396757,False
1466419737,0.63,0.1272233284422568,0.1272233284422568,True
1466419826,0.63,0.17408292369284017,0.17408292369284017,True
1466419880,0.63,0.63,0.20849485501876963,False
1466419911,0.63,0.2600887393868033,0.2600887393868033,True
1466419938,0.62,0.5478313647143842,0.5478313647143842,True
1466420016,0.64,0.1802083408285875,0.1802083408285875,True
1466420019,0.64,0.64,0.49641678460604255,False
1466420108,0.65,0.65,0.38512230858777774,False
1466420205,0.63,0.01619573240294958,0.01619573240294958,True
1466420228,0.63,0.04808881170473456,0.04808881170473456,True
1466420257,0.65,0.3566251770261838,0.3566251770261838,True
1466420270,0.65,0.8480894937760391,0.8480894937760391,True
1466420296,0.62,0.62,0.2072824862631828,False
1466420331,0.62,0.2763818509592122,0.2763818509592122,True
1466420407,0.61,0.34305940278086444,0.34305940278086444,True
1466420430,0.61,0.61,0.7880128757301573,False
1466420453,0.63,0.63,0.014936640339603402,False
1466420474,0.61,0.61,0.6630037860131871,False
1466420566,0.61,0.61,0.8749249244812797,False
1466420579,0.61,0.61,0.32648745676348045,False
1466420618,0.61,0.695128779656704,0.695128779656704,True
1466420624,0.61,0.2941640731558909,0.2941640731558909,True
1466420643,0.63,0.63,0.10817240599971878,False
1466420695,0.63,0.63,0.05018636210047689,False
1466420788,0.65,0.7994554431867026,0.7994554431867026,True
1466420863,0.65,0.65,0.8292596411004569,False
1466420947,0.65,0.65,0.416029786042007,False
1466421003,0.62,0.62,0.5911313783615966,False
1466421032,0.62,0.4314747858386747,0.4314747858386747,True
1466421050,0.62,0.62,0.9625472428557852,False
1466421116,0.61,0.4292634138978001,0.4292634138978001,True
1466421208,0.61,0.61,0.7803480737838805,False
1466421234,0.61,0.4489999407665014,0.4489999407665014,True
1466421262,0.61,0.61,0.24775720487053354,False
1466421353,0.61,0.61,0.7447035974863867,False
1466421360,0.61,0.34923480929882367,0.34923480929882367,True
1466421392,0.61,0.6461540785024491,0.6461540785024491,True
1466421480,0.61,0.61,0.03322436597858747,False
1466421530,0.59,0.15062971275799797,0.15062971275799797,True
1466421547,0.59,0.59,0.8943477493812874,False
1466421591,0.59,0.59,0.6987999874416079,False
1466421633,0.57,0.40157870042265054,0.40157870042265054,True
1466421636,0.57,0.08609456162216034,0.08609456162216034,True
1466421670,0.57,0.10494821639777263,0.10494821639777263,True
1466421695,0.57,0.42963035106916325,0.42963035106916325,True
1466421721,0.57,0.04023571246524149,0.04023571246524149,True
1466421804,0.56,0.56,0.8028850353599101,False
1466421819,0.56,0.4036108255764109,0.4036108255764109,True
1466421862,0.56,0.7996318452033164,0.7996318452033164,True
1466421885,0.56,0.56,0.9379717290346017,False
1466421936,0.56,0.9731666965036584,0.9731666965036584,True
1466422012,0.56,0.56,0.8906866707597506,False
1466422044,0.56,0.6305059406528725,0.6305059406528725,True
1466422045,0.53,0.36467923422915904,0.36467923422915904,True
1466422137,0.51,0.51,0.577887067317672,False
1466422162,0.51,0.8466071303328229,0.8466071303328229,True
1466422189,0.5,0.6795234505461692,0.6795234505461692,True
1466422197,0.48,0.48,0.9977070770273633,False
1466422264,0.48,0.48,0.8377143397699705,False
1466422330,0.48,0.48,0.5598436648762826,False
1466422378,0.48,0.48,0.7845295307756327,False
1466422432,0.48,0.5444984902377947,0.5444984902377947,True
1466422488,0.48,0.48,0.32927735714545625,False
1466422577,0.51,0.51,0.8236834398908481,False
1466422628,0.51,0.9638477482125278,0.9638477482125278,True
1466422638,0.51,0.25087178295573564,0.25087178295573564,True
1466422666,0.52,0.52,0.08817268776708054,False
1466422706,0.5,0.5,0.18901272161575355,False
1466422731,0.51,0.51,0.09017186462205229,False
1466422804,0.53,0.13458836001623942,0.13458836001623942,True
1466422866,0.54,0.54,0.11028577090866898,False
1466422873,0.54,0.54,0.4563660087414442,False
1466422895,0.55,0.55,0.3556383768271424,False
1466422953,0.55,0.55,0.6642000970128573,False
1466422973,0.56,0.56,0.42292274690804166,False
1466423017,0.56,0.055522136582141224,0.055522136582141224,True
1466423051,0.56,0.8270943358007683,0.8270943358007683,True
1466423099,0.56,0.56,0.6167167915960139,False
1466423150,0.57,0.05816707786035169,0.05816707786035169,True
1466423155,0.57,0.57,0.5659307623289135,False
1466423168,0.57,0.6630562735167607,0.6630562735167607,True
1466423205,0.56,0.56,0.3852935790653135,False
1466423275,0.56,0.6510755265078286,0.6510755265078286,True
1466423287,0.55,0.17559172682080382,0.17559172682080382,True
1466423336,0.55,0.55,0.4402779961456642,False
1466423340,0.55,0.48428469094027315,0.48428469094027315,True
1466423355,0.56,0.287071841377451,0.287071841377451,True
1466423443,0.56,0.56,0.8361738527832766,False
1466423499,0.57,0.57,0.5564206400347126,False
1466423585,0.54,0.273119863705904,0.273119863705904,True
1466423612,0.56,0.666971206586588,0.666971206586588,True
1466423669,0.54,0.54,0.6909031330497648,False
1466423705,0.54,0.6821935094306725,0.6821935094306725,True
1466423770,0.54,0.19269125606207027,0.19269125606207027,True
1466423844,0.54,0.54,0.6735879003235129,False
1466423902,0.51,0.57896449977067,0.57896449977067,True
1466423913,0.51,0.51,0.42102473048669675,False
1466423972,0.51,0.51,0.9238395884798816,False
1466424014,0.49,0.1544721878863522,0.1544721878863522,True
1466424069,0.49,0.49,0.1082544550069936,False
1466424154,0.48,0.8557126761142715,0.8557126761142715,True
1466424155,0.48,0.48,0.7874233507119642,False
1466424169,0.51,0.51,0.2524156519520122,False
1466424262,0.51,0.6300387347176201,0.6300387347176201,True
1466424339,0.51,0.51,0.11958642121149321,False
1466424398,0.51,0.51,0.5220231221458278,False
1466424497,0.5,0.5,0.6577990515342663,False
1466424558,0.53,0.7320470866211853,0.7320470866211853,True
1466424613,0.53,0.53,0.675386566552883,False
1466424713,0.53,0.1725844966175053,0.1725844966175053,True
1466424804,0.53,0.7164626268242255,0.7164626268242255,True
1466424878,0.51,0.51,0.9192760348895915,False
1466424924,0.51,0.51,0.7134455333250257,False
1466425009,0.51,0.6617415834320491,0.6617415834320491,True
1466425106,0.49,0.2146129253509811,0.2146129253509811,True
1466425129,0.52,0.52,0.817829314486238,False
1466425179,0.52,0.52,0.17444475707468776,False
1466425257,0.52,0.8945517991585067,0.8945517991585067,True
1466425262,0.52,0.9805942871448127,0.9805942871448127,True
1466425305,0.52,0.52,0.5431345552761337,False
1466425331,0.53,0.53,0.11120676216155712,False
1466425338,0.53,0.53,0.43901479720927017,False
1466425377,0.53,0.1795847973961494,0.1795847973961494,True
1466425380,0.53,0.6734760312288424,0.6734760312288424,True
1466425417,0.53,0.53,0.7872368859113898,False
1466425484,0.53,0.629066191909587,0.629066191909587,True
1466425517,0.53,0.53,0.011336205484338224,False
1466425553,0.53,0.53,0.4255406059890442,False
1466425640,0.54,0.54,0.7374754155907862,False
1466425687,0.54,0.54,0.16863090199611053,False
1466425711,0.54,0.8711376924499207,0.8711376924499207,True
1466425768,0.55,0.55,0.9607819848966609,False
1466425811,0.53,0.5759798466667365,0.5759798466667365,True
1466425856,0.53,0.53,0.07769458246331129,False
1466425869,0.53,0.53,0.6320752383260888,False
1466425884,0.53,0.53,0.43428603567341484,False
1466425962,0.53,0.7395598052023248,0.7395598052023248,True
1466425974,0.52,0.2709442960657632,0.2709442960657632,True
1466426016,0.55,0.528016925512701,0.528016925512701,True
1466426024,0.55,0.6642320106885276,0.6642320106885276,True
1466426034,0.52,0.52,0.19481914146573787,False
1466426130,0.52,0.8888828971440499,0.8888828971440499,True
1466426189,0.52,0.38003711723467504,0.38003711723467504,True
1466426198,0.52,0.52,0.42863860768961093,False
1466426280,0.53,0.53,0.8678776261401847,False
1466426298,0.55,0.55,0.4806554299989656,False
1466426380,0.55,0.55,0.6568443009569499,False
1466426420,0.55,0.9616752476623279,0.9616752476623279,True
1466426509,0.55,0.6020302601209487,0.6020302601209487,True
1466426521,0.55,0.6629674058910505,0.6629674058910505,True
1466426535,0.55,0.7210100119795474,0.7210100119795474,True
1466426563,0.55,0.5370431583497071,0.5370431583497071,True
1466426620,0.54,0.54,0.39415646510820634,False
1466426694,0.53,0.6416754205561105,0.6416754205561105,True
1466426764,0.53,0.53,0.6636895992171048,False
1466426778,0.53,0.53,0.5937721150746899,False
1466426866,0.55,0.9558270335515698,0.9558270335515698,True
1466426938,0.55,0.10626396166367658,0.10626396166367658,True
1466427022,0.55,0.40323197283975865,0.40323197283975865,True
1466427059,0.58,0.9876785688398567,0.9876785688398567,True
1466427125,0.58,0.58,0.1791223035040871,False
1466427204,0.58,0.5251717993585906,0.5251717993585906,True
1466427240,0.58,0.58,0.8236435543277892,False
1466427317,0.58,0.58,0.802173754691357,False
1466427319,0.58,0.8600001959754865,0.8600001959754865,True
1466427331,0.59,0.59,0.7836037534726193,False
1466427425,0.61,0.028419908175541186,0.028419908175541186,True
1466427458,0.63,0.63,0.608684604429525,False
1466427495,0.63,0.6174656262244712,0.6174656262244712,True
1466427543,0.61,0.6133592129824493,0.6133592129824493,True
1466427625,0.61,0.7152830043737056,0.7152830043737056,True
1466427663,0.61,0.61,0.5518949413853456,False
1466427672,0.61,0.7417440415206339,0.7417440415206339,True
1466427684,0.6,0.21055681097799184,0.21055681097799184,True
1466427739,0.6,0.6,0.6561121696737805,False
1466427769,0.6,0.6,0.7554315543128255,False
1466427775,0.6,0.24007242442768184,0.24007242442768184,True
1466427820,0.6,0.6,0.40718314295452795,False
1466427837,0.6,0.6,0.331259787381459,False
1466427846,0.59,0.59,0.2147402489904665,False
1466427904,0.59,0.59,0.6270714197202176,False
1466427997,0.59,0.7407418419667231,0.7407418419667231,True
1466428027,0.56,0.56,0.2050121423922484,False
1466428114,0.58,0.58,0.08217776506554897,False
1466428212,0.61,0.61,0.024898549964684435,False
1466428294,0.58,0.7359186893522711,0.7359186893522711,True
1466428321,0.58,0.58,0.9797586771983897,False
1466428340,0.58,0.8824407252122692,0.8824407252122692,True
1466428378,0.58,0.9550133315732253,0.9550133315732253,True
1466428463,0.58,0.58,0.8500315431185511,False
1466428551,0.58,0.58,0.2578561765315841,False
1466428575,0.55,0.55,0.2675558194048857,False
1466428593,0.54,0.54,0.6059089173032952,False
1466428682,0.54,0.54,0.3405317316672508,False
1466428699,0.53,0.18240420346012742,0.18240420346012742,True
1466428719,0.53,0.53,0.7211455485994127,False
1466428819,0.53,0.32971156951587877,0.32971156951587877,True
1466428850,0.54,0.6007092297117675,0.6007092297117675,True
1466428884,0.54,0.54,0.7154441272648248,False
1466428973,0.54,0.54,0.27083031574890903,False
1466429006,0.56,0.5093007891371996,0.5093007891371996,True
1466429026,0.56,0.43390038456721103,0.43390038456721103,True
1466429066,0.58,0.58,0.9944916111787956,False
1466429072,0.61,0.6532242398737298,0.6532242398737298,True
1466429103,0.61,0.14045474997133545,0.14045474997133545,True
1466429110,0.58,0.253154312853767,0.253154312853767,True
1466429123,0.58,0.8072817413491402,0.8072817413491402,True
1466429168,0.61,0.09252283916858195,0.09252283916858195,True
1466429182,0.61,0.3062388894801127,0.3062388894801127,True
1466429184,0.61,0.61,0.6990200236660997,False
1466429197,0.58,0.29893950248419654,0.29893950248419654,True
1466429280,0.58,0.7429510966828246,0.7429510966828246,True
1466429378,0.58,0.58,0.8947763345027865,False
1466429450,0.6,0.6,0.1345838142852226,False
1466429455,0.6,0.6,0.756071279194864,False
1466429510,0.59,0.59,0.732385370307708,False
1466429565,0.58,0.58,0.11677819828277136,False
1466429566,0.58,0.0852783965263686,0.0852783965263686,True
1466429592,0.6,0.13477898642991237,0.13477898642991237,True
1466429623,0.6,0.6,0.18407722535236948,False
1466429691,0.6,0.05689946205145946,0.05689946205145946,True
1466429733,0.6,0.42541218518802415,0.42541218518802415,True
1466429803,0.6,0.6,0.8271018557554519,False
1466429832,0.61,0.5556249346128384,0.5556249346128384,True
1466429905,0.59,0.59,0.679345454096763,False
1466429997,0.57,0.0864192937686239,0.0864192937686239,True
1466430050,0.57,0.57,0.32767722728296356,False
1466430088,0.57,0.21488116606169239,0.21488116606169239,True
1466430174,0.57,0.34672095951570747,0.34672095951570747,True
1466430247,0.59,0.59,0.03594881972572295,False
1466430344,0.58,0.58,0.8016808515317256,False
1466430375,0.58,0.06639461854006812,0.06639461854006812,True
1466430400,0.58,0.58,0.6716112353212048,False
1466430457,0.58,0.58,0.7425190700906708,False
1466430483,0.58,0.6054852711219171,0.6054852711219171,True
1466430517,0.58,0.9183003899383305,0.9183003899383305,True
1466430524,0.6,0.6,0.5605643138705587,False
1466430592,0.6,0.6,0.5361572676815906,False
1466430616,0.58,0.4195514431145708,0.4195514431145708,True
1466430631,0.58,0.6939793737762147,0.6939793737762147,True
1466430680,0.61,0.08132003733972115,0.08132003733972115,True
1466430734,0.61,0.33828735683175404,0.33828735683175404,True
1466430790,0.61,0.61,0.39153824648148894,False
1466430815,0.58,0.4495019568529586,0.4495019568529586,True
1466430895,0.57,0.14297182590607926,0.14297182590607926,True
1466430916,0.57,0.57,0.6723127825752495,False
1466430929,0.57,0.57,0.7860083665977233,False
1466430936,0.57,0.2370048266430056,0.2370048266430056,True
1466431009,0.57,0.6785114217597853,0.6785114217597853,True
1466431036,0.57,0.5243897997769077,0.5243897997769077,True
1466431055,0.59,0.9229103462709892,0.9229103462709892,True
1466431145,0.59,0.050285991798964536,0.050285991798964536,True
1466431218,0.59,0.59,0.5721725148917775,False
1466431290,0.59,0.59,0.7177233332457158,False
1466431324,0.59,0.38466930271807764,0.38466930271807764,True
1466431400,0.59,0.59,0.5408048682491624,False
1466431450,0.59,0.26054412448969677,0.26054412448969677,True
1466431526,0.61,0.61,0.7444408601013429,False
1466431589,0.61,0.12066273826971297,0.12066273826971297,True
1466431661,0.61,0.61,0.2565866457278613,False
1466431760,0.61,0.61,0.8291332470407099,False
1466431796,0.61,0.61,0.1444213619235286,False
1466431848,0.59,0.5298488200692781,0.5298488200692781,True
1466431879,0.56,0.56,0.0140624848030938,False
1466431954,0.56,0.9727819900863176,0.9727819900863176,True
1466431958,0.56,0.56,0.454416655603068,False
1466432002,0.56,0.16030369603231454,0.16030369603231454,True
1466432101,0.56,0.56,0.4037534549769334,False
1466432177,0.56,0.8404933568699343,0.8404933568699343,True
1466432194,0.56,0.56,0.5022066384088988,False
1466432237,0.56,0.56,0.6437356733249786,False
1466432280,0.56,0.1360920262372044,0.1360920262372044,True
1466432373,0.56,0.2381688480309414,0.2381688480309414,True
1466432389,0.56,0.56,0.43731309492370196,False
1466432415,0.56,0.56,0.6271034900901561,False
1466432417,0.54,0.54,0.6322216301755115,False
1466432506,0.54,0.5376440493834564,0.5376440493834564,True
1466432569,0.54,0.54,0.04415202950473862,False
1466432577,0.56,0.1181868531173792,0.1181868531173792,True
1466432670,0.56,0.56,0.13689675273943247,False
1466432706,0.56,0.56,0.14444103755942117,False
1466432804,0.56,0.1155239929040266,0.1155239929040266,True
1466432853,0.53,0.8331974987433886,0.8331974987433886,True
1466432947,0.55,0.7864189879702783,0.7864189879702783,True
1466433040,0.54,0.54,0.45377611764247683,False
1466433128,0.56,0.5668964864023469,0.5668964864023469,True
1466433145,0.54,0.54,0.2917335018185271,False
1466433195,0.54,0.7185907847627212,0.7185907847627212,True
1466433289,0.57,0.57,0.9211279698822163,False
1466433375,0.57,0.7636584045400511,0.7636584045400511,True
1466433427,0.54,0.9569830872041097,0.9569830872041097,True
1466433478,0.54,0.6707872573102202,0.6707872573102202,True
1466433517,0.54,0.35541627984304647,0.35541627984304647,True
1466433615,0.54,0.49037633472462205,0.49037633472462205,True
1466433672,0.54,0.54,0.22013536407037626,False
1466433762,0.52,0.7171079417218683,0.7171079417218683,True
1466433809,0.52,0.52,0.6059890412267023,False
1466433873,0.52,0.52,0.557645608549945,False
1466433910,0.52,0.52,0.9387450521172485,False
1466433994,0.49,0.49,0.20421631901533166,False
1466434003,0.48,0.48,0.15367954858960176,False
1466434045,0.48,0.48044552249053407,0.48044552249053407,True
1466434096,0.48,0.48,0.8968797252178234,False
1466434173,0.49,0.4318561607107363,0.4318561607107363,True
1466434199,0.49,0.6334346611319839,0.6334346611319839,True
1466434224,0.49,0.49,0.19251406723145892,False
1466434308,0.49,0.8912826923692057,0.8912826923692057,True
1466434359,0.49,0.49,0.5148508781481461,False
1466434371,0.49,0.5762332921861321,0.5762332921861321,True
1466434457,0.49,0.49,0.9948990234517445,False
1466434498,0.49,0.49,0.22193492150921112,False
1466434552,0.49,0.8969813416913821,0.8969813416913821,True
1466434622,0.49,0.34492293286094666,0.34492293286094666,True
1466434691,0.49,0.658862748035345,0.658862748035345,True
1466434718,0.49,0.49,0.6862816823609093,False
1466434727,0.49,0.49,0.8374253859668662,False
1466434815,0.49,0.49,0.2078470617569429,False
1466434892,0.49,0.37161506301506,0.37161506301506,True
1466434915,0.49,0.49,0.4712212053036414,False
1466434946,0.49,0.49,0.704768870707588,False
1466434988,0.49,0.28834168710114405,0.28834168710114405,True
1466435020,0.51,0.51,0.41947314637890776,False
1466435090,0.51,0.8538879060102829,0.8538879060102829,True
1466435099,0.5,0.6379198593800913,0.6379198593800913,True
1466435145,0.5,0.5,0.1670985189453904,False
1466435186,0.5,0.0474778001062518,0.0474778001062518,True
1466435246,0.48,0.5975880419813712,0.5975880419813712,True
1466435284,0.48,0.6173533121513826,0.6173533121513826,True
1466435327,0.47,0.8983944431975165,0.8983944431975165,True
1466435369,0.47,0.47,0.09773523362244607,False
1466435408,0.47,0.47,0.9866180275897867,False
1466435468,0.47,0.47,0.2517835539449834,False
1466435486,0.47,0.47,0.8164690377068661,False
1466435555,0.47,0.47,0.4770606811282456,False
1466435624,0.47,0.9988716061160149,0.9988716061160149,True
1466435659,0.47,0.23280237841637563,0.23280237841637563,True
1466435682,0.47,0.47,0.4155557259970083,False
1466435712,0.47,0.47,0.9751994669106576,False
1466435794,0.49,0.49,0.4578163039031167,False
1466435878,0.49,0.49,0.6464342926824224,False
1466435904,0.49,0.49,0.8440522235983825,False
1466435971,0.51,0.51,0.29267950952838206,False
1466436041,0.52,0.52,0.8027723189644125,False
1466436059,0.52,0.52,0.2181009702539639,False
1466436093,0.52,0.23848798168593444,0.23848798168593444,True
1466436178,0.54,0.7317840933690821,0.7317840933690821,True
1466436230,0.55,0.55,0.18809981906445306,False
1466436280,0.55,0.34595608141714596,0.34595608141714596,True
1466436332,0.55,0.55,0.5242191265263263,False
1466436333,0.54,0.7713450980302318,0.7713450980302318,True
1466436431,0.54,0.8474119891189408,0.8474119891189408,True
1466436520,0.54,0.54,0.31690958162592464,False
1466436572,0.54,0.6021925656945553,0.6021925656945553,True
1466436647,0.52,0.52,0.8087948762517203,False
1466436655,0.49,0.9257378775493234,0.9257378775493234,True
1466436727,0.49,0.49,0.13154703706738657,False
1466436793,0.49,0.16447615281467998,0.16447615281467998,True
1466436879,0.49,0.21433782105256893,0.21433782105256893,True
1466436880,0.48,0.48,0.4967761204027389,False
1466436939,0.51,0.12351187858957047,0.12351187858957047,True
1466437015,0.49,0.772712205413777,0.772712205413777,True
1466437048,0.49,0.49,0.30418494638044313,False
1466437088,0.46,0.46,0.3554811740131324,False
1466437105,0.46,0.7806491088526244,0.7806491088526244,True
1466437122,0.46,0.46,0.32006187212887616,False
1466437160,0.43,0.8428037885561974,0.8428037885561974,True
1466437232,0.43,0.43,0.48058394474171917,False
1466437321,0.43,0.43,0.4431586457287999,False
1466437335,0.42,0.5765707585668093,0.5765707585668093,True
1466437358,0.42,0.42,0.6320797986063043,False
1466437441,0.42,0.42,0.9909478550287508,False
1466437480,0.42,0.4292043852739146,0.4292043852739146,True
1466437561,0.42,0.42,0.3687684558509394,False
1466437653,0.42,0.42,0.9695586526305321,False
1466437709,0.42,0.42,0.9023087434225511,False
1466437798,0.41,0.5185774271651976,0.5185774271651976,True
1466437869,0.41,0.41,0.6925688023027982,False
1466437952,0.38,0.04981385219064083,0.04981385219064083,True
1466438037,0.38,0.38,0.780231377230418,False
1466438054,0.4,0.4,0.6861587254120693,False
1466438056,0.39,0.7630416623964459,0.7630416623964459,True
1466438136,0.42,0.6101029784547775,0.6101029784547775,True
1466438234,0.43,0.43,0.5030868564579545,False
1466438261,0.43,0.8840518938186277,0.8840518938186277,True
1466438348,0.43,0.43,0.07938414035543251,False
1466438407,0.43,0.43,0.13393590310087633,False
1466438422,0.43,0.8932222012574043,0.8932222012574043,True
1466438476,0.43,0.4600618411040547,0.4600618411040547,True
1466438571,0.43,0.43,0.22189434159900434,False
1466438612,0.43,0.08915513715686685,0.08915513715686685,True
1466438620,0.43,0.43,0.030981705649246516,False
1466438698,0.43,0.43,0.49919268165141084,False
1466438747,0.43,0.43,0.9678344569072156,False
1466438795,0.41,0.09335263745741729,0.09335263745741729,True
1466438810,0.42,0.42,0.07114365835789727,False
1466438888,0.42,0.4040236476220723,0.4040236476220723,True
1466438975,0.42,0.8464453088723776,0.8464453088723776,True
1466439000,0.42,0.6517166245681105,0.6517166245681105,True
1466439092,0.4,0.4,0.8185284291305642,False
1466439150,0.43,0.43,0.35339411711118274,False
1466439229,0.43,0.21509684082926228,0.21509684082926228,True
1466439279,0.43,0.43,0.20072516629345516,False
1466439328,0.43,0.43,0.9391296818567618,False
1466439351,0.43,0.07448843491925061,0.07448843491925061,True
1466439447,0.45,0.45,0.17528162873155584,False
1466439466,0.45,0.7292280857133316,0.7292280857133316,True
1466439480,0.45,0.1385786619711622,0.1385786619711622,True
1466439560,0.45,0.14040590519862384,0.14040590519862384,True
1466439600,0.45,0.3816288832653969,0.3816288832653969,True
1466439645,0.45,0.20316277369957336,0.20316277369957336,True
1466439729,0.46,0.46,0.17636426307307806,False
1466439772,0.46,0.423894325260579,0.423894325260579,True
1466439827,0.46,0.2800361213688044,0.2800361213688044,True
1466439849,0.47,0.47,0.38079907716672856,False
1466439910,0.47,0.7196962387646787,0.7196962387646787,True
1466439990,0.47,0.6759774980300362,0.6759774980300362,True
1466440005,0.46,0.24773295333996304,0.24773295333996304,True
1466440006,0.46,0.46,0.2615804063650905,False
1466440045,0.46,0.7589493461524112,0.7589493461524112,True
1466440066,0.47,0.9422859822108801,0.9422859822108801,True
1466440154,0.47,0.6936051414345741,0.6936051414345741,True
1466440214,0.46,0.46,0.7010532998852236,False
1466440226,0.45,0.45,0.002368735600849714,False
1466440304,0.45,0.45,0.015305727368168265,False
1466440385,0.45,0.22594851921984482,0.22594851921984482,True
1466440451,0.45,0.45,0.13121536184424443,False
1466440521,0.48,0.48,0.8377884728334203,False
1466440581,0.5,0.551136648934043,0.551136648934043,True
1466440674,0.47,0.018034798064134994,0.018034798064134994,True
1466440727,0.47,0.9314860803123857,0.9314860803123857,True
1466440821,0.5,0.5,0.026141390071342308,False
1466440827,0.5,0.6848781231758462,0.6848781231758462,True
1466440897,0.5,0.5,0.8641127963156771,False
1466440923,0.5,0.646545621180987,0.646545621180987,True
1466441012,0.5,0.2537260852454706,0.2537260852454706,True
1466441049,0.47,0.3866894560748315,0.3866894560748315,True
1466441147,0.45,0.7318510068788252,0.7318510068788252,True
1466441213,0.45,0.45,0.7076204860028968,False
1466441311,0.45,0.29119511654255614,0.29119511654255614,True
1466441318,0.47,0.47,0.922303545517716,False
1466441418,0.47,0.47,0.8527826137801949,False
1466441510,0.47,0.47,0.4286575807170555,False
1466441541,0.47,0.47,0.7149827571310906,False
1466441579,0.45,0.8374973899375835,0.8374973899375835,True
1466441630,0.45,0.6577444491594469,0.6577444491594469,True
1466441714,0.45,0.20408038689345143,0.20408038689345143,True
1466441724,0.45,0.45,0.43980713245023195,False
1466441741,0.46,0.46,0.27386500842117245,False
1466441822,0.47,0.47,0.06650357088310077,False
1466441883,0.47,0.47,0.450093251187882,False
1466441934,0.44,0.9930568750702674,0.9930568750702674,True
1466441947,0.45,0.45,0.4187423363744055,False
1466442046,0.45,0.45,0.6130524297484858,False
1466442137,0.46,0.4095925183498691,0.4095925183498691,True
1466442175,0.46,0.22277979141402948,0.22277979141402948,True
1466442216,0.46,0.4498949487381938,0.4498949487381938,True
1466442284,0.46,0.5576705133317327,0.5576705133317327,True
1466442332,0.46,0.46,0.5798792215224529,False
1466442358,0.46,0.46,0.906760937066128,False
1466442362,0.49,0.49,0.06220204869333701,False
1466442439,0.49,0.3608880680272195,0.3608880680272195,True
1466442490,0.49,0.3282872514260683,0.3282872514260683,True
1466442498,0.49,0.8630298488090785,0.8630298488090785,True
1466442508,0.49,0.49,0.8915101787485203,False
1466442518,0.49,0.49,0.653527877703705,False
1466442556,0.49,0.2624727851965074,0.2624727851965074,True
1466442656,0.49,0.7734638061882803,0.7734638061882803,True
1466442662,0.49,0.49,0.7591317973027121,False
1466442703,0.49,0.49,0.8384328015308828,False
1466442768,0.49,0.49,0.3848919011546066,False
1466442788,0.49,0.11549047908827748,0.11549047908827748,True
1466442886,0.48,0.5818383221404375,0.5818383221404375,True
1466442980,0.48,0.48,0.090253863118268,False
1466443000,0.48,0.9284866004142105,0.9284866004142105,True
1466443029,0.49,0.49,0.2099515161429587,False
1466443038,0.51,0.407728723531842,0.407728723531842,True
1466443089,0.51,0.8675645282381567,0.8675645282381567,True
1466443162,0.51,0.51,0.5463860526980674,False
1466443201,0.51,0.03917381169249046,0.03917381169249046,True
1466443219,0.49,0.49,0.30155609951067996,False
1466443263,0.49,0.6090977601679254,0.6090977601679254,True
1466443350,0.49,0.6666621548038539,0.6666621548038539,True
1466443373,0.47,0.5282612252588345,0.5282612252588345,True
1466443392,0.47,0.40302776365757254,0.40302776365757254,True
1466443402,0.47,0.1415777666476402,0.1415777666476402,True
1466443486,0.47,0.04405880326145739,0.04405880326145739,True
1466443511,0.47,0.47,0.4122671683897152,False
1466443584,0.47,0.47,0.12113159845774746,False
1466443677,0.47,0.47,0.6198486452662059,False
1466443725,0.46,0.46,0.005800062213530577,False
1466443727,0.46,0.10431751857829974,0.10431751857829974,True
1466443750,0.46,0.46,0.4408994462800587,False
1466443761,0.46,0.9019519643096088,0.9019519643096088,True
1466443808,0.48,0.48,0.12939489146081828,False
1466443861,0.48,0.48,0.5374764614281262,False
1466443929,0.47,0.47,0.32967122694060436,False
1466443986,0.47,0.5595813617556137,0.5595813617556137,True
1466444043,0.5,0.5947206253605872,0.5947206253605872,True
1466444110,0.48,0.48,0.643801271794344,False
1466444192,0.45,0.5339021989296265,0.5339021989296265,True
1466444287,0.45,0.45,0.001205933944924631,False
1466444294,0.45,0.45,0.0037605205310329293,False
1466444366,0.45,0.7616894785593882,0.7616894785593882,True
1466444466,0.45,0.5907607179194854,0.5907607179194854,True
1466444505,0.45,0.11046246403696303,0.11046246403696303,True
1466444556,0.45,0.45,0.39090100316680954,False
1466444624,0.45,0.45,0.07637039971766657,False
1466444663,0.45,0.45,0.701219821241459,False
1466444685,0.45,0.7362901254591275,0.7362901254591275,True
1466444756,0.45,0.45,0.13498075418851663,False
1466444781,0.45,0.45,0.18327283122482618,False
1466444840,0.45,0.8540432699713728,0.8540432699713728,True
1466444854,0.47,0.47,0.5870121210911746,False
1466444860,0.44,0.9691905575479272,0.9691905575479272,True
1466444959,0.44,0.3349908762659365,0.3349908762659365,True
1466445058,0.46,0.46,0.32086219356090595,False
1466445107,0.44,0.44,0.5355570131894694,False
1466445165,0.44,0.05152692867136699,0.05152692867136699,True
1466445170,0.44,0.6471745746672739,0.6471745746672739,True
1466445173,0.44,0.44,0.07862532672516154,False
1466445247,0.44,0.44,0.003777333377547487,False
1466445305,0.42,0.42,0.7104340118124158,False
1466445333,0.45,0.7501923963963871,0.7501923963963871,True
1466445356,0.45,0.45,0.3623035918450306,False
1466445430,0.46,0.6398337143490394,0.6398337143490394,True
1466445491,0.46,0.46,0.019889285856798944,False
1466445497,0.47,0.467616983627835,0.467616983627835,True
1466445514,0.48,0.7311953336621052,0.7311953336621052,True
1466445549,0.48,0.48,0.8583559398934718,False
1466445640,0.49,0.287402759921797,0.287402759921797,True
1466445648,0.46,0.36523803568765434,0.36523803568765434,True
1466445739,0.48,0.27521675506533994,0.27521675506533994,True
1466445814,0.51,0.30803256645812593,0.30803256645812593,True
1466445879,0.51,0.51,0.42939370157965795,False
1466445909,0.54,0.8635518910967062,0.8635518910967062,True
1466445965,0.54,0.54,0.03694630595414983,False
1466446021,0.54,0.54,0.1494115775768189,False
1466446045,0.55,0.55,0.5762783411646748,False
1466446071,0.53,0.44651943002469685,0.44651943002469685,True
1466446120,0.56,0.6977258756661464,0.6977258756661464,True
1466446168,0.59,0.25699939468539756,0.25699939468539756,True
1466446253,0.59,0.59,0.11732668024570192,False
1466446302,0.57,0.57,0.5760087286003945,False
1466446389,0.57,0.6896898553000187,0.6896898553000187,True
1466446404,0.57,0.7556244490040613,0.7556244490040613,True
1466446494,0.6,0.6,0.3034774094808447,False
1466446594,0.6,0.4925929272607823,0.4925929272607823,True
1466446643,0.59,0.59,0.9535657061528638,False
1466446669,0.59,0.59,0.4183474001887475,False
1466446690,0.61,0.61,0.9862547799548599,False
1466446735,0.61,0.61,0.024285289796297183,False
1466446766,0.64,0.64,0.4491058904476498,False
1466446852,0.65,0.65,0.855828899609579,False
1466446902,0.65,0.870159544115536,0.870159544115536,True
1466446945,0.65,0.08164546100540637,0.08164546100540637,True
1466446987,0.65,0.65,0.5522240414126146,False
1466447036,0.66,0.66,0.7323556891163743,False
1466447112,0.66,0.66,0.18878322093023037,False
1466447129,0.69,0.69,0.6501136020174024,False
1466447189,0.69,0.35436369535083045,0.35436369535083045,True
1466447224,0.68,0.9334891321623517,0.9334891321623517,True
1466447270,0.68,0.3784292877432548,0.3784292877432548,True
1466447272,0.68,0.7208224623512703,0.7208224623512703,True
1466447348,0.68,0.6379124216376836,0.6379124216376836,True
1466447359,0.68,0.68,0.8271869389071391,False
1466447388,0.67,0.5617324711199362,0.5617324711199362,True
1466447390,0.68,0.68,0.4085248312765538,False
1466447425,0.68,0.07655259946991022,0.07655259946991022,True
1466447463,0.69,0.8389305053542908,0.8389305053542908,True
1466447485,0.69,0.47665668780772685,0.47665668780772685,True
1466447545,0.69,0.5279340130810585,0.5279340130810585,True
1466447553,0.67,0.21698368093620646,0.21698368093620646,True
1466447554,0.67,0.7406024854352845,0.7406024854352845,True
1466447573,0.67,0.67,0.12895430283474518,False
1466447634,0.67,0.67,0.3805691767142325,False
1466447695,0.67,0.67,0.1749090220048385,False
1466447762,0.67,0.67,0.8047653311415934,False
1466447844,0.68,0.68,0.722515958525837,False
1466447885,0.67,0.9250937683372491,0.9250937683372491,True
1466447943,0.68,0.68,0.6048209745771475,False
1466447956,0.68,0.68,0.09163702305732013,False
1466448041,0.68,0.1500717493937953,0.1500717493937953,True
1466448140,0.68,0.016262498906257083,0.016262498906257083,True
1466448215,0.68,0.13320058326658935,0.13320058326658935,True
1466448270,0.68,0.68,0.12234640661827656,False
1466448302,0.7,0.7,0.8250149086769656,False
1466448368,0.68,0.4774313958069718,0.4774313958069718,True
1466448422,0.68,0.68,0.21766737479908504,False
1466448517,0.66,0.66,0.015717000260639713,False
1466448614,0.66,0.66,0.8430100900829862,False
1466448701,0.66,0.66,0.601264498915325,False
1466448743,0.66,0.43262080642412915,0.43262080642412915,True
1466448805,0.66,0.66,0.6361641884914939,False
1466448844,0.65,0.6876588829374379,0.6876588829374379,True
1466448896,0.66,0.8861536241912198,0.8861536241912198,True
1466448984,0.66,0.66,0.35205977912136477,False
1466449031,0.67,0.9592081396973974,0.9592081396973974,True
1466449045,0.67,0.7918920766065581,0.7918920766065581,True
1466449099,0.69,0.69,0.9698735771964441,False
1466449171,0.69,0.4556510462430835,0.4556510462430835,True
1466449261,0.69,0.69,0.8896622419408345,False
1466449280,0.71,0.1362048809802373,0.1362048809802373,True
1466449359,0.71,0.71,0.965334359730183,False
1466449442,0.7,0.7,0.20958256321995428,False
1466449496,0.7,0.5073889555352785,0.5073889555352785,True
1466449537,0.7,0.7,0.29972807396384993,False
1466449555,0.7,0.7,0.33808479228239596,False
1466449629,0.7,0.04945193874789089,0.04945193874789089,True
1466449635,0.71,0.71,0.4592585287634574,False
1466449721,0.74,0.74,0.9271966521949536,False
1466449772,0.75,0.75,0.26410240985113353,False
1466449872,0.75,0.4802789189119654,0.4802789189119654,True
1466449873,0.75,0.75,0.1864465678540027,False
1466449884,0.75,0.21767344384717013,0.21767344384717013,True
1466449937,0.76,0.76,0.07808927964566659,False
1466449953,0.76,0.76,0.6052156215386992,False
1466449959,0.76,0.76,0.4898607411921527,False
1466449961,0.73,0.73,0.6875146677270207,False
1466450018,0.72,0.023467661106119975,0.023467661106119975,True
1466450075,0.71,0.4160156915270179,0.4160156915270179,True
1466450150,0.74,0.7759649743449507,0.7759649743449507,True
1466450177,0.71,0.71,0.8725096553233072,False
1466450255,0.7,0.8505285459418621,0.8505285459418621,True
1466450343,0.68,0.08898555809987851,0.08898555809987851,True
1466450348,0.68,0.6315582890864463,0.6315582890864463,True
1466450401,0.68,0.39957547544672056,0.39957547544672056,True
1466450433,0.68,0.12532103377039916,0.12532103377039916,True
1466450507,0.68,0.68,0.739463901549914,False
1466450536,0.68,0.68,0.007938138817818352,False
1466450627,0.69,0.8524429947865543,0.8524429947865543,True
1466450723,0.69,0.69,0.29163617289402,False
1466450817,0.67,0.67,0.9685433251570836,False
1466450900,0.67,0.17040418494591414,0.17040418494591414,True
1466450902,0.66,0.66,0.30654213764304705,False
1466450971,0.68,0.09181961717841147,0.09181961717841147,True
1466451016,0.68,0.68,0.0040708545322726275,False
1466451023,0.65,0.5028949666565755,0.5028949666565755,True
1466451073,0.65,0.6727902778846606,0.6727902778846606,True
1466451166,0.65,0.65,0.6749794212968754,False
1466451231,0.67,0.67,0.7508143600794019,False
1466451245,0.67,0.6483739410221233,0.6483739410221233,True
1466451293,0.67,0.4521519015607489,0.4521519015607489,True
1466451295,0.67,0.373752615506048,0.373752615506048,True
1466451378,0.67,0.584601138635382,0.584601138635382,True
1466451445,0.67,0.67,0.8524589586151997,False
1466451508,0.67,0.9867941104598982,0.9867941104598982,True
1466451599,0.64,0.5705654408252219,0.5705654408252219,True
1466451686,0.64,0.64,0.8060211552128078,False
1466451761,0.64,0.46673110862600153,0.46673110862600153,True
1466451857,0.64,0.64,0.9970583448469952,False
1466451909,0.66,0.66,0.5436951289045814,False
1466451919,0.66,0.281233328355027,0.281233328355027,True
1466452006,0.66,0.3563069569134518,0.3563069569134518,True
1466452035,0.64,0.9605486625117413,0.9605486625117413,True
1466452039,0.64,0.64,0.7247799548141164,False
1466452104,0.64,0.9267122104264305,0.9267122104264305,True
1466452167,0.64,0.7691798566147674,0.7691798566147674,True
1466452238,0.64,0.64,0.021215356966234777,False
1466452313,0.64,0.15055130039496833,0.15055130039496833,True
1466452339,0.64,0.64,0.15352882058813722,False
1466452419,0.64,0.64,0.300232830370581,False
1466452424,0.64,0.64,0.7373759620944603,False
1466452435,0.64,0.64,0.2929901164780685,False
1466452531,0.64,0.64,0.6268520257926932,False
1466452584,0.66,0.66,0.429878420646265,False
1466452625,0.66,0.66,0.12307732063629873,False
1466452676,0.65,0.34645531560065745,0.34645531560065745,True
1466452752,0.65,0.3510685322817554,0.3510685322817554,True
1466452796,0.65,0.65,0.985986086315293,False
1466452825,0.65,0.65,0.6242720497173063,False
1466452860,0.65,0.7676150610910896,0.7676150610910896,True
1466452960,0.65,0.65,0.584585366811452,False
1466452979,0.65,0.65,0.8396009540441532,False
1466453002,0.65,0.5072593451909299,0.5072593451909299,True
1466453016,0.66,0.66,0.3953672733279331,False
1466453025,0.66,0.840486103039226,0.840486103039226,True
1466453089,0.66,0.2713330602438724,0.2713330602438724,True
1466453141,0.66,0.9150168955955851,0.9150168955955851,True
1466453154,0.68,0.68,0.2807210697889486,False
1466453184,0.68,0.68,0.6578245341618413,False
1466453202,0.68,0.8827344804634568,0.8827344804634568,True
1466453203,0.68,0.68,0.298467665691603,False
1466453222,0.68,0.68,0.8010483078911147,False
1466453321,0.66,0.9613046718853876,0.9613046718853876,True
1466453379,0.66,0.5539713848725412,0.5539713848725412,True
1466453392,0.66,0.66,0.8518492872148008,False
1466453422,0.68,0.68,0.9524962781272858,False
1466453502,0.68,0.68,0.3494848236505458,False
1466453518,0.68,0.4514207981944093,0.4514207981944093,True
1466453563,0.68,0.68,0.702009296945643,False
1466453604,0.68,0.68,0.9328841323749513,False
1466453639,0.69,0.69,0.37665276855804686,False
1466453705,0.69,0.6636636638566948,0.6636636638566948,True
1466453795,0.69,0.30263208680282283,0.30263208680282283,True
1466453816,0.69,0.69,0.9864760909046063,False
1466453870,0.66,0.8431020056758234,0.8431020056758234,True
1466453910,0.64,0.64,0.7475469091240754,False
1466454002,0.66,0.30153189177693773,0.30153189177693773,True
1466454051,0.66,0.5741053527340532,0.5741053527340532,True
1466454087,0.65,0.65,0.5563562881720348,False
1466454129,0.66,0.66,0.28238743993010484,False
1466454227,0.66,0.49445804723372133,0.49445804723372133,True
1466454259,0.66,0.66,0.3665155055184547,False
1466454262,0.66,0.6148688133097235,0.6148688133097235,True
1466454298,0.66,0.48610530860195966,0.48610530860195966,True
1466454388,0.69,0.69,0.44149241704835573,False
1466454399,0.69,0.69,0.9743750584112475,False
1466454473,0.69,0.69,0.39570712082233106,False
1466454529,0.69,0.69,0.3896648181091438,False
1466454559,0.69,0.69,0.7693743288376691,False
1466454648,0.69,0.69,0.5140144338336032,False
1466454745,0.66,0.0988747262137104,0.0988747262137104,True
1466454763,0.65,0.65,0.44407705323824076,False
1466454851,0.66,0.66,0.26152593863349094,False
1466454936,0.66,0.66,0.8624091665608076,False
1466454949,0.67,0.9907011498169955,0.9907011498169955,True
1466455032,0.67,0.5951878820577028,0.5951878820577028,True
1466455065,0.67,0.67,0.5476807583910047,False
1466455119,0.67,0.30507117642478565,0.30507117642478565,True
1466455172,0.67,0.8759079470284162,0.8759079470284162,True
1466455196,0.67,0.67,0.4297391270321008,False
1466455271,0.67,0.36949805315108564,0.36949805315108564,True
1466455357,0.67,0.67,0.26473473008478254,False
1466455361,0.67,0.67,0.7308942629966922,False
1466455394,0.67,0.67,0.8680050184043742,False
1466455475,0.65,0.0024692843192742897,0.0024692843192742897,True
1466455497,0.66,0.66,0.36146545644139194,False
1466455561,0.68,0.68,0.48710383966548365,False
1466455575,0.7,0.5031226871600936,0.5031226871600936,True
1466455587,0.7,0.7,0.4972473887589888,False
1466455651,0.7,0.1432125345764792,0.1432125345764792,True
1466455658,0.68,0.36483848848488276,0.36483848848488276,True
1466455732,0.67,0.67,0.6714353924184263,False
1466455812,0.67,0.9472878246867772,0.9472878246867772,True
1466455910,0.67,0.3655772627073782,0.3655772627073782,True
1466455951,0.67,0.0023092421662660456,0.0023092421662660456,True
1466455999,0.67,0.7707874000290629,0.7707874000290629,True
1466456054,0.68,0.68,0.15837570942209545,False
1466456058,0.7,0.7,0.8601072621604117,False
1466456074,0.69,0.6011235756608344,0.6011235756608344,True
1466456088,0.72,0.358014859388021,0.358014859388021,True
1466456118,0.72,0.72,0.7964607343148695,False
1466456218,0.72,0.72,0.2938839234739107,False
1466456265,0.69,0.17509430927665537,0.17509430927665537,True
1466456270,0.69,0.37333524040871124,0.37333524040871124,True
1466456312,0.69,0.69,0.14869432090448242,False
1466456346,0.69,0.69,0.6561524819772626,False
1466456374,0.72,0.72,0.8004102711409579,False
1466456406,0.71,0.71,0.8202972994117422,False
1466456482,0.71,0.71,0.36785202728210575,False
1466456512,0.69,0.69,0.8594059144749845,False
1466456610,0.66,0.5342971350046674,0.5342971350046674,True
1466456683,0.66,0.66,0.5082091845553559,False
1466456768,0.66,0.7196931312892997,0.7196931312892997,True
1466456856,0.67,0.67,0.6075704019689407,False
1466456927,0.67,0.67,0.4044215421164653,False
1466457014,0.67,0.67,0.7400023329177116,False
1466457032,0.67,0.7529112711681731,0.7529112711681731,True
1466457067,0.67,0.46120425386193387,0.46120425386193387,True
1466457157,0.67,0.671226795464828,0.671226795464828,True
1466457215,0.69,0.69,0.9554266836786045,False
1466457267,0.69,0.69,0.9615995735688185,False
1466457357,0.69,0.668951321308454,0.668951321308454,True
1466457434,0.69,0.8734213694931501,0.8734213694931501,True
1466457487,0.69,0.69,0.9045591690024931,False
1466457559,0.68,0.68,0.5667931549500697,False
1466457603,0.68,0.68,0.7648946410388049,False
1466457671,0.68,0.2534899493646049,0.2534899493646049,True
1466457713,0.68,0.68,0.7245489433355975,False
1466457745,0.68,0.22705830044326847,0.22705830044326847,True
1466457782,0.68,0.68,0.7690773215655079,False
1466457802,0.68,0.3894793639928631,0.3894793639928631,True
1466457817,0.68,0.68,0.6100754520213981,False
1466457865,0.67,0.4064983718352595,0.4064983718352595,True
1466457884,0.65,0.34835426219660437,0.34835426219660437,True
1466457885,0.65,0.65,0.0038493549844310637,False
1466457917,0.65,0.65,0.47772081915031916,False
1466457973,0.65,0.4472800037291512,0.4472800037291512,True
1466458045,0.68,0.29604762314900845,0.29604762314900845,True
1466458135,0.68,0.32819102756043017,0.32819102756043017,True
1466458151,0.69,0.865932249079392,0.865932249079392,True
1466458230,0.69,0.682050584477985,0.682050584477985,True
1466458324,0.69,0.7964323521173495,0.7964323521173495,True
1466458362,0.69,0.9680829080663841,0.9680829080663841,True
1466458438,0.69,0.69,0.2069992740524209,False
1466458454,0.69,0.69,0.5622910630515543,False
1466458496,0.71,0.71,0.5162354291009714,False
1466458509,0.7,0.2643557849487499,0.2643557849487499,True
1466458580,0.69,0.69,0.7588628671283769,False
1466458590,0.69,0.15126037578890517,0.15126037578890517,True
1466458626,0.69,0.4833982987139378,0.4833982987139378,True
1466458642,0.69,0.4002078048866984,0.4002078048866984,True
1466458665,0.68,0.6770551387309036,0.6770551387309036,True
1466458694,0.67,0.34609668503782987,0.34609668503782987,True
1466458762,0.65,0.65,0.6674135769432182,False
1466458793,0.64,0.40919528822127604,0.40919528822127604,True
1466458824,0.64,0.64,0.1570500878567851,False
1466458906,0.64,0.64,0.27478565287272205,False
1466458982,0.64,0.9678203687138474,0.9678203687138474,True
1466459068,0.64,0.8861604240233514,0.8861604240233514,True
1466459159,0.65,0.65,0.7218082056636357,False
1466459184,0.65,0.65,0.4013826874921723,False
1466459273,0.65,0.43581840525586857,0.43581840525586857,True
1466459372,0.63,0.63,0.5523653641407233,False
1466459415,0.63,0.815697660076918,0.815697660076918,True
1466459483,0.63,0.5967065853002046,0.5967065853002046,True
1466459504,0.61,0.6799359935896895,0.6799359935896895,True
1466459588,0.62,0.8630583873112506,0.8630583873112506,True
1466459595,0.63,0.63,0.6921349156546537,False
1466459673,0.63,0.23678636198306613,0.23678636198306613,True
1466459726,0.63,0.63,0.7396238191442384,False
1466459800,0.62,0.7725166503237931,0.7725166503237931,True
1466459857,0.61,0.61,0.8947999588993569,False
1466459887,0.61,0.61,0.686962612001403,False
1466459913,0.6,0.28033545286434847,0.28033545286434847,True
1466459974,0.6,0.18228004095609018,0.18228004095609018,True
1466459995,0.63,0.63,0.5947285578299203,False
1466460001,0.63,0.63,0.290348655546081,False
1466460054,0.63,0.30966244258079123,0.30966244258079123,True
1466460130,0.66,0.66,0.2679241121884808,False
1466460215,0.66,0.6109692427384013,0.6109692427384013,True
1466460252,0.66,0.66,0.4121948476388798,False
1466460272,0.66,0.66,0.14658774060938373,False
1466460346,0.66,0.66,0.09192231946247342,False
1466460440,0.66,0.009148398639115762,0.009148398639115762,True
1466460461,0.66,0.8139083942135461,0.8139083942135461,True
1466460528,0.66,0.66,0.3212067863263658,False
1466460610,0.66,0.7222311501747228,0.7222311501747228,True
1466460630,0.66,0.32560507545296047,0.32560507545296047,True
1466460691,0.66,0.24020535813935084,0.24020535813935084,True
1466460706,0.66,0.66,0.7940656255408041,False
1466460739,0.65,0.037159024267000795,0.037159024267000795,True
1466460765,0.65,0.65,0.26289363754081574,False
1466460795,0.65,0.4194431160433282,0.4194431160433282,True
1466460877,0.65,0.65,0.6495180246559654,False
1466460973,0.65,0.65,0.935372965255793,False
1466461009,0.65,0.10106628426793152,0.10106628426793152,True
1466461027,0.62,0.62,0.35142408887692467,False
1466461032,0.61,0.61,0.1158382073963996,False
1466461096,0.6,0.6,0.359086007364225,False
1466461169,0.61,0.61,0.5186833920756292,False
1466461256,0.64,0.64,0.6543186103295274,False
1466461351,0.62,0.62,0.36824036384511527,False
1466461451,0.65,0.65,0.2618033447400677,False
1466461531,0.67,0.6373279806326115,0.6373279806326115,True
1466461568,0.67,0.67,0.6669515567034496,False
1466461583,0.67,0.9261460038195723,0.9261460038195723,True
1466461647,0.67,0.6319471845941388,0.6319471845941388,True
1466461703,0.68,0.68,0.4387465880031587,False
1466461794,0.67,0.67,0.34087106178336113,False
1466461813,0.68,0.5694286115846035,0.5694286115846035,True
1466461910,0.69,0.69,0.6316472820833278,False
1466461988,0.69,0.69,0.619955559876163,False
1466462056,0.67,0.67,0.15102227931651102,False
1466462101,0.67,0.67,0.47317103652836745,False
1466462155,0.67,0.67,0.43011759559005747,False
1466462215,0.67,0.6045085908530026,0.6045085908530026,True
1466462278,0.69,0.51987661518163,0.51987661518163,True
1466462368,0.7,0.7,0.11046269665586983,False
1466462412,0.7,0.6247071061887849,0.6247071061887849,True
1466462512,0.7,0.8912937073415905,0.8912937073415905,True
1466462594,0.7,0.619526756897746,0.619526756897746,True
1466462671,0.67,0.06114133159257007,0.06114133159257007,True
1466462716,0.67,0.67,0.8617353278096257,False
1466462746,0.69,0.07285087257742395,0.07285087257742395,True
1466462782,0.7,0.7,0.2916640800487852,False
1466462820,0.67,0.16804946188891023,0.16804946188891023,True
1466462833,0.67,0.3335710648688628,0.3335710648688628,True
1466462842,0.64,0.64,0.41603592085479024,False
1466462850,0.64,0.64,0.8866569606239856,False
1466462941,0.64,0.051556386407960564,0.051556386407960564,True
1466463026,0.64,0.2937050495621967,0.2937050495621967,True
1466463117,0.64,0.64,0.02656534142767819,False
1466463139,0.64,0.7805342932794743,0.7805342932794743,True
