1466410104,39.9,68.55061809764246,68.55061809764246,True
1466410114,39.9,39.9,78.03592882634481,False
1466410130,39.9,70.2010453884217,70.2010453884217,True
1466410181,43.2,43.2,66.12788325388624,False
1466410203,43.2,77.72610587456339,77.72610587456339,True
1466410250,43.2,43.2,56.20140017415821,False
1466410309,43.2,43.2,52.86403250791608,False
1466410397,43.2,36.580587567332,36.580587567332,True
1466410430,43.2,43.2,77.04971967168812,False
1466410469,40.8,43.63094526704082,43.63094526704082,True
1466410483,40.8,40.8,55.03533525661311,False
1466410498,42.1,47.24654338065696,47.24654338065696,True
1466410502,42.1,68.74890907011894,68.74890907011894,True
1466410532,42.1,43.40239472917545,43.40239472917545,True
1466410541,42.1,40.65303048538694,40.65303048538694,True
1466410573,42.1,69.68023345694633,69.68023345694633,True
1466410630,42.1,42.1,53.80969106898266,False
1466410653,44.3,44.3,49.061193683065966,False
1466410746,44.3,44.3,62.54995421170581,False
1466410814,47.6,47.6,76.41526065003978,False
1466410890,47.6,65.55517649241891,65.55517649241891,True
1466410902,47.6,53.78011244247706,53.78011244247706,True
1466410978,49.5,49.5,64.93302411231683,False
1466411008,50.9,50.9,59.40676349539593,False
1466411066,50.9,50.9,69.56498793343562,False
1466411094,50.9,49.18208345849072,49.18208345849072,True
1466411157,49.6,71.72127015862662,71.72127015862662,True
1466411223,49.6,49.6,74.37773202597883,False
1466411226,49.6,49.6,64.05969097566118,False
1466411272,46.5,46.5,65.0377143107911,False
1466411303,45.8,45.8,57.230147365702784,False
1466411318,48.4,64.48990552103487,64.48990552103487,True
1466411396,48.4,41.55397443887836,41.55397443887836,True
1466411493,48.4,67.95239861243792,67.95239861243792,True
1466411549,48.4,73.93417554036333,73.93417554036333,True
1466411560,48.4,48.4,45.614878138367864,False
1466411626,48.4,54.09218728566805,54.09218728566805,True
1466411723,46.1,59.16170083109825,59.16170083109825,True
1466411763,46.1,46.1,50.583089392854795,False
1466411785,46.1,46.1,35.164638874995646,False
1466411854,45.5,53.90527079423461,53.90527079423461,True
1466411889,45.5,36.53101306932843,36.53101306932843,True
1466411988,45.5,45.5,48.882121358186296,False
1466412022,48.7,72.4528562354282,72.4528562354282,True
1466412046,48.7,48.7,62.99325544000523,False
1466412076,45.3,45.3,55.84377601069708,False
1466412152,45.3,54.93086078173032,54.93086078173032,True
1466412181,45.3,45.3,42.720850116966226,False
1466412201,45.3,45.3,59.37207239426836,False
1466412260,47.1,58.248115935464774,58.248115935464774,True
1466412347,48.6,69.7305612259326,69.7305612259326,True
1466412360,50.7,51.97649187510481,51.97649187510481,True
1466412438,50.7,64.36648092656631,64.36648092656631,True
1466412521,50.7,50.7,59.9501667531923,False
1466412599,50.7,59.26795326370399,59.26795326370399,True
1466412639,50.7,72.18039783215359,72.18039783215359,True
1466412691,50.7,71.25038996447816,71.25038996447816,True
1466412747,50.7,79.25083419794177,79.25083419794177,True
1466412794,52.4,61.86050107320982,61.86050107320982,True
1466412819,52.4,52.4,47.91379961117691,False
1466412832,52.4,52.4,70.68237627954872,False
1466412874,53.3,53.3,72.36233138629703,False
1466412943,53.3,50.424735028342035,50.424735028342035,True
1466412971,51.7,41.206399492433995,41.206399492433995,True
1466412990,51.7,73.21631203954203,73.21631203954203,True
1466413028,51.7,63.47301467290612,63.47301467290612,True
1466413053,51.7,51.7,65.35021466430837,False
1466413125,54.7,43.929843187675665,43.929843187675665,True
1466413200,54.7,54.7,49.07016647501001,False
1466413264,54.7,54.7,55.936937858071595,False
1466413311,56.9,35.20067214399244,35.20067214399244,True
1466413342,56.9,56.9,64.44674758509464,False
1466413440,56.9,46.452586735323585,46.452586735323585,True
1466413458,56.9,75.8788460809001,75.8788460809001,True
1466413529,56.9,56.9,43.604588273004325,False
1466413542,57.2,51.35002711908473,51.35002711908473,True
1466413638,57.2,57.2,75.40522626835755,False
1466413672,57.2,72.06070577072673,72.06070577072673,True
1466413733,57.2,76.0023420330539,76.0023420330539,True
1466413779,57.2,48.62307310727315,48.62307310727315,True
1466413780,57.2,77.02998529517511,77.02998529517511,True
1466413864,57.0,58.559391364079715,58.559391364079715,True
1466413885,57.0,41.40318745425267,41.40318745425267,True
1466413946,57.5,75.81912433348342,75.81912433348342,True
1466414033,57.5,69.97607921624947,69.97607921624947,True
1466414071,57.5,38.36341492353056,38.36341492353056,True
1466414164,57.5,57.5,48.3274388673541,False
1466414225,57.5,57.886550092043116,57.886550092043116,True
1466414312,54.7,54.7,65.17036213897384,False
1466414325,54.7,73.4013403729972,73.4013403729972,True
1466414328,54.7,45.16149563836883,45.16149563836883,True
1466414329,56.1,39.79219522083293,39.79219522083293,True
1466414402,53.8,53.8,65.68370747432625,False
1466414407,53.8,53.8,56.446187687998666,False
1466414413,57.2,57.2,41.18787909178858,False
1466414460,58.7,58.7,71.80296318972597,False
1466414552,58.7,58.7,69.32156783572191,False
1466414602,58.7,58.7,42.053128164819604,False
1466414662,61.1,59.75757152683936,59.75757152683936,True
1466414746,61.1,61.1,56.66995223306243,False
1466414844,61.1,61.1,72.14190208404509,False
1466414943,61.3,61.3,48.00557078921333,False
1466414946,61.3,61.3,75.49889881958015,False
1466414966,62.9,65.65210560520016,65.65210560520016,True
1466415038,62.9,62.9,73.11907468122756,False
1466415106,59.9,59.9,57.164806608510204,False
1466415130,59.9,66.79726282646256,66.79726282646256,True
1466415145,59.9,36.040630851225174,36.040630851225174,True
1466415202,58.2,44.01154083460647,44.01154083460647,True
1466415239,58.2,58.2,77.93639343974708,False
1466415249,60.6,60.6,56.996234031744734,False
1466415308,60.6,60.6,56.74479421070093,False
1466415357,60.6,60.6,49.385131657463894,False
1466415404,60.6,65.34331145406072,65.34331145406072,True
1466415469,60.6,39.29190427426193,39.29190427426193,True
1466415548,60.6,71.48109206629309,71.48109206629309,True
1466415588,60.6,77.01142491833153,77.01142491833153,True
1466415627,58.9,69.18530938076478,69.18530938076478,True
1466415719,55.9,71.96517146714122,71.96517146714122,True
1466415767,55.9,38.72310778158463,38.72310778158463,True
1466415860,55.9,46.938905541862624,46.938905541862624,True
1466415872,55.9,55.9,42.83867323665406,False
1466415914,52.7,68.8974514797862,68.8974514797862,True
1466415934,51.8,78.03485529004803,78.03485529004803,True
1466415988,51.8,51.8,62.071248786453594,False
1466416004,51.8,76.24701251502375,76.24701251502375,True
1466416050,48.5,48.5,62.46146088349056,False
1466416150,47.0,77.42538215765711,77.42538215765711,True
1466416161,47.5,47.5,51.35128077180883,False
1466416215,49.1,49.1,58.28340507295023,False
1466416315,49.1,49.1,51.74017248601746,False
1466416321,49.1,49.1,44.59249791794191,False
1466416393,47.2,47.2,64.40921792351641,False
1466416440,45.8,45.8,74.54787838130538,False
1466416510,48.0,50.286295774604696,50.286295774604696,True
1466416541,45.6,45.6,60.36407593661281,False
1466416631,45.6,61.3465996034018,61.3465996034018,True
1466416671,45.6,60.607977762495025,60.607977762495025,True
1466416725,45.6,77.32568186762369,77.32568186762369,True
1466416815,45.1,66.9263015930747,66.9263015930747,True
1466416867,45.1,79.84712080688595,79.84712080688595,True
1466416933,45.1,45.1,77.60529481804738,False
1466416963,45.1,41.597871840778,41.597871840778,True
1466417034,46.7,49.37145309220611,49.37145309220611,True
1466417069,49.5,49.5,72.64991160882056,False
1466417095,49.5,76.75306033139769,76.75306033139769,True
1466417123,49.5,49.5,63.1904896534422,False
1466417219,49.5,49.5,49.261073368131605,False
1466417228,49.4,74.69790180815778,74.69790180815778,True
1466417235,49.4,66.95627793556622,66.95627793556622,True
1466417266,49.4,47.254087477996876,47.254087477996876,True
1466417298,49.4,75.2464061430579,75.2464061430579,True
1466417382,49.4,40.51795437572667,40.51795437572667,True
1466417429,49.4,49.4,58.461760478570454,False
1466417434,45.9,73.95067311785172,73.95067311785172,True
1466417513,45.9,45.9,58.85236503488663,False
1466417598,45.9,49.614840231500295,49.614840231500295,True
1466417615,45.9,40.75984466113949,40.75984466113949,True
1466417654,43.8,35.447746377223055,35.447746377223055,True
1466417749,43.8,56.4994634985766,56.4994634985766,True
1466417763,43.6,40.312150002338065,40.312150002338065,True
1466417822,43.6,67.21152204192691,67.21152204192691,True
1466417851,44.2,79.08267273897994,79.08267273897994,True
1466417855,44.2,54.36812754711807,54.36812754711807,True
1466417879,44.2,44.2,79.9154831241303,False
1466417895,44.2,42.00651378680308,42.00651378680308,True
1466417969,44.2,44.2,49.37818303084214,False
1466418049,44.2,44.2,45.73269687580567,False
1466418118,44.2,79.53372139755069,79.53372139755069,True
1466418129,44.2,44.2,43.51457895268237,False
1466418179,44.2,63.10365380221015,63.10365380221015,True
1466418254,45.0,75.09061830963125,75.09061830963125,True
1466418332,45.6,45.6,39.21834719047102,False
1466418428,45.6,75.76544298621607,75.76544298621607,True
1466418494,46.2,46.2,46.44599507951873,False
1466418554,46.2,46.2,61.90796702078877,False
1466418563,46.2,46.2,70.22975656654042,False
1466418564,46.2,46.2,37.500042652811544,False
1466418594,46.2,46.2,58.44291717315495,False
1466418674,46.2,46.2,54.42531818410431,False
1466418748,46.2,35.188241922349185,35.188241922349185,True
1466418847,46.2,79.09506878007534,79.09506878007534,True
1466418877,46.2,46.2,65.77879496516945,False
1466418917,46.2,75.29496698856428,75.29496698856428,True
1466418938,44.9,44.9,76.2971060786173,False
1466419031,44.9,44.88700713391704,44.88700713391704,True
1466419058,47.4,61.16134243291701,61.16134243291701,True
1466419104,47.4,35.42043097617499,35.42043097617499,True
1466419166,47.4,79.46672305554816,79.46672305554816,True
1466419261,47.4,37.68563995643513,37.68563995643513,True
1466419349,47.4,47.4,60.70121268893617,False
1466419442,44.0,44.0,60.05502976799477,False
1466419530,44.0,44.0,63.53040287926744,False
1466419595,45.5,45.5,60.962858713448455,False
1466419646,45.5,45.5,67.01914028488267,False
1466419737,46.1,46.1,76.07025034846268,False
1466419826,46.1,57.487701730977875,57.487701730977875,True
1466419880,46.1,71.71364320364788,71.71364320364788,True
1466419911,48.3,65.13318878495211,65.13318878495211,True
1466419938,48.3,43.22977019199088,43.22977019199088,True
1466420016,48.3,61.36370146111668,61.36370146111668,True
1466420019,48.3,55.18746530713257,55.18746530713257,True
1466420108,48.3,48.3,41.135484050942665,False
1466420205,45.7,45.7,79.78837003585178,False
1466420228,46.2,46.2,73.58555209459402,False
1466420257,46.2,46.2,55.01523408272579,False
1466420270,46.2,38.304883904930875,38.304883904930875,True
1466420296,46.2,46.2,55.46989682637683,False
1466420331,46.2,64.65154311615987,64.65154311615987,True
1466420407,46.2,39.408968733444276,39.408968733444276,True
1466420430,46.6,53.43983849596958,53.43983849596958,True
1466420453,46.6,59.52998663323305,59.52998663323305,True
1466420474,48.4,48.4,44.8859542640781,False
1466420566,45.4,45.4,66.26400503029565,False
1466420579,45.4,63.95350212130668,63.95350212130668,True
1466420618,45.4,45.4,55.09707579598382,False
1466420624,45.4,45.4,63.681933244750724,False
1466420643,45.4,61.279837815044885,61.279837815044885,True
1466420695,43.5,43.5,35.63029201175884,False
1466420788,43.5,43.5,42.520284251203286,False
1466420863,43.5,43.5,60.42835518673827,False
1466420947,43.5,43.5,62.63576991617438,False
1466421003,46.7,46.7,41.15617700784157,False
1466421032,46.7,69.44072223860215,69.44072223860215,True
1466421050,46.7,46.7,78.89657178741567,False
1466421116,46.7,46.7,74.94644347417875,False
1466421208,48.5,48.5,47.007338885045485,False
1466421234,48.5,48.5,67.91087613940283,False
1466421262,48.5,48.5,46.762399987503585,False
1466421353,49.0,37.88515262350651,37.88515262350651,True
1466421360,47.8,47.8,50.833334365560624,False
1466421392,50.0,50.0,44.6279662667025,False
1466421480,51.5,51.5,53.18955507146072,False
1466421530,51.5,51.5,46.16006520755755,False
1466421547,51.5,50.81138554638835,50.81138554638835,True
1466421591,50.4,48.461761660820564,48.461761660820564,True
1466421633,52.4,52.4,63.35900706358843,False
1466421636,52.4,52.4,42.439598983248786,False
1466421670,53.8,37.544831763361,37.544831763361,True
1466421695,53.8,63.962838427430526,63.962838427430526,True
1466421721,56.8,56.8,61.13249132673974,False
1466421804,59.0,59.0,60.93160457403682,False
1466421819,57.5,53.35589157447952,53.35589157447952,True
1466421862,57.5,57.5,78.8747917830667,False
1466421885,57.5,57.5,76.08520757254773,False
1466421936,56.6,56.6,45.98537337747054,False
1466422012,54.7,65.35410998714326,65.35410998714326,True
1466422044,53.9,53.9,66.01181494085273,False
1466422045,55.1,61.23202671876941,61.23202671876941,True
1466422137,55.1,55.1,68.29014992764812,False
1466422162,55.1,79.38611685182492,79.38611685182492,True
1466422189,54.9,70.80067844613083,70.80067844613083,True
1466422197,54.9,61.026609376566064,61.026609376566064,True
1466422264,58.4,58.4,41.152444098471555,False
1466422330,59.8,59.8,64.38331604206945,False
1466422378,60.4,63.89871929983957,63.89871929983957,True
1466422432,60.4,59.92118510303973,59.92118510303973,True
1466422488,61.7,61.7,57.67051695272451,False
1466422577,61.7,51.900811188640986,51.900811188640986,True
1466422628,61.7,44.66380213752185,44.66380213752185,True
1466422638,61.7,61.7,73.44179808664487,False
1466422666,61.7,61.7,73.48420354225397,False
1466422706,61.7,61.7,41.15016541872563,False
1466422731,61.7,52.81526073711694,52.81526073711694,True
1466422804,61.7,61.7,36.45294249449775,False
1466422866,63.3,68.26216061852361,68.26216061852361,True
1466422873,63.3,77.84311649574896,77.84311649574896,True
1466422895,64.9,71.5195987974001,71.5195987974001,True
1466422953,64.9,64.9,77.30919651844323,False
1466422973,64.9,64.9,61.29386059004244,False
1466423017,64.9,64.9,59.86979840045474,False
1466423051,64.9,62.120584906726705,62.120584906726705,True
1466423099,64.9,64.9,59.64552439733397,False
1466423150,62.5,62.5,60.84648154948796,False
1466423155,62.8,36.53860146448258,36.53860146448258,True
1466423168,62.8,48.00282665066996,48.00282665066996,True
1466423205,65.8,65.8,76.77523528526646,False
1466423275,62.5,62.5,56.76784087473587,False
1466423287,62.5,64.98454503045899,64.98454503045899,True
1466423336,62.5,62.5,67.21614363138337,False
1466423340,62.5,36.70395089963331,36.70395089963331,True
1466423355,64.1,42.91830851499641,42.91830851499641,True
1466423443,66.5,66.5,49.39519785630721,False
1466423499,66.5,66.22136761719074,66.22136761719074,True
1466423585,66.5,66.5,45.53714839314249,False
1466423612,65.6,64.22634868447216,64.22634868447216,True
1466423669,62.9,62.9,68.71209016919452,False
1466423705,62.9,62.9,35.513057460391636,False
1466423770,59.8,44.71391103954979,44.71391103954979,True
1466423844,59.8,63.56800118125979,63.56800118125979,True
1466423902,57.5,57.80441122256444,57.80441122256444,True
1466423913,57.5,67.42158955130833,67.42158955130833,True
1466423972,57.5,57.5,65.03447419431755,False
1466424014,57.5,57.5,76.0510884415352,False
1466424069,59.6,62.27135193272988,62.27135193272988,True
1466424154,56.7,38.05521477297939,38.05521477297939,True
1466424155,56.2,51.24693144405347,51.24693144405347,True
1466424169,56.2,65.91045627227447,65.91045627227447,True
1466424262,56.2,54.61630617837642,54.61630617837642,True
1466424339,56.2,56.2,47.21679545583582,False
1466424398,56.2,56.2,76.88473715279275,False
1466424497,56.2,56.2,36.66036760073078,False
1466424558,56.2,51.89542228168811,51.89542228168811,True
1466424613,56.2,56.2,35.34171395809883,False
1466424713,58.3,58.3,68.07235821881336,False
1466424804,61.4,65.40494233401745,65.40494233401745,True
1466424878,61.4,57.92258971462499,57.92258971462499,True
1466424924,63.8,48.01838185311021,48.01838185311021,True
1466425009,66.6,66.6,73.03580958759913,False
1466425106,66.6,66.6,59.14694909236236,False
1466425129,66.6,45.438159164186914,45.438159164186914,True
1466425179,66.4,66.4,35.3372039737441,False
1466425257,66.4,66.4,65.18059831109352,False
1466425262,65.3,65.3,70.11542404259737,False
1466425305,65.3,65.3,56.51986559472368,False
1466425331,67.9,38.091142308998684,38.091142308998684,True
1466425338,67.9,67.9,67.19687730130867,False
1466425377,67.9,67.9,40.79455252994333,False
1466425380,69.1,41.295702464131146,41.295702464131146,True
1466425417,69.0,66.45343676772573,66.45343676772573,True
1466425484,69.0,78.91217733051595,78.91217733051595,True
1466425517,69.0,56.67437778664025,56.67437778664025,True
1466425553,71.4,75.79839509026374,75.79839509026374,True
1466425640,71.4,35.074654318024145,35.074654318024145,True
1466425687,71.4,71.4,79.87318453495632,False
1466425711,71.4,70.90339680341594,70.90339680341594,True
1466425768,71.4,71.4,61.6072884262789,False
1466425811,73.8,42.47412393281061,42.47412393281061,True
1466425856,76.5,48.05636002289492,48.05636002289492,True
1466425869,76.5,66.42339883441815,66.42339883441815,True
1466425884,76.5,76.58450007226662,76.58450007226662,True
1466425962,76.5,50.42980471227183,50.42980471227183,True
1466425974,76.5,38.074329056512966,38.074329056512966,True
1466426016,79.0,79.0,51.760640639321934,False
1466426024,78.3,78.3,59.11861822897187,False
1466426034,78.3,78.3,38.58185206537354,False
1466426130,78.3,70.55102238281924,70.55102238281924,True
1466426189,78.3,78.3,72.14833278578087,False
1466426198,78.3,78.3,58.92037155193736,False
1466426280,78.3,54.554865675894284,54.554865675894284,True
1466426298,74.8,44.955872374162816,44.955872374162816,True
1466426380,77.4,77.4,58.29790864884369,False
1466426420,77.4,77.4,74.47653994655104,False
1466426509,77.4,77.4,75.93050114694975,False
1466426521,77.4,77.4,79.65514258424483,False
1466426535,79.7,77.94538854598667,77.94538854598667,True
1466426563,80.6,80.6,43.40446532259635,False
1466426620,80.6,80.6,71.85730579813304,False
1466426694,80.6,80.6,75.67402147447847,False
1466426764,80.5,80.5,42.64515189364358,False
1466426778,78.3,78.3,79.96019215655318,False
1466426866,78.3,78.3,60.95709946804641,False
1466426938,78.3,78.3,58.505359561592854,False
1466427022,78.3,78.3,51.69682687254135,False
1466427059,78.3,78.3,54.37995964647223,False
1466427125,75.3,49.41284687800622,49.41284687800622,True
1466427204,75.3,75.3,57.63299844425812,False
1466427240,76.8,69.4292756993118,69.4292756993118,True
1466427317,76.8,76.8,66.17752835176726,False
1466427319,76.8,76.8,68.97469595499241,False
1466427331,76.8,38.199395646321776,38.199395646321776,True
1466427425,78.5,37.54442481290791,37.54442481290791,True
1466427458,75.7,45.61457995016778,45.61457995016778,True
1466427495,75.7,48.6619394542012,48.6619394542012,True
1466427543,76.9,73.99279573978347,73.99279573978347,True
1466427625,76.9,76.9,53.64109917196662,False
1466427663,76.9,37.628083450197416,37.628083450197416,True
1466427672,73.7,73.7,52.77433520439854,False
1466427684,70.6,70.6,36.196654671896866,False
1466427739,67.5,45.17043495310248,45.17043495310248,True
1466427769,67.5,67.5,70.87110568855624,False
1466427775,67.5,50.53210511587971,50.53210511587971,True
1466427820,69.1,69.1,73.13224875145139,False
1466427837,69.1,69.1,68.12345052923392,False
1466427846,69.1,52.746263040751955,52.746263040751955,True
1466427904,69.1,68.68724011274807,68.68724011274807,True
1466427997,69.1,72.03546818628698,72.03546818628698,True
1466428027,69.1,69.1,52.42400963624229,False
1466428114,68.5,68.5,79.44056158204518,False
1466428212,68.5,78.17342357853032,78.17342357853032,True
1466428294,68.5,69.96202466250841,69.96202466250841,True
1466428321,68.5,74.51656625046297,74.51656625046297,True
1466428340,68.5,55.54809472748315,55.54809472748315,True
1466428378,68.5,63.147612004998706,63.147612004998706,True
1466428463,70.4,70.4,37.8488833296883,False
1466428551,73.8,73.8,66.47485562863513,False
1466428575,76.3,64.04107245966452,64.04107245966452,True
1466428593,77.1,77.1,61.87352332568409,False
1466428682,77.1,53.35384231955154,53.35384231955154,True
1466428699,77.1,77.1,55.54358567332597,False
1466428719,77.1,77.1,54.84774461136385,False
1466428819,77.5,77.5,44.64834907072372,False
1466428850,77.5,52.92159722223333,52.92159722223333,True
1466428884,74.3,36.881967669911255,36.881967669911255,True
1466428973,74.3,74.3,55.57951893215227,False
1466429006,76.4,79.01810233887181,79.01810233887181,True
1466429026,76.2,63.885008060737896,63.885008060737896,True
1466429066,77.2,77.2,65.53942684316407,False
1466429072,77.2,77.2,46.5545489985726,False
1466429103,77.2,58.48980097352312,58.48980097352312,True
1466429110,78.9,78.9,55.12209588723093,False
1466429123,78.9,46.055191508895476,46.055191508895476,True
1466429168,78.9,78.9,65.67450057107231,False
1466429182,79.5,79.5,47.39437315739444,False
1466429184,79.5,79.84848334747304,79.84848334747304,True
1466429197,79.5,69.77639697308972,69.77639697308972,True
1466429280,79.5,70.52564434059371,70.52564434059371,True
1466429378,79.5,79.5,48.58160487127243,False
1466429450,77.3,77.3,62.37754165570547,False
1466429455,80.2,80.2,69.7997544841628,False
1466429510,83.2,60.39774079590467,60.39774079590467,True
1466429565,83.5,50.588931984639636,50.588931984639636,True
1466429566,80.3,47.33911989978704,47.33911989978704,True
1466429592,80.3,57.0132057186312,57.0132057186312,True
1466429623,80.5,80.5,40.124734881072435,False
1466429691,80.5,68.35948738860421,68.35948738860421,True
1466429733,83.9,83.9,67.46928849200559,False
1466429803,80.8,80.8,64.37977229960936,False
1466429832,80.8,52.11668420762244,52.11668420762244,True
1466429905,80.8,39.18314654226419,39.18314654226419,True
1466429997,80.8,80.8,72.33294893025193,False
1466430050,77.3,61.7057990325237,61.7057990325237,True
1466430088,77.5,77.5,72.70091757612467,False
1466430174,75.6,37.01661466909044,37.01661466909044,True
1466430247,75.6,75.6,45.7059623725927,False
1466430344,72.1,58.12074633611691,58.12074633611691,True
1466430375,69.7,35.249757695546826,35.249757695546826,True
1466430400,70.0,70.0,51.62189048737284,False
1466430457,70.0,70.0,56.663820804783214,False
1466430483,70.0,78.67200058616675,78.67200058616675,True
1466430517,70.0,59.75220377931346,59.75220377931346,True
1466430524,68.5,68.5,42.07670698975518,False
1466430592,68.5,74.9679518494073,74.9679518494073,True
1466430616,68.5,57.53653377172409,57.53653377172409,True
1466430631,68.5,68.19066090173811,68.19066090173811,True
1466430680,68.5,68.5,40.56049433430049,False
1466430734,68.5,69.66285740912528,69.66285740912528,True
1466430790,68.5,68.5,37.03987832113998,False
1466430815,68.5,68.5,72.4779101673439,False
1466430895,68.5,76.10212993825031,76.10212993825031,True
1466430916,69.2,62.74468262493437,62.74468262493437,True
1466430929,70.5,78.2188332680842,78.2188332680842,True
1466430936,73.0,45.06084949741939,45.06084949741939,True
1466431009,70.2,70.2,49.5274038101733,False
1466431036,70.2,70.2,71.87768718047764,False
1466431055,70.2,64.6484448771173,64.6484448771173,True
1466431145,69.9,54.5648546848375,54.5648546848375,True
1466431218,69.9,69.9,69.08789187935494,False
1466431290,69.9,69.9,37.57372588922593,False
1466431324,69.9,36.97816131227238,36.97816131227238,True
1466431400,69.9,69.9,40.68496863063183,False
1466431450,66.9,66.9,53.90082841170461,False
1466431526,66.9,66.9,55.94454119004,False
1466431589,63.4,63.4,64.13530622426846,False
1466431661,63.4,63.4,48.92971568034374,False
1466431760,63.4,63.4,62.03815908951245,False
1466431796,65.2,55.772043710313,55.772043710313,True
1466431848,65.2,65.2,77.6363616773385,False
1466431879,65.2,77.05785200874874,77.05785200874874,True
1466431954,65.2,39.79730496276192,39.79730496276192,True
1466431958,65.2,65.2,36.09008282070498,False
1466432002,65.2,65.2,50.752647044049326,False
1466432101,65.2,65.2,64.96286200051463,False
1466432177,65.2,65.2,57.178157350334345,False
1466432194,65.2,65.2,50.509315324751284,False
1466432237,65.2,60.4696622840452,60.4696622840452,True
1466432280,65.2,42.25511197309798,42.25511197309798,True
1466432373,65.2,65.2,39.51941279217682,False
1466432389,65.2,39.87950390665519,39.87950390665519,True
1466432415,65.2,65.2,73.1086981505016,False
1466432417,61.8,61.8,41.66806286570352,False
1466432506,61.8,55.361197584352304,55.361197584352304,True
1466432569,61.8,58.82809363275757,58.82809363275757,True
1466432577,62.8,50.957151644329386,50.957151644329386,True
1466432670,64.5,68.27864317035497,68.27864317035497,True
1466432706,64.5,64.5,43.578514900737126,False
1466432804,64.5,64.5,38.98890708873272,False
1466432853,66.8,38.12707687414418,38.12707687414418,True
1466432947,65.5,67.6366601001892,67.6366601001892,True
1466433040,64.8,64.8,66.51614804844651,False
1466433128,64.8,64.8,70.35463315106881,False
1466433145,61.9,61.9,70.1175782336288,False
1466433195,64.5,64.5,49.572121663030245,False
1466433289,61.8,61.8,51.29149389130083,False
1466433375,61.5,61.5,56.61631723495771,False
1466433427,61.5,61.5,40.349040378478094,False
1466433478,59.0,65.5648623599337,65.5648623599337,True
1466433517,59.0,44.89674175855297,44.89674175855297,True
1466433615,59.0,46.92000170032276,46.92000170032276,True
1466433672,59.0,59.0,77.76646789555448,False
1466433762,59.0,59.0,67.57343961949466,False
1466433809,59.0,59.0,43.60650115518538,False
1466433873,59.0,59.0,51.92302763510626,False
1466433910,59.0,59.0,68.15383185777597,False
1466433994,58.7,58.7,76.37530569926359,False
1466434003,58.7,37.920449229585124,37.920449229585124,True
1466434045,58.7,54.317936225778595,54.317936225778595,True
1466434096,58.7,58.7,64.81526773079298,False
1466434173,58.7,58.7,62.11234616350579,False
1466434199,58.7,42.40641266813303,42.40641266813303,True
1466434224,58.7,58.7,66.53892472284875,False
1466434308,58.7,58.7,62.621348659871906,False
1466434359,58.7,75.32222516496626,75.32222516496626,True
1466434371,58.7,58.7,49.349124330217094,False
1466434457,59.2,59.2,68.93748706097365,False
1466434498,59.2,59.2,73.64664727606612,False
1466434552,59.2,59.2,46.23679708853602,False
1466434622,59.2,59.2,51.47346348675404,False
1466434691,58.8,58.8,39.82942566067898,False
1466434718,58.2,65.72255170986391,65.72255170986391,True
1466434727,58.2,70.75564197672516,70.75564197672516,True
1466434815,58.2,78.04915605475513,78.04915605475513,True
1466434892,58.2,48.8068325542915,48.8068325542915,True
1466434915,58.2,54.64028100654345,54.64028100654345,True
1466434946,60.4,39.834684475920604,39.834684475920604,True
1466434988,59.1,37.759560918597,37.759560918597,True
1466435020,59.1,59.1,70.8475640023789,False
1466435090,59.1,59.1,58.926454348164825,False
1466435099,59.1,59.25592311456804,59.25592311456804,True
1466435145,59.1,59.1,74.18462556385965,False
1466435186,59.1,36.98049458306126,36.98049458306126,True
1466435246,59.1,59.1,74.17609162270809,False
1466435284,59.1,59.1,75.8103182208973,False
1466435327,59.1,59.1,38.02993359703623,False
1466435369,58.9,58.9,67.94587979778845,False
1466435408,58.9,40.95294262449417,40.95294262449417,True
1466435468,58.9,58.9,38.3183235188531,False
1466435486,58.9,58.9,71.27537304505273,False
1466435555,58.9,58.9,78.77908139809757,False
1466435624,58.9,47.403455502619224,47.403455502619224,True
1466435659,56.5,57.59676201570458,57.59676201570458,True
1466435682,56.5,62.655300345806644,62.655300345806644,True
1466435712,57.3,38.44078521728474,38.44078521728474,True
1466435794,57.3,57.3,53.013641220572765,False
1466435878,59.2,59.2,72.66221807834269,False
1466435904,59.2,59.2,63.06547529618174,False
1466435971,59.8,59.8,63.0110935354035,False
1466436041,59.8,77.52799725858118,77.52799725858118,True
1466436059,59.8,73.64241633549531,73.64241633549531,True
1466436093,61.1,61.1,59.261769955421926,False
1466436178,58.3,58.3,53.7159692413093,False
1466436230,58.3,58.3,67.51368912285434,False
1466436280,58.3,58.3,42.564962912530454,False
1466436332,58.3,55.836437846483705,55.836437846483705,True
1466436333,58.3,71.42967253541747,71.42967253541747,True
1466436431,58.3,58.3,77.55779893691027,False
1466436520,56.8,56.8,55.90831484524597,False
1466436572,55.4,55.4,50.46119904761872,False
1466436647,52.0,75.72106905068105,75.72106905068105,True
1466436655,48.5,48.798867390468864,48.798867390468864,True
1466436727,48.5,70.81206768864227,70.81206768864227,True
1466436793,48.5,48.5,47.871848478221835,False
1466436879,50.6,50.6,47.52467920429557,False
1466436880,50.6,58.536542896178005,58.536542896178005,True
1466436939,52.5,51.771863784899395,51.771863784899395,True
1466437015,55.0,55.0,46.27174137552585,False
1466437048,51.6,75.50894944314484,75.50894944314484,True
1466437088,51.6,77.99832699255391,77.99832699255391,True
1466437105,51.6,52.91710600354836,52.91710600354836,True
1466437122,51.6,51.6,66.29696471627253,False
1466437160,51.6,51.6,73.51545755388656,False
1466437232,51.6,51.6,40.77723422695494,False
1466437321,51.6,41.812468983757825,41.812468983757825,True
1466437335,54.6,71.00151726770349,71.00151726770349,True
1466437358,54.6,54.6,42.71826285608956,False
1466437441,56.6,56.6,45.73317145200988,False
1466437480,56.6,78.30115712364905,78.30115712364905,True
1466437561,60.0,49.43792714849208,49.43792714849208,True
1466437653,60.0,60.0,48.43604877569108,False
1466437709,57.2,74.61632420315556,74.61632420315556,True
1466437798,57.2,67.6398924480458,67.6398924480458,True
1466437869,57.2,59.131301755168906,59.131301755168906,True
1466437952,57.2,57.2,77.03276317931054,False
1466438037,56.4,56.4,50.5732470117473,False
1466438054,56.4,56.4,47.643970080195864,False
1466438056,56.4,52.47185870767972,52.47185870767972,True
1466438136,56.4,56.4,60.07160617641665,False
1466438234,54.5,67.46773208434274,67.46773208434274,True
1466438261,54.5,54.80320170475906,54.80320170475906,True
1466438348,56.5,60.043634781807626,60.043634781807626,True
1466438407,59.7,60.048553300963476,60.048553300963476,True
1466438422,59.7,59.7,48.15948926475625,False
1466438476,59.7,59.7,66.76344239900709,False
1466438571,58.2,57.928699174426946,57.928699174426946,True
1466438612,55.4,55.4,59.2939117927248,False
1466438620,55.4,55.4,48.411069345368404,False
1466438698,53.0,44.98221880189797,44.98221880189797,True
1466438747,53.0,35.64095782971631,35.64095782971631,True
1466438795,53.0,53.0,41.94503822864652,False
1466438810,49.6,68.57359776922644,68.57359776922644,True
1466438888,51.5,59.04728426367596,59.04728426367596,True
1466438975,51.5,41.554503833488546,41.554503833488546,True
1466439000,51.5,51.5,40.66497100391928,False
1466439092,51.5,51.5,39.71974563687444,False
1466439150,54.1,37.62399184709977,37.62399184709977,True
1466439229,56.5,48.10454145788981,48.10454145788981,True
1466439279,53.5,53.5,36.59830716902235,False
1466439328,53.5,49.371200339019104,49.371200339019104,True
1466439351,53.5,53.5,70.08735264205728,False
1466439447,53.5,60.861044768735724,60.861044768735724,True
1466439466,56.1,75.87545069321335,75.87545069321335,True
1466439480,56.1,56.1,70.0179572996245,False
1466439560,56.1,77.50945654818892,77.50945654818892,True
1466439600,56.1,37.634435514263615,37.634435514263615,True
1466439645,59.4,35.86440907772281,35.86440907772281,True
1466439729,59.4,59.4,48.452498891833926,False
1466439772,59.4,41.95342867962655,41.95342867962655,True
1466439827,59.4,56.32533675675963,56.32533675675963,True
1466439849,59.4,40.0275365399419,40.0275365399419,True
1466439910,59.4,59.4,47.03194412994368,False
1466439990,59.4,70.21996079883843,70.21996079883843,True
1466440005,59.4,59.4,59.87632967126372,False
1466440006,56.3,56.3,43.40915644091946,False
1466440045,56.3,56.3,39.50913817157737,False
1466440066,56.3,56.3,49.63404873560919,False
1466440154,56.9,56.9,53.747565898757244,False
1466440214,59.4,59.4,49.579842706205966,False
1466440226,59.4,55.51072510132088,55.51072510132088,True
1466440304,59.4,67.63419245847673,67.63419245847673,True
1466440385,59.4,74.52524877826684,74.52524877826684,True
1466440451,59.4,67.66689003775426,67.66689003775426,True
1466440521,56.3,56.3,56.1488615950499,False
1466440581,57.7,74.62417459341006,74.62417459341006,True
1466440674,57.7,57.7,49.64073316482088,False
1466440727,57.7,57.7,69.66506551883175,False
1466440821,56.0,56.0,37.17121283100271,False
1466440827,56.0,72.0614605733262,72.0614605733262,True
1466440897,55.6,79.71721649926465,79.71721649926465,True
1466440923,55.6,73.59321096921033,73.59321096921033,True
1466441012,56.6,38.180635962147385,38.180635962147385,True
1466441049,56.1,36.11738479960917,36.11738479960917,True
1466441147,56.1,56.1,79.04064815098903,False
1466441213,56.1,48.81299144096494,48.81299144096494,True
1466441311,56.1,56.1,47.83324059447396,False
1466441318,53.6,63.75936785240886,63.75936785240886,True
1466441418,53.4,53.4,53.579545244210316,False
1466441510,51.2,51.2,68.28330642147989,False
1466441541,51.2,47.283483451754755,47.283483451754755,True
1466441579,51.7,51.7,61.09493820062747,False
1466441630,51.7,62.50190772589737,62.50190772589737,True
1466441714,53.2,77.13920250384236,77.13920250384236,True
1466441724,53.2,50.977354702552404,50.977354702552404,True
1466441741,53.2,65.95447500638063,65.95447500638063,True
1466441822,50.1,50.1,46.68692719621099,False
1466441883,50.1,50.1,66.92079832956843,False
1466441934,50.1,50.1,54.19901848089073,False
1466441947,48.6,44.0238398289304,44.0238398289304,True
1466442046,47.9,53.42682950964222,53.42682950964222,True
1466442137,50.5,50.5,79.97333230133002,False
1466442175,50.5,70.71620322534758,70.71620322534758,True
1466442216,50.5,77.27751989956026,77.27751989956026,True
1466442284,47.5,70.33166178661439,70.33166178661439,True
1466442332,49.8,49.8,47.0769019089322,False
1466442358,49.8,58.769048510062326,58.769048510062326,True
1466442362,49.8,49.8,61.56690277094023,False
1466442439,49.8,76.59592989367593,76.59592989367593,True
1466442490,49.8,49.8,50.66093878747881,False
1466442498,51.0,51.0,69.28009617823842,False
1466442508,53.4,73.05377648207764,73.05377648207764,True
1466442518,53.4,53.4,76.62918771596728,False
1466442556,53.8,53.8,58.202426329966706,False
1466442656,53.8,53.8,35.55258579020815,False
1466442662,53.8,53.8,49.686619122719215,False
1466442703,57.0,57.0,63.97276403834057,False
1466442768,57.0,66.41396950841582,66.41396950841582,True
1466442788,55.3,55.3,62.564282751398366,False
1466442886,54.7,54.7,51.01758111977774,False
1466442980,54.7,54.7,70.48629362822123,False
1466443000,57.4,40.23171968708288,40.23171968708288,True
1466443029,60.4,36.87098288531372,36.87098288531372,True
1466443038,60.4,74.35897507573995,74.35897507573995,True
1466443089,57.8,57.8,75.82704949930636,False
1466443162,57.8,57.8,55.566047232254235,False
1466443201,57.8,57.8,60.24667480003614,False
1466443219,54.5,54.5,65.60756697357625,False
1466443263,54.5,54.5,52.31248468386607,False
1466443350,54.5,54.5,79.94741674541284,False
1466443373,54.5,78.01867824629312,78.01867824629312,True
1466443392,54.5,68.68332444696117,68.68332444696117,True
1466443402,57.6,57.68791529973803,57.68791529973803,True
1466443486,60.1,60.1,44.925405130780604,False
1466443511,59.4,59.4,65.66233257965301,False
1466443584,59.4,59.4,37.16405331905185,False
1466443677,59.4,37.60287491330961,37.60287491330961,True
1466443725,59.4,70.17435525690317,70.17435525690317,True
1466443727,59.4,59.4,49.91467979721927,False
1466443750,56.6,50.27224436726569,50.27224436726569,True
1466443761,56.6,56.6,63.31073646076352,False
1466443808,57.6,57.6,62.99197954088615,False
1466443861,60.3,35.05474097928206,35.05474097928206,True
1466443929,58.7,58.7,52.70824054189262,False
1466443986,58.7,58.7,41.20077834033242,False
1466444043,58.7,62.43300650212427,62.43300650212427,True
1466444110,58.4,51.622088384619225,51.622088384619225,True
1466444192,61.7,61.7,66.55364338773074,False
1466444287,58.8,58.8,61.62352030209483,False
1466444294,58.8,58.8,72.31820322443772,False
1466444366,61.3,73.60245200768418,73.60245200768418,True
1466444466,61.3,61.3,74.96986470233017,False
1466444505,61.8,61.8,58.34782596048561,False
1466444556,61.8,61.8,53.68091995789423,False
1466444624,61.8,61.8,52.751564703557364,False
1466444663,63.9,63.9,60.05000073567247,False
1466444685,63.9,63.9,76.97934029848285,False
1466444756,64.2,64.2,53.731582882299435,False
1466444781,64.2,75.21072895568015,75.21072895568015,True
1466444840,64.2,64.2,49.75140468855124,False
1466444854,60.9,60.9,53.37686030604302,False
1466444860,60.5,60.5,55.04130331477465,False
1466444959,60.5,60.5,44.254186464268784,False
1466445058,64.0,64.0,71.26048656788774,False
1466445107,64.0,64.0,57.71286000781892,False
1466445165,64.0,51.64062814105064,51.64062814105064,True
1466445170,64.0,64.0,72.85366029326306,False
1466445173,62.6,37.7450456182985,37.7450456182985,True
1466445247,59.5,79.4956925879969,79.4956925879969,True
1466445305,57.4,57.4,62.01865353618753,False
1466445333,57.4,57.4,38.93297976068777,False
1466445356,57.4,37.39836908975555,37.39836908975555,True
1466445430,55.4,36.554744413623595,36.554744413623595,True
1466445491,58.1,48.34395966837834,48.34395966837834,True
1466445497,60.0,60.0,60.95776173642193,False
1466445514,62.2,62.2,70.19094563795736,False
1466445549,62.2,57.83628829337161,57.83628829337161,True
1466445640,62.2,62.2,38.37610209712443,False
1466445648,59.8,39.902732506232724,39.902732506232724,True
1466445739,59.8,59.8,50.17144974943097,False
1466445814,61.7,61.7,70.48413847909538,False
1466445879,61.7,61.7,73.96780888140147,False
1466445909,61.7,61.7,66.75321464835137,False
1466445965,61.7,61.7,39.62402665245834,False
1466446021,61.7,61.7,78.45911384341375,False
1466446045,61.7,61.7,51.24810994560789,False
1466446071,61.7,69.2384181939996,69.2384181939996,True
1466446120,61.7,61.7,64.57801371756648,False
1466446168,63.4,71.2952486976182,71.2952486976182,True
1466446253,63.4,63.4,46.888788563729605,False
1466446302,64.1,77.81378225798476,77.81378225798476,True
1466446389,63.1,63.1,53.37334153402583,False
1466446404,63.1,63.1,59.11752942272565,False
1466446494,63.1,63.1,43.70802419646313,False
1466446594,63.1,74.28063159101733,74.28063159101733,True
1466446643,63.1,46.8991906089382,46.8991906089382,True
1466446669,66.1,42.36494062863005,42.36494062863005,True
1466446690,66.1,66.1,63.56032463155863,False
1466446735,66.1,66.1,38.35063749167111,False
1466446766,63.7,63.7,49.69808480744956,False
1466446852,63.7,63.7,75.21419978235187,False
1466446902,63.7,60.39847149111901,60.39847149111901,True
1466446945,63.7,41.66792369110975,41.66792369110975,True
1466446987,63.7,63.7,77.84245188215723,False
1466447036,63.7,42.090940560120124,42.090940560120124,True
1466447112,63.7,38.584082756967526,38.584082756967526,True
1466447129,63.7,41.011043456160564,41.011043456160564,True
1466447189,62.6,53.88151197473643,53.88151197473643,True
1466447224,62.6,75.01938309521692,75.01938309521692,True
1466447270,62.6,52.353149886352355,52.353149886352355,True
1466447272,62.6,62.6,60.42834432445911,False
1466447348,62.6,62.6,35.62429620475205,False
1466447359,62.6,62.6,42.84211363714651,False
1466447388,62.6,62.6,64.17952574669098,False
1466447390,62.6,73.9452700472095,73.9452700472095,True
1466447425,64.4,64.4,66.88702448697751,False
1466447463,64.4,64.4,74.95375318345762,False
1466447485,61.6,36.91886247159925,36.91886247159925,True
1466447545,59.8,69.4566547706698,69.4566547706698,True
1466447553,59.8,51.22927088188355,51.22927088188355,True
1466447554,59.8,59.8,47.820804719065585,False
1466447573,59.8,59.8,44.18100211438156,False
1466447634,59.8,62.10908155122225,62.10908155122225,True
1466447695,63.2,63.2,64.18648395233674,False
1466447762,63.3,63.3,75.81977787865029,False
1466447844,63.3,52.775800053519234,52.775800053519234,True
1466447885,63.5,53.07149375523735,53.07149375523735,True
1466447943,63.5,63.5,48.01335063629968,False
1466447956,63.5,57.79777928260931,57.79777928260931,True
1466448041,63.2,70.8880006937346,70.8880006937346,True
1466448140,63.3,63.3,77.19292086316652,False
1466448215,62.4,67.91052046533295,67.91052046533295,True
1466448270,62.4,67.05955456969922,67.05955456969922,True
1466448302,61.3,38.75896074715922,38.75896074715922,True
1466448368,61.3,61.3,67.69702655294955,False
1466448422,61.3,61.3,38.010126641340115,False
1466448517,61.3,35.26678305961858,35.26678305961858,True
1466448614,61.3,61.3,67.71428405681272,False
1466448701,61.3,61.3,48.5725036933336,False
1466448743,61.3,78.50852112693588,78.50852112693588,True
1466448805,63.2,63.2,57.73156591431291,False
1466448844,63.2,47.86441185624144,47.86441185624144,True
1466448896,64.6,69.2730275871838,69.2730275871838,True
1466448984,64.6,74.00221544802473,74.00221544802473,True
1466449031,64.6,77.79344496001363,77.79344496001363,True
1466449045,64.6,64.6,64.76908098619133,False
1466449099,64.6,55.82614615061637,55.82614615061637,True
1466449171,64.6,64.6,45.63844907773963,False
1466449261,64.6,54.14120242196978,54.14120242196978,True
1466449280,66.1,73.56084243782885,73.56084243782885,True
1466449359,66.1,73.1834609746196,73.1834609746196,True
1466449442,66.1,54.51585616364234,54.51585616364234,True
1466449496,66.1,50.49833206889767,50.49833206889767,True
1466449537,64.1,64.1,54.466381164532294,False
1466449555,64.1,64.1,42.02413986289775,False
1466449629,64.1,64.1,56.8577930450605,False
1466449635,64.1,42.16022497082373,42.16022497082373,True
1466449721,64.1,39.234131921596244,39.234131921596244,True
1466449772,64.1,64.1,51.88191863561509,False
1466449872,65.9,78.64242148557045,78.64242148557045,True
1466449873,68.7,52.86038633156251,52.86038633156251,True
1466449884,67.2,67.2,79.35468599945901,False
1466449937,64.5,38.79633125376925,38.79633125376925,True
1466449953,64.5,35.508488527435226,35.508488527435226,True
1466449959,64.5,48.89889620620164,48.89889620620164,True
1466449961,61.9,48.199038727793926,48.199038727793926,True
1466450018,61.9,61.9,51.89728584245212,False
1466450075,61.9,69.11565715691194,69.11565715691194,True
1466450150,61.9,60.844510649717556,60.844510649717556,True
1466450177,65.3,63.57185121167208,63.57185121167208,True
1466450255,65.3,65.3,52.20355642253432,False
1466450343,65.3,46.47645692660798,46.47645692660798,True
1466450348,62.7,62.7,42.37524405277385,False
1466450401,62.7,62.7,47.689288379369216,False
1466450433,62.7,62.7,58.81530089707813,False
1466450507,63.9,35.225084791617384,35.225084791617384,True
1466450536,66.9,64.24287986910785,64.24287986910785,True
1466450627,69.2,69.2,57.19129123399842,False
1466450723,69.2,74.56936841496389,74.56936841496389,True
1466450817,71.9,46.186927537913746,46.186927537913746,True
1466450900,74.1,74.1,63.88766370120102,False
1466450902,72.1,72.1,52.452338229636666,False
1466450971,72.1,72.1,36.694153523087,False
1466451016,72.3,53.39090450036245,53.39090450036245,True
1466451023,75.7,75.7,38.93982376750814,False
1466451073,75.7,75.7,72.48611281948234,False
1466451166,75.7,75.7,36.16430209516077,False
1466451231,75.7,35.66510643442282,35.66510643442282,True
1466451245,75.7,56.36425258613248,56.36425258613248,True
1466451293,75.1,57.034873126158146,57.034873126158146,True
1466451295,75.1,75.1,78.21109132063125,False
1466451378,75.1,57.48814899360601,57.48814899360601,True
1466451445,75.1,75.1,70.97249494715766,False
1466451508,77.0,77.0,36.20558570115928,False
1466451599,77.0,77.0,35.962420530722554,False
1466451686,77.0,77.0,59.74168390810097,False
1466451761,73.6,47.439861244976285,47.439861244976285,True
1466451857,73.6,38.67530657587866,38.67530657587866,True
1466451909,70.3,63.26967956016978,63.26967956016978,True
1466451919,70.3,70.3,53.85270642515073,False
1466452006,70.3,55.86551493741588,55.86551493741588,True
1466452035,70.3,50.495924314134975,50.495924314134975,True
1466452039,66.9,66.9,67.49492458684861,False
1466452104,66.9,66.9,76.76027229192795,False
1466452167,66.9,78.79884527282152,78.79884527282152,True
1466452238,66.9,66.9,50.34901791919819,False
1466452313,66.9,55.94345202832568,55.94345202832568,True
1466452339,64.2,38.89235400557312,38.89235400557312,True
1466452419,65.1,47.555393052454164,47.555393052454164,True
1466452424,65.1,79.27106591285288,79.27106591285288,True
1466452435,64.1,72.78704432662859,72.78704432662859,True
1466452531,64.0,64.0,61.85333419886075,False
1466452584,60.8,66.64737229688654,66.64737229688654,True
1466452625,60.8,68.93244106417163,68.93244106417163,True
1466452676,63.5,55.10912470842538,55.10912470842538,True
1466452752,63.5,63.5,64.3819370316035,False
1466452796,63.5,40.14945567656939,40.14945567656939,True
1466452825,63.5,51.40480069416482,51.40480069416482,True
1466452860,63.5,63.5,39.626525846563,False
1466452960,63.5,41.14540700499446,41.14540700499446,True
1466452979,63.5,63.5,58.060598053587114,False
1466453002,65.8,65.8,42.44548428676741,False
1466453016,63.0,39.698864158553924,39.698864158553924,True
1466453025,63.0,58.61206301646247,58.61206301646247,True
1466453089,63.0,61.3016527925503,61.3016527925503,True
1466453141,63.9,46.436610770043714,46.436610770043714,True
1466453154,63.9,54.58552488493029,54.58552488493029,True
1466453184,63.9,63.9,38.330905689614596,False
1466453202,64.7,64.7,46.36370098890275,False
1466453203,64.7,64.7,54.19348183909388,False
1466453222,64.7,64.7,71.11519896477517,False
1466453321,64.7,64.7,42.57440236660386,False
1466453379,64.3,44.89804857197184,44.89804857197184,True
1466453392,64.3,64.3,71.12599152890738,False
1466453422,65.5,65.5,49.00651019378644,False
1466453502,65.5,45.477482505309965,45.477482505309965,True
1466453518,64.7,47.9728226340267,47.9728226340267,True
1466453563,61.7,39.82575412830219,39.82575412830219,True
1466453604,61.7,78.81497887321802,78.81497887321802,True
1466453639,61.7,53.657770090234216,53.657770090234216,True
1466453705,61.7,55.9203775489639,55.9203775489639,True
1466453795,61.7,53.77217883814508,53.77217883814508,True
1466453816,61.9,45.64700413438739,45.64700413438739,True
1466453870,60.4,79.88265224484377,79.88265224484377,True
1466453910,57.9,50.11710367488705,50.11710367488705,True
1466454002,57.9,42.36338569091921,42.36338569091921,True
1466454051,57.9,42.75252050998033,42.75252050998033,True
1466454087,59.1,63.77261674661062,63.77261674661062,True
1466454129,59.1,59.1,42.1626106522671,False
1466454227,59.1,59.1,63.15688634084516,False
1466454259,59.1,59.1,77.85233090612189,False
1466454262,60.2,56.81279104682005,56.81279104682005,True
1466454298,56.9,51.48220641000318,51.48220641000318,True
1466454388,58.1,58.1,69.02023402187956,False
1466454399,58.1,48.26310107726178,48.26310107726178,True
1466454473,58.1,58.1,79.36300770438677,False
1466454529,58.1,63.745057088301564,63.745057088301564,True
1466454559,60.4,70.65795916165791,70.65795916165791,True
1466454648,60.4,48.78303057583727,48.78303057583727,True
1466454745,60.4,60.4,75.28663493659917,False
1466454763,60.4,60.4,47.30424444812799,False
1466454851,60.4,60.4,50.18662211887489,False
1466454936,60.4,60.4,63.91641958537048,False
1466454949,60.4,60.4,54.33557754904375,False
1466455032,63.6,63.6,76.75967927850553,False
1466455065,64.4,36.37987553916334,36.37987553916334,True
1466455119,64.3,64.3,42.76122302746255,False
1466455172,64.3,63.40897225006956,63.40897225006956,True
1466455196,64.3,64.3,77.40215977291658,False
1466455271,64.3,76.49245221027005,76.49245221027005,True
1466455357,64.3,64.3,60.36587482464637,False
1466455361,64.3,62.02524338594239,62.02524338594239,True
1466455394,64.3,49.419247059050406,49.419247059050406,True
1466455475,61.3,66.72730760403036,66.72730760403036,True
1466455497,61.3,43.895702299306265,43.895702299306265,True
1466455561,61.3,49.696804181578194,49.696804181578194,True
1466455575,61.3,61.3,59.13976936861949,False
1466455587,61.3,61.3,42.644961660805045,False
1466455651,61.3,61.3,62.952303518860376,False
1466455658,61.3,61.3,49.24637806163953,False
1466455732,61.3,61.3,72.21191206769414,False
1466455812,61.3,43.33081064405334,43.33081064405334,True
1466455910,61.3,61.3,68.25788990326777,False
1466455951,61.3,61.3,52.70147422241732,False
1466455999,61.3,61.3,39.50456891083033,False
1466456054,61.3,45.934364490432344,45.934364490432344,True
1466456058,61.3,54.47405593416618,54.47405593416618,True
1466456074,61.3,61.3,37.29249357482439,False
1466456088,59.6,37.71285677630195,37.71285677630195,True
1466456118,59.6,72.91245739683183,72.91245739683183,True
1466456218,59.6,59.6,57.44950864752127,False
1466456265,59.6,59.6,49.284950744105885,False
1466456270,56.6,73.53939706538007,73.53939706538007,True
1466456312,54.9,42.58864782908146,42.58864782908146,True
1466456346,52.5,48.840738415395315,48.840738415395315,True
1466456374,53.2,53.2,73.53830645128578,False
1466456406,50.8,69.0364640921081,69.0364640921081,True
1466456482,50.8,50.8,54.460393678298004,False
1466456512,50.8,50.8,51.39455428307565,False
1466456610,50.8,52.552304901145206,52.552304901145206,True
1466456683,50.8,74.95073447876773,74.95073447876773,True
1466456768,50.8,49.142818437791156,49.142818437791156,True
1466456856,50.8,50.8,45.96575581888188,False
1466456927,50.8,36.063582173252954,36.063582173252954,True
1466457014,51.5,51.5,50.66876967015274,False
1466457032,51.6,51.6,60.50563292772317,False
1466457067,51.6,51.6,78.15569816001793,False
1466457157,51.6,51.6,74.27827349690284,False
1466457215,50.6,50.6,54.10186558423172,False
1466457267,50.6,53.56483885215274,53.56483885215274,True
1466457357,50.6,61.50944967720784,61.50944967720784,True
1466457434,50.6,38.94429338874912,38.94429338874912,True
1466457487,53.4,53.4,45.405994868726296,False
1466457559,53.4,53.4,51.41955931053624,False
1466457603,54.4,78.80066758247564,78.80066758247564,True
1466457671,52.4,52.4,70.93902193325381,False
1466457713,51.0,51.0,79.55485613557664,False
1466457745,54.1,54.1,61.65792632207729,False
1466457782,51.4,51.672190559565436,51.672190559565436,True
1466457802,51.4,60.9791605990807,60.9791605990807,True
1466457817,51.4,51.4,64.01190888961253,False
1466457865,51.4,51.4,65.17993346027205,False
1466457884,54.6,51.97127802534284,51.97127802534284,True
1466457885,54.6,35.45907700732835,35.45907700732835,True
1466457917,54.6,74.30735251132324,74.30735251132324,True
1466457973,54.6,54.6,40.24923752230288,False
1466458045,54.6,54.6,49.92344617024017,False
1466458135,54.6,54.6,56.80973776602944,False
1466458151,54.6,72.78887166032641,72.78887166032641,True
1466458230,52.2,72.75654135841977,72.75654135841977,True
1466458324,52.2,52.2,79.20419793351374,False
1466458362,53.6,53.6,68.89415298304445,False
1466458438,53.6,65.61372659592504,65.61372659592504,True
1466458454,53.6,53.6,51.728009871668576,False
1466458496,53.6,63.25960061726127,63.25960061726127,True
1466458509,56.8,75.15065368766389,75.15065368766389,True
1466458580,56.0,76.77071205486973,76.77071205486973,True
1466458590,58.0,36.95831942834071,36.95831942834071,True
1466458626,58.9,58.9,78.7432456595491,False
1466458642,58.9,58.9,36.626252276300455,False
1466458665,58.1,58.1,57.34040018324845,False
1466458694,58.1,40.56106715070384,40.56106715070384,True
1466458762,58.1,46.676730176667746,46.676730176667746,True
1466458793,59.7,47.911029816622786,47.911029816622786,True
1466458824,59.7,59.7,72.48086680284874,False
1466458906,59.7,75.70711511314482,75.70711511314482,True
1466458982,59.7,70.31497262952948,70.31497262952948,True
1466459068,59.7,46.34495086931205,46.34495086931205,True
1466459159,59.7,67.8094985931726,67.8094985931726,True
1466459184,59.7,59.7,55.22265147374962,False
1466459273,59.7,59.7,35.164634164232616,False
1466459372,59.7,35.44395578423597,35.44395578423597,True
1466459415,59.7,42.45693411421397,42.45693411421397,True
1466459483,59.2,40.67867064156952,40.67867064156952,True
1466459504,59.2,59.2,50.870293111772014,False
1466459588,59.2,70.02635983663777,70.02635983663777,True
1466459595,59.2,35.903654353423256,35.903654353423256,True
1466459673,59.2,79.27957162962613,79.27957162962613,True
1466459726,59.2,46.12873668231589,46.12873668231589,True
1466459800,59.2,39.658470654732014,39.658470654732014,True
1466459857,59.1,59.1,68.88534894621188,False
1466459887,61.5,61.5,56.069775343699355,False
1466459913,61.5,71.83892317927177,71.83892317927177,True
1466459974,61.5,61.5,71.66310382262512,False
1466459995,61.5,61.5,47.06143666248739,False
1466460001,61.5,61.5,76.64255420767643,False
1466460054,61.6,61.6,53.310623025784764,False
1466460130,61.6,61.6,40.34662719507198,False
1466460215,61.8,61.8,55.52885544069885,False
1466460252,62.7,52.46648818652254,52.46648818652254,True
1466460272,65.5,55.12749430209878,55.12749430209878,True
1466460346,68.9,72.97269526114722,72.97269526114722,True
1466460440,67.7,67.7,56.51644262801042,False
1466460461,66.7,66.7,71.8473139696284,False
1466460528,66.7,63.37052546404514,63.37052546404514,True
1466460610,66.7,75.8405646040033,75.8405646040033,True
1466460630,63.6,42.36232975326125,42.36232975326125,True
1466460691,63.6,63.6,38.040808561797945,False
1466460706,63.7,38.2510731501335,38.2510731501335,True
1466460739,63.7,64.54075242585283,64.54075242585283,True
1466460765,63.7,62.407203176740964,62.407203176740964,True
1466460795,63.8,63.8,37.08309908641334,False
1466460877,63.8,63.8,60.751054320516936,False
1466460973,63.8,63.8,75.73641128873001,False
1466461009,62.5,47.55746812267462,47.55746812267462,True
1466461027,62.5,62.5,40.020934242749895,False
1466461032,61.0,54.665458126086506,54.665458126086506,True
1466461096,59.0,78.04374902008917,78.04374902008917,True
1466461169,59.0,46.07179090727067,46.07179090727067,True
1466461256,60.4,60.4,41.57801888947646,False
1466461351,60.4,76.69287678622479,76.69287678622479,True
1466461451,60.4,60.4,43.178266119710315,False
1466461531,60.4,60.4,45.981843277116155,False
1466461568,60.4,46.47481204650717,46.47481204650717,True
1466461583,60.4,75.29868122264422,75.29868122264422,True
1466461647,61.2,57.841894138536006,57.841894138536006,True
1466461703,64.6,36.800213978992524,36.800213978992524,True
1466461794,64.6,64.6,48.60939070731913,False
1466461813,64.6,52.12277350139131,52.12277350139131,True
1466461910,64.6,64.6,65.02409011737171,False
1466461988,62.9,62.9,65.12584832792243,False
1466462056,59.9,53.41413840439817,53.41413840439817,True
1466462101,59.9,52.42323577567402,52.42323577567402,True
1466462155,60.5,37.01685278925769,37.01685278925769,True
1466462215,60.5,60.5,55.36901970853819,False
1466462278,58.1,60.98528519850447,60.98528519850447,True
1466462368,58.1,58.1,42.05633380627613,False
1466462412,60.4,60.4,56.64335090078725,False
1466462512,60.4,60.4,74.77710345136188,False
1466462594,60.4,71.14462971187992,71.14462971187992,True
1466462671,60.4,71.68254678566271,71.68254678566271,True
1466462716,62.5,38.67018388417119,38.67018388417119,True
1466462746,62.5,45.25806693061056,45.25806693061056,True
1466462782,63.7,63.7,71.30448151415081,False
1466462820,63.7,63.7,79.81394046368152,False
1466462833,63.7,63.7,73.00152096081567,False
1466462842,63.7,74.1642133333935,74.1642133333935,True
1466462850,67.1,61.57002286290506,61.57002286290506,True
1466462941,70.0,53.18648352772291,53.18648352772291,True
1466463026,70.0,59.35513993049027,59.35513993049027,True
1466463117,70.0,60.307895026162214,60.307895026162214,True
1466463139,67.3,67.3,72.01418499624691,False
