1466410104,131.7,107.18278942543235,107.18278942543235,True
1466410114,121.5,103.8044464416257,103.8044464416257,True
1466410130,121.5,156.42028723973425,156.42028723973425,True
1466410181,121.5,153.51802282290458,153.51802282290458,True
1466410203,121.5,132.45951373654157,132.45951373654157,True
1466410250,114.5,114.5,110.81545517357381,False
1466410309,128.0,128.0,120.97639253455696,False
1466410397,123.3,107.4141166114191,107.4141166114191,True
1466410430,123.3,127.84637829472561,127.84637829472561,True
1466410469,123.3,117.34723825904459,117.34723825904459,True
1466410483,126.3,137.24856658436866,137.24856658436866,True
1466410498,138.5,138.5,104.90598613663548,False
1466410502,136.3,136.3,133.92830231572177,False
1466410532,123.1,123.1,144.18799246355755,False
1466410541,123.1,123.1,113.95921853435893,False
1466410573,123.9,123.9,128.76828629010646,False
1466410630,131.0,131.0,120.4300133335432,False
1466410653,131.0,103.1969791390552,103.1969791390552,True
1466410746,121.3,121.3,115.11830179407323,False
1466410814,118.1,118.1,110.69434441885092,False
1466410890,118.1,118.1,109.42581474327385,False
1466410902,118.1,118.1,143.65244701207826,False
1466410978,118.1,122.09886897759674,122.09886897759674,True
1466411008,122.7,122.7,140.71016560851137,False
1466411066,118.3,118.3,101.30212543210072,False
1466411094,118.3,102.37724045700077,102.37724045700077,True
1466411157,130.6,109.26435102314107,109.26435102314107,True
1466411223,144.8,144.8,106.94909482111892,False
1466411226,145.1,145.1,153.58888227008845,False
1466411272,156.2,156.2,150.06453585592936,False
1466411303,141.0,100.73676567245512,100.73676567245512,True
1466411318,143.4,143.4,158.6835934230222,False
1466411396,139.0,139.0,146.90857447197666,False
1466411493,141.0,154.43830252632006,154.43830252632006,True
1466411549,133.1,133.1,137.36321190901097,False
1466411560,142.6,142.6,117.26014111176744,False
1466411626,142.6,109.68290186217162,109.68290186217162,True
1466411723,142.8,116.22413547687196,116.22413547687196,True
1466411763,152.1,152.1,127.59288174615526,False
1466411785,152.1,117.54341662376433,117.54341662376433,True
1466411854,140.3,158.33804097540082,158.33804097540082,True
1466411889,150.5,150.5,107.8633060187257,False
1466411988,161.2,146.22999742534782,146.22999742534782,True
1466412022,161.2,161.2,151.39769673282734,False
1466412046,159.6,159.6,135.4779076982909,False
1466412076,163.1,121.39180322276553,121.39180322276553,True
1466412152,154.2,154.2,106.03801387893861,False
1466412181,156.9,156.9,145.72916737956322,False
1466412201,146.4,146.4,119.56354689179543,False
1466412260,146.4,146.4,132.7507802158201,False
1466412347,155.6,155.6,109.77899990445229,False
1466412360,142.0,142.0,138.0544349343194,False
1466412438,144.8,116.29356311421327,116.29356311421327,True
1466412521,159.9,159.9,127.0049373432962,False
1466412599,149.9,149.9,137.44639126060653,False
1466412639,151.4,151.4,110.71486818401543,False
1466412691,140.7,140.7,115.1729345172151,False
1466412747,140.7,105.1893434787929,105.1893434787929,True
1466412794,140.7,131.91631823517895,131.91631823517895,True
1466412819,140.7,158.39869718472644,158.39869718472644,True
1466412832,140.7,140.7,114.41347471048115,False
1466412874,140.7,147.53347215314858,147.53347215314858,True
1466412943,140.7,139.658581866257,139.658581866257,True
1466412971,126.3,108.25968289925012,108.25968289925012,True
1466412990,126.3,128.10479739556226,128.10479739556226,True
1466413028,126.3,126.3,157.98140885196358,False
1466413053,131.3,131.3,120.19581254177062,False
1466413125,123.1,131.88903450260838,131.88903450260838,True
1466413200,123.1,104.2559184867355,104.2559184867355,True
1466413264,122.2,120.82017851459833,120.82017851459833,True
1466413311,111.5,120.04516155682299,120.04516155682299,True
1466413342,121.5,121.5,128.23483410437527,False
1466413440,121.5,121.5,113.70935279669088,False
1466413458,122.7,158.56195896039085,158.56195896039085,True
1466413529,122.7,137.78169186610972,137.78169186610972,True
1466413542,109.5,109.5,155.3265859543996,False
1466413638,109.5,100.0110755256208,100.0110755256208,True
1466413672,115.2,115.2,152.8340617751055,False
1466413733,122.2,125.40047682547367,125.40047682547367,True
1466413779,130.2,114.7962772042548,114.7962772042548,True
1466413780,130.2,130.2,129.23357801944826,False
1466413864,130.2,114.7551780012241,114.7551780012241,True
1466413885,132.5,156.27455301575776,156.27455301575776,True
1466413946,132.5,132.5,147.2167007321048,False
1466414033,138.9,138.9,156.8149375945075,False
1466414071,138.9,139.91506538532005,139.91506538532005,True
1466414164,138.1,138.1,115.95301948756342,False
1466414225,124.8,124.8,152.27871685689988,False
1466414312,139.6,139.6,107.37063799707963,False
1466414325,139.6,158.44718352015238,158.44718352015238,True
1466414328,139.6,139.6,144.251549561125,False
1466414329,148.2,148.2,138.11570300197778,False
1466414402,162.9,133.25858595802035,133.25858595802035,True
1466414407,163.6,163.6,156.00251976749962,False
1466414413,163.9,163.9,136.971681791648,False
1466414460,163.9,163.9,132.18268841425925,False
1466414552,163.9,150.25956323303282,150.25956323303282,True
1466414602,156.2,156.2,140.82696601845208,False
1466414662,161.3,111.17172085554316,111.17172085554316,True
1466414746,153.4,153.4,138.3782783484176,False
1466414844,143.3,143.3,158.27024143714368,False
1466414943,147.3,147.3,130.99568401351792,False
1466414946,138.1,127.16839667710313,127.16839667710313,True
1466414966,137.4,147.94943876449295,147.94943876449295,True
1466415038,137.4,137.4,134.34341374866793,False
1466415106,141.3,157.15932437423348,157.15932437423348,True
1466415130,134.2,134.2,124.46946882077228,False
1466415145,130.9,130.9,148.2935689468535,False
1466415202,123.0,123.0,126.7924903069188,False
1466415239,123.0,107.76043751100534,107.76043751100534,True
1466415249,123.0,144.0987105818743,144.0987105818743,True
1466415308,124.0,126.0650741969065,126.0650741969065,True
1466415357,138.8,138.8,143.9200458769639,False
1466415404,138.8,146.9124632219561,146.9124632219561,True
1466415469,138.9,107.50953535861053,107.50953535861053,True
1466415548,145.5,140.50498430791157,140.50498430791157,True
1466415588,145.5,127.96114786661542,127.96114786661542,True
1466415627,144.4,156.4399985451006,156.4399985451006,True
1466415719,144.4,105.24183631666189,105.24183631666189,True
1466415767,144.4,104.58593753968123,104.58593753968123,True
1466415860,144.4,144.4,115.09703923212275,False
1466415872,155.8,155.8,128.43010972062814,False
1466415914,144.2,144.2,148.835099598572,False
1466415934,145.8,145.57449270878436,145.57449270878436,True
1466415988,143.0,139.7718843522489,139.7718843522489,True
1466416004,156.8,156.8,153.70749675458305,False
1466416050,156.8,144.36371818670534,144.36371818670534,True
1466416150,148.3,148.3,134.20172096434385,False
1466416161,148.3,140.55423516926624,140.55423516926624,True
1466416215,139.7,108.3886101200752,108.3886101200752,True
1466416315,128.9,128.9,157.9131198762399,False
1466416321,125.3,151.3064648344943,151.3064648344943,True
1466416393,125.3,125.3,129.8182909172498,False
1466416440,132.0,132.0,130.3097585793323,False
1466416510,121.5,121.5,137.0777963477193,False
1466416541,123.4,120.59641333219119,120.59641333219119,True
1466416631,123.4,153.27494067783564,153.27494067783564,True
1466416671,123.4,123.4,118.52821412895574,False
1466416725,108.5,142.74240732399898,142.74240732399898,True
1466416815,101.4,102.07251057467893,102.07251057467893,True
1466416867,112.5,138.49260880494313,138.49260880494313,True
1466416933,112.5,108.85878977196566,108.85878977196566,True
1466416963,119.3,119.3,113.97133995894777,False
1466417034,117.0,118.12948631371894,118.12948631371894,True
1466417069,117.0,117.0,129.52181633181527,False
1466417095,117.0,117.0,150.32047578678052,False
1466417123,116.8,121.25980346791458,121.25980346791458,True
1466417219,112.3,112.3,115.62749404120478,False
1466417228,112.3,112.3,138.65769646467635,False
1466417235,112.3,112.3,117.14384821311319,False
1466417266,112.3,146.64263823585185,146.64263823585185,True
1466417298,127.0,157.47800710176296,157.47800710176296,True
1466417382,127.0,127.0,121.9951297818509,False
1466417429,125.7,150.61608720368486,150.61608720368486,True
1466417434,125.7,125.7,145.5282103832222,False
1466417513,121.8,100.72775210178112,100.72775210178112,True
1466417598,121.8,121.8,111.20027293006999,False
1466417615,121.8,121.8,103.89801910419725,False
1466417654,126.4,117.4672797593643,117.4672797593643,True
1466417749,126.4,125.61615531964085,125.61615531964085,True
1466417763,126.4,126.4,153.50664285883815,False
1466417822,121.5,121.5,146.14295551554383,False
1466417851,121.5,121.5,101.20914113370631,False
1466417855,121.5,121.5,102.19608805277579,False
1466417879,121.5,152.89606648320517,152.89606648320517,True
1466417895,122.9,122.9,156.1585832645659,False
1466417969,127.4,127.4,150.9023025728036,False
1466418049,114.3,114.3,128.38033052338028,False
1466418118,106.5,115.10158380175453,115.10158380175453,True
1466418129,106.5,106.5,124.2181533637241,False
1466418179,108.0,155.75292170307824,155.75292170307824,True
1466418254,108.0,154.05281665209563,154.05281665209563,True
1466418332,99.5,99.5,123.51240156099233,False
1466418428,99.5,139.91397228146747,139.91397228146747,True
1466418494,100.9,100.9,100.37862288300876,False
1466418554,95.2,95.2,109.05219632420443,False
1466418563,105.9,112.11929839621232,112.11929839621232,True
1466418564,110.3,115.0854677876585,115.0854677876585,True
1466418594,106.4,128.25643052024589,128.25643052024589,True
1466418674,108.8,119.76036286385772,119.76036286385772,True
1466418748,99.7,99.7,152.6435963377701,False
1466418847,96.2,96.2,143.12881146149806,False
1466418877,102.7,102.7,125.94629676399921,False
1466418917,102.7,157.61162239034044,157.61162239034044,True
1466418938,111.1,111.1,101.889355009614,False
1466419031,103.5,103.5,131.2428771188638,False
1466419058,105.3,100.1484654006106,100.1484654006106,True
1466419104,106.8,106.8,138.77773694551428,False
1466419166,111.8,107.69490972284723,107.69490972284723,True
1466419261,103.7,142.16500543662409,142.16500543662409,True
1466419349,115.2,115.2,114.20985391312833,False
1466419442,111.6,119.19706882513326,119.19706882513326,True
1466419530,111.6,111.6,134.00942226756865,False
1466419595,111.6,111.6,110.49673194764844,False
1466419646,111.5,118.12943983702147,118.12943983702147,True
1466419737,111.5,111.5,136.84758259088625,False
1466419826,118.5,118.5,148.52576106450417,False
1466419880,118.5,118.5,125.08980590350363,False
1466419911,118.5,109.04340864149111,109.04340864149111,True
1466419938,118.5,102.58274594393987,102.58274594393987,True
1466420016,118.5,128.38986026107062,128.38986026107062,True
1466420019,106.8,106.8,113.56504524544577,False
1466420108,98.6,98.6,133.80134858429483,False
1466420205,98.6,98.6,155.73031357887638,False
1466420228,109.0,109.0,123.04453442528327,False
1466420257,109.0,136.17699774595727,136.17699774595727,True
1466420270,120.6,120.6,128.23419964962167,False
1466420296,106.4,106.4,112.2444701209322,False
1466420331,109.5,109.5,152.73826487870573,False
1466420407,119.5,119.5,113.94966980753277,False
1466420430,119.5,119.5,153.4172231276902,False
1466420453,119.5,145.12870261795928,145.12870261795928,True
1466420474,134.4,134.4,102.40254436557568,False
1466420566,134.4,134.4,114.25959108277512,False
1466420579,134.4,147.42139885505912,147.42139885505912,True
1466420618,129.4,129.4,107.14736933231664,False
1466420624,142.0,131.17201231248734,131.17201231248734,True
1466420643,142.0,108.66313070926414,108.66313070926414,True
1466420695,126.8,147.0136692569729,147.0136692569729,True
1466420788,137.6,120.12036032694562,120.12036032694562,True
1466420863,137.6,139.6426058158413,139.6426058158413,True
1466420947,137.6,137.6,156.3363408825339,False
1466421003,123.2,123.2,154.9677194944106,False
1466421032,134.5,131.0120687340076,131.0120687340076,True
1466421050,134.5,107.7780931173537,107.7780931173537,True
1466421116,138.7,113.32169439987922,113.32169439987922,True
1466421208,152.1,109.04041076643526,109.04041076643526,True
1466421234,152.1,110.83054319912867,110.83054319912867,True
1466421262,152.1,152.1,142.3611965717284,False
1466421353,152.1,142.92315034553633,142.92315034553633,True
1466421360,164.0,164.0,152.39967540902717,False
1466421392,164.0,164.0,146.60221523968013,False
1466421480,164.0,164.0,158.43530126230797,False
1466421530,153.7,136.56871971144432,136.56871971144432,True
1466421547,153.7,124.59376345483817,124.59376345483817,True
1466421591,153.7,144.47786907381607,144.47786907381607,True
1466421633,153.7,103.1764920321172,103.1764920321172,True
1466421636,153.7,129.31016145659845,129.31016145659845,True
1466421670,153.7,153.7724028481913,153.7724028481913,True
1466421695,155.0,150.5909095044803,150.5909095044803,True
1466421721,155.0,128.76391964644176,128.76391964644176,True
1466421804,149.2,113.18995509901784,113.18995509901784,True
1466421819,139.3,139.3,127.2573191229454,False
1466421862,139.3,113.51896496859591,113.51896496859591,True
1466421885,145.8,145.8,107.5049226627611,False
1466421936,148.5,132.33807898743135,132.33807898743135,True
1466422012,143.7,143.7,137.05033430637513,False
1466422044,143.7,143.7,132.2594084490703,False
1466422045,143.7,143.7,158.80308277736899,False
1466422137,143.7,116.47511453824026,116.47511453824026,True
1466422162,143.7,115.31296609467795,115.31296609467795,True
1466422189,151.2,125.79804202890142,125.79804202890142,True
1466422197,151.2,108.49476421901045,108.49476421901045,True
1466422264,136.8,136.8,158.57876305665684,False
1466422330,136.8,136.8,153.32469231384235,False
1466422378,151.6,151.6,120.25838953459069,False
1466422432,141.5,137.41283948460213,137.41283948460213,True
1466422488,141.5,141.5,146.80040911273312,False
1466422577,141.5,141.5,121.49965191683532,False
1466422628,147.1,147.1,100.59294698317845,False
1466422638,162.0,126.2740364762916,126.2740364762916,True
1466422666,162.0,139.53500526625987,139.53500526625987,True
1466422706,159.6,159.6,147.80073445232756,False
1466422731,159.7,159.7,136.7713491415934,False
1466422804,147.5,147.5,114.17289794624821,False
1466422866,150.5,144.06275106848716,144.06275106848716,True
1466422873,149.5,103.24773849782352,103.24773849782352,True
1466422895,156.0,125.08819346958069,125.08819346958069,True
1466422953,156.0,130.33884173526565,130.33884173526565,True
1466422973,156.0,138.98730417945458,138.98730417945458,True
1466423017,146.3,146.3,135.07579849266435,False
1466423051,137.7,147.516520034454,147.516520034454,True
1466423099,146.4,146.4,129.8453210615574,False
1466423150,152.3,129.66781499780402,129.66781499780402,True
1466423155,161.5,117.75139876252548,117.75139876252548,True
1466423168,158.8,158.8,130.33071588474988,False
1466423205,144.9,112.57552620507161,112.57552620507161,True
1466423275,159.3,122.96882392557177,122.96882392557177,True
1466423287,151.0,151.0,145.3336802532051,False
1466423336,137.8,124.31714225668354,124.31714225668354,True
1466423340,137.8,137.8,148.06269479651417,False
1466423355,147.6,147.6,135.10542571893018,False
1466423443,140.8,129.07576957235025,129.07576957235025,True
1466423499,140.8,140.8,104.33522215366538,False
1466423585,140.8,153.14421124344622,153.14421124344622,True
1466423612,151.5,126.60231191405752,126.60231191405752,True
1466423669,151.5,151.5,144.03398298230832,False
1466423705,151.5,154.86798353361004,154.86798353361004,True
1466423770,151.5,119.63272613643561,119.63272613643561,True
1466423844,145.7,145.7,118.25685481308702,False
1466423902,145.7,158.36087425297617,158.36087425297617,True
1466423913,145.7,145.7,146.46969355888865,False
1466423972,142.1,142.1,158.44874566875106,False
1466424014,142.8,100.6178415530458,100.6178415530458,True
1466424069,151.6,130.35299092861646,130.35299092861646,True
1466424154,151.6,141.91043061747416,141.91043061747416,True
1466424155,151.6,140.9782240650954,140.9782240650954,True
1466424169,163.4,108.0506560753418,108.0506560753418,True
1466424262,163.4,140.73470432780954,140.73470432780954,True
1466424339,149.8,129.37366916873728,129.37366916873728,True
1466424398,161.6,103.34306326123412,103.34306326123412,True
1466424497,161.6,161.6,144.50804447747262,False
1466424558,157.7,143.94723569675028,143.94723569675028,True
1466424613,157.7,157.7,140.4475897902073,False
1466424713,150.3,102.37409055159887,102.37409055159887,True
1466424804,150.3,102.70573267536608,102.70573267536608,True
1466424878,151.8,151.8,149.60814655894333,False
1466424924,151.8,155.73519953564661,155.73519953564661,True
1466425009,159.4,159.4,122.61200768085169,False
1466425106,146.1,146.1,130.02946800310008,False
1466425129,149.2,124.53075274672446,124.53075274672446,True
1466425179,151.1,151.1,134.27622196016767,False
1466425257,154.5,129.2032400729217,129.2032400729217,True
1466425262,156.6,156.6,149.39199945146555,False
1466425305,156.6,145.6650551226598,145.6650551226598,True
1466425331,156.6,121.57045284187393,121.57045284187393,True
1466425338,156.6,156.6,143.57620067747922,False
1466425377,156.6,156.6,132.06548954574674,False
1466425380,156.6,110.96717652076094,110.96717652076094,True
1466425417,147.1,147.1,127.11360705130686,False
1466425484,146.2,146.2,158.15376148360303,False
1466425517,135.8,135.8,153.95092835312323,False
1466425553,135.6,135.6,150.62178986282333,False
1466425640,135.6,135.6,153.14826409737267,False
1466425687,135.6,116.79545398116379,116.79545398116379,True
1466425711,139.2,139.2,153.10684084746106,False
1466425768,132.2,132.2,118.6062247483189,False
1466425811,144.6,144.6,111.55342633306574,False
1466425856,144.6,144.6,132.64813351513325,False
1466425869,157.3,113.53125644399128,113.53125644399128,True
1466425884,147.3,147.3,120.25785170271962,False
1466425962,147.3,147.3,149.4563992218595,False
1466425974,162.0,162.0,133.0225723410708,False
1466426016,159.4,159.4,102.25020302506938,False
1466426024,159.4,116.08781731270426,116.08781731270426,True
1466426034,147.6,129.21443665649772,129.21443665649772,True
1466426130,143.1,107.85663621741504,107.85663621741504,True
1466426189,143.1,133.35637397476583,133.35637397476583,True
1466426198,143.1,143.1,121.47604367687165,False
1466426280,152.0,152.0,133.40914394584482,False
1466426298,158.5,119.98869592846277,119.98869592846277,True
1466426380,150.2,150.2,122.60555492933936,False
1466426420,144.7,122.3698916547641,122.3698916547641,True
1466426509,149.2,149.2,134.16261585552573,False
1466426521,149.2,158.2392546480543,158.2392546480543,True
1466426535,149.2,117.09538761799114,117.09538761799114,True
1466426563,154.5,154.5,127.74009968346047,False
1466426620,154.5,154.5,112.41129107496249,False
1466426694,164.1,164.1,133.5226579673898,False
1466426764,164.1,119.9422368692388,119.9422368692388,True
1466426778,149.1,117.11221112969092,117.11221112969092,True
1466426866,149.1,100.14807974541324,100.14807974541324,True
1466426938,149.1,133.9390434375501,133.9390434375501,True
1466427022,140.0,140.0,118.36097840699807,False
1466427059,129.2,129.2,150.64439294397107,False
1466427125,114.4,114.4,147.81880349371175,False
1466427204,108.0,149.7666727731894,149.7666727731894,True
1466427240,114.2,114.2,116.61644035547388,False
1466427317,114.2,118.88866367369646,118.88866367369646,True
1466427319,106.4,106.4,117.73888052697218,False
1466427331,106.4,139.20573147912583,139.20573147912583,True
1466427425,96.7,96.7,107.51478178936428,False
1466427458,102.7,102.7,142.7864946693353,False
1466427495,112.3,128.8701441956631,128.8701441956631,True
1466427543,112.3,112.3,125.78405727158464,False
1466427625,112.3,112.3,147.25088274013186,False
1466427663,112.3,108.51026018228517,108.51026018228517,True
1466427672,120.6,120.6,112.54167250585635,False
1466427684,134.1,145.5848443371308,145.5848443371308,True
1466427739,127.7,127.7422394219177,127.7422394219177,True
1466427769,127.7,147.37338801351396,147.37338801351396,True
1466427775,127.7,127.7,148.51125951141165,False
1466427820,123.9,123.9,103.58736793639193,False
1466427837,113.7,113.7,158.02501457858358,False
1466427846,113.7,113.7,140.9328245142063,False
1466427904,113.7,140.91268842099007,140.91268842099007,True
1466427997,114.6,114.6,143.05702310907694,False
1466428027,118.3,100.08583148290522,100.08583148290522,True
1466428114,122.9,122.9,130.7134039943774,False
1466428212,122.9,121.32720623390597,121.32720623390597,True
1466428294,137.8,137.8,132.04932363530938,False
1466428321,148.7,148.7,147.07871617353345,False
1466428340,148.7,101.44615555923596,101.44615555923596,True
1466428378,148.7,148.7,153.65580203093916,False
1466428463,134.0,106.33273462233278,106.33273462233278,True
1466428551,130.9,130.9,117.4493158632103,False
1466428575,128.6,128.6,113.92836398876878,False
1466428593,140.6,115.46248244330815,115.46248244330815,True
1466428682,140.6,140.6,127.19277658734637,False
1466428699,140.6,142.19477538376862,142.19477538376862,True
1466428719,130.4,130.4,101.96788143305841,False
1466428819,130.4,130.4,155.23897732479156,False
1466428850,133.9,133.9,138.78234785950133,False
1466428884,136.4,157.5708484437501,157.5708484437501,True
1466428973,138.2,150.94113666646797,150.94113666646797,True
1466429006,136.9,136.9,120.47567402873139,False
1466429026,151.4,142.04324564121592,142.04324564121592,True
1466429066,151.4,151.4,122.97227785554188,False
1466429072,162.9,162.9,129.97265870157122,False
1466429103,149.7,128.16274132381017,128.16274132381017,True
1466429110,149.7,112.18844072260246,112.18844072260246,True
1466429123,157.7,106.73745572078417,106.73745572078417,True
1466429168,159.9,159.9,155.13257563218374,False
1466429182,159.9,107.65003315664723,107.65003315664723,True
1466429184,159.9,151.60607635889764,151.60607635889764,True
1466429197,157.3,107.85171820790448,107.85171820790448,True
1466429280,152.1,152.1,136.7351875549474,False
1466429378,145.1,145.1,120.72504199551018,False
1466429450,140.0,140.0,106.52155619339587,False
1466429455,149.8,106.50271448701278,106.50271448701278,True
1466429510,149.8,103.18137148951327,103.18137148951327,True
1466429565,139.8,139.8,103.79189712938593,False
1466429566,143.6,143.6,100.10640871063046,False
1466429592,143.6,143.6,158.5758974065388,False
1466429623,144.8,144.8,105.92122189110765,False
1466429691,145.9,145.9,149.09551780261754,False
1466429733,145.9,145.9,153.23855413216927,False
1466429803,145.9,142.26978792075124,142.26978792075124,True
1466429832,148.0,112.37120121807993,112.37120121807993,True
1466429905,148.0,148.0,141.2916917197213,False
1466429997,148.0,148.0,118.2007701723634,False
1466430050,148.0,138.21630188955706,138.21630188955706,True
1466430088,157.1,105.7887118296855,105.7887118296855,True
1466430174,147.8,147.8,106.49116432870919,False
1466430247,146.7,146.7,130.83126847891023,False
1466430344,146.7,146.7,111.01721014070701,False
1466430375,161.9,161.9,109.71444404369123,False
1466430400,161.9,161.9,154.6932994655518,False
1466430457,161.9,128.07831395889275,128.07831395889275,True
1466430483,151.7,151.7,139.61406928730662,False
1466430517,157.1,101.68152360478706,101.68152360478706,True
1466430524,157.1,107.13697880145958,107.13697880145958,True
1466430592,157.1,157.1,132.25680350533497,False
1466430616,150.3,150.3,132.00162274664092,False
1466430631,150.3,136.31614042169082,136.31614042169082,True
1466430680,150.3,150.3,141.4892296390743,False
1466430734,159.0,127.7772139436101,127.7772139436101,True
1466430790,152.3,152.3,143.38775700209496,False
1466430815,160.6,155.4875034358095,155.4875034358095,True
1466430895,160.6,126.75646883328498,126.75646883328498,True
1466430916,160.6,160.6,126.06265327070284,False
1466430929,160.6,128.82483107492519,128.82483107492519,True
1466430936,160.6,150.08189154313098,150.08189154313098,True
1466431009,152.1,152.1,150.3980570270387,False
1466431036,152.1,152.1,148.2759122206141,False
1466431055,141.8,147.9002556535443,147.9002556535443,True
1466431145,134.7,122.54472180541495,122.54472180541495,True
1466431218,139.2,112.00380289853746,112.00380289853746,True
1466431290,139.2,139.2,100.51263704935127,False
1466431324,146.8,146.8,144.5994581426162,False
1466431400,149.4,149.4,145.26452014533703,False
1466431450,137.3,137.3,118.99278308815386,False
1466431526,137.3,137.3,104.70622087068833,False
1466431589,141.7,141.7,116.54449800419754,False
1466431661,146.1,146.1,116.02422487018927,False
1466431760,146.1,146.1,151.0561780659791,False
1466431796,146.1,103.16515472569209,103.16515472569209,True
1466431848,145.0,141.02536620669264,141.02536620669264,True
1466431879,137.8,106.04105525397081,106.04105525397081,True
1466431954,140.7,140.7,139.68563132802143,False
1466431958,135.7,135.7,142.02427118318872,False
1466432002,149.0,119.56618637461887,119.56618637461887,True
1466432101,145.3,120.28140193967769,120.28140193967769,True
1466432177,160.3,160.3,149.9003564864625,False
1466432194,145.1,101.73770695149085,101.73770695149085,True
1466432237,145.1,145.1,157.8544529851261,False
1466432280,144.2,123.14054980114685,123.14054980114685,True
1466432373,144.2,137.23952781611914,137.23952781611914,True
1466432389,144.2,115.78617133734161,115.78617133734161,True
1466432415,135.7,135.7,130.00873446948995,False
1466432417,135.7,122.1991912801867,122.1991912801867,True
1466432506,133.4,133.4,104.58569726064678,False
1466432569,133.4,133.4,102.72533785715106,False
1466432577,133.4,133.4,125.38788473956365,False
1466432670,133.4,141.6456620439775,141.6456620439775,True
1466432706,133.4,133.4,120.35609298639504,False
1466432804,138.1,147.8149780920395,147.8149780920395,True
1466432853,138.1,147.95000146614802,147.95000146614802,True
1466432947,138.1,138.1,158.19018768586744,False
1466433040,134.7,134.7,126.12767328357205,False
1466433128,147.8,147.8,146.2264364859504,False
1466433145,147.8,147.8,113.06124308772071,False
1466433195,141.3,146.15305867206985,146.15305867206985,True
1466433289,141.3,141.3,138.29474845543606,False
1466433375,129.4,129.9199975665453,129.9199975665453,True
1466433427,129.4,113.54530816286547,113.54530816286547,True
1466433478,129.4,157.83615669248744,157.83615669248744,True
1466433517,117.1,158.28704146538965,158.28704146538965,True
1466433615,117.1,117.1,117.30639209067687,False
1466433672,117.7,143.51600231291465,143.51600231291465,True
1466433762,108.6,143.24770241394134,143.24770241394134,True
1466433809,116.4,116.4,128.35458685815524,False
1466433873,127.2,127.2,109.26005723287977,False
1466433910,114.8,114.8,156.28766126014452,False
1466433994,112.2,112.2,143.76982624717112,False
1466434003,108.6,108.6,134.76078397351472,False
1466434045,108.6,121.4500617252933,121.4500617252933,True
1466434096,115.3,120.96145203241308,120.96145203241308,True
1466434173,113.9,113.9,100.03586994887928,False
1466434199,111.7,111.7,123.12138234895686,False
1466434224,104.1,100.25704263246674,100.25704263246674,True
1466434308,104.1,151.29587940276224,151.29587940276224,True
1466434359,104.1,156.2015322591724,156.2015322591724,True
1466434371,107.5,107.5,131.88738017482655,False
1466434457,107.5,111.55947052003701,111.55947052003701,True
1466434498,97.0,142.13063266048022,142.13063266048022,True
1466434552,111.0,111.0,106.4397777595649,False
1466434622,111.0,129.18813970378585,129.18813970378585,True
1466434691,117.5,117.5,136.9221103332734,False
1466434718,108.1,119.23086312074769,119.23086312074769,True
1466434727,104.4,145.03103111915743,145.03103111915743,True
1466434815,111.0,120.76616879652587,120.76616879652587,True
1466434892,111.0,145.3605803075111,145.3605803075111,True
1466434915,117.2,117.2,117.32302742872713,False
1466434946,104.2,104.2,146.74814557199173,False
1466434988,99.0,126.73959832803635,126.73959832803635,True
1466435020,99.0,99.0,140.6011566838931,False
1466435090,110.3,110.3,126.83038852771796,False
1466435099,110.3,120.88980038127046,120.88980038127046,True
1466435145,106.5,106.5,124.07857658359231,False
1466435186,113.3,113.3,107.93130482773732,False
1466435246,113.3,153.70832972392978,153.70832972392978,True
1466435284,113.3,117.93250079363705,117.93250079363705,True
1466435327,98.5,98.5,145.09317231318954,False
1466435369,95.9,95.9,130.81647775821557,False
1466435408,97.2,97.2,145.95398691109645,False
1466435468,108.4,127.55643225227911,127.55643225227911,True
1466435486,99.9,99.9,107.84271488514821,False
1466435555,110.2,110.2,138.92310841540487,False
1466435624,106.0,106.0,126.99909263498579,False
1466435659,106.0,123.9009337748194,123.9009337748194,True
1466435682,95.3,151.9673930816323,151.9673930816323,True
1466435712,97.7,97.7,104.53392207753593,False
1466435794,106.6,106.6,156.50825764202273,False
1466435878,118.3,118.3,132.92681616864473,False
1466435904,132.8,103.7649352972904,103.7649352972904,True
1466435971,132.8,132.8,154.83102514993936,False
1466436041,132.8,132.8,138.05393671853204,False
1466436059,138.8,138.8,102.14847993730649,False
1466436093,138.8,127.138508586938,127.138508586938,True
1466436178,150.0,140.37984734211255,140.37984734211255,True
1466436230,143.5,143.5,143.8231330980958,False
1466436280,143.5,126.45786057581726,126.45786057581726,True
1466436332,143.5,118.79735338925009,118.79735338925009,True
1466436333,150.2,150.2,144.0845345396446,False
1466436431,150.2,150.2,120.12105603259059,False
1466436520,140.8,126.60343875988177,126.60343875988177,True
1466436572,140.8,105.10402243323468,105.10402243323468,True
1466436647,129.0,149.64139326049954,149.64139326049954,True
1466436655,129.0,129.0,129.84949433320043,False
1466436727,116.6,100.29274907109162,100.29274907109162,True
1466436793,128.3,124.71566211484897,124.71566211484897,True
1466436879,113.3,113.3,103.07159834101242,False
1466436880,113.3,113.3,143.37125658331016,False
1466436939,113.3,136.6621696499378,136.6621696499378,True
1466437015,108.2,140.54920861812815,140.54920861812815,True
1466437048,106.2,153.4830323664481,153.4830323664481,True
1466437088,106.2,106.2,151.57330711955336,False
1466437105,118.4,119.24275267982776,119.24275267982776,True
1466437122,124.7,157.21876274749414,157.21876274749414,True
1466437160,118.8,118.8,154.6275508915141,False
1466437232,118.8,118.52563444716233,118.52563444716233,True
1466437321,118.8,149.9018136363262,149.9018136363262,True
1466437335,111.1,111.1,120.11609229019193,False
1466437358,111.7,109.14647316647323,109.14647316647323,True
1466437441,111.7,111.7,109.4949468875779,False
1466437480,111.7,128.911988461967,128.911988461967,True
1466437561,122.9,133.77806581072713,133.77806581072713,True
1466437653,135.8,153.00626552925857,153.00626552925857,True
1466437709,124.9,141.43412761586265,141.43412761586265,True
1466437798,109.9,109.9,130.20974151472598,False
1466437869,123.6,136.56084614164723,136.56084614164723,True
1466437952,123.6,123.6,156.09843488568757,False
1466438037,123.6,123.6,115.21352285223294,False
1466438054,123.6,123.6,107.66697057049963,False
1466438056,123.6,123.6,112.3064878209453,False
1466438136,123.6,123.6,111.58715114395297,False
1466438234,123.6,123.6,105.88184291454189,False
1466438261,123.6,117.65368241116633,117.65368241116633,True
1466438348,123.6,123.6,123.92963940529833,False
1466438407,114.6,100.41244611786861,100.41244611786861,True
1466438422,114.6,107.374712536279,107.374712536279,True
1466438476,113.6,146.19872823007412,146.19872823007412,True
1466438571,118.6,118.6,127.72405955874034,False
1466438612,104.3,112.24861634013702,112.24861634013702,True
1466438620,116.8,116.8,111.65297127163905,False
1466438698,113.6,113.6,130.58859997541754,False
1466438747,119.9,119.9,120.48809604006007,False
1466438795,129.2,100.65645061469709,100.65645061469709,True
1466438810,129.5,124.9960984700644,124.9960984700644,True
1466438888,119.8,121.59510204759057,121.59510204759057,True
1466438975,119.8,158.16002436170393,158.16002436170393,True
1466439000,119.8,119.8,139.14166871375892,False
1466439092,129.5,122.87058699811824,122.87058699811824,True
1466439150,129.5,124.23637549828145,124.23637549828145,True
1466439229,128.9,103.57135516155239,103.57135516155239,True
1466439279,129.7,129.7,140.29174362717634,False
1466439328,133.2,133.2,102.72317652693745,False
1466439351,147.9,147.9,125.13933471299745,False
1466439447,134.9,134.9,151.03641296644724,False
1466439466,124.4,129.53996965169694,129.53996965169694,True
1466439480,139.4,103.06172291425875,103.06172291425875,True
1466439560,139.4,150.47656953332697,150.47656953332697,True
1466439600,139.4,147.02224495290986,147.02224495290986,True
1466439645,150.8,150.8,121.16196583616968,False
1466439729,149.6,149.6,151.56234177677098,False
1466439772,163.2,140.3958937079439,140.3958937079439,True
1466439827,163.2,163.2,115.9651180625385,False
1466439849,156.6,156.7459386531292,156.7459386531292,True
1466439910,160.1,160.1,141.7747109702056,False
1466439990,163.1,163.1,102.40341398419712,False
1466440005,163.1,106.51364565502152,106.51364565502152,True
1466440006,163.1,155.35606305593322,155.35606305593322,True
1466440045,163.1,163.1,133.3490574850852,False
1466440066,159.9,100.45517532744337,100.45517532744337,True
1466440154,145.5,145.5,116.2218930317364,False
1466440214,145.5,145.5,105.14979380556204,False
1466440226,130.7,130.7,146.7306104534914,False
1466440304,143.6,143.6,103.8221036715936,False
1466440385,130.7,130.7,151.57474510387078,False
1466440451,130.7,106.32610161305196,106.32610161305196,True
1466440521,130.7,116.64792855701391,116.64792855701391,True
1466440581,132.3,132.3,124.68191629467978,False
1466440674,134.6,134.6,115.31019643628608,False
1466440727,136.8,136.8,146.78731638912623,False
1466440821,123.4,123.4,135.34652374314288,False
1466440827,123.4,110.87978869198466,110.87978869198466,True
1466440897,123.4,153.60618124239397,153.60618124239397,True
1466440923,123.4,128.28162114681936,128.28162114681936,True
1466441012,126.3,104.74015916153073,104.74015916153073,True
1466441049,120.9,108.28629720860638,108.28629720860638,True
1466441147,120.9,147.96099146268784,147.96099146268784,True
1466441213,120.9,120.9,102.42508714431357,False
1466441311,120.9,156.90586434088308,156.90586434088308,True
1466441318,134.9,134.9,145.73584123383745,False
1466441418,130.3,108.10250136761704,108.10250136761704,True
1466441510,132.5,142.98548036484323,142.98548036484323,True
1466441541,140.8,122.49441084241471,122.49441084241471,True
1466441579,128.7,138.54756148327186,138.54756148327186,True
1466441630,134.1,124.1571755153108,124.1571755153108,True
1466441714,134.6,134.6,103.39516552632881,False
1466441724,119.4,123.85627596413957,123.85627596413957,True
1466441741,126.6,126.6,152.08481001173166,False
1466441822,141.8,141.8,138.16241830306333,False
1466441883,141.8,141.8,119.66656196199665,False
1466441934,151.3,127.04251472344922,127.04251472344922,True
1466441947,151.3,151.3,102.47933810848984,False
1466442046,151.2,122.221627115119,122.221627115119,True
1466442137,151.2,125.71325954379061,125.71325954379061,True
1466442175,148.7,107.69218351258151,107.69218351258151,True
1466442216,139.5,111.01790921683592,111.01790921683592,True
1466442284,138.4,138.4,105.75928808559114,False
1466442332,138.4,122.07811378654421,122.07811378654421,True
1466442358,138.4,140.75925176595334,140.75925176595334,True
1466442362,144.1,148.2168567876033,148.2168567876033,True
1466442439,144.1,144.1,129.93922115683802,False
1466442490,146.3,146.3,131.70242695177336,False
1466442498,158.4,158.4,100.99503508856534,False
1466442508,158.4,158.4,155.36253147805834,False
1466442518,158.4,121.04304697221963,121.04304697221963,True
1466442556,154.1,123.23213488001068,123.23213488001068,True
1466442656,156.4,112.35382318273274,112.35382318273274,True
1466442662,159.3,114.04977296203296,114.04977296203296,True
1466442703,157.0,106.22118617000302,106.22118617000302,True
1466442768,148.5,148.5,105.86055150384085,False
1466442788,154.3,105.07828488662147,105.07828488662147,True
1466442886,149.7,111.57167768646973,111.57167768646973,True
1466442980,149.9,141.9642798354995,141.9642798354995,True
1466443000,157.2,107.56817408875735,107.56817408875735,True
1466443029,155.7,142.25692230981468,142.25692230981468,True
1466443038,159.0,159.0,103.14049058287061,False
1466443089,159.0,115.4181888119755,115.4181888119755,True
1466443162,150.4,150.4,122.78283026116043,False
1466443201,150.4,127.60056435283511,127.60056435283511,True
1466443219,160.2,160.2,108.30454503828798,False
1466443263,160.2,160.2,104.87965637588638,False
1466443350,156.2,156.2,138.3109835772882,False
1466443373,142.3,125.18031467109331,125.18031467109331,True
1466443392,138.9,138.9,132.59706570251583,False
1466443402,142.6,144.1666795877247,144.1666795877247,True
1466443486,142.6,134.65989479923638,134.65989479923638,True
1466443511,149.0,149.0,104.7886567847712,False
1466443584,149.0,114.43146294819141,114.43146294819141,True
1466443677,151.3,131.4550821507642,131.4550821507642,True
1466443725,151.3,151.3,124.67123916559953,False
1466443727,151.3,136.36579679215163,136.36579679215163,True
1466443750,151.3,127.81672845059792,127.81672845059792,True
1466443761,151.3,151.3,143.222574502954,False
1466443808,151.3,111.45697141215763,111.45697141215763,True
1466443861,161.6,161.6,148.8562638128565,False
1466443929,161.6,161.6,138.66688638814844,False
1466443986,161.6,161.6,104.49925722851215,False
1466444043,161.6,158.94636214440536,158.94636214440536,True
1466444110,161.4,161.4,138.5163422953567,False
1466444192,151.6,151.6,117.94457289314839,False
1466444287,147.7,147.7,111.75253814166601,False
1466444294,145.1,145.1,158.13724702281726,False
1466444366,154.9,124.54266695440401,124.54266695440401,True
1466444466,154.9,128.65003437597773,128.65003437597773,True
1466444505,154.9,131.94247282740415,131.94247282740415,True
1466444556,143.4,130.99106102299504,130.99106102299504,True
1466444624,148.2,100.50578183543428,100.50578183543428,True
1466444663,161.0,116.86283692760355,116.86283692760355,True
1466444685,161.0,161.0,123.07990485793832,False
1466444756,161.0,161.0,139.6718469034128,False
1466444781,160.4,131.52365843050507,131.52365843050507,True
1466444840,154.7,154.7,144.113357907926,False
1466444854,153.2,153.2,133.53310575200794,False
1466444860,153.2,139.3842364583416,139.3842364583416,True
1466444959,162.8,162.8,153.71916470077508,False
1466445058,147.9,147.9,149.73610193258668,False
1466445107,133.2,113.78153842832482,113.78153842832482,True
1466445165,133.2,128.9376118446071,128.9376118446071,True
1466445170,134.8,104.28447872508238,104.28447872508238,True
1466445173,134.8,138.8977306466725,138.8977306466725,True
1466445247,127.8,127.8,145.38282295569152,False
1466445305,127.8,127.8,109.07008757590971,False
1466445333,127.8,127.8,106.9171133737922,False
1466445356,127.8,127.8,148.847920597608,False
1466445430,127.8,127.8,122.54325115913574,False
1466445491,121.0,121.0,104.22732325181838,False
1466445497,110.1,152.36082617683587,152.36082617683587,True
1466445514,110.1,110.1,154.56553954995155,False
1466445549,105.3,105.3,150.57475641756304,False
1466445640,113.4,122.39666432560833,122.39666432560833,True
1466445648,113.4,142.07906560576345,142.07906560576345,True
1466445739,106.0,136.06718392648634,136.06718392648634,True
1466445814,106.0,116.26459697053312,116.26459697053312,True
1466445879,98.9,154.29014841755293,154.29014841755293,True
1466445909,103.3,111.56198429145786,111.56198429145786,True
1466445965,103.3,131.68874023351648,131.68874023351648,True
1466446021,103.3,103.3,117.056666306534,False
1466446045,103.3,109.9473650229495,109.9473650229495,True
1466446071,103.3,148.5849210149395,148.5849210149395,True
1466446120,103.3,106.10171138426028,106.10171138426028,True
1466446168,107.4,107.4,144.55148314599813,False
1466446253,98.7,135.5874304424496,135.5874304424496,True
1466446302,101.7,101.7,148.7378846614481,False
1466446389,97.9,105.5817940764327,105.5817940764327,True
1466446404,96.3,96.3,134.98792520682807,False
1466446494,110.7,110.7,118.57639901006743,False
1466446594,110.7,110.7,151.99383160503612,False
1466446643,123.8,123.8,124.11236896068762,False
1466446669,125.6,125.6,139.3631558273711,False
1466446690,113.2,113.2,112.87436957631505,False
1466446735,108.1,150.52251995678523,150.52251995678523,True
1466446766,119.3,104.63218638483698,104.63218638483698,True
1466446852,131.3,143.10240975416735,143.10240975416735,True
1466446902,130.3,149.32987658209487,149.32987658209487,True
1466446945,130.3,130.3,102.39840949865781,False
1466446987,117.1,117.1,106.31766583142492,False
1466447036,124.9,140.96905736706623,140.96905736706623,True
1466447112,124.9,103.02453055158922,103.02453055158922,True
1466447129,117.2,117.2,124.63263147283912,False
1466447189,121.2,121.2,150.92426566594136,False
1466447224,109.9,134.16334678670844,134.16334678670844,True
1466447270,120.7,134.37891967119202,134.37891967119202,True
1466447272,120.7,104.19364038259715,104.19364038259715,True
1466447348,131.6,113.98462035651274,113.98462035651274,True
1466447359,131.6,131.6,111.28585391584443,False
1466447388,129.3,104.34084829841143,104.34084829841143,True
1466447390,138.2,138.2,122.3569016436208,False
1466447425,138.2,138.2,146.85051488114962,False
1466447463,147.8,147.8,110.0063501831192,False
1466447485,147.8,147.8,156.45236827168483,False
1466447545,147.8,153.39972402404484,153.39972402404484,True
1466447553,147.8,147.8,151.62502739081157,False
1466447554,147.8,114.07490309224772,114.07490309224772,True
1466447573,147.8,138.47138594080172,138.47138594080172,True
1466447634,147.8,147.8,118.84677141007347,False
1466447695,147.8,117.3733861774786,117.3733861774786,True
1466447762,147.0,116.03984181628144,116.03984181628144,True
1466447844,147.0,118.60277305536184,118.60277305536184,True
1466447885,147.0,147.0,116.22862688095303,False
1466447943,147.0,155.9101948140918,155.9101948140918,True
1466447956,152.6,152.6,117.62437962653243,False
1466448041,144.8,144.8,158.86475458214414,False
1466448140,144.8,129.8657153073433,129.8657153073433,True
1466448215,144.8,144.8,127.48486396796781,False
1466448270,144.8,141.63102294868378,141.63102294868378,True
1466448302,144.8,144.8,128.49030476018945,False
1466448368,139.1,131.20736173557248,131.20736173557248,True
1466448422,139.1,101.56538531448842,101.56538531448842,True
1466448517,150.4,150.4,146.10530811467243,False
1466448614,142.0,105.14977902625364,105.14977902625364,True
1466448701,144.8,144.8,158.9984247463505,False
1466448743,144.8,148.6585723132005,148.6585723132005,True
1466448805,144.8,119.9565699557129,119.9565699557129,True
1466448844,144.8,144.8,117.84334122707416,False
1466448896,152.1,120.31619394169402,120.31619394169402,True
1466448984,145.6,148.04853367284514,148.04853367284514,True
1466449031,145.6,145.6,142.44744877583486,False
1466449045,145.6,145.6,119.9358231831718,False
1466449099,153.9,153.9,132.579300487037,False
1466449171,153.9,153.9,103.97707609509935,False
1466449261,153.9,128.46010211172947,128.46010211172947,True
1466449280,153.9,153.9,123.60978055944972,False
1466449359,156.6,156.6,130.84053521973883,False
1466449442,156.6,156.6,113.63552349480096,False
1466449496,142.0,142.0,157.60281237688486,False
1466449537,142.0,142.0,103.05116683387826,False
1466449555,136.6,155.02005568611153,155.02005568611153,True
1466449629,137.5,137.5,146.07945946781828,False
1466449635,137.5,143.57670411880656,143.57670411880656,True
1466449721,139.4,139.4,143.43062545878632,False
1466449772,139.4,101.70710055736262,101.70710055736262,True
1466449872,139.4,146.61565425358765,146.61565425358765,True
1466449873,139.4,139.4,121.44097922405152,False
1466449884,148.1,148.1,151.2332915689406,False
1466449937,142.4,101.84622468956104,101.84622468956104,True
1466449953,138.9,152.423189871057,152.423189871057,True
1466449959,124.6,104.05722438246954,104.05722438246954,True
1466449961,124.6,124.6,124.90620983788324,False
1466450018,124.6,124.6,157.60630883299908,False
1466450075,124.6,124.6,135.04857771183742,False
1466450150,124.6,124.6,153.89247026999945,False
1466450177,134.1,134.1,154.0972743738774,False
1466450255,134.1,116.5134635064763,116.5134635064763,True
1466450343,144.5,142.8242345710051,142.8242345710051,True
1466450348,144.5,109.54238220051806,109.54238220051806,True
1466450401,147.0,147.0,142.43583524271233,False
1466450433,141.5,122.94514185828703,122.94514185828703,True
1466450507,139.1,121.84956519065133,121.84956519065133,True
1466450536,139.1,139.1,105.08381826849052,False
1466450627,141.7,141.7,112.95951392948575,False
1466450723,132.6,132.6,137.5652756386872,False
1466450817,132.6,118.37577664889568,118.37577664889568,True
1466450900,132.6,132.6,109.90421014612504,False
1466450902,143.8,147.73706367924285,147.73706367924285,True
1466450971,143.8,154.57476828580118,154.57476828580118,True
1466451016,143.7,143.7,109.17345669694006,False
1466451023,146.1,136.246575477008,136.246575477008,True
1466451073,146.1,146.1,117.15610460618652,False
1466451166,139.5,139.5,130.09117416512214,False
1466451231,139.5,139.5,156.2770430911236,False
1466451245,139.5,139.5,102.6804889016083,False
1466451293,151.1,121.00441362651989,121.00441362651989,True
1466451295,159.4,127.20046063301913,127.20046063301913,True
1466451378,145.0,145.0,106.69244454939425,False
1466451445,136.2,104.31653912951867,104.31653912951867,True
1466451508,136.2,105.3745346658267,105.3745346658267,True
1466451599,150.1,150.1,141.9763364573344,False
1466451686,150.1,143.37354403207348,143.37354403207348,True
1466451761,140.7,147.73504435845402,147.73504435845402,True
1466451857,140.7,106.09365654338367,106.09365654338367,True
1466451909,137.0,128.52776822445222,128.52776822445222,True
1466451919,137.0,137.0,121.78767773325602,False
1466452006,144.9,144.9,120.70990939258066,False
1466452035,136.0,133.72681249050063,133.72681249050063,True
1466452039,124.4,147.42539772483354,147.42539772483354,True
1466452104,124.4,110.48632636969032,110.48632636969032,True
1466452167,124.4,127.11653802448775,127.11653802448775,True
1466452238,124.4,128.47041223854177,128.47041223854177,True
1466452313,124.4,124.4,100.71562885390983,False
1466452339,124.4,124.4,156.25612323491828,False
1466452419,124.4,124.4,149.14409312071876,False
1466452424,125.3,125.3,139.81389829190056,False
1466452435,119.8,131.04129744981267,131.04129744981267,True
1466452531,119.8,119.8,146.12517871421164,False
1466452584,123.8,123.8,156.32029766242513,False
1466452625,123.8,106.42013407265357,106.42013407265357,True
1466452676,115.3,110.19543524983648,110.19543524983648,True
1466452752,115.3,115.3,126.24408876753824,False
1466452796,107.5,107.5,155.12580491027995,False
1466452825,102.4,125.04452078233142,125.04452078233142,True
1466452860,102.4,135.8681225765841,135.8681225765841,True
1466452960,102.4,102.4,155.39035643518412,False
1466452979,114.1,130.31404259022986,130.31404259022986,True
1466453002,114.1,112.59688627614902,112.59688627614902,True
1466453016,106.7,106.7,128.35411643929453,False
1466453025,106.7,141.1894217936679,141.1894217936679,True
1466453089,106.2,106.2,130.2989792666464,False
1466453141,106.1,106.1,139.42369097462552,False
1466453154,119.4,119.4,127.28480440663641,False
1466453184,119.4,119.4,119.9512512217228,False
1466453202,119.4,119.4,100.54645980657926,False
1466453203,111.6,100.08347242525956,100.08347242525956,True
1466453222,118.5,152.1290868262047,152.1290868262047,True
1466453321,104.0,108.67875050411416,108.67875050411416,True
1466453379,115.8,129.5517401422866,129.5517401422866,True
1466453392,115.0,155.658188325565,155.658188325565,True
1466453422,115.0,115.0,137.22916117587397,False
1466453502,119.2,152.72599351103605,152.72599351103605,True
1466453518,106.2,106.2,143.78807253662134,False
1466453563,111.6,113.59078925477586,113.59078925477586,True
1466453604,111.6,111.6,137.76222096303752,False
1466453639,100.9,106.28862109327152,106.28862109327152,True
1466453705,100.9,100.9,114.44892265380322,False
1466453795,100.9,100.9,103.43439869862033,False
1466453816,106.0,132.89008444256137,132.89008444256137,True
1466453870,106.0,106.0,113.35295234969531,False
1466453910,106.0,106.0,119.95317528654763,False
1466454002,100.5,119.43177636865215,119.43177636865215,True
1466454051,95.7,95.7,118.00137657586298,False
1466454087,95.7,95.7,144.32135556534126,False
1466454129,96.4,96.4,142.7945713774887,False
1466454227,96.4,103.92704123708114,103.92704123708114,True
1466454259,101.1,101.1,118.03036633086515,False
1466454262,108.2,108.2,123.82545630348419,False
1466454298,108.6,118.69898313877607,118.69898313877607,True
1466454388,123.7,123.7,108.19097969661529,False
1466454399,113.5,113.5,156.3121016874453,False
1466454473,106.8,106.8,132.85198068407186,False
1466454529,106.8,106.8,114.67828707907118,False
1466454559,107.7,115.48926385870864,115.48926385870864,True
1466454648,107.7,122.9496424931933,122.9496424931933,True
1466454745,120.5,140.929945386911,140.929945386911,True
1466454763,108.3,108.3,123.448324130711,False
1466454851,96.9,96.9,105.26190305455576,False
1466454936,95.2,95.2,108.91145426656927,False
1466454949,107.9,112.32520738229401,112.32520738229401,True
1466455032,106.0,112.59282093373682,112.59282093373682,True
1466455065,106.0,106.0,124.13890435750554,False
1466455119,120.7,139.95121705189456,139.95121705189456,True
1466455172,122.3,122.3,122.244240439243,False
1466455196,136.2,123.13675241210464,123.13675241210464,True
1466455271,136.2,136.2,136.31458110190454,False
1466455357,123.0,107.10835061650234,107.10835061650234,True
1466455361,132.9,154.04796481999148,154.04796481999148,True
1466455394,118.8,135.88260001597996,135.88260001597996,True
1466455475,119.3,102.87297806304188,102.87297806304188,True
1466455497,129.9,133.0559979700204,133.0559979700204,True
1466455561,125.4,125.4,104.27366109606592,False
1466455575,125.4,146.1168984546661,146.1168984546661,True
1466455587,112.8,112.8,146.3806292246827,False
1466455651,117.1,144.99618260119226,144.99618260119226,True
1466455658,106.5,156.89014391114495,156.89014391114495,True
1466455732,114.3,151.30800980977605,151.30800980977605,True
1466455812,114.3,114.3,118.44970474335321,False
1466455910,106.0,106.0,137.16627678611545,False
1466455951,117.3,142.04461709366416,142.04461709366416,True
1466455999,117.3,125.38592796494216,125.38592796494216,True
1466456054,117.3,102.28645308554619,102.28645308554619,True
1466456058,104.2,113.71917511106301,113.71917511106301,True
1466456074,98.0,106.19448087759541,106.19448087759541,True
1466456088,98.0,98.0,107.08324141341346,False
1466456118,103.5,103.5,112.42624687639382,False
1466456218,115.2,125.05085829684887,125.05085829684887,True
1466456265,108.6,108.6,125.74508504628906,False
1466456270,96.5,96.5,127.99499849164535,False
1466456312,108.9,108.9,150.8861182311241,False
1466456346,95.6,95.6,108.6437797221931,False
1466456374,95.6,124.67959854549903,124.67959854549903,True
1466456406,100.2,100.2,106.51485722461643,False
1466456482,108.0,115.59517993856517,115.59517993856517,True
1466456512,107.9,107.9,140.8988023426848,False
1466456610,118.8,118.8,107.47247087875404,False
1466456683,103.6,103.6,150.561866768857,False
1466456768,105.3,105.3,104.89525923698713,False
1466456856,105.3,149.29282717806439,149.29282717806439,True
1466456927,105.3,105.3,119.00333543805627,False
1466457014,105.1,126.45679886006053,126.45679886006053,True
1466457032,99.8,99.8,130.8358361905317,False
1466457067,109.5,109.5,126.56055431781125,False
1466457157,120.5,120.5,102.9715856119785,False
1466457215,120.5,120.5,128.6355373389023,False
1466457267,120.5,108.33586684100965,108.33586684100965,True
1466457357,120.5,127.67267557854927,127.67267557854927,True
1466457434,115.5,118.67603123100064,118.67603123100064,True
1466457487,116.1,116.1,151.42824272918088,False
1466457559,116.1,140.9100961423872,140.9100961423872,True
1466457603,116.1,119.75855875418662,119.75855875418662,True
1466457671,116.1,116.1,135.94320780936977,False
1466457713,124.8,117.95019811796564,117.95019811796564,True
1466457745,124.8,124.8,154.814846212237,False
1466457782,124.8,130.25215598923126,130.25215598923126,True
1466457802,124.8,146.53445201013727,146.53445201013727,True
1466457817,132.2,142.4876372346351,142.4876372346351,True
1466457865,132.2,132.2,103.28885562124353,False
1466457884,132.2,132.2,113.06945882339429,False
1466457885,132.6,132.6,127.6041940994226,False
1466457917,120.0,129.23276386523696,129.23276386523696,True
1466457973,128.3,116.88897825237936,116.88897825237936,True
1466458045,123.0,123.0,148.4473634660989,False
1466458135,123.9,123.9,155.32329257102123,False
1466458151,117.2,104.16545077506878,104.16545077506878,True
1466458230,117.2,117.2,124.41539435558805,False
1466458324,123.4,123.4,113.97343497099999,False
1466458362,120.8,120.8,103.44140771599513,False
1466458438,125.9,125.9,103.24112810526381,False
1466458454,135.4,135.4,153.94685399353142,False
1466458496,130.2,142.00348197104898,142.00348197104898,True
1466458509,126.9,126.9,130.14349987545427,False
1466458580,116.6,129.43265030603877,129.43265030603877,True
1466458590,116.6,103.56818002747517,103.56818002747517,True
1466458626,116.6,116.6,141.6142163852096,False
1466458642,116.6,113.10641790238239,113.10641790238239,True
1466458665,106.9,106.9,122.52153793628298,False
1466458694,106.9,106.9,122.175173671341,False
1466458762,119.7,119.7,138.70066839418877,False
1466458793,119.7,139.0494163741204,139.0494163741204,True
1466458824,119.7,119.7,103.43130728087604,False
1466458906,119.7,130.96973891084284,130.96973891084284,True
1466458982,119.7,119.7,147.88159805610496,False
1466459068,119.7,120.28766285456771,120.28766285456771,True
1466459159,119.7,119.7,148.6506362849886,False
1466459184,119.7,113.5763105193837,113.5763105193837,True
1466459273,111.2,142.9887060530865,142.9887060530865,True
1466459372,111.2,158.3947823231926,158.3947823231926,True
1466459415,111.2,150.39233855049105,150.39233855049105,True
1466459483,111.2,111.2,100.26917604331108,False
1466459504,111.2,156.88303052697012,156.88303052697012,True
1466459588,107.8,113.93983194414696,113.93983194414696,True
1466459595,107.8,149.62254539030934,149.62254539030934,True
1466459673,107.8,156.3000530836506,156.3000530836506,True
1466459726,107.8,107.8,109.12870962503408,False
1466459800,107.8,107.8,105.70945387979614,False
1466459857,107.8,107.8,138.92061043385704,False
1466459887,110.8,110.8,134.81808776539754,False
1466459913,123.7,123.7,123.11536818776385,False
1466459974,123.7,110.10806246368476,110.10806246368476,True
1466459995,123.7,123.7,134.75916945574582,False
1466460001,123.7,144.05276858572057,144.05276858572057,True
1466460054,110.5,113.42938122449956,113.42938122449956,True
1466460130,122.0,103.4863721152023,103.4863721152023,True
1466460215,130.4,130.4,135.73193528539278,False
1466460252,133.6,119.06316479364426,119.06316479364426,True
1466460272,134.1,136.07047078550414,136.07047078550414,True
1466460346,134.1,134.1,140.52447276592358,False
1466460440,124.9,124.9,150.84117620002445,False
1466460461,120.2,120.42995753180972,120.42995753180972,True
1466460528,117.4,108.59283676107924,108.59283676107924,True
1466460610,117.5,134.14517711318337,134.14517711318337,True
1466460630,117.5,156.2854831961052,156.2854831961052,True
1466460691,110.5,126.18996349456455,126.18996349456455,True
1466460706,106.2,106.2,123.62623365492276,False
1466460739,98.6,130.28772210586155,130.28772210586155,True
1466460765,98.6,98.6,142.27288439483658,False
1466460795,98.6,128.57675558228922,128.57675558228922,True
1466460877,104.2,115.70765073005259,115.70765073005259,True
1466460973,118.8,133.4187477802132,133.4187477802132,True
1466461009,108.6,108.6,143.95351926787137,False
1466461027,103.2,108.66103331129503,108.66103331129503,True
1466461032,108.5,108.5,126.61420403553015,False
1466461096,109.2,109.2,120.99172593021565,False
1466461169,109.2,103.07248814619378,103.07248814619378,True
1466461256,109.2,137.31479090927795,137.31479090927795,True
1466461351,122.3,122.3,137.34010748947134,False
1466461451,122.3,120.6906536157577,120.6906536157577,True
1466461531,122.3,123.70021543310459,123.70021543310459,True
1466461568,125.3,125.3,122.65233178068492,False
1466461583,125.3,125.3,155.4329088075397,False
1466461647,125.3,101.22048787934837,101.22048787934837,True
1466461703,125.3,125.3,121.90096257259101,False
1466461794,125.3,145.14206077647418,145.14206077647418,True
1466461813,122.7,124.96114458589594,124.96114458589594,True
1466461910,125.7,125.7,144.1611832958761,False
1466461988,125.7,125.7,123.32130090991596,False
1466462056,119.4,119.4,107.79999923158856,False
1466462101,129.9,129.9,129.74242327896417,False
1466462155,129.9,129.9,120.62944942062566,False
1466462215,117.5,114.76490106713321,114.76490106713321,True
1466462278,125.6,125.6,133.88234359629575,False
1466462368,125.6,131.8005327086551,131.8005327086551,True
1466462412,115.7,115.7,138.72987968473183,False
1466462512,125.0,139.8697628265986,139.8697628265986,True
1466462594,125.0,104.66952392806888,104.66952392806888,True
1466462671,112.8,112.8,139.56895817420627,False
1466462716,101.4,101.4,131.24034051846803,False
1466462746,104.2,152.18311129820404,152.18311129820404,True
1466462782,104.2,104.2,124.44201180588954,False
1466462820,112.9,112.9,123.60918609756314,False
1466462833,112.9,128.56569884386886,128.56569884386886,True
1466462842,122.5,122.5,122.96715888958934,False
1466462850,122.5,122.5,102.45603490064413,False
1466462941,135.7,101.01457128003702,101.01457128003702,True
1466463026,147.5,147.5,111.52060877664907,False
1466463117,134.0,134.0,104.70822197030061,False
1466463139,134.0,156.76042260597683,156.76042260597683,True
