1466410104,86.7,55.469375170781674,55.469375170781674,True
1466410114,86.7,86.7,174.45814545939362,False
1466410130,86.7,40.994982627554634,40.994982627554634,True
1466410181,86.7,86.7,145.66279184276627,False
1466410203,86.7,86.7,98.34426280110426,False
1466410250,86.7,86.7,32.12218801142732,False
1466410309,86.7,86.7,50.92242631690485,False
1466410397,86.7,86.7,183.90147474149353,False
1466410430,86.7,86.7,64.09831660789607,False
1466410469,86.7,160.18216002435318,160.18216002435318,True
1466410483,86.7,86.7,183.87073391609215,False
1466410498,86.7,86.7,67.31437969446057,False
1466410502,86.7,86.7,37.820687455720005,False
1466410532,86.6,10.811182497175608,10.811182497175608,True
1466410541,86.6,0.2743814402422329,0.2743814402422329,True
1466410573,86.6,86.6,76.92571562039126,False
1466410630,86.6,69.45289300685447,69.45289300685447,True
1466410653,86.6,177.79644231024113,177.79644231024113,True
1466410746,86.6,86.6,122.17956811505071,False
1466410814,86.6,114.7735146757581,114.7735146757581,True
1466410890,86.6,25.364493344552397,25.364493344552397,True
1466410902,86.6,86.6,187.3260225020093,False
1466410978,86.6,86.6,143.1252877282168,False
1466411008,86.6,86.6,33.41173983332526,False
1466411066,86.6,0.3573400344800248,0.3573400344800248,True
1466411094,86.6,109.24308218535977,109.24308218535977,True
1466411157,86.6,86.6,87.08577021881261,False
1466411223,86.6,119.71820620393896,119.71820620393896,True
1466411226,86.6,86.6,53.11945555016908,False
1466411272,86.6,169.51974863160933,169.51974863160933,True
1466411303,86.6,84.26823694207042,84.26823694207042,True
1466411318,86.6,86.6,21.95138126270848,False
1466411396,86.6,12.715587808399786,12.715587808399786,True
1466411493,86.6,86.6,53.45294221594661,False
1466411549,86.6,143.27367497234138,143.27367497234138,True
1466411560,86.6,86.6,76.91591326298183,False
1466411626,86.6,86.6,33.5535211506365,False
1466411723,86.6,55.50199100562787,55.50199100562787,True
1466411763,86.6,103.21432394465747,103.21432394465747,True
1466411785,86.6,192.0472072064393,192.0472072064393,True
1466411854,86.6,35.07766277782589,35.07766277782589,True
1466411889,86.6,86.6,78.27934667039986,False
1466411988,86.6,64.70172421861287,64.70172421861287,True
1466412022,86.6,68.09126727704886,68.09126727704886,True
1466412046,86.6,188.3996099518752,188.3996099518752,True
1466412076,86.6,86.6,172.83264823350967,False
1466412152,86.6,72.59541241188595,72.59541241188595,True
1466412181,86.6,86.6,1.2282291585208327,False
1466412201,86.6,46.03351690270428,46.03351690270428,True
1466412260,86.6,92.46149138519498,92.46149138519498,True
1466412347,86.6,69.35328769005507,69.35328769005507,True
1466412360,86.6,199.99087864006086,199.99087864006086,True
1466412438,86.6,141.4701036907583,141.4701036907583,True
1466412521,86.6,86.6,20.03774476546798,False
1466412599,86.6,86.6,133.22868601465575,False
1466412639,86.6,107.51462096044474,107.51462096044474,True
1466412691,86.6,14.6106617427749,14.6106617427749,True
1466412747,86.6,86.6,73.82324804634135,False
1466412794,86.6,86.6,144.97571307188673,False
1466412819,86.6,113.98011576361174,113.98011576361174,True
1466412832,86.6,86.6,92.81752919384381,False
1466412874,86.6,112.5734978774797,112.5734978774797,True
1466412943,86.6,14.336360153211935,14.336360153211935,True
1466412971,86.6,19.90521742088125,19.90521742088125,True
1466412990,86.6,86.6,187.3128422383577,False
1466413028,86.6,170.2792684662063,170.2792684662063,True
1466413053,86.6,86.6,76.50406900394027,False
1466413125,86.6,140.0375295805323,140.0375295805323,True
1466413200,86.6,188.23404063987715,188.23404063987715,True
1466413264,86.6,86.6,46.04516455496616,False
1466413311,86.6,196.17280350617375,196.17280350617375,True
1466413342,86.6,43.369967648732136,43.369967648732136,True
1466413440,86.6,19.771385545409114,19.771385545409114,True
1466413458,86.6,86.6,133.07606506232372,False
1466413529,86.6,86.6,66.29877516878402,False
1466413542,86.6,167.79886441956583,167.79886441956583,True
1466413638,86.6,86.6,80.23777289860448,False
1466413672,86.6,86.6,134.73378535332353,False
1466413733,86.6,86.6,22.017272930320473,False
1466413779,86.6,128.90614045842085,128.90614045842085,True
1466413780,86.6,29.44544579938755,29.44544579938755,True
1466413864,86.6,86.6,53.49192985839606,False
1466413885,86.6,86.6,116.9023783810299,False
1466413946,86.6,86.6,168.03992912377694,False
1466414033,86.6,31.805764107015122,31.805764107015122,True
1466414071,86.6,86.6,107.40787251047786,False
1466414164,86.6,155.75050799498507,155.75050799498507,True
1466414225,86.6,12.159125338407172,12.159125338407172,True
1466414312,86.6,86.6,6.901693660372521,False
1466414325,86.6,40.881551974064664,40.881551974064664,True
1466414328,86.6,86.6,142.48256554673097,False
1466414329,86.6,86.6,63.264782472436366,False
1466414402,86.6,86.6,53.1181051480871,False
1466414407,86.6,86.6,111.02160025984575,False
1466414413,86.6,86.6,126.25997267548993,False
1466414460,86.6,176.03763246232086,176.03763246232086,True
1466414552,86.6,12.454423642407985,12.454423642407985,True
1466414602,86.6,83.64939758406989,83.64939758406989,True
1466414662,86.6,35.73315011092857,35.73315011092857,True
1466414746,86.6,86.6,55.451327739702535,False
1466414844,86.6,86.6,185.03162814923041,False
1466414943,86.6,166.0578348106823,166.0578348106823,True
1466414946,86.6,86.6,197.66634095711444,False
1466414966,86.6,35.63589607122255,35.63589607122255,True
1466415038,86.6,86.6,43.175924681410585,False
1466415106,86.6,86.6,94.49839917299394,False
1466415130,86.6,132.22636952181907,132.22636952181907,True
1466415145,86.6,43.55000312013142,43.55000312013142,True
1466415202,86.6,79.50655226702139,79.50655226702139,True
1466415239,86.6,86.6,107.3317069307901,False
1466415249,86.6,66.50655131999052,66.50655131999052,True
1466415308,86.6,86.6,66.99049799908454,False
1466415357,86.6,86.6,34.36030937975245,False
1466415404,86.6,86.6,97.9263702399657,False
1466415469,86.6,86.6,12.088664202729671,False
1466415548,86.6,86.6,68.65897776114502,False
1466415588,86.6,155.16313587551082,155.16313587551082,True
1466415627,86.6,86.6,43.20530018910094,False
1466415719,86.6,14.414875482343191,14.414875482343191,True
1466415767,86.6,106.88675775775556,106.88675775775556,True
1466415860,86.6,86.6,32.19859863181471,False
1466415872,86.6,86.6,4.8101126373691905,False
1466415914,86.5,109.76815969226178,109.76815969226178,True
1466415934,86.5,83.84881268364954,83.84881268364954,True
1466415988,86.6,86.6,78.22428792216532,False
1466416004,86.5,73.77207883736061,73.77207883736061,True
1466416050,86.5,86.5,171.64969558017876,False
1466416150,86.5,86.5,97.6350036563621,False
1466416161,86.5,86.5,1.1736768867475655,False
1466416215,86.5,86.5,174.53602990039207,False
1466416315,86.5,86.5,175.3697449906373,False
1466416321,86.5,86.5,38.267304256042124,False
1466416393,86.5,43.58008703791445,43.58008703791445,True
1466416440,86.5,86.5,36.079353582000785,False
1466416510,86.5,38.11094223911689,38.11094223911689,True
1466416541,86.5,86.5,56.98938981550468,False
1466416631,86.5,86.5,190.63141958989215,False
1466416671,86.5,126.91414028259327,126.91414028259327,True
1466416725,86.5,86.5,75.33019707956001,False
1466416815,86.5,41.17561227874587,41.17561227874587,True
1466416867,86.5,99.99764156326493,99.99764156326493,True
1466416933,86.5,86.5,96.21256520118668,False
1466416963,86.5,195.6631593330402,195.6631593330402,True
1466417034,86.5,10.88750935934415,10.88750935934415,True
1466417069,86.5,86.5,189.5361021932577,False
1466417095,86.5,110.75293534355681,110.75293534355681,True
1466417123,86.5,180.9212829152646,180.9212829152646,True
1466417219,86.5,54.8798173818396,54.8798173818396,True
1466417228,86.5,86.5,81.16289074110672,False
1466417235,86.5,86.5,128.1777206413916,False
1466417266,86.5,55.88554859519279,55.88554859519279,True
1466417298,86.5,199.58620416571145,199.58620416571145,True
1466417382,86.5,55.83925768785354,55.83925768785354,True
1466417429,86.5,86.5,187.35542993700918,False
1466417434,86.5,89.69037896509478,89.69037896509478,True
1466417513,86.5,86.5,181.0605003732688,False
1466417598,86.5,21.363414399442604,21.363414399442604,True
1466417615,86.5,11.753530565057059,11.753530565057059,True
1466417654,86.5,86.5,141.4388279769698,False
1466417749,86.5,187.175358835271,187.175358835271,True
1466417763,86.5,42.34329858689061,42.34329858689061,True
1466417822,86.5,86.5,6.2495752760439505,False
1466417851,86.5,38.19679030223588,38.19679030223588,True
1466417855,86.5,143.72075272376304,143.72075272376304,True
1466417879,86.5,6.300326337329887,6.300326337329887,True
1466417895,86.5,86.5,64.91324486058616,False
1466417969,86.5,4.310255661584916,4.310255661584916,True
1466418049,86.5,86.5,56.6578676474897,False
1466418118,86.5,86.5,84.32661546049962,False
1466418129,86.5,90.54729269892849,90.54729269892849,True
1466418179,86.5,86.5,86.23147555277846,False
1466418254,86.5,119.27965125082412,119.27965125082412,True
1466418332,86.5,132.41857389613145,132.41857389613145,True
1466418428,86.5,176.89660582272197,176.89660582272197,True
1466418494,86.5,135.79804365647757,135.79804365647757,True
1466418554,86.5,86.5,37.75849638530286,False
1466418563,86.5,86.5,192.20823678171556,False
1466418564,86.5,43.61938628954793,43.61938628954793,True
1466418594,86.5,117.76128288758869,117.76128288758869,True
1466418674,86.5,3.1038770874344035,3.1038770874344035,True
1466418748,86.5,86.5,100.50487821151204,False
1466418847,86.5,131.867560422228,131.867560422228,True
1466418877,86.5,122.38454768226386,122.38454768226386,True
1466418917,86.5,86.5,153.56376741407556,False
1466418938,86.5,38.072263434483865,38.072263434483865,True
1466419031,86.5,38.867567140893215,38.867567140893215,True
1466419058,86.5,16.025982987171282,16.025982987171282,True
1466419104,86.5,81.84041445423678,81.84041445423678,True
1466419166,86.5,180.39649960452175,180.39649960452175,True
1466419261,86.5,86.5,169.77377187672124,False
1466419349,86.5,86.5,165.24234537204836,False
1466419442,86.5,143.89892083806893,143.89892083806893,True
1466419530,86.5,86.5,134.2518646838638,False
1466419595,86.5,86.5,173.36477656879603,False
1466419646,86.5,113.02528239827598,113.02528239827598,True
1466419737,86.5,59.72588849050964,59.72588849050964,True
1466419826,86.5,86.5,44.3434791184401,False
1466419880,86.5,86.5,29.838006127881478,False
1466419911,86.5,18.30189622042009,18.30189622042009,True
1466419938,86.5,88.77696404068449,88.77696404068449,True
1466420016,86.5,146.61720591140534,146.61720591140534,True
1466420019,86.5,46.6319309749734,46.6319309749734,True
1466420108,86.5,86.5,37.32500893203474,False
1466420205,86.5,86.5,172.44802155995563,False
1466420228,86.5,86.5,86.19254871795899,False
1466420257,86.5,110.61900232363082,110.61900232363082,True
1466420270,86.5,86.5,3.11793671343088,False
1466420296,86.5,52.67622489217651,52.67622489217651,True
1466420331,86.5,86.5,109.80193075334081,False
1466420407,86.5,122.55518966909113,122.55518966909113,True
1466420430,86.5,105.2927275110734,105.2927275110734,True
1466420453,86.5,49.48565154857405,49.48565154857405,True
1466420474,86.5,86.5,80.56178938639746,False
1466420566,86.5,86.5,160.83966073203558,False
1466420579,86.5,66.40985357445206,66.40985357445206,True
1466420618,86.5,86.5,58.77740780812286,False
1466420624,86.5,41.56612016848602,41.56612016848602,True
1466420643,86.5,194.13315332246432,194.13315332246432,True
1466420695,86.6,65.40397292727724,65.40397292727724,True
1466420788,86.6,108.50999173987519,108.50999173987519,True
1466420863,86.6,188.48624812493645,188.48624812493645,True
1466420947,86.6,86.6,190.56843362190978,False
1466421003,86.6,48.32966532240104,48.32966532240104,True
1466421032,86.6,86.6,89.11912523118781,False
1466421050,86.6,77.71960400404201,77.71960400404201,True
1466421116,86.6,123.71628189424429,123.71628189424429,True
1466421208,86.6,86.6,57.0583535976191,False
1466421234,86.6,86.6,34.16427326783757,False
1466421262,86.6,86.6,5.825620168795176,False
1466421353,86.7,86.7,175.283355062146,False
1466421360,86.7,38.16299342698262,38.16299342698262,True
1466421392,86.7,194.4218880457348,194.4218880457348,True
1466421480,86.7,86.7,147.03026643659115,False
1466421530,86.7,136.97492330340904,136.97492330340904,True
1466421547,86.7,86.7,156.73730365107352,False
1466421591,86.7,94.00393978231946,94.00393978231946,True
1466421633,86.7,86.7,9.721505392923868,False
1466421636,86.7,86.7,69.15982764268405,False
1466421670,86.7,86.7,0.6800075875276201,False
1466421695,86.7,86.7,144.93406974776892,False
1466421721,86.7,104.67201625842628,104.67201625842628,True
1466421804,86.7,86.7,143.80456341710268,False
1466421819,86.7,10.71159507087458,10.71159507087458,True
1466421862,86.7,71.20927267477055,71.20927267477055,True
1466421885,86.7,72.45897232964525,72.45897232964525,True
1466421936,86.7,119.63264984923573,119.63264984923573,True
1466422012,86.7,160.27367889106498,160.27367889106498,True
1466422044,86.7,86.7,53.18745587886906,False
1466422045,86.7,187.70933256875887,187.70933256875887,True
1466422137,86.7,86.7,17.038524265127265,False
1466422162,86.7,112.52497040512543,112.52497040512543,True
1466422189,86.7,35.348592348277144,35.348592348277144,True
1466422197,86.7,86.7,108.66546047792298,False
1466422264,86.7,118.3705646080675,118.3705646080675,True
1466422330,86.7,86.7,167.5983621037404,False
1466422378,86.7,178.51616200393136,178.51616200393136,True
1466422432,86.7,86.7,129.04805503500654,False
1466422488,86.7,177.9825718248535,177.9825718248535,True
1466422577,86.7,43.97535595651052,43.97535595651052,True
1466422628,86.7,86.7,111.07020151468005,False
1466422638,86.7,86.7,10.529481202755985,False
1466422666,86.7,86.7,115.0660212727463,False
1466422706,86.7,86.7,86.92334212070291,False
1466422731,86.7,54.08886240006456,54.08886240006456,True
1466422804,86.7,26.45600962404138,26.45600962404138,True
1466422866,86.7,86.7,65.94359042948994,False
1466422873,86.7,86.7,4.379262465669398,False
1466422895,86.7,199.92067353128212,199.92067353128212,True
1466422953,86.8,42.673118745104574,42.673118745104574,True
1466422973,86.8,86.8,74.5956949499782,False
1466423017,86.8,185.47499272063607,185.47499272063607,True
1466423051,86.8,86.8,169.040869775377,False
1466423099,86.8,194.72619324859997,194.72619324859997,True
1466423150,86.8,86.8,4.518697538106942,False
1466423155,86.8,149.14457051665082,149.14457051665082,True
1466423168,86.8,86.8,99.47429449056277,False
1466423205,86.8,86.8,86.99386875795724,False
1466423275,86.8,86.8,194.70611787181585,False
1466423287,86.8,86.8,29.29840596173947,False
1466423336,86.8,86.8,59.57242054103173,False
1466423340,86.8,74.15674097706972,74.15674097706972,True
1466423355,86.8,90.63744687573454,90.63744687573454,True
1466423443,86.8,86.8,140.13835746100048,False
1466423499,86.8,97.25577060114603,97.25577060114603,True
1466423585,86.8,86.8,63.53019789228958,False
1466423612,86.8,120.00535233070025,120.00535233070025,True
1466423669,86.8,86.8,137.04774139707646,False
1466423705,86.8,86.28757597773611,86.28757597773611,True
1466423770,86.8,172.74936635410162,172.74936635410162,True
1466423844,86.8,86.8,87.67926412809808,False
1466423902,86.8,24.926213855114977,24.926213855114977,True
1466423913,86.8,145.26999682759129,145.26999682759129,True
1466423972,86.8,86.8,146.7918682008984,False
1466424014,86.8,126.03373462890062,126.03373462890062,True
1466424069,86.8,86.8,22.040072014561886,False
1466424154,86.8,86.8,150.01918261493464,False
1466424155,86.8,86.8,20.916794449698827,False
1466424169,86.8,159.16191433079953,159.16191433079953,True
1466424262,86.8,21.50726834502743,21.50726834502743,True
1466424339,86.8,66.22283964814677,66.22283964814677,True
1466424398,86.8,3.3845887678188635,3.3845887678188635,True
1466424497,86.8,86.8,142.1477450248854,False
1466424558,86.8,86.8,119.11948623282966,False
1466424613,86.8,58.67089972655246,58.67089972655246,True
1466424713,86.8,86.8,169.0168272630721,False
1466424804,86.8,86.8,165.69699857580312,False
1466424878,86.8,86.8,51.88987560631464,False
1466424924,86.8,115.32671599293923,115.32671599293923,True
1466425009,86.8,133.97068551685518,133.97068551685518,True
1466425106,86.8,96.48076536021438,96.48076536021438,True
1466425129,86.8,122.26568110774762,122.26568110774762,True
1466425179,86.8,86.8,61.055748029093905,False
1466425257,86.8,184.69130517258608,184.69130517258608,True
1466425262,86.8,86.8,148.3720701512387,False
1466425305,86.8,9.436411410916978,9.436411410916978,True
1466425331,86.8,51.5217385330748,51.5217385330748,True
1466425338,86.8,43.81888524568937,43.81888524568937,True
1466425377,86.8,66.34921005184482,66.34921005184482,True
1466425380,86.8,86.8,183.8966965399813,False
1466425417,86.8,86.8,199.06202271637397,False
1466425484,86.8,86.8,6.880135861622549,False
1466425517,86.8,86.8,140.09513578372423,False
1466425553,86.9,191.07499237222098,191.07499237222098,True
1466425640,86.9,143.04969143541908,143.04969143541908,True
1466425687,86.9,23.470261058886543,23.470261058886543,True
1466425711,86.9,85.25471984354189,85.25471984354189,True
1466425768,86.9,8.69792459005303,8.69792459005303,True
1466425811,86.9,86.9,26.193490724121006,False
1466425856,86.9,185.0143031124876,185.0143031124876,True
1466425869,86.9,189.43347719063783,189.43347719063783,True
1466425884,86.9,179.63649612099283,179.63649612099283,True
1466425962,86.9,86.9,151.71598598877281,False
1466425974,86.9,5.183299743175351,5.183299743175351,True
1466426016,86.9,86.9,102.87779640717727,False
1466426024,86.9,86.9,54.24591161772443,False
1466426034,86.9,86.9,95.14154593756375,False
1466426130,86.9,103.71182681873769,103.71182681873769,True
1466426189,86.9,86.9,187.78395609282234,False
1466426198,86.9,86.9,49.670999250202016,False
1466426280,86.9,34.74533465229752,34.74533465229752,True
1466426298,86.9,86.9,104.1128334911139,False
1466426380,86.9,86.9,17.122679331801827,False
1466426420,86.9,86.9,32.963502747455365,False
1466426509,86.9,86.9,10.806812100604768,False
1466426521,86.9,194.64347123622983,194.64347123622983,True
1466426535,86.9,86.9,149.23218857171923,False
1466426563,86.9,86.9,71.23403484919946,False
1466426620,86.9,86.9,88.26103445766984,False
1466426694,86.9,86.9,126.37499217347803,False
1466426764,86.9,193.86979129690263,193.86979129690263,True
1466426778,86.9,86.9,141.88332944405497,False
1466426866,86.9,86.9,153.1117533414825,False
1466426938,86.9,17.875292686958666,17.875292686958666,True
1466427022,86.9,96.23918156516646,96.23918156516646,True
1466427059,86.9,161.47983905714193,161.47983905714193,True
1466427125,86.9,145.59133936543387,145.59133936543387,True
1466427204,86.9,86.9,85.9961712591048,False
1466427240,86.9,86.9,167.07951785961566,False
1466427317,86.9,86.9,170.84701301290158,False
1466427319,86.9,86.9,87.16174905779927,False
1466427331,86.9,86.9,171.96968635746168,False
1466427425,86.9,167.52814917147512,167.52814917147512,True
1466427458,86.9,184.7085238587708,184.7085238587708,True
1466427495,86.9,86.9,32.96967944877529,False
1466427543,86.9,86.9,166.91434619772753,False
1466427625,86.9,17.364615928619997,17.364615928619997,True
1466427663,86.9,86.9,116.29222134905055,False
1466427672,87.0,192.53978126203856,192.53978126203856,True
1466427684,87.0,14.54059571030224,14.54059571030224,True
1466427739,87.0,175.062871548249,175.062871548249,True
1466427769,87.0,87.0,67.62689420959359,False
1466427775,87.0,87.0,175.69340349696506,False
1466427820,87.0,87.0,46.37962435048162,False
1466427837,87.0,42.30643626946113,42.30643626946113,True
1466427846,87.0,87.0,102.39327008917836,False
1466427904,87.0,87.0,50.93090158517604,False
1466427997,87.0,87.0,134.46818700863665,False
1466428027,87.0,44.384556879907876,44.384556879907876,True
1466428114,87.0,97.84381325295999,97.84381325295999,True
1466428212,87.0,87.0,58.02654151740925,False
1466428294,87.0,87.0,76.0553561183124,False
1466428321,87.0,141.8855180862255,141.8855180862255,True
1466428340,87.0,87.0,68.55218892242351,False
1466428378,87.0,196.8948099946801,196.8948099946801,True
1466428463,87.0,87.0,42.32894467226571,False
1466428551,87.0,87.0,157.96186723662615,False
1466428575,87.0,87.0,136.42041919336913,False
1466428593,87.0,87.0,136.5176213472477,False
1466428682,87.0,87.0,90.59905329814961,False
1466428699,87.0,100.82770643318189,100.82770643318189,True
1466428719,87.0,87.0,63.71211842664559,False
1466428819,87.0,87.0,5.615285034589057,False
1466428850,87.0,164.42072195096037,164.42072195096037,True
1466428884,87.0,87.0,95.56312846331817,False
1466428973,87.0,87.0,167.63398314939266,False
1466429006,87.0,87.0,170.65440413101248,False
1466429026,87.0,87.0,158.87530257297243,False
1466429066,87.0,87.0,75.23718706337974,False
1466429072,87.0,47.608291690206016,47.608291690206016,True
1466429103,87.0,54.49400782481399,54.49400782481399,True
1466429110,87.0,133.1898032938102,133.1898032938102,True
1466429123,87.0,150.7140129379288,150.7140129379288,True
1466429168,87.0,87.0,16.71429168894949,False
1466429182,87.0,83.68300238532002,83.68300238532002,True
1466429184,87.0,87.0,152.204857747203,False
1466429197,87.0,87.0,188.90178664966783,False
1466429280,87.0,87.0,143.25823136835442,False
1466429378,87.0,87.0,174.7570953267117,False
1466429450,87.0,181.93997488528754,181.93997488528754,True
1466429455,87.0,50.620539108297976,50.620539108297976,True
1466429510,87.0,87.0,88.56311975266556,False
1466429565,87.0,87.0,180.67010148361155,False
1466429566,87.0,87.0,166.58425421948834,False
1466429592,87.0,167.82604866252635,167.82604866252635,True
1466429623,87.0,111.53286505549926,111.53286505549926,True
1466429691,87.0,162.4611173100299,162.4611173100299,True
1466429733,87.0,66.44618178800852,66.44618178800852,True
1466429803,87.0,87.0,130.45789472323585,False
1466429832,87.0,19.71954396827842,19.71954396827842,True
1466429905,87.0,5.485402884231849,5.485402884231849,True
1466429997,87.0,87.0,49.107160662124286,False
1466430050,87.0,136.18661926184163,136.18661926184163,True
1466430088,87.0,87.0,127.43504535493939,False
1466430174,87.0,87.0,72.31204227588405,False
1466430247,87.0,123.5531537541072,123.5531537541072,True
1466430344,87.0,87.0,109.30442956100444,False
1466430375,87.0,87.0,39.286460685753475,False
1466430400,87.0,87.0,157.18226728177405,False
1466430457,87.0,87.0,18.164043863455113,False
1466430483,87.0,87.0,181.12705134636082,False
1466430517,87.0,87.0,14.016830772086575,False
1466430524,87.0,157.14502045801666,157.14502045801666,True
1466430592,87.0,132.01975709305327,132.01975709305327,True
1466430616,87.0,87.0,37.037629617534364,False
1466430631,87.0,87.0,25.908417866746692,False
1466430680,87.1,87.1,123.48090900898889,False
1466430734,87.1,48.55546290729531,48.55546290729531,True
1466430790,87.1,87.1,29.284851954822,False
1466430815,87.1,142.1245087996852,142.1245087996852,True
1466430895,87.1,87.1,179.82419241573655,False
1466430916,87.1,87.1,46.03484684997656,False
1466430929,87.1,87.1,8.264525557379132,False
1466430936,87.1,78.90999440939576,78.90999440939576,True
1466431009,87.1,87.85099173590407,87.85099173590407,True
1466431036,87.1,87.1,53.74114964421381,False
1466431055,87.1,1.925771067998916,1.925771067998916,True
1466431145,87.1,87.1,29.66179663333195,False
1466431218,87.1,87.1,83.65906960611049,False
1466431290,87.1,80.11760158146654,80.11760158146654,True
1466431324,87.1,87.1,120.68997452402985,False
1466431400,87.1,87.1,150.5631951264371,False
1466431450,87.1,87.1,168.43493703291995,False
1466431526,87.1,162.99800767491567,162.99800767491567,True
1466431589,87.1,87.1,87.03361971659795,False
1466431661,87.1,196.6637689066513,196.6637689066513,True
1466431760,87.1,87.1,109.19398214499331,False
1466431796,87.1,87.1,15.490006016788227,False
1466431848,87.1,87.1,88.94950605640179,False
1466431879,87.1,87.1,74.40945793878804,False
1466431954,87.1,136.0431121085092,136.0431121085092,True
1466431958,87.1,114.52580710473768,114.52580710473768,True
1466432002,87.1,87.1,61.63619364797999,False
1466432101,87.1,27.66501762550231,27.66501762550231,True
1466432177,87.1,49.37958543329268,49.37958543329268,True
1466432194,87.1,5.407730718110693,5.407730718110693,True
1466432237,87.1,110.81527217298822,110.81527217298822,True
1466432280,87.1,87.1,6.638588237427268,False
1466432373,87.1,75.45814671075304,75.45814671075304,True
1466432389,87.1,124.50515518997827,124.50515518997827,True
1466432415,87.1,155.8223708338773,155.8223708338773,True
1466432417,87.1,87.1,10.820633311675243,False
1466432506,87.1,87.1,35.90867278886838,False
1466432569,87.1,54.05283070780682,54.05283070780682,True
1466432577,87.1,144.91723705956838,144.91723705956838,True
1466432670,87.1,95.84702573808825,95.84702573808825,True
1466432706,87.1,87.1,47.80756211387265,False
1466432804,87.1,139.76257973736827,139.76257973736827,True
1466432853,87.1,87.1,164.80582647023786,False
1466432947,87.1,8.142424994630936,8.142424994630936,True
1466433040,87.1,118.62127629355865,118.62127629355865,True
1466433128,87.1,87.1,80.49085318200699,False
1466433145,87.1,87.1,35.751332091270704,False
1466433195,87.1,87.1,75.14976084472012,False
1466433289,87.1,87.1,140.8781647558308,False
1466433375,87.1,87.1,0.012148454072113957,False
1466433427,87.1,7.066497731642851,7.066497731642851,True
1466433478,87.1,87.1,20.64393168340457,False
1466433517,87.1,87.1,193.70560215398726,False
1466433615,87.1,87.1,180.60587010854016,False
1466433672,87.1,87.1,199.62505540507155,False
1466433762,87.1,45.09727518076907,45.09727518076907,True
1466433809,87.1,128.36624344304238,128.36624344304238,True
1466433873,87.1,87.1,196.2985888181475,False
1466433910,87.1,116.44739506845939,116.44739506845939,True
1466433994,87.1,87.1,68.49061263080787,False
1466434003,87.1,87.1,156.41649245958925,False
1466434045,87.1,87.1,67.32174748827804,False
1466434096,87.1,92.34530802577636,92.34530802577636,True
1466434173,87.1,170.7924000571747,170.7924000571747,True
1466434199,87.1,87.1,35.80643587342516,False
1466434224,87.1,87.1,180.56806858813965,False
1466434308,87.1,188.19575980465387,188.19575980465387,True
1466434359,87.1,105.30034718055737,105.30034718055737,True
1466434371,87.0,166.57874057545,166.57874057545,True
1466434457,87.0,81.2164049104682,81.2164049104682,True
1466434498,87.0,87.0,134.97693115362884,False
1466434552,87.0,187.91470637500726,187.91470637500726,True
1466434622,87.0,140.54766983918427,140.54766983918427,True
1466434691,87.0,87.0,122.4235864118739,False
1466434718,87.0,170.7057569840756,170.7057569840756,True
1466434727,87.0,152.8512173202033,152.8512173202033,True
1466434815,87.0,91.2869459633983,91.2869459633983,True
1466434892,87.0,10.822951804234826,10.822951804234826,True
1466434915,87.0,87.0,33.875304043528764,False
1466434946,87.0,154.98910343475887,154.98910343475887,True
1466434988,87.0,171.36769727541468,171.36769727541468,True
1466435020,87.0,87.0,34.97922049414706,False
1466435090,87.0,87.0,74.57233325295356,False
1466435099,87.2,87.2,156.6830953678707,False
1466435145,87.2,83.45848603785959,83.45848603785959,True
1466435186,87.2,87.2,162.55110049532476,False
1466435246,87.2,87.2,11.890290001929316,False
1466435284,87.2,20.142003409558406,20.142003409558406,True
1466435327,87.2,179.30696574167368,179.30696574167368,True
1466435369,87.2,87.2,23.6002274605813,False
1466435408,87.2,87.2,146.2345200974157,False
1466435468,87.2,87.2,53.19341718559354,False
1466435486,87.2,87.2,54.680660559356895,False
1466435555,87.2,87.2,25.063664269574648,False
1466435624,87.2,189.57547974175517,189.57547974175517,True
1466435659,87.2,126.23900544429345,126.23900544429345,True
1466435682,87.2,87.2,198.41766081600653,False
1466435712,87.2,87.2,57.799033412649294,False
1466435794,87.2,110.65886534664118,110.65886534664118,True
1466435878,87.2,48.275316532292514,48.275316532292514,True
1466435904,87.2,136.03763997167187,136.03763997167187,True
1466435971,87.2,87.2,84.14065771833152,False
1466436041,87.3,87.3,78.30284215808317,False
1466436059,87.3,87.3,93.72693905180908,False
1466436093,87.3,187.26290076750655,187.26290076750655,True
1466436178,87.3,87.3,183.37096601800332,False
1466436230,87.3,87.3,111.99263610446731,False
1466436280,87.3,87.3,143.89393783811386,False
1466436332,87.3,60.20869170358638,60.20869170358638,True
1466436333,87.3,87.3,116.6521687472939,False
1466436431,87.3,87.3,47.45341943140464,False
1466436520,87.3,104.10758928753133,104.10758928753133,True
1466436572,87.3,87.3,18.027585678051405,False
1466436647,87.3,8.075309243760763,8.075309243760763,True
1466436655,87.3,87.3,52.64799524474748,False
1466436727,87.3,87.3,56.74367593970704,False
1466436793,87.3,87.3,24.87268844429269,False
1466436879,87.3,31.37627945030106,31.37627945030106,True
1466436880,87.3,87.3,67.52275602325828,False
1466436939,87.3,0.5228474851429965,0.5228474851429965,True
1466437015,87.3,87.3,17.986792867565747,False
1466437048,87.3,41.88969189147534,41.88969189147534,True
1466437088,87.3,87.3,61.07796888783579,False
1466437105,87.3,87.3,115.66907833692149,False
1466437122,87.3,87.3,119.21178122014157,False
1466437160,87.3,111.42107228075898,111.42107228075898,True
1466437232,87.3,87.3,150.95473164332984,False
1466437321,87.3,150.2606613855139,150.2606613855139,True
1466437335,87.3,156.81506065757296,156.81506065757296,True
1466437358,87.3,63.85743488505609,63.85743488505609,True
1466437441,87.3,52.51658255275329,52.51658255275329,True
1466437480,87.3,37.79262105014733,37.79262105014733,True
1466437561,87.3,87.3,179.9782820488649,False
1466437653,87.3,87.3,113.89243849531671,False
1466437709,87.3,82.37876595902489,82.37876595902489,True
1466437798,87.3,87.3,162.2984781303332,False
1466437869,87.3,87.3,66.78975791981814,False
1466437952,87.3,87.93936431574502,87.93936431574502,True
1466438037,87.3,198.384834044843,198.384834044843,True
1466438054,87.3,87.3,165.38811458350258,False
1466438056,87.3,87.3,13.242840699787472,False
1466438136,87.3,139.2324968930049,139.2324968930049,True
1466438234,87.3,85.04296075879525,85.04296075879525,True
1466438261,87.3,87.3,106.98351042798058,False
1466438348,87.3,87.3,35.14647626805445,False
1466438407,87.3,118.69850584706603,118.69850584706603,True
1466438422,87.3,87.3,43.1896251121501,False
1466438476,87.3,88.2902305708915,88.2902305708915,True
1466438571,87.3,105.45706662499947,105.45706662499947,True
1466438612,87.3,87.3,30.691082047083885,False
1466438620,87.3,33.72894511295665,33.72894511295665,True
1466438698,87.3,64.86192644722688,64.86192644722688,True
1466438747,87.3,34.65705621268871,34.65705621268871,True
1466438795,87.3,113.92969634981331,113.92969634981331,True
1466438810,87.3,87.3,11.557406722411944,False
1466438888,87.2,87.2,131.2112636523521,False
1466438975,87.2,87.2,34.584277834180696,False
1466439000,87.2,87.2,75.14399402213373,False
1466439092,87.2,66.93812073527221,66.93812073527221,True
1466439150,87.2,118.84676919999626,118.84676919999626,True
1466439229,87.2,87.2,19.40607637035987,False
1466439279,87.2,16.465406189561982,16.465406189561982,True
1466439328,87.2,87.2,35.46547138671308,False
1466439351,87.2,87.2,99.33846427825748,False
1466439447,87.2,23.46671069937505,23.46671069937505,True
1466439466,87.2,48.55443354252602,48.55443354252602,True
1466439480,87.2,24.32933491242053,24.32933491242053,True
1466439560,87.2,41.83612566812358,41.83612566812358,True
1466439600,87.2,79.04438655132178,79.04438655132178,True
1466439645,87.2,87.2,9.275749255215615,False
1466439729,87.2,87.2,113.69933332407783,False
1466439772,87.2,143.65563206847412,143.65563206847412,True
1466439827,87.2,87.2,74.55624347148661,False
1466439849,87.2,130.74590698525517,130.74590698525517,True
1466439910,87.2,38.507174302855375,38.507174302855375,True
1466439990,87.2,87.2,172.22845340053755,False
1466440005,87.2,119.67756814450614,119.67756814450614,True
1466440006,87.2,87.2,47.13337294956166,False
1466440045,87.2,87.2,75.83397913242528,False
1466440066,87.2,87.2,51.30733963755909,False
1466440154,87.2,167.2345564108758,167.2345564108758,True
1466440214,87.2,87.2,40.078223916713476,False
1466440226,87.2,87.2,66.41829189036537,False
1466440304,87.2,122.30024613898414,122.30024613898414,True
1466440385,87.2,70.22564955662645,70.22564955662645,True
1466440451,87.2,176.0298339642965,176.0298339642965,True
1466440521,87.2,87.2,88.6635993033599,False
1466440581,87.2,87.2,39.64994281284626,False
1466440674,87.2,77.72531880159212,77.72531880159212,True
1466440727,87.2,2.1597122678459924,2.1597122678459924,True
1466440821,87.2,189.3674660821877,189.3674660821877,True
1466440827,87.2,87.2,125.92473389409587,False
1466440897,87.2,58.61458361445857,58.61458361445857,True
1466440923,87.2,74.30100934007433,74.30100934007433,True
1466441012,87.2,87.2,128.11563839762331,False
1466441049,87.2,87.2,89.79371825223707,False
1466441147,87.2,87.2,10.638733108426512,False
1466441213,87.2,87.2,184.69754217361978,False
1466441311,87.2,87.2,33.817102656614175,False
1466441318,87.2,87.2,3.6953634303017013,False
1466441418,87.2,62.390332850194994,62.390332850194994,True
1466441510,87.2,87.2,190.81780666019037,False
1466441541,87.2,87.2,104.64267538862353,False
1466441579,87.2,37.31730456557996,37.31730456557996,True
1466441630,87.2,112.45471630320493,112.45471630320493,True
1466441714,87.2,151.9779610765513,151.9779610765513,True
1466441724,87.2,53.049641687806016,53.049641687806016,True
1466441741,87.2,26.731385679265095,26.731385679265095,True
1466441822,87.2,87.2,18.18712884160698,False
1466441883,87.2,21.18480286514508,21.18480286514508,True
1466441934,87.2,87.2,77.20748327956156,False
1466441947,87.2,179.3422417972668,179.3422417972668,True
1466442046,87.2,87.2,196.75380077649217,False
1466442137,87.2,87.2,97.24199708024184,False
1466442175,87.2,47.48657657419655,47.48657657419655,True
1466442216,87.2,76.58242164285309,76.58242164285309,True
1466442284,87.2,138.68135680798332,138.68135680798332,True
1466442332,87.2,87.2,176.26614805258131,False
1466442358,87.2,109.70944987446505,109.70944987446505,True
1466442362,87.2,87.2,157.7716991023389,False
1466442439,87.2,87.2,184.3715179217357,False
1466442490,87.2,87.2,81.58157091631438,False
1466442498,87.2,102.90591540765965,102.90591540765965,True
1466442508,87.2,158.36922891467327,158.36922891467327,True
1466442518,87.2,87.2,28.276266016872164,False
1466442556,87.2,91.89162048334536,91.89162048334536,True
1466442656,87.2,170.40188705269009,170.40188705269009,True
1466442662,87.2,87.2,108.20771196516222,False
1466442703,87.2,177.2779847510205,177.2779847510205,True
1466442768,87.2,41.751262410434855,41.751262410434855,True
1466442788,87.2,104.10795452632964,104.10795452632964,True
1466442886,87.2,39.30920899610921,39.30920899610921,True
1466442980,87.2,87.2,5.700714762094616,False
1466443000,87.2,87.2,135.33311227135027,False
1466443029,87.2,69.28707451115397,69.28707451115397,True
1466443038,87.2,87.2,7.5497404043956,False
1466443089,87.2,99.67479737820749,99.67479737820749,True
1466443162,87.2,87.2,194.30869562951116,False
1466443201,87.2,66.96370576026627,66.96370576026627,True
1466443219,87.2,173.81302256431957,173.81302256431957,True
1466443263,87.2,182.79328001930406,182.79328001930406,True
1466443350,87.2,124.96653354320316,124.96653354320316,True
1466443373,87.2,87.2,106.44682774695025,False
1466443392,87.2,87.2,142.42994132560884,False
1466443402,87.2,87.2,45.296907615803164,False
1466443486,87.2,87.2,17.203639288082684,False
1466443511,87.2,87.2,108.44421241151065,False
1466443584,87.2,87.2,163.1753101420327,False
1466443677,87.2,50.3697157730892,50.3697157730892,True
1466443725,87.2,87.2,172.95123305104607,False
1466443727,87.2,155.5393195460121,155.5393195460121,True
1466443750,87.2,23.31032834570084,23.31032834570084,True
1466443761,87.2,53.482104914502784,53.482104914502784,True
1466443808,87.2,135.88052846579475,135.88052846579475,True
1466443861,87.2,87.2,116.69021508310256,False
1466443929,87.2,156.06334924247642,156.06334924247642,True
1466443986,87.2,8.621772546718942,8.621772546718942,True
1466444043,87.2,108.33898846842219,108.33898846842219,True
1466444110,87.2,0.1460624551751888,0.1460624551751888,True
1466444192,87.2,105.89180627552138,105.89180627552138,True
1466444287,87.2,87.2,60.959565851139594,False
1466444294,87.2,87.2,9.824957177226668,False
1466444366,87.2,87.2,150.53468075066533,False
1466444466,87.2,103.47575079013995,103.47575079013995,True
1466444505,87.2,21.98211807086805,21.98211807086805,True
1466444556,87.2,18.141025261272436,18.141025261272436,True
1466444624,87.2,30.302580147614577,30.302580147614577,True
1466444663,87.2,87.2,175.1396959384226,False
1466444685,87.2,87.2,176.5841963820739,False
1466444756,87.2,40.970720322364414,40.970720322364414,True
1466444781,87.2,87.2,198.37761653464446,False
1466444840,87.2,87.2,92.92668969503643,False
1466444854,87.2,185.3327403465379,185.3327403465379,True
1466444860,87.2,54.451499233932864,54.451499233932864,True
1466444959,87.2,153.12600419245027,153.12600419245027,True
1466445058,87.2,26.545432131150015,26.545432131150015,True
1466445107,87.2,15.231517377516756,15.231517377516756,True
1466445165,87.2,87.2,65.65866536951823,False
1466445170,87.2,146.98039078879393,146.98039078879393,True
1466445173,87.2,75.83884733198023,75.83884733198023,True
1466445247,87.2,87.2,138.08213413082137,False
1466445305,87.2,151.80825661067604,151.80825661067604,True
1466445333,87.2,87.2,9.891902264592268,False
1466445356,87.2,87.2,129.59225709611604,False
1466445430,87.2,185.53192320702635,185.53192320702635,True
1466445491,87.2,87.2,76.67154380149906,False
1466445497,87.2,115.00958216459685,115.00958216459685,True
1466445514,87.2,189.12217970178034,189.12217970178034,True
1466445549,87.2,182.32440982473526,182.32440982473526,True
1466445640,87.2,108.18728883060331,108.18728883060331,True
1466445648,87.2,87.2,84.54506393847905,False
1466445739,87.2,87.2,55.50486587252836,False
1466445814,87.2,87.2,195.98278061844914,False
1466445879,87.2,74.34801924380301,74.34801924380301,True
1466445909,87.2,128.74486564940503,128.74486564940503,True
1466445965,87.2,87.2,2.008778529479538,False
1466446021,87.2,87.2,91.72153948522417,False
1466446045,87.2,168.40095193891312,168.40095193891312,True
1466446071,87.2,87.2,171.34473262348004,False
1466446120,87.2,139.62653192142932,139.62653192142932,True
1466446168,87.2,156.56116173861255,156.56116173861255,True
1466446253,87.2,114.17793183748464,114.17793183748464,True
1466446302,87.2,87.2,169.28590209305594,False
1466446389,87.2,87.2,37.7419782474103,False
1466446404,87.2,87.2,8.899734388150794,False
1466446494,87.2,41.92200812980722,41.92200812980722,True
1466446594,87.2,105.4346433820406,105.4346433820406,True
1466446643,87.2,87.2,194.12905796710868,False
1466446669,87.2,140.38570922515618,140.38570922515618,True
1466446690,87.2,87.2,126.37851048049222,False
1466446735,87.2,87.2,131.1717897898139,False
1466446766,87.2,161.6924541412694,161.6924541412694,True
1466446852,87.2,67.96765415040254,67.96765415040254,True
1466446902,87.2,73.06715709661924,73.06715709661924,True
1466446945,87.2,87.2,134.16341956909937,False
1466446987,87.2,87.2,67.02365594642895,False
1466447036,87.2,87.2,197.83207273383735,False
1466447112,87.2,87.2,154.50841032206125,False
1466447129,87.2,87.2,107.72991886360342,False
1466447189,87.2,157.726010465972,157.726010465972,True
1466447224,87.2,181.5135957777142,181.5135957777142,True
1466447270,87.2,75.3681273555908,75.3681273555908,True
1466447272,87.2,28.794465699484427,28.794465699484427,True
1466447348,87.2,87.2,188.6370033603839,False
1466447359,87.2,138.8696168270877,138.8696168270877,True
1466447388,87.2,87.2,191.38368318102886,False
1466447390,87.2,87.2,117.8160417111127,False
1466447425,87.2,87.2,170.70166490404964,False
1466447463,87.2,179.95579583740792,179.95579583740792,True
1466447485,87.2,87.2,42.238003869127574,False
1466447545,87.2,87.2,173.2876358321262,False
1466447553,87.2,87.2,41.214350770162156,False
1466447554,87.2,87.2,128.16077383882188,False
1466447573,87.3,87.3,159.9623751592715,False
1466447634,87.3,26.805817466119297,26.805817466119297,True
1466447695,87.3,189.3363370381298,189.3363370381298,True
1466447762,87.3,87.3,52.037554883764095,False
1466447844,87.3,154.17393894713422,154.17393894713422,True
1466447885,87.3,109.86822295390219,109.86822295390219,True
1466447943,87.3,87.3,152.89357692934715,False
1466447956,87.3,116.95623117501104,116.95623117501104,True
1466448041,87.3,35.12484693624156,35.12484693624156,True
1466448140,87.3,87.3,170.09253493466053,False
1466448215,87.3,151.32323592209397,151.32323592209397,True
1466448270,87.3,41.01490860127481,41.01490860127481,True
1466448302,87.3,185.10700086771902,185.10700086771902,True
1466448368,87.3,87.3,196.82465431246652,False
1466448422,87.3,164.76240596690016,164.76240596690016,True
1466448517,87.3,0.19727415274104487,0.19727415274104487,True
1466448614,87.3,87.3,32.062508306017556,False
1466448701,87.3,87.3,81.31791013628624,False
1466448743,87.3,131.97260896173643,131.97260896173643,True
1466448805,87.3,87.3,195.75169128503362,False
1466448844,87.3,152.7622756631022,152.7622756631022,True
1466448896,87.3,87.3,166.6763894009807,False
1466448984,87.3,87.3,194.5443222544502,False
1466449031,87.3,125.69747932794739,125.69747932794739,True
1466449045,87.3,87.3,73.99800131642384,False
1466449099,87.3,140.922464307899,140.922464307899,True
1466449171,87.3,87.3,181.50312221787146,False
1466449261,87.3,87.3,141.8907128195562,False
1466449280,87.3,87.3,140.11813051059184,False
1466449359,87.3,87.3,191.74984270336273,False
1466449442,87.3,53.9088602955009,53.9088602955009,True
1466449496,87.3,27.764655335883948,27.764655335883948,True
1466449537,87.3,87.3,145.41208085955182,False
1466449555,87.3,190.3608777749739,190.3608777749739,True
1466449629,87.3,135.86026389541007,135.86026389541007,True
1466449635,87.3,87.3,162.13899744290296,False
1466449721,87.3,32.44366223908912,32.44366223908912,True
1466449772,87.3,87.3,32.98690469804502,False
1466449872,87.3,87.3,37.25414966994109,False
1466449873,87.3,87.3,189.93442788207457,False
1466449884,87.3,125.53510193230635,125.53510193230635,True
1466449937,87.3,56.39491943287753,56.39491943287753,True
1466449953,87.3,87.3,91.09668293714984,False
1466449959,87.3,63.43941689328514,63.43941689328514,True
1466449961,87.3,87.3,87.83029930752022,False
1466450018,87.3,47.09710794860351,47.09710794860351,True
1466450075,87.3,169.02729524767878,169.02729524767878,True
1466450150,87.3,102.44124751392059,102.44124751392059,True
1466450177,87.3,87.3,124.03698746199971,False
1466450255,87.3,113.84621103875506,113.84621103875506,True
1466450343,87.3,87.3,1.2370652582629704,False
1466450348,87.3,87.3,193.33491908161497,False
1466450401,87.3,87.3,109.96671463416928,False
1466450433,87.3,87.3,178.2106185223414,False
1466450507,87.3,87.3,88.15802072585977,False
1466450536,87.3,87.3,195.3494552211572,False
1466450627,87.3,45.70581191817973,45.70581191817973,True
1466450723,87.3,0.12289057506713608,0.12289057506713608,True
1466450817,87.3,87.3,107.59927718622464,False
1466450900,87.3,87.3,29.879205084173897,False
1466450902,87.3,87.3,12.324096845562437,False
1466450971,87.3,199.11225792060108,199.11225792060108,True
1466451016,87.3,87.3,99.51587375635607,False
1466451023,87.3,87.3,141.99520057033408,False
1466451073,87.3,116.26549059066964,116.26549059066964,True
1466451166,87.3,87.3,114.85420989938117,False
1466451231,87.3,87.3,102.27324594569819,False
1466451245,87.3,56.42384618822869,56.42384618822869,True
1466451293,87.3,136.0130486942613,136.0130486942613,True
1466451295,87.3,87.3,195.79788255908815,False
1466451378,87.3,2.3514773137593536,2.3514773137593536,True
1466451445,87.3,87.3,141.99842333425832,False
1466451508,87.3,87.3,190.01782574715466,False
1466451599,87.3,87.3,149.34255014771517,False
1466451686,87.4,87.4,66.49877671446514,False
1466451761,87.4,197.49393431633834,197.49393431633834,True
1466451857,87.4,139.99600010974027,139.99600010974027,True
1466451909,87.4,29.962222434627517,29.962222434627517,True
1466451919,87.4,87.4,30.921210538637055,False
1466452006,87.4,0.5141275162316106,0.5141275162316106,True
1466452035,87.4,87.4,181.72817553912725,False
1466452039,87.4,87.4,3.4906965795487466,False
1466452104,87.4,87.4,75.71573340435194,False
1466452167,87.4,87.4,26.104700155461448,False
1466452238,87.4,93.38813419052046,93.38813419052046,True
1466452313,87.4,87.4,186.7934659407802,False
1466452339,87.4,87.4,92.63025174559888,False
1466452419,87.4,116.1620897834446,116.1620897834446,True
1466452424,87.4,153.98849840327537,153.98849840327537,True
1466452435,87.4,175.1324732590849,175.1324732590849,True
1466452531,87.4,167.69144144905687,167.69144144905687,True
1466452584,87.4,115.6551545489479,115.6551545489479,True
1466452625,87.4,41.143647815606286,41.143647815606286,True
1466452676,87.4,87.4,190.53877527814942,False
1466452752,87.4,118.51515471677732,118.51515471677732,True
1466452796,87.4,87.4,123.7705124122017,False
1466452825,87.4,137.73565537747118,137.73565537747118,True
1466452860,87.4,76.66952756244756,76.66952756244756,True
1466452960,87.4,87.4,153.1899388838144,False
1466452979,87.4,87.4,2.442780852271942,False
1466453002,87.4,11.887775961254011,11.887775961254011,True
1466453016,87.4,87.4,19.827222005835267,False
1466453025,87.4,62.17794806081809,62.17794806081809,True
1466453089,87.4,87.4,126.72397884805326,False
1466453141,87.4,87.4,111.97591848033368,False
1466453154,87.4,87.4,43.23309122514403,False
1466453184,87.4,53.032505454731215,53.032505454731215,True
1466453202,87.4,87.4,167.5803737978516,False
1466453203,87.4,162.63287042504797,162.63287042504797,True
1466453222,87.4,45.29124526043184,45.29124526043184,True
1466453321,87.4,41.5747923656405,41.5747923656405,True
1466453379,87.4,87.4,159.53510302931454,False
1466453392,87.4,87.4,61.22812660951371,False
1466453422,87.4,87.4,53.082573274302014,False
1466453502,87.4,87.4,86.31035386662444,False
1466453518,87.4,113.8135409010371,113.8135409010371,True
1466453563,87.4,87.4,89.37330193851753,False
1466453604,87.4,159.14535898310643,159.14535898310643,True
1466453639,87.4,37.63354130182355,37.63354130182355,True
1466453705,87.4,189.1166247944807,189.1166247944807,True
1466453795,87.4,87.4,155.0793148676849,False
1466453816,87.4,87.4,196.82446520564562,False
1466453870,87.4,180.94515942845516,180.94515942845516,True
1466453910,87.4,87.4,158.17737884047816,False
1466454002,87.4,87.4,85.27182261647128,False
1466454051,87.4,128.7794277783023,128.7794277783023,True
1466454087,87.4,17.714189752226428,17.714189752226428,True
1466454129,87.4,42.45472530112933,42.45472530112933,True
1466454227,87.4,162.4627741229115,162.4627741229115,True
1466454259,87.4,48.859937343656654,48.859937343656654,True
1466454262,87.4,176.75700941693003,176.75700941693003,True
1466454298,87.3,87.3,185.96295822823546,False
1466454388,87.2,87.2,181.43166510895975,False
1466454399,87.2,13.530161783375071,13.530161783375071,True
1466454473,87.3,27.98137952115203,27.98137952115203,True
1466454529,87.3,82.52826701229279,82.52826701229279,True
1466454559,87.3,87.3,56.71378254961763,False
1466454648,87.3,108.5704167202441,108.5704167202441,True
1466454745,87.3,80.27815539628168,80.27815539628168,True
1466454763,87.3,44.53030924616925,44.53030924616925,True
1466454851,87.3,5.180613052268823,5.180613052268823,True
1466454936,87.3,87.3,80.6699880527674,False
1466454949,87.3,87.3,139.39226986891958,False
1466455032,87.3,159.8579421473501,159.8579421473501,True
1466455065,87.3,87.3,98.20657730046376,False
1466455119,87.3,7.022285462770128,7.022285462770128,True
1466455172,87.3,87.3,52.05316013544714,False
1466455196,87.3,87.3,109.64020603473301,False
1466455271,87.3,87.3,174.36254070879284,False
1466455357,87.3,87.3,27.076540840394657,False
1466455361,87.3,87.3,99.93704200309404,False
1466455394,87.3,87.3,14.285698636045785,False
1466455475,87.3,87.3,2.0637269764447908,False
1466455497,87.3,87.3,39.13048163116271,False
1466455561,87.3,156.14235733161595,156.14235733161595,True
1466455575,87.3,100.85445779024774,100.85445779024774,True
1466455587,87.3,87.3,119.15153505165283,False
1466455651,87.3,101.07195318392573,101.07195318392573,True
1466455658,87.3,87.3,74.87735283444907,False
1466455732,87.3,83.00321849204346,83.00321849204346,True
1466455812,87.3,136.6855353110382,136.6855353110382,True
1466455910,87.3,87.3,185.47533318960828,False
1466455951,87.3,87.3,57.85202681114503,False
1466455999,87.3,87.3,116.50207200700524,False
1466456054,87.3,101.09529041415439,101.09529041415439,True
1466456058,87.3,87.3,174.21204974353094,False
1466456074,87.3,87.3,88.27443307928841,False
1466456088,87.3,170.82408854231227,170.82408854231227,True
1466456118,87.3,168.47731601798978,168.47731601798978,True
1466456218,87.3,84.65747469478688,84.65747469478688,True
1466456265,87.3,149.53696738644106,149.53696738644106,True
1466456270,87.3,199.06806596614746,199.06806596614746,True
1466456312,87.3,87.3,43.07469588711426,False
1466456346,87.3,139.2947321192851,139.2947321192851,True
1466456374,87.3,11.89376996910283,11.89376996910283,True
1466456406,87.3,92.13306662353884,92.13306662353884,True
1466456482,87.3,87.3,104.29818886056754,False
1466456512,87.3,87.3,198.24017152275655,False
1466456610,87.3,99.86302402882983,99.86302402882983,True
1466456683,87.3,87.3,188.43626329001165,False
1466456768,87.3,87.3,58.09862662498983,False
1466456856,87.3,192.7877203341908,192.7877203341908,True
1466456927,87.3,92.70363365675394,92.70363365675394,True
1466457014,87.3,54.29908584162708,54.29908584162708,True
1466457032,87.3,87.3,194.79489770230467,False
1466457067,87.3,87.3,7.702135017084144,False
1466457157,87.3,92.77059199020022,92.77059199020022,True
1466457215,87.3,87.3,193.7355336454449,False
1466457267,87.3,21.132906319161783,21.132906319161783,True
1466457357,87.3,108.64384833566089,108.64384833566089,True
1466457434,87.3,87.3,58.322161329313026,False
1466457487,87.3,102.10992321140029,102.10992321140029,True
1466457559,87.3,87.3,131.74120404293106,False
1466457603,87.3,87.3,75.35928669731304,False
1466457671,87.3,87.3,174.1879035429187,False
1466457713,87.3,49.444696679312436,49.444696679312436,True
1466457745,87.3,149.7325912520437,149.7325912520437,True
1466457782,87.3,87.3,177.06713103253617,False
1466457802,87.3,126.78832759275784,126.78832759275784,True
1466457817,87.3,64.44663143431187,64.44663143431187,True
1466457865,87.3,87.3,169.30728408041333,False
1466457884,87.3,6.564508330619345,6.564508330619345,True
1466457885,87.3,87.3,39.67055866554132,False
1466457917,87.3,94.67218592528872,94.67218592528872,True
1466457973,87.3,36.40273482326548,36.40273482326548,True
1466458045,87.3,140.6943725632614,140.6943725632614,True
1466458135,87.3,87.3,56.204629840265305,False
1466458151,87.3,49.88670822632546,49.88670822632546,True
1466458230,87.3,27.483859460595617,27.483859460595617,True
1466458324,87.3,87.3,153.1003138491261,False
1466458362,87.3,70.38113913641726,70.38113913641726,True
1466458438,87.3,87.3,147.20208949199355,False
1466458454,87.3,87.3,16.744257045482748,False
1466458496,87.3,87.3,158.65789469527408,False
1466458509,87.3,87.3,32.95133447474292,False
1466458580,87.3,87.3,110.34985355799263,False
1466458590,87.3,87.3,28.754726687438303,False
1466458626,87.3,20.460845328545552,20.460845328545552,True
1466458642,87.3,63.71123164192032,63.71123164192032,True
1466458665,87.3,87.3,161.90507926280753,False
1466458694,87.3,30.387197655236452,30.387197655236452,True
1466458762,87.3,32.29280610022971,32.29280610022971,True
1466458793,87.3,87.3,61.947616654032636,False
1466458824,87.3,87.3,141.9813518628914,False
1466458906,87.3,108.493569489204,108.493569489204,True
1466458982,87.3,87.3,17.011852090598833,False
1466459068,87.3,87.3,156.82478129158542,False
1466459159,87.3,4.552652467848284,4.552652467848284,True
1466459184,87.3,87.3,98.39326924682442,False
1466459273,87.3,173.9096736698687,173.9096736698687,True
1466459372,87.3,116.5700322513625,116.5700322513625,True
1466459415,87.3,87.3,84.06635261772794,False
1466459483,87.3,58.65912672070153,58.65912672070153,True
1466459504,87.3,87.3,163.20561413260032,False
1466459588,87.3,190.32728506846288,190.32728506846288,True
1466459595,87.3,161.46888738528594,161.46888738528594,True
1466459673,87.3,87.3,97.36954810427395,False
1466459726,87.3,119.03083080047958,119.03083080047958,True
1466459800,87.3,76.01361629341228,76.01361629341228,True
1466459857,87.3,159.1648793012199,159.1648793012199,True
1466459887,87.3,87.3,6.723752124873772,False
1466459913,87.3,135.65877657323477,135.65877657323477,True
1466459974,87.3,87.3,146.082459185346,False
1466459995,87.3,42.71146571513962,42.71146571513962,True
1466460001,87.3,87.3,60.97575569927904,False
1466460054,87.3,168.60295814123472,168.60295814123472,True
1466460130,87.3,65.11928514770258,65.11928514770258,True
1466460215,87.3,87.3,60.05372999765122,False
1466460252,87.3,87.3,13.823065970737458,False
1466460272,87.3,87.3,191.77350223607695,False
1466460346,87.3,123.99802453719873,123.99802453719873,True
1466460440,87.3,71.4904444338116,71.4904444338116,True
1466460461,87.3,159.60883324431293,159.60883324431293,True
1466460528,87.3,87.3,54.39846578033891,False
1466460610,87.3,89.95269209837953,89.95269209837953,True
1466460630,87.3,151.83185877085074,151.83185877085074,True
1466460691,87.3,16.85297553057321,16.85297553057321,True
1466460706,87.3,119.77048455012378,119.77048455012378,True
1466460739,87.3,150.4419346046117,150.4419346046117,True
1466460765,87.3,87.3,159.1038026289641,False
1466460795,87.3,16.169826931760657,16.169826931760657,True
1466460877,87.3,87.3,195.71534381946282,False
1466460973,87.3,87.3,88.30681563924652,False
1466461009,87.3,87.3,41.2060263719149,False
1466461027,87.3,82.2605140015774,82.2605140015774,True
1466461032,87.3,160.125362691465,160.125362691465,True
1466461096,87.3,11.239080174691773,11.239080174691773,True
1466461169,87.3,87.3,24.35416822555969,False
1466461256,87.3,87.3,171.7657725133516,False
1466461351,87.3,87.3,70.78871524569172,False
1466461451,87.3,87.3,96.02137082543327,False
1466461531,87.3,87.3,106.4703142098929,False
1466461568,87.3,26.613908800492215,26.613908800492215,True
1466461583,87.3,125.30660710631965,125.30660710631965,True
1466461647,87.3,87.3,81.34374561853504,False
1466461703,87.3,87.3,143.19121171674308,False
1466461794,87.3,79.44365859096882,79.44365859096882,True
1466461813,87.3,87.3,70.43680364880241,False
1466461910,87.3,126.43039009303334,126.43039009303334,True
1466461988,87.3,154.66222664029087,154.66222664029087,True
1466462056,87.3,136.74416514293378,136.74416514293378,True
1466462101,87.3,147.38048886141414,147.38048886141414,True
1466462155,87.3,87.3,117.6045858044807,False
1466462215,87.3,2.2443794863387545,2.2443794863387545,True
1466462278,87.3,114.81347090321543,114.81347090321543,True
1466462368,87.3,135.66787394151913,135.66787394151913,True
1466462412,87.3,87.3,52.798044850072536,False
1466462512,87.3,100.22632695977008,100.22632695977008,True
1466462594,87.3,87.3,167.02214772386895,False
1466462671,87.3,176.95234377096043,176.95234377096043,True
1466462716,87.3,159.2089557873652,159.2089557873652,True
1466462746,87.3,16.401846677347653,16.401846677347653,True
1466462782,87.3,178.90674542731398,178.90674542731398,True
1466462820,87.3,87.3,179.3526878571916,False
1466462833,87.3,87.3,21.193245461446075,False
1466462842,87.3,87.3,122.08729973389907,False
1466462850,87.3,137.8538980303662,137.8538980303662,True
1466462941,87.3,87.3,197.56011351255898,False
1466463026,87.3,87.3,57.48663551594768,False
1466463117,87.3,87.3,137.44152065715204,False
1466463139,87.3,87.3,110.52445609689299,False
