1466410104,7.4,7.447547617049969,7.447547617049969,True
1466410114,7.4,7.423329885722691,7.423329885722691,True
1466410130,7.4,7.370083401973497,7.370083401973497,True
1466410181,7.4,7.4,7.409098876195968,False
1466410203,7.38,7.436066255186363,7.436066255186363,True
1466410250,7.35,7.396604550027353,7.396604550027353,True
1466410309,7.35,7.35,7.4246642680890345,False
1466410397,7.39,7.39,7.354368990788863,False
1466410430,7.39,7.365432257062099,7.365432257062099,True
1466410469,7.44,7.372027356698766,7.372027356698766,True
1466410483,7.44,7.448416953909415,7.448416953909415,True
1466410498,7.44,7.442596229115235,7.442596229115235,True
1466410502,7.44,7.3875323244035815,7.3875323244035815,True
1466410532,7.35,7.35,7.39112666343376,False
1466410541,7.35,7.403933033281284,7.403933033281284,True
1466410573,7.35,7.35,7.376909825236223,False
1466410630,7.35,7.35,7.42538823805791,False
1466410653,7.37,7.37,7.446873479180572,False
1466410746,7.44,7.44,7.436893380534126,False
1466410814,7.44,7.44,7.353823250382792,False
1466410890,7.45,7.435966042315866,7.435966042315866,True
1466410902,7.45,7.45,7.414167429503868,False
1466410978,7.42,7.42,7.423123682791268,False
1466411008,7.42,7.42,7.438653407300572,False
1466411066,7.42,7.42,7.384547872819989,False
1466411094,7.42,7.374758087955247,7.374758087955247,True
1466411157,7.45,7.45,7.445483227379897,False
1466411223,7.45,7.45,7.434030935620484,False
1466411226,7.45,7.384973536071031,7.384973536071031,True
1466411272,7.36,7.3821233851413295,7.3821233851413295,True
1466411303,7.36,7.36,7.413867117729262,False
1466411318,7.36,7.376907852266532,7.376907852266532,True
1466411396,7.36,7.36,7.399544913363685,False
1466411493,7.36,7.36,7.392848992219471,False
1466411549,7.36,7.36,7.381610434050878,False
1466411560,7.36,7.40217012189026,7.40217012189026,True
1466411626,7.43,7.43,7.364878450801546,False
1466411723,7.43,7.449924524645126,7.449924524645126,True
1466411763,7.43,7.4215055510375985,7.4215055510375985,True
1466411785,7.36,7.36,7.4141938552730355,False
1466411854,7.37,7.37,7.4287496246210845,False
1466411889,7.38,7.38,7.377235258390488,False
1466411988,7.38,7.38,7.408670865668298,False
1466412022,7.38,7.38,7.4104967558288735,False
1466412046,7.38,7.38,7.417301747954582,False
1466412076,7.41,7.39699406919815,7.39699406919815,True
1466412152,7.41,7.38138762918879,7.38138762918879,True
1466412181,7.41,7.41,7.436946483926996,False
1466412201,7.41,7.41,7.3722903322489195,False
1466412260,7.36,7.36,7.375458311560677,False
1466412347,7.36,7.36,7.445727148853206,False
1466412360,7.36,7.36,7.402851809941412,False
1466412438,7.36,7.3912045532317885,7.3912045532317885,True
1466412521,7.37,7.37,7.4474293209810485,False
1466412599,7.45,7.446974715659893,7.446974715659893,True
1466412639,7.37,7.394470573731819,7.394470573731819,True
1466412691,7.37,7.3603994431464095,7.3603994431464095,True
1466412747,7.39,7.39,7.352754807866159,False
1466412794,7.39,7.39,7.387708784138482,False
1466412819,7.39,7.449680776546222,7.449680776546222,True
1466412832,7.39,7.406548747772662,7.406548747772662,True
1466412874,7.39,7.39,7.4098244037358,False
1466412943,7.39,7.39,7.355631109735702,False
1466412971,7.39,7.39,7.425644350143551,False
1466412990,7.39,7.39,7.408499385198524,False
1466413028,7.39,7.39,7.4235556687086115,False
1466413053,7.39,7.3714431159754,7.3714431159754,True
1466413125,7.39,7.39,7.43455526315757,False
1466413200,7.43,7.43,7.42458240386924,False
1466413264,7.43,7.43,7.362601998274328,False
1466413311,7.43,7.42479668066803,7.42479668066803,True
1466413342,7.35,7.446806879893292,7.446806879893292,True
1466413440,7.35,7.427269909756502,7.427269909756502,True
1466413458,7.43,7.43,7.36617314398907,False
1466413529,7.43,7.43,7.3966753556880604,False
1466413542,7.43,7.43,7.364141913745805,False
1466413638,7.43,7.43,7.44372400555956,False
1466413672,7.42,7.366753135773176,7.366753135773176,True
1466413733,7.42,7.397268737319241,7.397268737319241,True
1466413779,7.42,7.42,7.3628438323036915,False
1466413780,7.42,7.385925970574508,7.385925970574508,True
1466413864,7.37,7.355632766803093,7.355632766803093,True
1466413885,7.35,7.418837123630308,7.418837123630308,True
1466413946,7.35,7.359849597027329,7.359849597027329,True
1466414033,7.35,7.40448606953443,7.40448606953443,True
1466414071,7.35,7.35,7.407945253115198,False
1466414164,7.35,7.35,7.420103392736018,False
1466414225,7.35,7.35,7.376605288538899,False
1466414312,7.41,7.41,7.354960413321263,False
1466414325,7.41,7.371014065600233,7.371014065600233,True
1466414328,7.41,7.414489119019645,7.414489119019645,True
1466414329,7.41,7.41,7.441492802849453,False
1466414402,7.43,7.43,7.440154417070085,False
1466414407,7.43,7.43,7.364134763256158,False
1466414413,7.4,7.40597406966968,7.40597406966968,True
1466414460,7.36,7.448589533542441,7.448589533542441,True
1466414552,7.41,7.380742350055306,7.380742350055306,True
1466414602,7.41,7.41,7.442268569511812,False
1466414662,7.41,7.387111204189079,7.387111204189079,True
1466414746,7.45,7.45,7.418690698957323,False
1466414844,7.45,7.379618761860219,7.379618761860219,True
1466414943,7.45,7.45,7.415653805218673,False
1466414946,7.45,7.392343954962576,7.392343954962576,True
1466414966,7.45,7.382423769354132,7.382423769354132,True
1466415038,7.36,7.442714871126391,7.442714871126391,True
1466415106,7.36,7.369480720945182,7.369480720945182,True
1466415130,7.36,7.449437995792982,7.449437995792982,True
1466415145,7.42,7.42,7.434959581017256,False
1466415202,7.44,7.4297732738833835,7.4297732738833835,True
1466415239,7.44,7.44,7.4369385409118705,False
1466415249,7.37,7.37,7.3508934762876725,False
1466415308,7.37,7.404956123505523,7.404956123505523,True
1466415357,7.43,7.43,7.415151916783708,False
1466415404,7.37,7.410049272688112,7.410049272688112,True
1466415469,7.38,7.3808310844285465,7.3808310844285465,True
1466415548,7.36,7.36,7.394675593961276,False
1466415588,7.36,7.36,7.378198257618719,False
1466415627,7.44,7.444368312139429,7.444368312139429,True
1466415719,7.44,7.395357296537986,7.395357296537986,True
1466415767,7.44,7.44,7.414969238950581,False
1466415860,7.38,7.38,7.424050978872125,False
1466415872,7.38,7.38,7.400283154238203,False
1466415914,7.41,7.391166759674766,7.391166759674766,True
1466415934,7.41,7.41,7.365924118617556,False
1466415988,7.4,7.437144113244962,7.437144113244962,True
1466416004,7.4,7.425578240197011,7.425578240197011,True
1466416050,7.42,7.42,7.356224231198232,False
1466416150,7.42,7.400518270717759,7.400518270717759,True
1466416161,7.36,7.379985353654053,7.379985353654053,True
1466416215,7.36,7.36,7.3790264677825235,False
1466416315,7.45,7.45,7.4123415996165205,False
1466416321,7.45,7.441368039381755,7.441368039381755,True
1466416393,7.35,7.4402948429875115,7.4402948429875115,True
1466416440,7.38,7.38,7.415090070151514,False
1466416510,7.38,7.359016823216665,7.359016823216665,True
1466416541,7.43,7.43,7.3865876120917004,False
1466416631,7.39,7.39,7.416109872959408,False
1466416671,7.36,7.36,7.354801089002789,False
1466416725,7.36,7.440460048767399,7.440460048767399,True
1466416815,7.41,7.41,7.385930000254796,False
1466416867,7.36,7.369931898840547,7.369931898840547,True
1466416933,7.41,7.352090429758998,7.352090429758998,True
1466416963,7.36,7.369757738454175,7.369757738454175,True
1466417034,7.43,7.43,7.418065382769009,False
1466417069,7.43,7.43,7.393126233441383,False
1466417095,7.43,7.43,7.412791242790599,False
1466417123,7.4,7.371025930169813,7.371025930169813,True
1466417219,7.4,7.414226740501853,7.414226740501853,True
1466417228,7.4,7.420883694675885,7.420883694675885,True
1466417235,7.4,7.4,7.37698321218118,False
1466417266,7.4,7.4404753121078135,7.4404753121078135,True
1466417298,7.4,7.366807910187323,7.366807910187323,True
1466417382,7.43,7.43,7.408009845526775,False
1466417429,7.43,7.43,7.37765423852107,False
1466417434,7.35,7.35,7.374641959798712,False
1466417513,7.38,7.440003345810249,7.440003345810249,True
1466417598,7.38,7.415691553415518,7.415691553415518,True
1466417615,7.38,7.38,7.391271606417432,False
1466417654,7.41,7.41,7.403784899204061,False
1466417749,7.41,7.41,7.417769594762415,False
1466417763,7.41,7.376367290127443,7.376367290127443,True
1466417822,7.4,7.4,7.383597154073523,False
1466417851,7.4,7.387461612690743,7.387461612690743,True
1466417855,7.4,7.383477254448057,7.383477254448057,True
1466417879,7.4,7.4,7.430484389655717,False
1466417895,7.43,7.43146618828413,7.43146618828413,True
1466417969,7.43,7.43,7.3936886970916555,False
1466418049,7.43,7.404645746844381,7.404645746844381,True
1466418118,7.43,7.413502838866972,7.413502838866972,True
1466418129,7.43,7.374114083617731,7.374114083617731,True
1466418179,7.43,7.43,7.404444079914124,False
1466418254,7.45,7.45,7.36114841845333,False
1466418332,7.36,7.404086532657527,7.404086532657527,True
1466418428,7.36,7.36,7.350630235822667,False
1466418494,7.4,7.4,7.377362603443616,False
1466418554,7.4,7.353744384249722,7.353744384249722,True
1466418563,7.43,7.442622283699708,7.442622283699708,True
1466418564,7.45,7.45,7.438663368299913,False
1466418594,7.45,7.394998828072705,7.394998828072705,True
1466418674,7.45,7.41793031311091,7.41793031311091,True
1466418748,7.45,7.400749756121778,7.400749756121778,True
1466418847,7.45,7.443207273833796,7.443207273833796,True
1466418877,7.45,7.4009531801937145,7.4009531801937145,True
1466418917,7.45,7.422620809355178,7.422620809355178,True
1466418938,7.45,7.444413035904214,7.444413035904214,True
1466419031,7.45,7.45,7.381933450391378,False
1466419058,7.39,7.399266027046929,7.399266027046929,True
1466419104,7.39,7.361508662168588,7.361508662168588,True
1466419166,7.41,7.43386715003228,7.43386715003228,True
1466419261,7.42,7.442176848974566,7.442176848974566,True
1466419349,7.42,7.393107089933401,7.393107089933401,True
1466419442,7.42,7.42,7.445228766551325,False
1466419530,7.42,7.384803976869187,7.384803976869187,True
1466419595,7.42,7.42,7.392430810106832,False
1466419646,7.44,7.433180203224287,7.433180203224287,True
1466419737,7.44,7.422309272923774,7.422309272923774,True
1466419826,7.44,7.350753963258244,7.350753963258244,True
1466419880,7.43,7.437069830191066,7.437069830191066,True
1466419911,7.41,7.419543667050806,7.419543667050806,True
1466419938,7.36,7.44085147722938,7.44085147722938,True
1466420016,7.36,7.36,7.418215982656494,False
1466420019,7.4,7.4,7.415569356443212,False
1466420108,7.38,7.38,7.404541674185582,False
1466420205,7.38,7.447255707535261,7.447255707535261,True
1466420228,7.37,7.37,7.423878061721614,False
1466420257,7.44,7.431779100134998,7.431779100134998,True
1466420270,7.44,7.44,7.39740735501696,False
1466420296,7.4,7.4,7.4050562678887,False
1466420331,7.43,7.43,7.403605964005416,False
1466420407,7.43,7.37850230291794,7.37850230291794,True
1466420430,7.43,7.42490898380464,7.42490898380464,True
1466420453,7.43,7.43,7.388038226519437,False
1466420474,7.43,7.43,7.369542354331874,False
1466420566,7.43,7.383739524069385,7.383739524069385,True
1466420579,7.43,7.43,7.364821730308828,False
1466420618,7.44,7.44,7.437239827932173,False
1466420624,7.44,7.44,7.422045798714897,False
1466420643,7.44,7.43582449439864,7.43582449439864,True
1466420695,7.45,7.3852596589459,7.3852596589459,True
1466420788,7.41,7.41,7.356452513225487,False
1466420863,7.41,7.384730817486791,7.384730817486791,True
1466420947,7.41,7.410669208247257,7.410669208247257,True
1466421003,7.42,7.42,7.448249113697311,False
1466421032,7.42,7.42,7.404772987364846,False
1466421050,7.42,7.42,7.361363412266066,False
1466421116,7.42,7.42,7.40363993117425,False
1466421208,7.43,7.43,7.384283104377711,False
1466421234,7.39,7.419430034348122,7.419430034348122,True
1466421262,7.39,7.39,7.416315777042643,False
1466421353,7.36,7.354685791572353,7.354685791572353,True
1466421360,7.36,7.36,7.35084450578495,False
1466421392,7.36,7.366275815201083,7.366275815201083,True
1466421480,7.39,7.39,7.36915050332428,False
1466421530,7.39,7.41923373842287,7.41923373842287,True
1466421547,7.39,7.36604966850296,7.36604966850296,True
1466421591,7.42,7.427753806373959,7.427753806373959,True
1466421633,7.42,7.409379630092854,7.409379630092854,True
1466421636,7.44,7.3554410498817155,7.3554410498817155,True
1466421670,7.44,7.44,7.364579314638979,False
1466421695,7.41,7.389102105817016,7.389102105817016,True
1466421721,7.41,7.400732219335591,7.400732219335591,True
1466421804,7.41,7.437205810845398,7.437205810845398,True
1466421819,7.45,7.441655205609281,7.441655205609281,True
1466421862,7.45,7.410976395639367,7.410976395639367,True
1466421885,7.45,7.439139393539395,7.439139393539395,True
1466421936,7.44,7.411221376415846,7.411221376415846,True
1466422012,7.44,7.44,7.4093405613980465,False
1466422044,7.4,7.365257333897821,7.365257333897821,True
1466422045,7.42,7.384147646628843,7.384147646628843,True
1466422137,7.42,7.411379020804029,7.411379020804029,True
1466422162,7.42,7.42,7.375433935315658,False
1466422189,7.41,7.41,7.430314834521879,False
1466422197,7.41,7.382203929234498,7.382203929234498,True
1466422264,7.36,7.391965323048605,7.391965323048605,True
1466422330,7.36,7.36,7.445072279513862,False
1466422378,7.36,7.36,7.367093719935619,False
1466422432,7.44,7.391490472292998,7.391490472292998,True
1466422488,7.42,7.441509892302198,7.441509892302198,True
1466422577,7.42,7.387429458302579,7.387429458302579,True
1466422628,7.42,7.432593068967375,7.432593068967375,True
1466422638,7.42,7.42,7.400546551807066,False
1466422666,7.4,7.4,7.359322698409267,False
1466422706,7.4,7.4,7.383437025753583,False
1466422731,7.4,7.442967525135822,7.442967525135822,True
1466422804,7.4,7.379886732615591,7.379886732615591,True
1466422866,7.4,7.4,7.402713470447807,False
1466422873,7.39,7.39,7.357480021956952,False
1466422895,7.39,7.361414604998291,7.361414604998291,True
1466422953,7.39,7.3834509897953335,7.3834509897953335,True
1466422973,7.37,7.433397833120738,7.433397833120738,True
1466423017,7.37,7.410269932911416,7.410269932911416,True
1466423051,7.39,7.39,7.391838592401369,False
1466423099,7.39,7.405212275121405,7.405212275121405,True
1466423150,7.39,7.429597668923358,7.429597668923358,True
1466423155,7.39,7.39,7.400477465497294,False
1466423168,7.37,7.37,7.364890915276132,False
1466423205,7.45,7.45,7.40612978029185,False
1466423275,7.45,7.45,7.411489367277291,False
1466423287,7.45,7.353468766203282,7.353468766203282,True
1466423336,7.38,7.38,7.422341232430873,False
1466423340,7.36,7.389726276525412,7.389726276525412,True
1466423355,7.36,7.369737931546345,7.369737931546345,True
1466423443,7.36,7.36,7.355698740237978,False
1466423499,7.39,7.417341297534828,7.417341297534828,True
1466423585,7.39,7.39,7.4490101492711815,False
1466423612,7.39,7.444872746872434,7.444872746872434,True
1466423669,7.39,7.39,7.3820177050237525,False
1466423705,7.36,7.36,7.440898177653799,False
1466423770,7.45,7.389902829309096,7.389902829309096,True
1466423844,7.45,7.45,7.354965144062014,False
1466423902,7.45,7.45,7.438187897915278,False
1466423913,7.45,7.45,7.419806769688255,False
1466423972,7.45,7.45,7.388007727541873,False
1466424014,7.35,7.410243062004531,7.410243062004531,True
1466424069,7.44,7.44,7.355147838290494,False
1466424154,7.44,7.408697862251096,7.408697862251096,True
1466424155,7.44,7.40737210707285,7.40737210707285,True
1466424169,7.4,7.3809103737451816,7.3809103737451816,True
1466424262,7.4,7.4,7.393636074843008,False
1466424339,7.4,7.423672817730539,7.423672817730539,True
1466424398,7.45,7.45,7.433828981571377,False
1466424497,7.45,7.45,7.38199313643788,False
1466424558,7.38,7.4426071512020195,7.4426071512020195,True
1466424613,7.38,7.38,7.389688439398833,False
1466424713,7.36,7.359830504234225,7.359830504234225,True
1466424804,7.38,7.393817823847689,7.393817823847689,True
1466424878,7.37,7.37,7.430554295071255,False
1466424924,7.44,7.406689023470171,7.406689023470171,True
1466425009,7.44,7.44,7.430632715005636,False
1466425106,7.39,7.4440533788461885,7.4440533788461885,True
1466425129,7.39,7.3753112322568795,7.3753112322568795,True
1466425179,7.42,7.42,7.421730200341127,False
1466425257,7.42,7.42,7.382911344236793,False
1466425262,7.36,7.36,7.401518050570109,False
1466425305,7.36,7.434546800838651,7.434546800838651,True
1466425331,7.38,7.422606338614924,7.422606338614924,True
1466425338,7.38,7.38,7.4459115084875105,False
1466425377,7.38,7.368479661589183,7.368479661589183,True
1466425380,7.38,7.38,7.411119408088006,False
1466425417,7.41,7.41,7.433126181102213,False
1466425484,7.41,7.351838251108334,7.351838251108334,True
1466425517,7.41,7.442206253026443,7.442206253026443,True
1466425553,7.37,7.37,7.358488738358813,False
1466425640,7.37,7.37,7.413003805348517,False
1466425687,7.37,7.37,7.439121108401856,False
1466425711,7.39,7.39,7.4466583452894,False
1466425768,7.39,7.4435020325273795,7.4435020325273795,True
1466425811,7.39,7.389793319739925,7.389793319739925,True
1466425856,7.38,7.38,7.375805906527797,False
1466425869,7.38,7.388159098671191,7.388159098671191,True
1466425884,7.42,7.42,7.415567315108211,False
1466425962,7.4,7.4,7.381051408879967,False
1466425974,7.45,7.382714198851368,7.382714198851368,True
1466426016,7.45,7.45,7.427911952047451,False
1466426024,7.45,7.441714050056933,7.441714050056933,True
1466426034,7.45,7.3696402061563395,7.3696402061563395,True
1466426130,7.45,7.45,7.360649848304792,False
1466426189,7.35,7.372709861704198,7.372709861704198,True
1466426198,7.35,7.35,7.413530784542432,False
1466426280,7.36,7.381216180632268,7.381216180632268,True
1466426298,7.38,7.398857050521981,7.398857050521981,True
1466426380,7.43,7.387968768640731,7.387968768640731,True
1466426420,7.36,7.36,7.3811700809020975,False
1466426509,7.36,7.36,7.37571165267906,False
1466426521,7.36,7.36,7.367598842058916,False
1466426535,7.36,7.373131451478872,7.373131451478872,True
1466426563,7.36,7.386920439637415,7.386920439637415,True
1466426620,7.37,7.37,7.390796787491111,False
1466426694,7.37,7.37,7.397442100816989,False
1466426764,7.37,7.37,7.364157989672943,False
1466426778,7.37,7.37,7.370585735114721,False
1466426866,7.43,7.43,7.4319364075096965,False
1466426938,7.43,7.43,7.401924804616841,False
1466427022,7.43,7.43,7.357430033399458,False
1466427059,7.37,7.388945092742301,7.388945092742301,True
1466427125,7.37,7.37,7.394689542628664,False
1466427204,7.37,7.37,7.397352889368401,False
1466427240,7.37,7.3827390826304775,7.3827390826304775,True
1466427317,7.4,7.4,7.378698756329739,False
1466427319,7.42,7.4441614945122785,7.4441614945122785,True
1466427331,7.36,7.36,7.403771183799263,False
1466427425,7.35,7.413401776447678,7.413401776447678,True
1466427458,7.35,7.35,7.406111384227774,False
1466427495,7.39,7.4484973722287435,7.4484973722287435,True
1466427543,7.39,7.399092569469331,7.399092569469331,True
1466427625,7.43,7.43,7.42708936647597,False
1466427663,7.43,7.43,7.4407501438551575,False
1466427672,7.43,7.43,7.416519517325977,False
1466427684,7.38,7.38,7.390407426992082,False
1466427739,7.38,7.38,7.375192087388941,False
1466427769,7.38,7.4458105333357905,7.4458105333357905,True
1466427775,7.38,7.38,7.405789087330544,False
1466427820,7.45,7.387384629431756,7.387384629431756,True
1466427837,7.38,7.3742746906192425,7.3742746906192425,True
1466427846,7.4,7.393962331536881,7.393962331536881,True
1466427904,7.41,7.3512417146631535,7.3512417146631535,True
1466427997,7.41,7.41,7.3795336588814,False
1466428027,7.38,7.38,7.397795255030533,False
1466428114,7.38,7.438976102876459,7.438976102876459,True
1466428212,7.38,7.38,7.445849312562773,False
1466428294,7.38,7.38,7.361087649048141,False
1466428321,7.38,7.439532599567849,7.439532599567849,True
1466428340,7.38,7.38,7.380383912803182,False
1466428378,7.38,7.38,7.424142130182235,False
1466428463,7.4,7.44057126792385,7.44057126792385,True
1466428551,7.4,7.359737825497055,7.359737825497055,True
1466428575,7.38,7.361223731119674,7.361223731119674,True
1466428593,7.38,7.377073264991607,7.377073264991607,True
1466428682,7.38,7.380225430060194,7.380225430060194,True
1466428699,7.41,7.433461453055902,7.433461453055902,True
1466428719,7.41,7.3539886173544495,7.3539886173544495,True
1466428819,7.41,7.358742842897629,7.358742842897629,True
1466428850,7.43,7.43,7.353951508789878,False
1466428884,7.4,7.4,7.392287031559901,False
1466428973,7.4,7.4,7.360289566244909,False
1466429006,7.38,7.446788185551012,7.446788185551012,True
1466429026,7.35,7.35,7.416300005028172,False
1466429066,7.42,7.42,7.363831369031793,False
1466429072,7.42,7.42,7.431718292786603,False
1466429103,7.42,7.378203380407957,7.378203380407957,True
1466429110,7.42,7.42,7.426417919030912,False
1466429123,7.38,7.4377601814176915,7.4377601814176915,True
1466429168,7.39,7.39,7.397419450694942,False
1466429182,7.39,7.440025192149332,7.440025192149332,True
1466429184,7.39,7.39,7.42268488244253,False
1466429197,7.39,7.360588263134769,7.360588263134769,True
1466429280,7.39,7.39,7.37296534466927,False
1466429378,7.39,7.39,7.443955073085211,False
1466429450,7.39,7.39,7.4408072427028324,False
1466429455,7.39,7.39,7.352076143526047,False
1466429510,7.39,7.378391516548085,7.378391516548085,True
1466429565,7.39,7.39,7.408101536483509,False
1466429566,7.39,7.350077529811567,7.350077529811567,True
1466429592,7.39,7.423835176730188,7.423835176730188,True
1466429623,7.39,7.39,7.366948612871686,False
1466429691,7.39,7.415022519765127,7.415022519765127,True
1466429733,7.43,7.43,7.4408484014032625,False
1466429803,7.43,7.363971541062674,7.363971541062674,True
1466429832,7.43,7.43,7.367482938504894,False
1466429905,7.43,7.374378527559945,7.374378527559945,True
1466429997,7.43,7.381846611162519,7.381846611162519,True
1466430050,7.43,7.43,7.352474436063721,False
1466430088,7.43,7.43,7.39167352237857,False
1466430174,7.43,7.43,7.427134458501593,False
1466430247,7.43,7.353624124332392,7.353624124332392,True
1466430344,7.4,7.4,7.389852155846193,False
1466430375,7.4,7.4,7.396539862275113,False
1466430400,7.4,7.432906672902137,7.432906672902137,True
1466430457,7.36,7.36,7.401888582388497,False
1466430483,7.36,7.409164243422046,7.409164243422046,True
1466430517,7.43,7.379085794797898,7.379085794797898,True
1466430524,7.38,7.38,7.442120482362102,False
1466430592,7.42,7.366993137585119,7.366993137585119,True
1466430616,7.42,7.42,7.412756194159167,False
1466430631,7.44,7.44,7.39164529471923,False
1466430680,7.44,7.4352023755675685,7.4352023755675685,True
1466430734,7.41,7.41,7.436554998648129,False
1466430790,7.41,7.417125389215097,7.417125389215097,True
1466430815,7.4,7.4,7.375712734040404,False
1466430895,7.4,7.4274876684178865,7.4274876684178865,True
1466430916,7.4,7.3632123751934735,7.3632123751934735,True
1466430929,7.4,7.416352919711933,7.416352919711933,True
1466430936,7.45,7.422826353004882,7.422826353004882,True
1466431009,7.45,7.45,7.37759890940622,False
1466431036,7.37,7.37,7.418004261820141,False
1466431055,7.37,7.37,7.413512730651422,False
1466431145,7.37,7.397369061390665,7.397369061390665,True
1466431218,7.36,7.435093518311973,7.435093518311973,True
1466431290,7.44,7.378089688118317,7.378089688118317,True
1466431324,7.44,7.439647443462191,7.439647443462191,True
1466431400,7.44,7.44,7.373614569836958,False
1466431450,7.44,7.44,7.405945273791417,False
1466431526,7.44,7.350481792074009,7.350481792074009,True
1466431589,7.41,7.39672500517799,7.39672500517799,True
1466431661,7.38,7.38,7.377851981066705,False
1466431760,7.38,7.443579585609369,7.443579585609369,True
1466431796,7.38,7.38,7.437505894752364,False
1466431848,7.42,7.42,7.365922491023332,False
1466431879,7.42,7.42,7.44339028969521,False
1466431954,7.42,7.42,7.376245959936157,False
1466431958,7.41,7.435507332363743,7.435507332363743,True
1466432002,7.41,7.430914685724712,7.430914685724712,True
1466432101,7.41,7.441302760330215,7.441302760330215,True
1466432177,7.41,7.41,7.393608548481842,False
1466432194,7.41,7.41,7.3766298949566975,False
1466432237,7.41,7.424663365788563,7.424663365788563,True
1466432280,7.41,7.41,7.383584881957753,False
1466432373,7.39,7.425156931241298,7.425156931241298,True
1466432389,7.39,7.442322358182565,7.442322358182565,True
1466432415,7.39,7.406974053882621,7.406974053882621,True
1466432417,7.39,7.358702060944215,7.358702060944215,True
1466432506,7.39,7.39,7.359483035905557,False
1466432569,7.39,7.402125582562013,7.402125582562013,True
1466432577,7.39,7.3570613190174186,7.3570613190174186,True
1466432670,7.39,7.39,7.418500252020247,False
1466432706,7.39,7.447003921678175,7.447003921678175,True
1466432804,7.39,7.39,7.419166968928831,False
1466432853,7.39,7.39,7.393619350487842,False
1466432947,7.43,7.43,7.419797716746967,False
1466433040,7.43,7.414670690878898,7.414670690878898,True
1466433128,7.43,7.353712912061592,7.353712912061592,True
1466433145,7.43,7.386893465625219,7.386893465625219,True
1466433195,7.43,7.43,7.425143691183251,False
1466433289,7.36,7.388787519230534,7.388787519230534,True
1466433375,7.36,7.360897299115281,7.360897299115281,True
1466433427,7.41,7.37651261485982,7.37651261485982,True
1466433478,7.41,7.424670217892124,7.424670217892124,True
1466433517,7.45,7.440598262725906,7.440598262725906,True
1466433615,7.41,7.384630608595075,7.384630608595075,True
1466433672,7.44,7.365520152103536,7.365520152103536,True
1466433762,7.38,7.437623856087664,7.437623856087664,True
1466433809,7.4,7.4438154818013045,7.4438154818013045,True
1466433873,7.4,7.445467492596893,7.445467492596893,True
1466433910,7.4,7.4,7.419466598173771,False
1466433994,7.4,7.418489986732763,7.418489986732763,True
1466434003,7.4,7.398532785362826,7.398532785362826,True
1466434045,7.4,7.4,7.3763139761087135,False
1466434096,7.4,7.425932637851395,7.425932637851395,True
1466434173,7.41,7.433856600826435,7.433856600826435,True
1466434199,7.41,7.44593886882656,7.44593886882656,True
1466434224,7.41,7.41,7.359149079543183,False
1466434308,7.41,7.41,7.432798921742352,False
1466434359,7.41,7.410686506081451,7.410686506081451,True
1466434371,7.41,7.377520963302258,7.377520963302258,True
1466434457,7.41,7.381896116661056,7.381896116661056,True
1466434498,7.41,7.41,7.381004570715587,False
1466434552,7.41,7.41,7.363595174314491,False
1466434622,7.41,7.437051113456552,7.437051113456552,True
1466434691,7.36,7.367687760954208,7.367687760954208,True
1466434718,7.39,7.416037733476682,7.416037733476682,True
1466434727,7.38,7.442742087408028,7.442742087408028,True
1466434815,7.38,7.446658634328514,7.446658634328514,True
1466434892,7.38,7.447664483290095,7.447664483290095,True
1466434915,7.43,7.43,7.357015064694829,False
1466434946,7.36,7.36,7.368726863003364,False
1466434988,7.37,7.443968934857832,7.443968934857832,True
1466435020,7.37,7.437885707382797,7.437885707382797,True
1466435090,7.37,7.405138500729934,7.405138500729934,True
1466435099,7.37,7.439010602679078,7.439010602679078,True
1466435145,7.37,7.37,7.3640911022223,False
1466435186,7.38,7.44738700166339,7.44738700166339,True
1466435246,7.42,7.42,7.3649725896969915,False
1466435284,7.42,7.3960159794913585,7.3960159794913585,True
1466435327,7.42,7.387545044093351,7.387545044093351,True
1466435369,7.41,7.41,7.379314007716589,False
1466435408,7.41,7.41,7.419389502785663,False
1466435468,7.41,7.377502171483963,7.377502171483963,True
1466435486,7.42,7.367657788280135,7.367657788280135,True
1466435555,7.42,7.402703406882683,7.402703406882683,True
1466435624,7.42,7.424146712672196,7.424146712672196,True
1466435659,7.42,7.413412308275474,7.413412308275474,True
1466435682,7.42,7.42,7.4115395272920175,False
1466435712,7.42,7.42814029598388,7.42814029598388,True
1466435794,7.42,7.42,7.37002496030574,False
1466435878,7.42,7.42,7.38277659999349,False
1466435904,7.42,7.42,7.420559116322538,False
1466435971,7.38,7.36753239970076,7.36753239970076,True
1466436041,7.38,7.38,7.398725589398438,False
1466436059,7.38,7.39668756944977,7.39668756944977,True
1466436093,7.42,7.421358524412977,7.421358524412977,True
1466436178,7.42,7.42,7.431924037886599,False
1466436230,7.42,7.42,7.422373108945288,False
1466436280,7.42,7.42,7.448705391906714,False
1466436332,7.42,7.42,7.356469807216969,False
1466436333,7.42,7.422893646682088,7.422893646682088,True
1466436431,7.38,7.38,7.350011171411799,False
1466436520,7.38,7.38,7.367417667126005,False
1466436572,7.4,7.4,7.371225099777274,False
1466436647,7.4,7.4,7.423379484204626,False
1466436655,7.4,7.391328591526228,7.391328591526228,True
1466436727,7.4,7.362937772080973,7.362937772080973,True
1466436793,7.4,7.4,7.402085302972956,False
1466436879,7.4,7.4,7.429246384269815,False
1466436880,7.4,7.380844982789324,7.380844982789324,True
1466436939,7.44,7.434735979806321,7.434735979806321,True
1466437015,7.44,7.38437299309098,7.38437299309098,True
1466437048,7.44,7.44,7.353160199854932,False
1466437088,7.4,7.4,7.364073539512085,False
1466437105,7.4,7.407873528483654,7.407873528483654,True
1466437122,7.4,7.420642815474056,7.420642815474056,True
1466437160,7.37,7.37,7.408071605088836,False
1466437232,7.41,7.41,7.389238138054619,False
1466437321,7.41,7.420839843534298,7.420839843534298,True
1466437335,7.4,7.4364157297979165,7.4364157297979165,True
1466437358,7.4,7.4,7.448548011380591,False
1466437441,7.4,7.4,7.37707929011586,False
1466437480,7.4,7.4,7.394951333904476,False
1466437561,7.39,7.366176720949737,7.366176720949737,True
1466437653,7.38,7.38,7.382220126445287,False
1466437709,7.38,7.38,7.381345941605073,False
1466437798,7.44,7.394511170111007,7.394511170111007,True
1466437869,7.44,7.44,7.398545693146142,False
1466437952,7.37,7.37,7.445524415255826,False
1466438037,7.41,7.376863811676225,7.376863811676225,True
1466438054,7.41,7.41,7.416972056786847,False
1466438056,7.41,7.379294991329918,7.379294991329918,True
1466438136,7.41,7.43779966053866,7.43779966053866,True
1466438234,7.41,7.41,7.383152815641864,False
1466438261,7.41,7.361688331905032,7.361688331905032,True
1466438348,7.41,7.392496789237467,7.392496789237467,True
1466438407,7.41,7.41,7.436669632258108,False
1466438422,7.39,7.39,7.369473439718455,False
1466438476,7.39,7.39,7.417483696827676,False
1466438571,7.39,7.39,7.437075082979518,False
1466438612,7.39,7.416943871758762,7.416943871758762,True
1466438620,7.39,7.398906617302965,7.398906617302965,True
1466438698,7.41,7.41,7.368796259962425,False
1466438747,7.41,7.41,7.422846127487104,False
1466438795,7.41,7.4392968440417295,7.4392968440417295,True
1466438810,7.36,7.446155779499443,7.446155779499443,True
1466438888,7.36,7.413862900959108,7.413862900959108,True
1466438975,7.4,7.378942782123106,7.378942782123106,True
1466439000,7.38,7.443312157896524,7.443312157896524,True
1466439092,7.38,7.38,7.365988106620682,False
1466439150,7.38,7.38,7.401960351629494,False
1466439229,7.38,7.38,7.443928769440569,False
1466439279,7.38,7.38,7.386074793185373,False
1466439328,7.36,7.36,7.36568399745895,False
1466439351,7.39,7.39,7.386155813116952,False
1466439447,7.39,7.362511676094423,7.362511676094423,True
1466439466,7.42,7.42,7.382292265735176,False
1466439480,7.42,7.4062174365719935,7.4062174365719935,True
1466439560,7.45,7.45,7.3708016003678045,False
1466439600,7.45,7.434118569886328,7.434118569886328,True
1466439645,7.38,7.38,7.392215321348191,False
1466439729,7.38,7.38,7.378013742659139,False
1466439772,7.39,7.375938264350709,7.375938264350709,True
1466439827,7.43,7.43,7.35214716080179,False
1466439849,7.35,7.35,7.401058680893103,False
1466439910,7.35,7.35,7.404974569027416,False
1466439990,7.36,7.428423099062713,7.428423099062713,True
1466440005,7.36,7.36,7.413851806004493,False
1466440006,7.36,7.426276737093535,7.426276737093535,True
1466440045,7.36,7.36,7.3855789437091905,False
1466440066,7.36,7.44650758964343,7.44650758964343,True
1466440154,7.45,7.45,7.379400663745166,False
1466440214,7.45,7.45,7.434069126546702,False
1466440226,7.45,7.45,7.373895410620035,False
1466440304,7.45,7.406042795169987,7.406042795169987,True
1466440385,7.35,7.35,7.353847065455926,False
1466440451,7.35,7.35,7.435446947413666,False
1466440521,7.43,7.43,7.4086160814220925,False
1466440581,7.43,7.430029395867692,7.430029395867692,True
1466440674,7.43,7.43,7.4196493716579335,False
1466440727,7.43,7.43,7.401786157030419,False
1466440821,7.43,7.357044065331111,7.357044065331111,True
1466440827,7.43,7.43,7.350267889331281,False
1466440897,7.43,7.386141491464965,7.386141491464965,True
1466440923,7.43,7.43,7.381216267348691,False
1466441012,7.43,7.409203870537448,7.409203870537448,True
1466441049,7.36,7.36,7.362299274267283,False
1466441147,7.41,7.388298154856183,7.388298154856183,True
1466441213,7.41,7.3874190691021075,7.3874190691021075,True
1466441311,7.39,7.418081426964462,7.418081426964462,True
1466441318,7.39,7.449471526395123,7.449471526395123,True
1466441418,7.35,7.442204309361242,7.442204309361242,True
1466441510,7.35,7.35,7.35083108956782,False
1466441541,7.35,7.412290977897644,7.412290977897644,True
1466441579,7.35,7.35,7.429327502670332,False
1466441630,7.35,7.429255414009175,7.429255414009175,True
1466441714,7.35,7.3554071279247415,7.3554071279247415,True
1466441724,7.35,7.426177020290625,7.426177020290625,True
1466441741,7.35,7.42186745831964,7.42186745831964,True
1466441822,7.35,7.425342164427782,7.425342164427782,True
1466441883,7.35,7.388573153949648,7.388573153949648,True
1466441934,7.35,7.35,7.362047669663635,False
1466441947,7.35,7.429339628504802,7.429339628504802,True
1466442046,7.4,7.4,7.400268476877292,False
1466442137,7.37,7.441987087381594,7.441987087381594,True
1466442175,7.37,7.384752259948405,7.384752259948405,True
1466442216,7.45,7.45,7.358881276453426,False
1466442284,7.4,7.4,7.439983248934928,False
1466442332,7.4,7.447079208070219,7.447079208070219,True
1466442358,7.4,7.376942464303431,7.376942464303431,True
1466442362,7.4,7.416557518691419,7.416557518691419,True
1466442439,7.41,7.41,7.42549226310892,False
1466442490,7.41,7.375773674817382,7.375773674817382,True
1466442498,7.41,7.437771582156726,7.437771582156726,True
1466442508,7.42,7.42,7.399775502154604,False
1466442518,7.38,7.38,7.43622799600036,False
1466442556,7.38,7.377850742524688,7.377850742524688,True
1466442656,7.38,7.38,7.43852975992032,False
1466442662,7.38,7.387125905092454,7.387125905092454,True
1466442703,7.38,7.38,7.386512153619257,False
1466442768,7.43,7.43,7.422904257050529,False
1466442788,7.43,7.43,7.350405887404744,False
1466442886,7.43,7.362309856308953,7.362309856308953,True
1466442980,7.4,7.4,7.440931517175316,False
1466443000,7.4,7.351380490557463,7.351380490557463,True
1466443029,7.4,7.404032385796822,7.404032385796822,True
1466443038,7.4,7.4425006000372615,7.4425006000372615,True
1466443089,7.4,7.4,7.380263446698905,False
1466443162,7.4,7.421213293991073,7.421213293991073,True
1466443201,7.4,7.419280179301771,7.419280179301771,True
1466443219,7.4,7.4,7.440223483803265,False
1466443263,7.4,7.421305156961322,7.421305156961322,True
1466443350,7.4,7.358480393475727,7.358480393475727,True
1466443373,7.4,7.370695601059478,7.370695601059478,True
1466443392,7.4,7.4,7.354886887298382,False
1466443402,7.4,7.4,7.365881958078251,False
1466443486,7.4,7.4,7.421291440560101,False
1466443511,7.41,7.427341762743015,7.427341762743015,True
1466443584,7.44,7.3682121564044945,7.3682121564044945,True
1466443677,7.43,7.417980892230353,7.417980892230353,True
1466443725,7.43,7.43,7.435986388454202,False
1466443727,7.43,7.43,7.44416749494914,False
1466443750,7.38,7.38,7.383294152010835,False
1466443761,7.38,7.38,7.389261898462848,False
1466443808,7.38,7.415511618621172,7.415511618621172,True
1466443861,7.38,7.382975331730393,7.382975331730393,True
1466443929,7.38,7.386761368702294,7.386761368702294,True
1466443986,7.38,7.38,7.414971531781025,False
1466444043,7.36,7.36,7.4032512611367345,False
1466444110,7.36,7.36,7.434300138170057,False
1466444192,7.41,7.405114141210901,7.405114141210901,True
1466444287,7.41,7.41,7.371675052584381,False
1466444294,7.38,7.38,7.441169420666901,False
1466444366,7.38,7.38,7.375105427660964,False
1466444466,7.38,7.42035090005983,7.42035090005983,True
1466444505,7.44,7.44,7.354313042052123,False
1466444556,7.41,7.41,7.399375632867503,False
1466444624,7.41,7.41,7.401885548148662,False
1466444663,7.43,7.43,7.412794183290919,False
1466444685,7.43,7.43,7.367577656618365,False
1466444756,7.43,7.43,7.448632515372418,False
1466444781,7.43,7.389106621679665,7.389106621679665,True
1466444840,7.36,7.428888607252238,7.428888607252238,True
1466444854,7.36,7.399586591105291,7.399586591105291,True
1466444860,7.36,7.4267783019212725,7.4267783019212725,True
1466444959,7.4,7.4,7.439737163150582,False
1466445058,7.4,7.391530442497214,7.391530442497214,True
1466445107,7.41,7.390591842378696,7.390591842378696,True
1466445165,7.36,7.397209258551224,7.397209258551224,True
1466445170,7.36,7.422147016059185,7.422147016059185,True
1466445173,7.36,7.36,7.432369929075495,False
1466445247,7.43,7.376444815531888,7.376444815531888,True
1466445305,7.36,7.398899211170748,7.398899211170748,True
1466445333,7.36,7.448603972305272,7.448603972305272,True
1466445356,7.36,7.36,7.443167384522135,False
1466445430,7.36,7.353018409754678,7.353018409754678,True
1466445491,7.36,7.421669699537012,7.421669699537012,True
1466445497,7.41,7.41,7.442918403505149,False
1466445514,7.38,7.418139808151286,7.418139808151286,True
1466445549,7.42,7.4201629068733235,7.4201629068733235,True
1466445640,7.42,7.42,7.43042624852265,False
1466445648,7.4,7.397831595574376,7.397831595574376,True
1466445739,7.4,7.3548879633761315,7.3548879633761315,True
1466445814,7.4,7.35228964858484,7.35228964858484,True
1466445879,7.4,7.4,7.425733401283436,False
1466445909,7.37,7.441673960009673,7.441673960009673,True
1466445965,7.37,7.359085541642482,7.359085541642482,True
1466446021,7.37,7.37,7.431995271522426,False
1466446045,7.37,7.4297718789405405,7.4297718789405405,True
1466446071,7.37,7.37,7.415866753509846,False
1466446120,7.37,7.3754983586640055,7.3754983586640055,True
1466446168,7.44,7.393506707405848,7.393506707405848,True
1466446253,7.41,7.41,7.352080478777763,False
1466446302,7.36,7.433639578577291,7.433639578577291,True
1466446389,7.44,7.44,7.41456920808369,False
1466446404,7.44,7.44,7.423946197742112,False
1466446494,7.44,7.44,7.394360614101715,False
1466446594,7.44,7.44,7.420562169616971,False
1466446643,7.44,7.429425421985634,7.429425421985634,True
1466446669,7.41,7.41,7.3535801201306645,False
1466446690,7.39,7.378525495912663,7.378525495912663,True
1466446735,7.39,7.372482046078409,7.372482046078409,True
1466446766,7.38,7.424242971700176,7.424242971700176,True
1466446852,7.38,7.446359577394821,7.446359577394821,True
1466446902,7.38,7.38,7.407912697186932,False
1466446945,7.38,7.4278658016218095,7.4278658016218095,True
1466446987,7.39,7.39,7.385000574610596,False
1466447036,7.39,7.385827117124066,7.385827117124066,True
1466447112,7.39,7.439059086133483,7.439059086133483,True
1466447129,7.39,7.43954198730509,7.43954198730509,True
1466447189,7.43,7.36268913660683,7.36268913660683,True
1466447224,7.39,7.420847918142093,7.420847918142093,True
1466447270,7.39,7.419209320372574,7.419209320372574,True
1466447272,7.39,7.387320003855075,7.387320003855075,True
1466447348,7.45,7.45,7.440577359709111,False
1466447359,7.39,7.39,7.3609085452483525,False
1466447388,7.39,7.447876861655257,7.447876861655257,True
1466447390,7.39,7.380414352533635,7.380414352533635,True
1466447425,7.39,7.352261178721862,7.352261178721862,True
1466447463,7.39,7.39,7.363075626305248,False
1466447485,7.39,7.39,7.394363637972812,False
1466447545,7.39,7.448519334077607,7.448519334077607,True
1466447553,7.35,7.35,7.416028167792879,False
1466447554,7.43,7.404255803521688,7.404255803521688,True
1466447573,7.39,7.39,7.400821752475973,False
1466447634,7.43,7.351953129604736,7.351953129604736,True
1466447695,7.38,7.392638046350957,7.392638046350957,True
1466447762,7.38,7.368298160547933,7.368298160547933,True
1466447844,7.36,7.36,7.354400512756861,False
1466447885,7.36,7.429547057312893,7.429547057312893,True
1466447943,7.36,7.36,7.395660953993322,False
1466447956,7.36,7.436345852912008,7.436345852912008,True
1466448041,7.36,7.36,7.369458138391253,False
1466448140,7.36,7.36,7.353975428329011,False
1466448215,7.36,7.36,7.398377331420033,False
1466448270,7.37,7.37,7.421276145690632,False
1466448302,7.37,7.431667772528783,7.431667772528783,True
1466448368,7.37,7.37,7.403387148470172,False
1466448422,7.4,7.408107951590213,7.408107951590213,True
1466448517,7.41,7.433566374171772,7.433566374171772,True
1466448614,7.41,7.41,7.446330484651805,False
1466448701,7.41,7.41482301972171,7.41482301972171,True
1466448743,7.41,7.399512266300973,7.399512266300973,True
1466448805,7.42,7.42,7.382286378382646,False
1466448844,7.43,7.43,7.367255091983803,False
1466448896,7.45,7.404104687049734,7.404104687049734,True
1466448984,7.45,7.359516104880442,7.359516104880442,True
1466449031,7.45,7.418499892046619,7.418499892046619,True
1466449045,7.43,7.43,7.401545811007689,False
1466449099,7.43,7.43,7.410384226337962,False
1466449171,7.36,7.36,7.437922996856641,False
1466449261,7.35,7.379301201194969,7.379301201194969,True
1466449280,7.35,7.35,7.422741770791718,False
1466449359,7.35,7.35,7.436117438194044,False
1466449442,7.35,7.35,7.414825870198465,False
1466449496,7.39,7.39,7.377062738994785,False
1466449537,7.43,7.404271356841288,7.404271356841288,True
1466449555,7.43,7.4049241839692765,7.4049241839692765,True
1466449629,7.43,7.43,7.41865416958563,False
1466449635,7.43,7.43,7.350956054444592,False
1466449721,7.43,7.380305372104014,7.380305372104014,True
1466449772,7.4,7.4283224079703425,7.4283224079703425,True
1466449872,7.43,7.383703416234921,7.383703416234921,True
1466449873,7.44,7.435261723552884,7.435261723552884,True
1466449884,7.44,7.44,7.384893674486641,False
1466449937,7.45,7.45,7.377638361885889,False
1466449953,7.41,7.415786134757652,7.415786134757652,True
1466449959,7.41,7.35935653287642,7.35935653287642,True
1466449961,7.41,7.396757167543364,7.396757167543364,True
1466450018,7.41,7.41,7.383530325770136,False
1466450075,7.45,7.350847052712833,7.350847052712833,True
1466450150,7.45,7.45,7.350388300899032,False
1466450177,7.45,7.388444417776412,7.388444417776412,True
1466450255,7.45,7.416429959202797,7.416429959202797,True
1466450343,7.45,7.351605408858373,7.351605408858373,True
1466450348,7.42,7.42,7.358839659652059,False
1466450401,7.42,7.427095242692264,7.427095242692264,True
1466450433,7.42,7.42,7.392396891323816,False
1466450507,7.42,7.42,7.447726602510598,False
1466450536,7.42,7.42,7.397845145974835,False
1466450627,7.42,7.42,7.372079802928934,False
1466450723,7.42,7.400953840678857,7.400953840678857,True
1466450817,7.43,7.414410396727352,7.414410396727352,True
1466450900,7.43,7.43,7.423207698706044,False
1466450902,7.4,7.383584971558885,7.383584971558885,True
1466450971,7.42,7.369697187709882,7.369697187709882,True
1466451016,7.42,7.415309847718381,7.415309847718381,True
1466451023,7.37,7.354555467076136,7.354555467076136,True
1466451073,7.37,7.37,7.376063355539846,False
1466451166,7.44,7.4226573724189455,7.4226573724189455,True
1466451231,7.44,7.440306091467874,7.440306091467874,True
1466451245,7.41,7.41,7.37437659079859,False
1466451293,7.41,7.41,7.394124702638516,False
1466451295,7.42,7.374168123830267,7.374168123830267,True
1466451378,7.42,7.402699308703541,7.402699308703541,True
1466451445,7.42,7.42,7.373035615529125,False
1466451508,7.42,7.366957012698675,7.366957012698675,True
1466451599,7.42,7.42,7.434398036279849,False
1466451686,7.44,7.44,7.410371609958407,False
1466451761,7.44,7.44,7.402931009167278,False
1466451857,7.44,7.44,7.354364033526174,False
1466451909,7.44,7.44,7.421252506617337,False
1466451919,7.44,7.399248910090041,7.399248910090041,True
1466452006,7.44,7.44,7.408547597187272,False
1466452035,7.44,7.426178891084772,7.426178891084772,True
1466452039,7.35,7.416439866435784,7.416439866435784,True
1466452104,7.39,7.39,7.431393628795359,False
1466452167,7.39,7.431596362153793,7.431596362153793,True
1466452238,7.37,7.37,7.3691106883277815,False
1466452313,7.37,7.386206378980051,7.386206378980051,True
1466452339,7.35,7.35,7.4369260012972065,False
1466452419,7.35,7.35,7.44012966304119,False
1466452424,7.41,7.41,7.375579179322498,False
1466452435,7.37,7.370461068113201,7.370461068113201,True
1466452531,7.36,7.36,7.365109505350723,False
1466452584,7.41,7.41,7.358774270416303,False
1466452625,7.41,7.41,7.367571798291549,False
1466452676,7.4,7.4,7.378775679311041,False
1466452752,7.39,7.39,7.44759389082698,False
1466452796,7.45,7.406067647793094,7.406067647793094,True
1466452825,7.37,7.351072817606889,7.351072817606889,True
1466452860,7.42,7.409817507339441,7.409817507339441,True
1466452960,7.42,7.427974792033091,7.427974792033091,True
1466452979,7.42,7.414873567656704,7.414873567656704,True
1466453002,7.42,7.4284710219510055,7.4284710219510055,True
1466453016,7.42,7.42,7.4237854022372884,False
1466453025,7.44,7.443891519723397,7.443891519723397,True
1466453089,7.44,7.405966072623442,7.405966072623442,True
1466453141,7.43,7.433910487028,7.433910487028,True
1466453154,7.43,7.384433339066131,7.384433339066131,True
1466453184,7.43,7.371799512580348,7.371799512580348,True
1466453202,7.43,7.43,7.361418449506916,False
1466453203,7.37,7.384162078336032,7.384162078336032,True
1466453222,7.4,7.372393823008683,7.372393823008683,True
1466453321,7.38,7.4429677094718185,7.4429677094718185,True
1466453379,7.38,7.3719729973987045,7.3719729973987045,True
1466453392,7.38,7.4137951932074335,7.4137951932074335,True
1466453422,7.38,7.359351504302385,7.359351504302385,True
1466453502,7.38,7.441309318669494,7.441309318669494,True
1466453518,7.38,7.434661701908122,7.434661701908122,True
1466453563,7.38,7.38,7.377194601341129,False
1466453604,7.37,7.387774597550168,7.387774597550168,True
1466453639,7.36,7.400387123718938,7.400387123718938,True
1466453705,7.36,7.36,7.413114546591869,False
1466453795,7.36,7.36,7.404723563131334,False
1466453816,7.37,7.37,7.407230027363035,False
1466453870,7.36,7.417811114117656,7.417811114117656,True
1466453910,7.36,7.372176921776568,7.372176921776568,True
1466454002,7.36,7.36,7.414693795272275,False
1466454051,7.36,7.375082934033733,7.375082934033733,True
1466454087,7.42,7.42,7.412265259183633,False
1466454129,7.42,7.443750792707569,7.443750792707569,True
1466454227,7.37,7.37,7.422836567057987,False
1466454259,7.37,7.383641285332383,7.383641285332383,True
1466454262,7.36,7.419338587684905,7.419338587684905,True
1466454298,7.43,7.43,7.41849171101131,False
1466454388,7.43,7.43,7.422219989906231,False
1466454399,7.36,7.36,7.3706650896046835,False
1466454473,7.4,7.4,7.449761250401869,False
1466454529,7.4,7.429680542800353,7.429680542800353,True
1466454559,7.4,7.430538270330381,7.430538270330381,True
1466454648,7.35,7.35,7.3734168565787055,False
1466454745,7.37,7.37,7.370140564913873,False
1466454763,7.37,7.37,7.3781601402330725,False
1466454851,7.37,7.440412889864055,7.440412889864055,True
1466454936,7.37,7.370374794139291,7.370374794139291,True
1466454949,7.37,7.404785026229859,7.404785026229859,True
1466455032,7.36,7.36,7.350962994198289,False
1466455065,7.36,7.36,7.409360964921964,False
1466455119,7.36,7.371519087649548,7.371519087649548,True
1466455172,7.36,7.4062695048565015,7.4062695048565015,True
1466455196,7.36,7.36,7.437597214085635,False
1466455271,7.36,7.36,7.418441978669753,False
1466455357,7.43,7.43,7.388656392680785,False
1466455361,7.43,7.43,7.3781219685469095,False
1466455394,7.43,7.43,7.409726294507519,False
1466455475,7.43,7.43,7.3986087572088985,False
1466455497,7.41,7.356443724311977,7.356443724311977,True
1466455561,7.39,7.39,7.418118081174738,False
1466455575,7.39,7.39,7.376430867325867,False
1466455587,7.39,7.39,7.368557980337133,False
1466455651,7.44,7.44,7.41943517573816,False
1466455658,7.42,7.374551838881507,7.374551838881507,True
1466455732,7.4,7.396783814140394,7.396783814140394,True
1466455812,7.4,7.4,7.402294709130715,False
1466455910,7.38,7.448202780653779,7.448202780653779,True
1466455951,7.38,7.38,7.446437140208782,False
1466455999,7.37,7.397097595044409,7.397097595044409,True
1466456054,7.37,7.4283048252691675,7.4283048252691675,True
1466456058,7.37,7.354503929472028,7.354503929472028,True
1466456074,7.37,7.402528368300826,7.402528368300826,True
1466456088,7.38,7.368176952654129,7.368176952654129,True
1466456118,7.38,7.38,7.414704081158343,False
1466456218,7.38,7.363182293221331,7.363182293221331,True
1466456265,7.39,7.398366060877618,7.398366060877618,True
1466456270,7.41,7.41,7.405087175817406,False
1466456312,7.41,7.396552305273186,7.396552305273186,True
1466456346,7.43,7.43,7.39425663304546,False
1466456374,7.43,7.43,7.415610124047752,False
1466456406,7.39,7.39,7.4488514664591055,False
1466456482,7.37,7.3605739331687,7.3605739331687,True
1466456512,7.37,7.37,7.380161979067302,False
1466456610,7.38,7.38,7.445516618970915,False
1466456683,7.42,7.391427877001828,7.391427877001828,True
1466456768,7.4,7.367363397902263,7.367363397902263,True
1466456856,7.4,7.416096894103481,7.416096894103481,True
1466456927,7.4,7.4,7.428273247412937,False
1466457014,7.4,7.4,7.376302001838583,False
1466457032,7.4,7.378999561909135,7.378999561909135,True
1466457067,7.38,7.38,7.364736884514543,False
1466457157,7.38,7.38,7.434594094694235,False
1466457215,7.37,7.37,7.356073212165234,False
1466457267,7.45,7.45,7.430854516399506,False
1466457357,7.45,7.427601543723346,7.427601543723346,True
1466457434,7.45,7.45,7.441677519986703,False
1466457487,7.44,7.357951077085684,7.357951077085684,True
1466457559,7.38,7.38,7.384202676515979,False
1466457603,7.38,7.386636619983829,7.386636619983829,True
1466457671,7.38,7.3601283944188935,7.3601283944188935,True
1466457713,7.38,7.38,7.413197159180264,False
1466457745,7.35,7.356107958780732,7.356107958780732,True
1466457782,7.35,7.4295416742991,7.4295416742991,True
1466457802,7.38,7.408146209845966,7.408146209845966,True
1466457817,7.38,7.418939381913003,7.418939381913003,True
1466457865,7.41,7.362035717854055,7.362035717854055,True
1466457884,7.41,7.372881793028014,7.372881793028014,True
1466457885,7.41,7.441304866920505,7.441304866920505,True
1466457917,7.36,7.352016155221882,7.352016155221882,True
1466457973,7.36,7.36,7.361936602072516,False
1466458045,7.36,7.361753337499551,7.361753337499551,True
1466458135,7.36,7.36,7.449168260482415,False
1466458151,7.36,7.350727925885508,7.350727925885508,True
1466458230,7.36,7.404722610519241,7.404722610519241,True
1466458324,7.36,7.404580420747134,7.404580420747134,True
1466458362,7.42,7.42,7.389502455747963,False
1466458438,7.42,7.42,7.390309450010812,False
1466458454,7.42,7.393351598422083,7.393351598422083,True
1466458496,7.44,7.399367918010153,7.399367918010153,True
1466458509,7.43,7.367897290141884,7.367897290141884,True
1466458580,7.38,7.396449165474117,7.396449165474117,True
1466458590,7.4,7.386644029024648,7.386644029024648,True
1466458626,7.4,7.421570530933089,7.421570530933089,True
1466458642,7.44,7.44,7.376931570440721,False
1466458665,7.44,7.3891785499013745,7.3891785499013745,True
1466458694,7.44,7.429335716315914,7.429335716315914,True
1466458762,7.44,7.350094429766086,7.350094429766086,True
1466458793,7.44,7.44,7.436798487198674,False
1466458824,7.44,7.443695942885909,7.443695942885909,True
1466458906,7.35,7.35,7.422896061359955,False
1466458982,7.45,7.352527277432036,7.352527277432036,True
1466459068,7.44,7.410609233796461,7.410609233796461,True
1466459159,7.44,7.441884983878841,7.441884983878841,True
1466459184,7.44,7.44,7.425103733276592,False
1466459273,7.36,7.3630093656024105,7.3630093656024105,True
1466459372,7.36,7.36,7.3512806966770246,False
1466459415,7.36,7.36,7.4438119235776385,False
1466459483,7.36,7.36,7.440091700546042,False
1466459504,7.36,7.36,7.42956563853923,False
1466459588,7.36,7.36,7.375241227204985,False
1466459595,7.37,7.424424912652887,7.424424912652887,True
1466459673,7.35,7.36015755337714,7.36015755337714,True
1466459726,7.39,7.39,7.363444250348029,False
1466459800,7.39,7.4393353876391926,7.4393353876391926,True
1466459857,7.39,7.37293073871589,7.37293073871589,True
1466459887,7.41,7.410745562637733,7.410745562637733,True
1466459913,7.41,7.38364656807332,7.38364656807332,True
1466459974,7.41,7.41,7.4443340662422735,False
1466459995,7.41,7.401642846909263,7.401642846909263,True
1466460001,7.38,7.38,7.434447778111088,False
1466460054,7.45,7.45,7.3930386287632555,False
1466460130,7.45,7.40594545673388,7.40594545673388,True
1466460215,7.45,7.372904504322103,7.372904504322103,True
1466460252,7.45,7.45,7.36860468816221,False
1466460272,7.45,7.378895355356168,7.378895355356168,True
1466460346,7.45,7.427437451962043,7.427437451962043,True
1466460440,7.4,7.44579505824872,7.44579505824872,True
1466460461,7.4,7.4,7.426084284162445,False
1466460528,7.45,7.435285686049538,7.435285686049538,True
1466460610,7.36,7.36,7.353666368527948,False
1466460630,7.36,7.36,7.422228857653362,False
1466460691,7.41,7.352134741084468,7.352134741084468,True
1466460706,7.41,7.41,7.370326628862183,False
1466460739,7.4,7.4,7.401639467127518,False
1466460765,7.42,7.419218607616384,7.419218607616384,True
1466460795,7.42,7.42,7.36064668406069,False
1466460877,7.42,7.4204026098236975,7.4204026098236975,True
1466460973,7.37,7.367261625146536,7.367261625146536,True
1466461009,7.39,7.386280980786171,7.386280980786171,True
1466461027,7.39,7.427315491286825,7.427315491286825,True
1466461032,7.39,7.39,7.424499197416996,False
1466461096,7.45,7.358436929696834,7.358436929696834,True
1466461169,7.45,7.432639198976619,7.432639198976619,True
1466461256,7.45,7.4169014693673745,7.4169014693673745,True
1466461351,7.4,7.359569126739469,7.359569126739469,True
1466461451,7.4,7.4,7.399111118673375,False
1466461531,7.4,7.4,7.391169612955324,False
1466461568,7.4,7.357261049994362,7.357261049994362,True
1466461583,7.4,7.4,7.375183717477074,False
1466461647,7.4,7.4,7.414896965508816,False
1466461703,7.4,7.4,7.3746121347872196,False
1466461794,7.4,7.4,7.4194270432093035,False
1466461813,7.41,7.416856977044857,7.416856977044857,True
1466461910,7.41,7.41,7.352609395863937,False
1466461988,7.41,7.363748546303749,7.363748546303749,True
1466462056,7.42,7.42,7.431942224901379,False
1466462101,7.42,7.383432059073009,7.383432059073009,True
1466462155,7.42,7.42,7.401831482152566,False
1466462215,7.43,7.382982824401108,7.382982824401108,True
1466462278,7.43,7.391785594807121,7.391785594807121,True
1466462368,7.42,7.42,7.413106874543984,False
1466462412,7.44,7.44,7.357813269691225,False
1466462512,7.44,7.375379684092906,7.375379684092906,True
1466462594,7.37,7.37,7.404604309772449,False
1466462671,7.37,7.37,7.449736185253969,False
1466462716,7.37,7.4388648351066164,7.4388648351066164,True
1466462746,7.37,7.37,7.407727087132248,False
1466462782,7.37,7.37,7.4120039241544955,False
1466462820,7.37,7.37,7.436802838473201,False
1466462833,7.37,7.37,7.377960580689459,False
1466462842,7.37,7.427995738509977,7.427995738509977,True
1466462850,7.44,7.394801371824161,7.394801371824161,True
1466462941,7.44,7.44,7.3781081190441435,False
1466463026,7.44,7.44,7.371463608961319,False
1466463117,7.44,7.37184106106216,7.37184106106216,True
1466463139,7.44,7.44,7.365574295673077,False
