1466410104,97.1,60.82999156718109,60.82999156718109,True
1466410114,97.1,97.1,94.32880740317869,False
1466410130,97.1,97.1,60.94557695904692,False
1466410181,97.1,97.1,66.66621977239868,False
1466410203,97.1,97.1,60.22108338182924,False
1466410250,97.1,67.53502410369725,67.53502410369725,True
1466410309,97.1,97.1,82.1640250759656,False
1466410397,97.1,68.29368308313246,68.29368308313246,True
1466410430,94.6,94.6,91.39133991887866,False
1466410469,94.6,94.6,93.43440615555679,False
1466410483,94.6,83.271015548102,83.271015548102,True
1466410498,94.6,64.1905375451789,64.1905375451789,True
1466410502,94.6,94.6,98.9177343552368,False
1466410532,94.6,94.6,77.75183183111128,False
1466410541,94.6,94.6,65.72877562748188,False
1466410573,94.6,68.27010211929043,68.27010211929043,True
1466410630,94.6,79.00206028762668,79.00206028762668,True
1466410653,94.5,89.17842593209708,89.17842593209708,True
1466410746,94.5,94.5,93.02798746857144,False
1466410814,94.5,94.5,73.93760274269971,False
1466410890,94.5,76.14651687779613,76.14651687779613,True
1466410902,100.3,91.96498035185986,91.96498035185986,True
1466410978,97.2,75.68307773495623,75.68307773495623,True
1466411008,97.2,97.2,78.3665581697298,False
1466411066,93.9,76.7787779361569,76.7787779361569,True
1466411094,93.9,67.95190603843253,67.95190603843253,True
1466411157,93.9,74.51762223580945,74.51762223580945,True
1466411223,93.9,93.9,65.80433604034306,False
1466411226,93.9,84.80306488160117,84.80306488160117,True
1466411272,93.9,88.04557528866903,88.04557528866903,True
1466411303,93.9,93.60031199319307,93.60031199319307,True
1466411318,93.9,91.08903590686393,91.08903590686393,True
1466411396,93.9,69.80280013675349,69.80280013675349,True
1466411493,93.9,62.4386283360838,62.4386283360838,True
1466411549,93.9,93.9,93.11596363737061,False
1466411560,93.9,61.9755059258241,61.9755059258241,True
1466411626,93.9,95.05192829546678,95.05192829546678,True
1466411723,93.9,93.9,90.56601104242048,False
1466411763,93.9,97.20090549022318,97.20090549022318,True
1466411785,97.8,97.8,62.23730371517612,False
1466411854,97.8,92.3905091113975,92.3905091113975,True
1466411889,97.8,97.8,95.91638721548179,False
1466411988,97.5,71.40994771392394,71.40994771392394,True
1466412022,97.5,70.13258769474436,70.13258769474436,True
1466412046,97.5,62.4994975685737,62.4994975685737,True
1466412076,97.5,89.3324946953243,89.3324946953243,True
1466412152,91.0,99.35126577334051,99.35126577334051,True
1466412181,91.0,90.36868587954967,90.36868587954967,True
1466412201,88.8,88.8,82.81519054310542,False
1466412260,88.8,93.37455656582057,93.37455656582057,True
1466412347,88.8,66.82345493828835,66.82345493828835,True
1466412360,88.8,88.8,77.98670660232955,False
1466412438,88.8,60.94040106270448,60.94040106270448,True
1466412521,88.8,81.78749762624777,81.78749762624777,True
1466412599,88.8,88.8,69.47759980161793,False
1466412639,88.8,88.8,91.06269301968558,False
1466412691,88.8,88.8,84.1668925586641,False
1466412747,88.8,88.8,95.7261831530241,False
1466412794,88.8,91.06721419840576,91.06721419840576,True
1466412819,88.8,88.8,74.21176287354045,False
1466412832,89.6,89.6,99.02590117614956,False
1466412874,89.6,89.6,65.66516641556865,False
1466412943,85.6,95.37429237431311,95.37429237431311,True
1466412971,85.6,85.6,74.36236209251531,False
1466412990,85.6,85.6,62.72830846179438,False
1466413028,79.6,79.6,68.37183983704796,False
1466413053,79.6,79.6,78.62718495628388,False
1466413125,79.6,77.99567309912334,77.99567309912334,True
1466413200,74.3,74.3,82.2599407972128,False
1466413264,74.3,74.3,91.31723729783937,False
1466413311,74.3,71.51849103175743,71.51849103175743,True
1466413342,74.3,74.3,68.19740031111849,False
1466413440,70.1,70.1,67.37494480737962,False
1466413458,70.1,70.1,96.17622466385893,False
1466413529,70.1,78.10673989091418,78.10673989091418,True
1466413542,70.1,70.1,65.29048458830611,False
1466413638,70.1,70.1,97.02206865880402,False
1466413672,70.1,70.1,91.41953446176647,False
1466413733,70.1,70.1,83.43170243835796,False
1466413779,70.1,70.1,85.2305935370306,False
1466413780,70.1,96.23449511685791,96.23449511685791,True
1466413864,70.1,92.66237185720586,92.66237185720586,True
1466413885,70.1,82.28758994896737,82.28758994896737,True
1466413946,70.1,66.31417487094367,66.31417487094367,True
1466414033,70.1,70.1,84.55986656043865,False
1466414071,70.1,74.67414478946118,74.67414478946118,True
1466414164,72.7,89.73851089191817,89.73851089191817,True
1466414225,72.7,72.7,92.23005318847801,False
1466414312,66.0,66.0,63.094333578795336,False
1466414325,66.0,79.61934941867071,79.61934941867071,True
1466414328,66.0,99.88978812749285,99.88978812749285,True
1466414329,66.0,98.10391585015111,98.10391585015111,True
1466414402,67.3,67.3,80.01475624657687,False
1466414407,67.3,67.3,61.34059141744562,False
1466414413,62.1,62.1,89.06942119051067,False
1466414460,62.1,95.848465367165,95.848465367165,True
1466414552,62.1,62.1,82.91826351731538,False
1466414602,62.1,62.1,66.5008167659729,False
1466414662,62.1,62.1,78.22211742641161,False
1466414746,62.1,96.36234243854594,96.36234243854594,True
1466414844,67.3,67.3,96.74338821209186,False
1466414943,67.3,67.3,92.14132618079222,False
1466414946,67.3,67.3,84.37560582080377,False
1466414966,61.0,61.0,66.7903751258258,False
1466415038,66.4,66.4,84.60348943019356,False
1466415106,66.4,66.4,90.8028585326398,False
1466415130,66.4,79.99667846918668,79.99667846918668,True
1466415145,59.9,75.42944502106653,75.42944502106653,True
1466415202,56.3,90.88373973788153,90.88373973788153,True
1466415239,55.9,96.77080564271573,96.77080564271573,True
1466415249,55.9,87.28097629918523,87.28097629918523,True
1466415308,55.9,94.9974991834709,94.9974991834709,True
1466415357,55.9,81.56257722344039,81.56257722344039,True
1466415404,55.9,55.9,90.3862569467308,False
1466415469,61.5,78.6527102607541,78.6527102607541,True
1466415548,61.5,82.55847350839795,82.55847350839795,True
1466415588,61.5,80.71833864328508,80.71833864328508,True
1466415627,67.0,67.0,74.7331950089617,False
1466415719,67.0,69.12235266703365,69.12235266703365,True
1466415767,67.0,67.0,97.86545819060349,False
1466415860,71.3,76.35241839445305,76.35241839445305,True
1466415872,71.3,71.3,96.1815654999267,False
1466415914,71.3,71.3,88.8618999610226,False
1466415934,71.3,71.3,70.81651177451545,False
1466415988,71.3,87.73001253845551,87.73001253845551,True
1466416004,71.3,71.3,89.67318989467057,False
1466416050,71.3,71.3,67.99796287619058,False
1466416150,71.3,71.3,79.01343725397169,False
1466416161,71.3,71.3,60.95870568422977,False
1466416215,71.3,64.73918845952159,64.73918845952159,True
1466416315,71.3,71.3,72.32637465594901,False
1466416321,71.3,89.84614642584611,89.84614642584611,True
1466416393,71.3,71.3,86.20695269603466,False
1466416440,71.3,64.72771024185107,64.72771024185107,True
1466416510,69.5,69.5,62.00710666534507,False
1466416541,69.5,61.33432105862469,61.33432105862469,True
1466416631,69.5,69.5,87.10724520779443,False
1466416671,69.5,68.43869769771686,68.43869769771686,True
1466416725,69.5,69.5,82.24498382332771,False
1466416815,69.5,69.5,94.31710845761016,False
1466416867,69.5,65.71217690190204,65.71217690190204,True
1466416933,69.5,69.5,64.09105661956353,False
1466416963,69.5,69.5,81.82773110443719,False
1466417034,69.5,60.32352122271851,60.32352122271851,True
1466417069,69.5,69.5,63.105401561891625,False
1466417095,69.5,68.38003851013845,68.38003851013845,True
1466417123,69.5,69.5,78.88388130550933,False
1466417219,69.5,80.13317286995976,80.13317286995976,True
1466417228,69.5,69.5,83.75696866858132,False
1466417235,71.4,71.4,98.7656707958827,False
1466417266,71.4,71.4,72.09851400959718,False
1466417298,71.4,71.4,72.92335610071164,False
1466417382,71.4,79.47380986210999,79.47380986210999,True
1466417429,71.4,83.53522104221318,83.53522104221318,True
1466417434,71.4,95.93224754390377,95.93224754390377,True
1466417513,71.4,93.29991779778067,93.29991779778067,True
1466417598,71.4,81.76296057138453,81.76296057138453,True
1466417615,67.9,67.9,91.74007736961931,False
1466417654,67.9,67.9,68.86890685801998,False
1466417749,67.9,67.9,94.53714834615758,False
1466417763,64.4,89.18646124322451,89.18646124322451,True
1466417822,60.0,66.06250601836027,66.06250601836027,True
1466417851,60.0,69.65793589695214,69.65793589695214,True
1466417855,65.9,65.9,64.28394438721101,False
1466417879,71.1,76.54329591396473,76.54329591396473,True
1466417895,71.1,71.1,98.95661865904202,False
1466417969,71.1,71.1,86.6057216890298,False
1466418049,71.1,71.1,84.21622642297285,False
1466418118,71.1,79.47045231546622,79.47045231546622,True
1466418129,71.1,62.454581282650715,62.454581282650715,True
1466418179,67.7,67.7,94.98524350335705,False
1466418254,67.7,67.7,74.77909964445655,False
1466418332,67.7,74.89910403098355,74.89910403098355,True
1466418428,67.7,67.7,65.23646397219166,False
1466418494,67.7,67.7,83.70979138747845,False
1466418554,67.7,94.8578512296694,94.8578512296694,True
1466418563,64.9,64.9,80.0203975006207,False
1466418564,64.9,98.43031292447034,98.43031292447034,True
1466418594,64.9,64.9,72.44059673134576,False
1466418674,70.3,70.3,76.75864162469531,False
1466418748,70.3,89.46174112374192,89.46174112374192,True
1466418847,70.3,70.3,85.14357710803544,False
1466418877,70.2,60.22131120962923,60.22131120962923,True
1466418917,70.2,60.70967116525751,60.70967116525751,True
1466418938,74.7,91.7098113187782,91.7098113187782,True
1466419031,74.7,83.25269161714802,83.25269161714802,True
1466419058,74.7,74.7,84.4632530736066,False
1466419104,74.7,74.7,69.88475218521606,False
1466419166,74.7,74.7,66.6247860168807,False
1466419261,74.7,77.37557853432222,77.37557853432222,True
1466419349,74.7,74.7,89.63263378582326,False
1466419442,74.7,74.7,94.71628729795958,False
1466419530,74.7,73.32699407389872,73.32699407389872,True
1466419595,74.7,74.7,69.64007036854372,False
1466419646,74.7,74.7,61.10019447387873,False
1466419737,74.7,74.7,96.25830680006827,False
1466419826,80.7,80.7,76.84275614839726,False
1466419880,80.7,80.7,77.68020137966882,False
1466419911,80.7,80.7,70.09082147819232,False
1466419938,80.7,81.442267717686,81.442267717686,True
1466420016,80.7,80.7,81.04026487280949,False
1466420019,80.7,63.230897584177875,63.230897584177875,True
1466420108,80.7,80.7,69.62005507798834,False
1466420205,80.7,80.7,74.94522560629737,False
1466420228,80.7,66.3281299205787,66.3281299205787,True
1466420257,80.7,99.26120885521847,99.26120885521847,True
1466420270,80.7,80.7,89.94103429722435,False
1466420296,81.0,63.94215229247286,63.94215229247286,True
1466420331,79.5,79.5,60.85700594539018,False
1466420407,79.5,79.5,83.86806310597548,False
1466420430,79.5,79.5,86.20246148148192,False
1466420453,79.5,79.5,67.73598394097255,False
1466420474,79.5,79.5,71.2869096191838,False
1466420566,79.5,79.5,80.82449424845677,False
1466420579,79.5,79.5,79.53727886158015,False
1466420618,76.8,92.87493144903155,92.87493144903155,True
1466420624,76.8,76.8,68.13758043623557,False
1466420643,76.8,76.8,87.3609973629189,False
1466420695,80.8,80.8,62.5847306059555,False
1466420788,80.8,80.8,81.22410885588545,False
1466420863,80.8,73.67112764243295,73.67112764243295,True
1466420947,80.8,91.47584686966077,91.47584686966077,True
1466421003,80.8,95.29465950475645,95.29465950475645,True
1466421032,80.8,80.8,74.49926248414287,False
1466421050,83.0,83.0,68.11211313128773,False
1466421116,82.7,82.7,62.05790088769236,False
1466421208,82.7,71.35810419879328,71.35810419879328,True
1466421234,82.7,60.60381183814573,60.60381183814573,True
1466421262,81.6,81.6,63.263293774956274,False
1466421353,81.6,81.6,61.74873938972702,False
1466421360,81.6,75.21889534067545,75.21889534067545,True
1466421392,81.6,81.6,80.07144826042747,False
1466421480,81.6,99.22082051394096,99.22082051394096,True
1466421530,81.6,90.91015293385585,90.91015293385585,True
1466421547,81.6,81.6,68.36451814922428,False
1466421591,81.6,81.6,77.3464190766012,False
1466421633,81.6,81.6,82.49812695410685,False
1466421636,81.6,81.6,92.47736209993413,False
1466421670,81.6,81.6,93.70378575738738,False
1466421695,81.6,88.89637800418438,88.89637800418438,True
1466421721,81.6,72.89998674310333,72.89998674310333,True
1466421804,81.6,67.13421516018383,67.13421516018383,True
1466421819,81.6,76.89853639903393,76.89853639903393,True
1466421862,81.6,78.17433112897314,78.17433112897314,True
1466421885,81.6,86.76167578528235,86.76167578528235,True
1466421936,81.6,81.6,95.19007429355318,False
1466422012,81.6,81.6,70.50178475994566,False
1466422044,81.6,85.70578132286047,85.70578132286047,True
1466422045,81.6,81.6,63.54821418510941,False
1466422137,81.6,81.6,60.8005611900783,False
1466422162,81.6,81.6,80.91121463384434,False
1466422189,81.6,76.24886293531597,76.24886293531597,True
1466422197,81.6,85.16090089459719,85.16090089459719,True
1466422264,81.6,81.6,71.64924870919879,False
1466422330,81.6,76.4578788714609,76.4578788714609,True
1466422378,81.6,97.49954378384726,97.49954378384726,True
1466422432,81.6,81.6,89.89080012311378,False
1466422488,81.6,67.9284340417127,67.9284340417127,True
1466422577,81.6,82.20287480024905,82.20287480024905,True
1466422628,81.6,60.658219787057305,60.658219787057305,True
1466422638,81.6,81.6,87.87091965610311,False
1466422666,81.6,81.6,60.13213891283474,False
1466422706,81.6,76.04630841462338,76.04630841462338,True
1466422731,81.6,63.75870504962976,63.75870504962976,True
1466422804,76.8,76.8,61.00345590313751,False
1466422866,76.8,76.8,65.05931560870013,False
1466422873,76.8,76.8,88.83916309912827,False
1466422895,82.4,91.35998771988531,91.35998771988531,True
1466422953,82.4,60.38990362347268,60.38990362347268,True
1466422973,84.4,89.10485753349285,89.10485753349285,True
1466423017,84.4,84.4,74.65539255694878,False
1466423051,84.4,97.90520561447747,97.90520561447747,True
1466423099,84.4,86.39832697403565,86.39832697403565,True
1466423150,84.4,70.77780471503038,70.77780471503038,True
1466423155,84.4,84.4,98.14722779020741,False
1466423168,84.4,84.4,85.3209961358477,False
1466423205,84.4,84.4,61.136427849007354,False
1466423275,84.4,63.598733340798915,63.598733340798915,True
1466423287,84.4,84.4,97.52382408143939,False
1466423336,84.4,84.4,62.54607001228854,False
1466423340,84.3,84.57093014607081,84.57093014607081,True
1466423355,84.3,81.40060383549024,81.40060383549024,True
1466423443,84.3,77.18368291859858,77.18368291859858,True
1466423499,84.3,81.86973195354669,81.86973195354669,True
1466423585,84.3,84.3,77.88046978754167,False
1466423612,84.3,83.43788173431304,83.43788173431304,True
1466423669,84.3,84.3,96.81797312500373,False
1466423705,84.3,84.3,72.40634018583538,False
1466423770,84.3,95.52262465149869,95.52262465149869,True
1466423844,84.3,73.31123348006152,73.31123348006152,True
1466423902,84.3,84.3,67.20618938141904,False
1466423913,84.3,84.3,79.03037186363363,False
1466423972,84.3,65.24870260623068,65.24870260623068,True
1466424014,84.3,84.3,74.43039367115301,False
1466424069,84.3,79.6716584612083,79.6716584612083,True
1466424154,84.3,66.72656967663866,66.72656967663866,True
1466424155,84.3,72.40015562771251,72.40015562771251,True
1466424169,84.3,84.3,79.38583694457029,False
1466424262,84.3,84.3,98.77244236598978,False
1466424339,84.3,94.37111634306693,94.37111634306693,True
1466424398,85.8,85.8,94.97653589605038,False
1466424497,85.8,92.49658141638166,92.49658141638166,True
1466424558,85.8,94.42771792172832,94.42771792172832,True
1466424613,85.8,85.8,95.09263561031743,False
1466424713,80.8,80.8,97.80042463537615,False
1466424804,80.8,80.8,81.27771289717808,False
1466424878,80.8,62.22430075740484,62.22430075740484,True
1466424924,80.8,80.8,79.82413833752581,False
1466425009,80.8,93.11304745751764,93.11304745751764,True
1466425106,80.8,62.58693571260107,62.58693571260107,True
1466425129,80.8,80.8,90.19183503800053,False
1466425179,80.8,91.40477550572106,91.40477550572106,True
1466425257,80.8,84.04602289206217,84.04602289206217,True
1466425262,80.8,80.8,81.79328970756525,False
1466425305,80.8,80.8,80.85985084246857,False
1466425331,76.5,76.5,78.29620943100005,False
1466425338,76.5,76.5,77.88036300495065,False
1466425377,76.1,76.1,88.20481654559875,False
1466425380,76.1,89.42745694509189,89.42745694509189,True
1466425417,76.1,84.59924762726199,84.59924762726199,True
1466425484,76.1,61.86339178263342,61.86339178263342,True
1466425517,76.1,65.65206500200345,65.65206500200345,True
1466425553,72.9,72.9,78.35729172457735,False
1466425640,66.8,91.00797976775024,91.00797976775024,True
1466425687,60.4,75.65330057938269,75.65330057938269,True
1466425711,60.4,88.64835128023721,88.64835128023721,True
1466425768,60.4,60.4,78.85472726648288,False
1466425811,60.4,79.71898803258237,79.71898803258237,True
1466425856,60.4,90.92675551703437,90.92675551703437,True
1466425869,60.4,60.4,91.5518434443069,False
1466425884,60.4,60.4,68.23121297964028,False
1466425962,64.8,76.95956298473149,76.95956298473149,True
1466425974,68.7,72.16860923582408,72.16860923582408,True
1466426016,70.5,74.71210141208016,74.71210141208016,True
1466426024,70.5,70.5,68.89956678737505,False
1466426034,70.5,61.12698167799787,61.12698167799787,True
1466426130,70.5,97.48904400735229,97.48904400735229,True
1466426189,77.2,77.2,83.58008660483536,False
1466426198,77.2,68.52246029361982,68.52246029361982,True
1466426280,77.2,86.23293555426658,86.23293555426658,True
1466426298,77.2,77.2,80.84080564816195,False
1466426380,77.2,77.2,75.7453517445471,False
1466426420,77.2,77.2,99.39613964179149,False
1466426509,77.2,82.51918883266478,82.51918883266478,True
1466426521,77.2,68.6750690926904,68.6750690926904,True
1466426535,77.2,77.2,94.15782650776302,False
1466426563,79.1,72.47759929678595,72.47759929678595,True
1466426620,79.1,78.16645612010998,78.16645612010998,True
1466426694,79.1,97.18263100968804,97.18263100968804,True
1466426764,79.1,72.64792409278671,72.64792409278671,True
1466426778,79.1,93.00536141014669,93.00536141014669,True
1466426866,79.1,90.39943860584413,90.39943860584413,True
1466426938,79.1,88.89392006178535,88.89392006178535,True
1466427022,79.1,79.1,97.51564288769447,False
1466427059,82.4,82.4,84.57485401669538,False
1466427125,82.4,82.4,63.971803611447015,False
1466427204,87.7,87.7,73.34573804044949,False
1466427240,87.7,87.7,78.17905775660078,False
1466427317,87.7,63.45315733434869,63.45315733434869,True
1466427319,87.7,87.7,78.37955585227138,False
1466427331,87.7,87.7,64.37680836356985,False
1466427425,87.7,90.2583492349826,90.2583492349826,True
1466427458,90.8,64.71825180275384,64.71825180275384,True
1466427495,84.1,94.64789643151367,94.64789643151367,True
1466427543,78.6,78.6,95.70198151371599,False
1466427625,78.6,61.79701813467532,61.79701813467532,True
1466427663,81.7,66.94523553156918,66.94523553156918,True
1466427672,81.7,81.7,74.26153190699566,False
1466427684,85.8,85.8,60.60452709089559,False
1466427739,85.8,85.8,85.7466086648246,False
1466427769,85.8,62.70647856963025,62.70647856963025,True
1466427775,85.8,85.8,97.9944641473071,False
1466427820,85.8,88.32949117615749,88.32949117615749,True
1466427837,85.8,60.0569913196746,60.0569913196746,True
1466427846,85.8,99.22300587439852,99.22300587439852,True
1466427904,85.8,86.25075521212196,86.25075521212196,True
1466427997,85.8,79.50664661090954,79.50664661090954,True
1466428027,85.8,85.8,63.38339581037929,False
1466428114,85.8,85.8,65.19861854668352,False
1466428212,85.8,85.8,82.07149876939718,False
1466428294,85.8,85.8,96.0823540227614,False
1466428321,85.8,85.8,77.15556510079942,False
1466428340,85.8,85.8,70.30616606362102,False
1466428378,85.8,76.92934219285199,76.92934219285199,True
1466428463,85.8,75.27116173030963,75.27116173030963,True
1466428551,80.6,80.6,72.1990290939481,False
1466428575,80.6,88.61991621665723,88.61991621665723,True
1466428593,80.6,73.63641368030922,73.63641368030922,True
1466428682,80.6,89.02728921500187,89.02728921500187,True
1466428699,80.6,89.08660955955114,89.08660955955114,True
1466428719,80.6,80.6,70.70216329333739,False
1466428819,80.6,95.34579300508065,95.34579300508065,True
1466428850,80.6,80.6,61.89477831657958,False
1466428884,80.6,60.41527333560424,60.41527333560424,True
1466428973,80.6,80.6,73.3805871465878,False
1466429006,80.6,96.39580634197597,96.39580634197597,True
1466429026,74.3,72.32668030256366,72.32668030256366,True
1466429066,74.3,89.41459627354007,89.41459627354007,True
1466429072,74.3,74.3,80.80289855683827,False
1466429103,74.3,97.93998686661722,97.93998686661722,True
1466429110,74.3,68.97742167607969,68.97742167607969,True
1466429123,74.3,94.53383525131915,94.53383525131915,True
1466429168,74.3,74.3,80.87650512327616,False
1466429182,74.3,94.22956456214,94.22956456214,True
1466429184,74.3,71.24805401140556,71.24805401140556,True
1466429197,74.3,61.20401372202251,61.20401372202251,True
1466429280,74.3,70.45280437387343,70.45280437387343,True
1466429378,74.3,96.9578117109005,96.9578117109005,True
1466429450,78.0,97.01749274579507,97.01749274579507,True
1466429455,78.0,77.6508063467567,77.6508063467567,True
1466429510,78.0,83.34492438634368,83.34492438634368,True
1466429565,78.0,78.0,98.52727463022818,False
1466429566,78.0,92.55222738990996,92.55222738990996,True
1466429592,78.0,83.7133322428349,83.7133322428349,True
1466429623,78.0,78.0,97.83948970647249,False
1466429691,78.0,78.0,93.80481484778781,False
1466429733,78.3,90.78381400240303,90.78381400240303,True
1466429803,79.5,76.783101330725,76.783101330725,True
1466429832,79.5,79.5,90.81220305945078,False
1466429905,79.5,79.5,79.36451640104731,False
1466429997,80.0,79.67309141008481,79.67309141008481,True
1466430050,80.0,80.0,64.62072428866269,False
1466430088,80.0,66.52154000173924,66.52154000173924,True
1466430174,80.0,80.0,99.9431699646671,False
1466430247,77.9,77.9,85.18385107552044,False
1466430344,71.4,71.4,85.0150188160155,False
1466430375,66.0,66.0,93.94247273242816,False
1466430400,66.0,66.0,74.50262179993183,False
1466430457,66.8,84.7953081487945,84.7953081487945,True
1466430483,66.8,66.8,71.71815925743674,False
1466430517,66.8,66.8,88.17940651442974,False
1466430524,71.4,98.7600374979891,98.7600374979891,True
1466430592,71.4,71.4,99.83372052906971,False
1466430616,71.4,60.05876655896883,60.05876655896883,True
1466430631,71.4,71.4,87.56869785426387,False
1466430680,67.5,67.5,79.5945422451296,False
1466430734,67.5,71.80974611564213,71.80974611564213,True
1466430790,67.5,67.5,65.71125555572848,False
1466430815,65.9,65.9,88.12650041741952,False
1466430895,59.7,59.7,97.78643441401968,False
1466430916,63.5,63.5,91.51896636388796,False
1466430929,63.5,63.5,73.15172996189591,False
1466430936,66.1,95.58109184845183,95.58109184845183,True
1466431009,66.1,66.1,76.2283630977764,False
1466431036,66.1,66.1,94.97506271457944,False
1466431055,71.5,74.78180545166006,74.78180545166006,True
1466431145,68.6,68.6,91.01751867681746,False
1466431218,68.6,68.6,60.336910615121525,False
1466431290,67.2,67.2,92.65931737876994,False
1466431324,67.2,90.59388329479562,90.59388329479562,True
1466431400,67.2,67.2,78.84012181297017,False
1466431450,67.2,78.21818713857999,78.21818713857999,True
1466431526,67.2,64.619210028828,64.619210028828,True
1466431589,65.1,65.1,78.31521191051525,False
1466431661,65.1,65.1,87.50891205937396,False
1466431760,65.1,93.82964232953736,93.82964232953736,True
1466431796,65.1,65.1,69.67280465035651,False
1466431848,65.1,94.13715584264196,94.13715584264196,True
1466431879,65.1,73.73566818908625,73.73566818908625,True
1466431954,60.6,91.35904952155414,91.35904952155414,True
1466431958,60.6,60.6,88.04561871691988,False
1466432002,64.2,85.98483481052222,85.98483481052222,True
1466432101,64.2,97.87573334373849,97.87573334373849,True
1466432177,61.5,60.57767982770339,60.57767982770339,True
1466432194,61.5,61.5,74.51145994574348,False
1466432237,61.5,80.2300128186099,80.2300128186099,True
1466432280,66.6,66.6,63.88792444255772,False
1466432373,66.6,83.69110190508822,83.69110190508822,True
1466432389,66.6,95.10752090672469,95.10752090672469,True
1466432415,66.6,80.36294846794908,80.36294846794908,True
1466432417,66.6,63.39629588340533,63.39629588340533,True
1466432506,66.6,80.40370052689215,80.40370052689215,True
1466432569,66.6,66.6,78.28010360519609,False
1466432577,66.3,66.3,80.48077256211326,False
1466432670,66.3,66.3,97.33462292016763,False
1466432706,63.8,63.8,73.41209539496462,False
1466432804,63.0,61.48054489913585,61.48054489913585,True
1466432853,63.0,63.0,71.30571877143913,False
1466432947,63.0,72.82693682980454,72.82693682980454,True
1466433040,63.0,81.03980489313449,81.03980489313449,True
1466433128,63.0,91.9694869743487,91.9694869743487,True
1466433145,63.0,63.0,61.59628751457201,False
1466433195,63.0,63.0,83.85443467302673,False
1466433289,63.0,73.51381161267554,73.51381161267554,True
1466433375,58.8,76.34520483782552,76.34520483782552,True
1466433427,58.8,66.55878392141508,66.55878392141508,True
1466433478,58.8,58.8,68.16393048830993,False
1466433517,58.8,62.970457222320626,62.970457222320626,True
1466433615,58.8,87.73662263448674,87.73662263448674,True
1466433672,58.8,87.5698288997325,87.5698288997325,True
1466433762,55.6,70.76247234457915,70.76247234457915,True
1466433809,55.6,87.77050208230078,87.77050208230078,True
1466433873,55.6,55.6,94.61417591539045,False
1466433910,55.6,55.6,75.45541292857565,False
1466433994,55.6,55.6,94.21191622275506,False
1466434003,57.0,98.4515289337031,98.4515289337031,True
1466434045,57.0,57.0,73.57359026339226,False
1466434096,57.0,86.74922092965235,86.74922092965235,True
1466434173,60.1,60.1,93.31261031190657,False
1466434199,60.1,60.1,79.74952593031894,False
1466434224,61.4,61.4,77.40913339114356,False
1466434308,61.4,61.4,93.37702692373881,False
1466434359,61.4,61.4,98.10104665885979,False
1466434371,61.4,77.22968010545546,77.22968010545546,True
1466434457,57.9,94.80493942340357,94.80493942340357,True
1466434498,57.9,63.582812040612644,63.582812040612644,True
1466434552,57.9,85.92909917218178,85.92909917218178,True
1466434622,57.9,78.754082537154,78.754082537154,True
1466434691,57.9,57.9,64.95259723824724,False
1466434718,57.9,80.69607482157282,80.69607482157282,True
1466434727,57.9,68.76760121117957,68.76760121117957,True
1466434815,57.9,57.9,73.66286925867784,False
1466434892,57.9,57.9,92.14175981449324,False
1466434915,59.6,59.6,77.07876980182215,False
1466434946,59.6,59.6,81.78872840499206,False
1466434988,59.6,59.6,74.39577030471395,False
1466435020,59.6,59.6,63.387959973525334,False
1466435090,59.6,79.7520207221959,79.7520207221959,True
1466435099,59.6,75.79337984568328,75.79337984568328,True
1466435145,59.6,59.6,61.651009980051754,False
1466435186,59.6,59.6,74.92139323635891,False
1466435246,59.6,59.6,79.81571384385421,False
1466435284,59.6,75.07488308519329,75.07488308519329,True
1466435327,63.3,84.28245510070457,84.28245510070457,True
1466435369,63.3,81.18925243831622,81.18925243831622,True
1466435408,58.9,58.9,76.69520219082435,False
1466435468,58.9,58.9,81.08096720616437,False
1466435486,58.9,77.10931644186564,77.10931644186564,True
1466435555,64.7,64.7,60.05818577635711,False
1466435624,66.8,67.39659626718928,67.39659626718928,True
1466435659,66.8,66.8,88.45671824667204,False
1466435682,66.8,66.8,62.39368050893267,False
1466435712,66.8,66.8,84.06720395356001,False
1466435794,66.8,75.57495349621887,75.57495349621887,True
1466435878,66.8,66.8,99.21185422806337,False
1466435904,66.8,66.8,68.23153203341272,False
1466435971,66.8,66.8,63.51396835237759,False
1466436041,66.8,72.77778405587335,72.77778405587335,True
1466436059,66.8,66.8,91.91792784826957,False
1466436093,68.3,68.3,97.85412748114629,False
1466436178,62.0,62.0,66.57933007584134,False
1466436230,58.2,95.79140065647665,95.79140065647665,True
1466436280,58.2,93.99762764263075,93.99762764263075,True
1466436332,63.8,63.8,89.39496120140664,False
1466436333,63.8,63.8,79.02534604572492,False
1466436431,63.8,95.9976289927741,95.9976289927741,True
1466436520,63.8,63.8,60.718568813941346,False
1466436572,63.8,63.8,61.92895224116144,False
1466436647,63.8,63.8,92.58946991220243,False
1466436655,69.9,69.9,94.394740832826,False
1466436727,66.4,66.4,95.50152579121449,False
1466436793,68.7,68.7,86.27574886462182,False
1466436879,68.7,81.71903104048786,81.71903104048786,True
1466436880,71.0,71.0,77.1431136628501,False
1466436939,71.0,71.0,89.09897294893295,False
1466437015,71.0,71.0,68.44009321130048,False
1466437048,71.0,97.50732443485143,97.50732443485143,True
1466437088,71.0,71.0,87.21811884680005,False
1466437105,71.0,71.0,95.6133934931472,False
1466437122,71.0,88.47726860735159,88.47726860735159,True
1466437160,71.0,71.0,66.43142451302529,False
1466437232,71.0,70.22058997013643,70.22058997013643,True
1466437321,71.0,71.0,63.82271137702777,False
1466437335,71.0,73.27738039378836,73.27738039378836,True
1466437358,71.0,71.0,90.49737233644228,False
1466437441,71.0,71.0,74.13425108308356,False
1466437480,71.0,76.49830080545982,76.49830080545982,True
1466437561,71.5,71.5,99.19040005431236,False
1466437653,71.5,71.5,90.7703397928109,False
1466437709,71.5,94.96835320753756,94.96835320753756,True
1466437798,70.9,70.9,61.600910321298855,False
1466437869,70.9,70.9,73.00125063507105,False
1466437952,70.9,70.9,78.66600641137427,False
1466438037,70.9,70.9,82.30072518211347,False
1466438054,70.9,75.69474359163833,75.69474359163833,True
1466438056,70.9,78.73456887371506,78.73456887371506,True
1466438136,70.9,70.9,97.75114732407584,False
1466438234,70.9,70.51986920493967,70.51986920493967,True
1466438261,70.9,77.18862642796356,77.18862642796356,True
1466438348,70.9,75.01066146460063,75.01066146460063,True
1466438407,67.8,73.67893636466573,73.67893636466573,True
1466438422,67.8,74.25510074308993,74.25510074308993,True
1466438476,67.8,66.91203575478495,66.91203575478495,True
1466438571,67.8,67.8,66.32565370093171,False
1466438612,67.8,67.8,87.80587159061187,False
1466438620,63.4,94.30973286012767,94.30973286012767,True
1466438698,63.4,63.4,99.76300086815775,False
1466438747,64.1,94.3894392395691,94.3894392395691,True
1466438795,64.1,75.52452276836694,75.52452276836694,True
1466438810,64.1,82.83739697237954,82.83739697237954,True
1466438888,64.1,84.09457861787347,84.09457861787347,True
1466438975,64.1,94.30497681796626,94.30497681796626,True
1466439000,64.1,80.63150374313827,80.63150374313827,True
1466439092,57.5,79.47999146039155,79.47999146039155,True
1466439150,57.5,57.5,90.36735180220076,False
1466439229,57.5,94.52027114183315,94.52027114183315,True
1466439279,57.5,57.5,87.92472523198725,False
1466439328,57.5,57.5,65.29362085305608,False
1466439351,57.5,95.88894899570296,95.88894899570296,True
1466439447,60.4,60.4,73.75184844809934,False
1466439466,60.4,60.4,75.37108034437202,False
1466439480,60.4,87.85404820568193,87.85404820568193,True
1466439560,60.4,60.4,76.34161190786702,False
1466439600,60.4,60.4,60.07189946721487,False
1466439645,60.4,60.4,87.67441022107676,False
1466439729,60.4,78.07489319968089,78.07489319968089,True
1466439772,56.3,94.76676890878173,94.76676890878173,True
1466439827,55.9,93.6996810714255,93.6996810714255,True
1466439849,55.9,55.9,84.00745612397765,False
1466439910,55.9,78.12946386066916,78.12946386066916,True
1466439990,57.5,95.63897479180169,95.63897479180169,True
1466440005,57.5,57.5,71.59667342106827,False
1466440006,57.5,57.5,65.65537604498093,False
1466440045,57.5,98.59549353229568,98.59549353229568,True
1466440066,57.5,94.26453222075594,94.26453222075594,True
1466440154,57.5,96.48091404378093,96.48091404378093,True
1466440214,59.0,91.74552562976167,91.74552562976167,True
1466440226,59.0,65.5405423203089,65.5405423203089,True
1466440304,64.9,78.85110571042037,78.85110571042037,True
1466440385,64.9,60.39464201115941,60.39464201115941,True
1466440451,64.9,95.94985382387742,95.94985382387742,True
1466440521,64.9,64.9,99.37141761644457,False
1466440581,64.9,61.0988877981778,61.0988877981778,True
1466440674,66.5,94.13934088074278,94.13934088074278,True
1466440727,66.5,96.32960337800671,96.32960337800671,True
1466440821,66.5,66.5,91.94476074714663,False
1466440827,66.5,66.5,73.8173592264638,False
1466440897,66.5,66.5,70.41819207770646,False
1466440923,61.6,61.6,76.10857116827006,False
1466441012,61.6,61.6,97.87851529194634,False
1466441049,61.6,82.66987073091438,82.66987073091438,True
1466441147,61.6,92.31092016968981,92.31092016968981,True
1466441213,61.6,61.6,86.70642340032207,False
1466441311,61.6,61.6,87.86327857480862,False
1466441318,61.6,97.71388829169345,97.71388829169345,True
1466441418,61.6,78.69820276916727,78.69820276916727,True
1466441510,61.6,76.01990029107768,76.01990029107768,True
1466441541,61.6,61.6,62.02907205101618,False
1466441579,61.6,61.6,95.17778530291585,False
1466441630,61.6,61.6,78.48001962618086,False
1466441714,61.6,69.97326183885173,69.97326183885173,True
1466441724,61.6,61.6,88.05273386818048,False
1466441741,61.6,64.02217588158807,64.02217588158807,True
1466441822,61.6,61.6,60.93764633938247,False
1466441883,61.6,61.6,61.30894299902759,False
1466441934,61.6,70.69023206344008,70.69023206344008,True
1466441947,61.6,97.91976690538021,97.91976690538021,True
1466442046,61.6,66.87723440763352,66.87723440763352,True
1466442137,60.4,73.27605958485519,73.27605958485519,True
1466442175,60.4,60.4,95.85441574674542,False
1466442216,60.4,60.4,74.8915954598054,False
1466442284,60.4,60.4,93.28638656237572,False
1466442332,60.4,89.19255753971038,89.19255753971038,True
1466442358,60.4,88.6790387831195,88.6790387831195,True
1466442362,60.4,93.57819412556475,93.57819412556475,True
1466442439,60.4,68.24377013702389,68.24377013702389,True
1466442490,60.4,60.4,61.01134418431587,False
1466442498,60.4,63.358540975234284,63.358540975234284,True
1466442508,60.4,60.4,97.46030975497355,False
1466442518,60.4,60.4,69.18570918523197,False
1466442556,61.1,61.1,75.11080075494644,False
1466442656,61.1,90.42289180707667,90.42289180707667,True
1466442662,61.1,61.1,74.57789296327678,False
1466442703,61.1,93.6116332355897,93.6116332355897,True
1466442768,61.1,61.1,69.26166222547698,False
1466442788,66.4,66.4,67.30863079007356,False
1466442886,66.4,66.4,87.17010500622247,False
1466442980,66.4,92.18760835818289,92.18760835818289,True
1466443000,66.4,67.31423322138548,67.31423322138548,True
1466443029,66.4,66.4,71.23459277202011,False
1466443038,66.4,72.32801190109363,72.32801190109363,True
1466443089,66.4,65.47974765903615,65.47974765903615,True
1466443162,66.4,66.4,84.7947950660292,False
1466443201,66.4,66.4,86.4619153092585,False
1466443219,66.4,87.01014551910562,87.01014551910562,True
1466443263,71.7,94.14466381781783,94.14466381781783,True
1466443350,71.7,71.7,80.8943959175634,False
1466443373,71.7,71.7,78.83040003661115,False
1466443392,67.1,73.03651163549495,73.03651163549495,True
1466443402,67.1,67.1,81.08197901555158,False
1466443486,67.1,67.1,81.94083174025172,False
1466443511,67.1,67.1,72.8394076782917,False
1466443584,67.1,64.70728108421181,64.70728108421181,True
1466443677,67.1,67.1,66.9309749037814,False
1466443725,67.1,75.77523108498862,75.77523108498862,True
1466443727,67.1,96.18972664156499,96.18972664156499,True
1466443750,67.1,67.1,94.16284976962157,False
1466443761,67.1,67.1,61.08439122321617,False
1466443808,67.1,96.6427976680681,96.6427976680681,True
1466443861,67.1,67.1,98.29333406050215,False
1466443929,60.8,60.8,97.99700737347689,False
1466443986,60.8,60.8,82.30314292621264,False
1466444043,60.8,73.55930141355823,73.55930141355823,True
1466444110,66.4,79.08866888136869,79.08866888136869,True
1466444192,66.4,66.4,92.57660041500398,False
1466444287,66.4,98.49452168050219,98.49452168050219,True
1466444294,66.4,76.47833340516692,76.47833340516692,True
1466444366,66.4,66.4,70.0194202368456,False
1466444466,71.5,71.5,67.68590220806941,False
1466444505,71.5,71.5,88.52896170168754,False
1466444556,75.6,75.6,72.4797477879103,False
1466444624,72.6,78.91561095094688,78.91561095094688,True
1466444663,72.6,78.97058064137177,78.97058064137177,True
1466444685,72.6,72.6,61.93076447237946,False
1466444756,72.6,63.45932700685605,63.45932700685605,True
1466444781,77.4,77.4,65.43726076925837,False
1466444840,77.4,77.4,72.96532961559578,False
1466444854,77.4,89.79363615675777,89.79363615675777,True
1466444860,77.4,77.4,89.78740024286549,False
1466444959,72.2,72.2,96.5798219825915,False
1466445058,72.2,91.10123157524167,91.10123157524167,True
1466445107,72.2,81.88678262534617,81.88678262534617,True
1466445165,72.2,72.2,94.69966760798602,False
1466445170,72.2,72.2,69.7244525472096,False
1466445173,72.2,87.55144746575914,87.55144746575914,True
1466445247,72.2,97.84970633224617,97.84970633224617,True
1466445305,69.6,69.6,62.76238416397307,False
1466445333,69.6,69.6,66.16313468085785,False
1466445356,72.0,72.0,76.7619538967856,False
1466445430,72.0,71.2325936963869,71.2325936963869,True
1466445491,72.0,72.0,69.19061210489137,False
1466445497,72.0,72.0,98.53149521193589,False
1466445514,72.0,72.0,64.57310184959478,False
1466445549,72.0,72.0,73.66598196669719,False
1466445640,77.4,74.68098578665709,74.68098578665709,True
1466445648,77.4,64.47817052148356,64.47817052148356,True
1466445739,77.4,77.4,76.7835368548582,False
1466445814,77.4,77.4,69.67841354649332,False
1466445879,77.4,72.55059038700367,72.55059038700367,True
1466445909,77.4,92.43871096153694,92.43871096153694,True
1466445965,77.4,64.81777754996105,64.81777754996105,True
1466446021,77.4,65.55163288056116,65.55163288056116,True
1466446045,74.7,74.7,98.87760822253203,False
1466446071,71.5,80.16298945819494,80.16298945819494,True
1466446120,69.9,71.03649501852034,71.03649501852034,True
1466446168,64.5,99.71318316186682,99.71318316186682,True
1466446253,64.5,64.5,93.23076652909009,False
1466446302,64.5,64.5,71.99888464002626,False
1466446389,64.5,64.5,67.52590402271356,False
1466446404,64.5,82.03908929776594,82.03908929776594,True
1466446494,64.5,64.5,99.6464539559883,False
1466446594,64.5,82.62957243076471,82.62957243076471,True
1466446643,64.5,77.4377662635598,77.4377662635598,True
1466446669,64.5,79.0838987262043,79.0838987262043,True
1466446690,64.5,94.54894089965848,94.54894089965848,True
1466446735,64.5,87.3181459472973,87.3181459472973,True
1466446766,65.5,81.22695081372339,81.22695081372339,True
1466446852,65.5,65.5,95.4510593442582,False
1466446902,65.5,65.5,91.071209431637,False
1466446945,71.8,71.8,88.10422611934067,False
1466446987,71.8,75.2015371187222,75.2015371187222,True
1466447036,71.8,85.09282836141162,85.09282836141162,True
1466447112,71.8,80.68557644751019,80.68557644751019,True
1466447129,71.8,71.8,93.66948273315839,False
1466447189,71.8,70.82959301784578,70.82959301784578,True
1466447224,71.8,99.2534141734186,99.2534141734186,True
1466447270,71.8,97.16130128667234,97.16130128667234,True
1466447272,71.8,86.78236680424611,86.78236680424611,True
1466447348,71.8,93.29119018266462,93.29119018266462,True
1466447359,71.8,71.8,60.44640071909475,False
1466447388,71.8,71.8,80.47473522435244,False
1466447390,71.8,71.8,84.25292271973584,False
1466447425,71.8,71.8,63.5564614834981,False
1466447463,68.4,68.4,60.474233367149196,False
1466447485,68.4,98.62684507216431,98.62684507216431,True
1466447545,68.4,68.4,89.36458936421971,False
1466447553,68.4,84.83916489984928,84.83916489984928,True
1466447554,68.4,67.68659914332507,67.68659914332507,True
1466447573,68.4,83.22361155402794,83.22361155402794,True
1466447634,62.6,62.6,76.30598702239853,False
1466447695,62.6,62.6,99.92332900436526,False
1466447762,62.6,87.42537933055621,87.42537933055621,True
1466447844,62.6,87.20449063360616,87.20449063360616,True
1466447885,62.6,72.47254652433898,72.47254652433898,True
1466447943,61.3,61.3,97.59005311120745,False
1466447956,61.3,82.77800302746837,82.77800302746837,True
1466448041,61.3,61.3,85.07701785041615,False
1466448140,59.7,67.36699663620381,67.36699663620381,True
1466448215,59.7,75.15575544251269,75.15575544251269,True
1466448270,59.7,72.71763389220781,72.71763389220781,True
1466448302,59.7,78.07084901828472,78.07084901828472,True
1466448368,59.7,59.7,89.040028783933,False
1466448422,59.7,89.1366144171936,89.1366144171936,True
1466448517,63.6,63.6,62.808954473718345,False
1466448614,63.6,63.6,70.82725203046923,False
1466448701,63.6,94.62114872866613,94.62114872866613,True
1466448743,63.6,63.6,88.35906156563853,False
1466448805,63.6,63.6,83.85038225201545,False
1466448844,57.5,57.5,63.04738089573925,False
1466448896,57.5,57.5,93.92377012868036,False
1466448984,57.5,71.35279997882603,71.35279997882603,True
1466449031,60.8,71.93678137921658,71.93678137921658,True
1466449045,60.8,70.9895394716574,70.9895394716574,True
1466449099,65.6,65.6,79.34640481406656,False
1466449171,65.6,65.6,89.63441957005607,False
1466449261,65.6,84.27034731841765,84.27034731841765,True
1466449280,61.6,61.6,63.44984750931467,False
1466449359,61.6,61.6,89.91914866701165,False
1466449442,61.6,93.46950334075788,93.46950334075788,True
1466449496,61.6,64.33980743301413,64.33980743301413,True
1466449537,61.6,91.7409935355069,91.7409935355069,True
1466449555,61.6,61.6,67.28023477245789,False
1466449629,56.8,56.8,90.21077709500557,False
1466449635,56.8,56.8,71.16399969356735,False
1466449721,55.6,55.6,62.58763113859794,False
1466449772,55.6,95.77209201143748,95.77209201143748,True
1466449872,55.6,63.776201615984924,63.776201615984924,True
1466449873,55.6,55.6,95.13156264180863,False
1466449884,55.6,95.68654975622485,95.68654975622485,True
1466449937,55.6,61.8068966731598,61.8068966731598,True
1466449953,55.6,55.6,83.80074801066044,False
1466449959,55.6,55.6,91.3666146192032,False
1466449961,55.6,88.86329212166754,88.86329212166754,True
1466450018,55.6,55.6,99.74411372347157,False
1466450075,55.6,55.6,98.55569267769579,False
1466450150,55.6,67.74946251269508,67.74946251269508,True
1466450177,55.6,55.6,86.99175522598956,False
1466450255,58.9,58.9,89.53542821599632,False
1466450343,58.9,91.83633334331378,91.83633334331378,True
1466450348,58.9,58.9,80.603683285964,False
1466450401,58.9,69.79958546915057,69.79958546915057,True
1466450433,58.9,68.60244304164522,68.60244304164522,True
1466450507,64.1,84.63882037069578,84.63882037069578,True
1466450536,64.1,83.06169688415304,83.06169688415304,True
1466450627,64.1,64.1,71.45232554519478,False
1466450723,64.1,97.09818691808292,97.09818691808292,True
1466450817,64.1,87.98947587544616,87.98947587544616,True
1466450900,64.1,61.585464106617636,61.585464106617636,True
1466450902,64.1,64.1,87.82579250892611,False
1466450971,64.1,87.35709819642614,87.35709819642614,True
1466451016,64.1,63.69882624125704,63.69882624125704,True
1466451023,64.1,64.1,63.90534515983944,False
1466451073,64.1,91.17475119298533,91.17475119298533,True
1466451166,67.3,74.71510494520884,74.71510494520884,True
1466451231,67.3,67.3,92.99962940381043,False
1466451245,67.3,67.3,84.55135640552449,False
1466451293,67.3,67.3,64.35199777307204,False
1466451295,67.3,67.3,88.36999412803395,False
1466451378,67.3,67.3,96.00696818168336,False
1466451445,67.3,94.1044646723351,94.1044646723351,True
1466451508,66.9,66.9,62.14617854477745,False
1466451599,66.9,71.15733327810618,71.15733327810618,True
1466451686,66.9,66.9,81.33554001743099,False
1466451761,66.9,66.9,87.10452065473439,False
1466451857,66.9,71.71358648793924,71.71358648793924,True
1466451909,66.9,66.9,99.04859308283743,False
1466451919,66.9,66.9,65.2801593760726,False
1466452006,66.9,66.9,83.25077772479065,False
1466452035,66.9,66.9,90.49601455609053,False
1466452039,66.9,66.9,86.8005807158069,False
1466452104,66.9,75.46613940184696,75.46613940184696,True
1466452167,66.9,66.9,89.8436249772085,False
1466452238,66.9,66.9,80.30223182345158,False
1466452313,66.9,66.9,76.70572606885874,False
1466452339,66.9,89.52862758359963,89.52862758359963,True
1466452419,63.2,63.2,74.13502703590225,False
1466452424,63.2,62.98147478134658,62.98147478134658,True
1466452435,63.2,63.2,62.3801207209273,False
1466452531,63.2,81.84975717283484,81.84975717283484,True
1466452584,63.2,65.5720437558189,65.5720437558189,True
1466452625,63.2,77.78476000351128,77.78476000351128,True
1466452676,63.2,63.2,65.04379286338396,False
1466452752,63.2,64.89746007510601,64.89746007510601,True
1466452796,63.2,98.57307026174007,98.57307026174007,True
1466452825,63.2,75.64714086441454,75.64714086441454,True
1466452860,63.2,63.2,61.94459308521266,False
1466452960,63.2,96.83409468983902,96.83409468983902,True
1466452979,63.2,90.38005724512131,90.38005724512131,True
1466453002,63.2,91.07193937475904,91.07193937475904,True
1466453016,66.4,66.4,97.88860367219965,False
1466453025,66.4,90.47157253297581,90.47157253297581,True
1466453089,68.9,68.9,94.30611459275707,False
1466453141,68.9,94.64588947776181,94.64588947776181,True
1466453154,68.9,75.59444332457194,75.59444332457194,True
1466453184,68.9,95.35799098161849,95.35799098161849,True
1466453202,68.9,68.9,90.00522546280872,False
1466453203,68.9,68.9,71.0677077134122,False
1466453222,68.9,68.9,74.78228298084301,False
1466453321,68.9,68.9,80.59496359501136,False
1466453379,75.5,75.5,84.70278753930694,False
1466453392,75.5,73.6196587414382,73.6196587414382,True
1466453422,75.5,87.37960538195615,87.37960538195615,True
1466453502,75.5,71.74069495189323,71.74069495189323,True
1466453518,75.5,88.58573869812615,88.58573869812615,True
1466453563,75.5,75.5,93.09973356016766,False
1466453604,75.5,75.5,97.65316655201875,False
1466453639,75.5,75.5,64.00947717890642,False
1466453705,74.2,74.2,71.7205181603607,False
1466453795,74.2,88.55727862300955,88.55727862300955,True
1466453816,74.2,66.26295651372448,66.26295651372448,True
1466453870,74.2,98.09192305179205,98.09192305179205,True
1466453910,74.2,66.99172017937788,66.99172017937788,True
1466454002,76.4,62.07545795970833,62.07545795970833,True
1466454051,82.1,96.68913965891807,96.68913965891807,True
1466454087,83.5,83.5,79.5764093554865,False
1466454129,83.5,83.5,65.26123519348663,False
1466454227,85.3,75.28480961778004,75.28480961778004,True
1466454259,85.3,85.3,83.66936190118781,False
1466454262,79.9,82.74337318119143,82.74337318119143,True
1466454298,79.9,75.85689461478418,75.85689461478418,True
1466454388,79.9,90.65817071692162,90.65817071692162,True
1466454399,79.9,81.84547345851094,81.84547345851094,True
1466454473,83.4,83.4,73.36317873828929,False
1466454529,83.4,91.53012514280867,91.53012514280867,True
1466454559,83.4,98.11694358200228,98.11694358200228,True
1466454648,83.4,65.62595303091076,65.62595303091076,True
1466454745,83.4,90.15700207410949,90.15700207410949,True
1466454763,83.4,83.4,85.91764478489941,False
1466454851,82.3,82.3,89.64345332594381,False
1466454936,82.3,82.3,84.16689821171528,False
1466454949,82.3,78.56388609499697,78.56388609499697,True
1466455032,82.3,82.3,95.12426825137814,False
1466455065,82.3,82.3,91.00306703083044,False
1466455119,82.3,93.43284562279891,93.43284562279891,True
1466455172,82.3,82.3,94.76769826756771,False
1466455196,82.3,78.69455531410446,78.69455531410446,True
1466455271,82.3,82.3,99.17676348884254,False
1466455357,82.3,83.57327153422177,83.57327153422177,True
1466455361,82.3,82.3,73.80026201513436,False
1466455394,82.3,82.3,87.36887101423649,False
1466455475,89.0,71.24087400163793,71.24087400163793,True
1466455497,89.0,89.0,84.16128698391509,False
1466455561,89.0,89.0,77.38693637611726,False
1466455575,89.0,88.93761680283583,88.93761680283583,True
1466455587,92.1,80.5266454057121,80.5266454057121,True
1466455651,91.0,73.5944088349432,73.5944088349432,True
1466455658,91.0,83.34174084026242,83.34174084026242,True
1466455732,85.5,97.08550115895346,97.08550115895346,True
1466455812,85.5,85.5,74.99366184159956,False
1466455910,85.5,85.5,93.13008986293784,False
1466455951,85.5,85.5,66.6313926296441,False
1466455999,85.5,83.02945070401647,83.02945070401647,True
1466456054,85.5,71.64890420181709,71.64890420181709,True
1466456058,85.5,85.5,60.90677473955402,False
1466456074,85.5,64.7566688149049,64.7566688149049,True
1466456088,85.5,85.5,84.6612189247546,False
1466456118,85.5,63.1215736626834,63.1215736626834,True
1466456218,85.5,78.14825623179588,78.14825623179588,True
1466456265,85.5,85.5,78.67850873924012,False
1466456270,85.5,85.5,85.66544326454071,False
1466456312,85.5,61.79447468696112,61.79447468696112,True
1466456346,85.5,89.39797648928362,89.39797648928362,True
1466456374,81.7,81.7,98.5611654420175,False
1466456406,81.7,64.92481433099985,64.92481433099985,True
1466456482,83.4,88.54790509494899,88.54790509494899,True
1466456512,83.4,85.91857995811236,85.91857995811236,True
1466456610,83.4,77.60690879744669,77.60690879744669,True
1466456683,83.4,83.4,77.59464042526042,False
1466456768,83.4,83.4,90.65919808417209,False
1466456856,83.3,63.18779432898151,63.18779432898151,True
1466456927,83.3,83.3,92.43230373951923,False
1466457014,83.3,83.3,91.71728416255162,False
1466457032,83.3,83.3,79.70664205321802,False
1466457067,83.3,83.3,66.114424627289,False
1466457157,83.3,98.0151845214516,98.0151845214516,True
1466457215,83.3,83.3,87.67088907700338,False
1466457267,79.3,70.43520431788231,70.43520431788231,True
1466457357,79.3,75.55734155425583,75.55734155425583,True
1466457434,79.3,79.3,80.70545857431641,False
1466457487,79.3,88.8547728299091,88.8547728299091,True
1466457559,79.3,79.3,79.9395448421048,False
1466457603,81.7,93.31080069187426,93.31080069187426,True
1466457671,81.7,81.7,86.04303425926909,False
1466457713,75.9,75.9,87.01313921610961,False
1466457745,75.9,95.26951793790002,95.26951793790002,True
1466457782,75.9,78.50777824396096,78.50777824396096,True
1466457802,75.9,75.9,83.93895467624384,False
1466457817,69.7,63.346827418564516,63.346827418564516,True
1466457865,69.7,64.13509938928019,64.13509938928019,True
1466457884,69.7,69.7,64.14719693449743,False
1466457885,69.7,69.7,86.18661829107589,False
1466457917,69.7,81.54354246956014,81.54354246956014,True
1466457973,69.7,69.7,93.09647627122644,False
1466458045,69.7,69.7,61.99814364256018,False
1466458135,69.7,69.7,91.34459207680406,False
1466458151,69.7,85.0953183503058,85.0953183503058,True
1466458230,69.7,69.7,67.98668820436716,False
1466458324,69.7,69.7,91.59666133025434,False
1466458362,69.7,69.7,73.90104007809913,False
1466458438,69.7,69.7,81.31015110334215,False
1466458454,66.0,66.0,62.57949728421016,False
1466458496,63.0,84.6139178428589,84.6139178428589,True
1466458509,63.0,63.0,91.47712640523928,False
1466458580,63.0,62.500128964637966,62.500128964637966,True
1466458590,63.0,91.28103509521175,91.28103509521175,True
1466458626,63.0,63.0,94.78805992346763,False
1466458642,63.0,99.65049171329903,99.65049171329903,True
1466458665,63.0,63.0,93.27236661595182,False
1466458694,63.0,73.13776964356543,73.13776964356543,True
1466458762,63.0,63.0,65.30167517057453,False
1466458793,67.2,67.2,64.55392713318997,False
1466458824,67.2,85.53172657890984,85.53172657890984,True
1466458906,65.7,72.21078895048936,72.21078895048936,True
1466458982,62.3,62.3,64.59274128915685,False
1466459068,62.3,62.3,62.41189012916672,False
1466459159,62.3,72.84085984499826,72.84085984499826,True
1466459184,62.3,87.58672897936826,87.58672897936826,True
1466459273,62.3,62.3,78.34007825330262,False
1466459372,62.3,62.3,81.14639902297891,False
1466459415,62.3,62.3,60.821659058631624,False
1466459483,62.3,80.63078633374477,80.63078633374477,True
1466459504,62.3,84.38869153275063,84.38869153275063,True
1466459588,62.3,74.67895690657592,74.67895690657592,True
1466459595,66.2,96.3371169922775,96.3371169922775,True
1466459673,66.2,66.2,82.53241780046656,False
1466459726,66.7,83.65910986266564,83.65910986266564,True
1466459800,66.7,66.7,64.3733815766941,False
1466459857,66.7,92.29788593918718,92.29788593918718,True
1466459887,66.7,94.46998786477724,94.46998786477724,True
1466459913,66.7,66.7,82.84982204459169,False
1466459974,66.7,85.46436767290322,85.46436767290322,True
1466459995,66.7,66.7,72.52901187508816,False
1466460001,66.7,99.11590800519016,99.11590800519016,True
1466460054,66.7,66.7,63.301490181312836,False
1466460130,66.7,90.10754500463158,90.10754500463158,True
1466460215,64.8,86.82594589068867,86.82594589068867,True
1466460252,60.8,60.8,79.36566214184626,False
1466460272,61.6,61.6,67.76775555732658,False
1466460346,61.6,90.22227871468003,90.22227871468003,True
1466460440,59.0,60.13737725003993,60.13737725003993,True
1466460461,63.3,89.45319546088999,89.45319546088999,True
1466460528,63.3,63.3,82.47360728983574,False
1466460610,63.3,72.54724329674586,72.54724329674586,True
1466460630,58.3,72.80030040110915,72.80030040110915,True
1466460691,58.3,77.63709179419834,77.63709179419834,True
1466460706,58.3,96.4738236706446,96.4738236706446,True
1466460739,58.3,63.23900347031253,63.23900347031253,True
1466460765,58.3,81.74506367985721,81.74506367985721,True
1466460795,58.3,58.3,60.57193212786135,False
1466460877,58.3,68.37859206628183,68.37859206628183,True
1466460973,60.1,63.657662108854,63.657662108854,True
1466461009,60.1,60.1,89.31891010908073,False
1466461027,60.1,60.1,65.48425349791431,False
1466461032,60.1,60.1,99.7423084064994,False
1466461096,60.1,60.1,99.9537391458561,False
1466461169,66.3,99.53424754598831,99.53424754598831,True
1466461256,66.3,99.67744661755235,99.67744661755235,True
1466461351,66.3,80.01592097820117,80.01592097820117,True
1466461451,66.3,66.3,84.11941922551101,False
1466461531,66.3,66.3,62.108739728270464,False
1466461568,66.3,66.3,82.3450939447376,False
1466461583,64.1,96.25014672775609,96.25014672775609,True
1466461647,64.1,64.1,94.87528330192168,False
1466461703,64.1,66.33662755175061,66.33662755175061,True
1466461794,60.7,64.21840530782862,64.21840530782862,True
1466461813,60.7,61.32785637526798,61.32785637526798,True
1466461910,60.7,96.24384878784258,96.24384878784258,True
1466461988,60.7,65.43251329212065,65.43251329212065,True
1466462056,60.7,69.79491531701571,69.79491531701571,True
1466462101,60.7,87.11375493225347,87.11375493225347,True
1466462155,60.7,60.7,82.87399147624605,False
1466462215,60.7,60.7,86.07969918446246,False
1466462278,67.1,64.0842967798915,64.0842967798915,True
1466462368,67.1,67.1,76.2791334413966,False
1466462412,67.1,71.59097013193949,71.59097013193949,True
1466462512,67.1,67.1,81.16771864775282,False
1466462594,69.7,63.32812449197699,63.32812449197699,True
1466462671,69.7,93.93830717496726,93.93830717496726,True
1466462716,69.7,76.31914285836928,76.31914285836928,True
1466462746,69.7,69.7,79.70077356176677,False
1466462782,69.7,69.7,62.26217989450114,False
1466462820,69.7,69.7,95.94120136656709,False
1466462833,69.7,69.7,71.06232774211172,False
1466462842,65.0,93.14085980665996,93.14085980665996,True
1466462850,65.0,65.0,61.39694562973776,False
1466462941,65.0,65.0,81.79712193570269,False
1466463026,65.0,91.01625032365416,91.01625032365416,True
1466463117,63.9,95.17623157144034,95.17623157144034,True
1466463139,63.9,63.9,86.68454534456467,False
