1466410104,14.2,14.339740053299558,14.339740053299558,True
1466410114,14.2,13.21141842854867,13.21141842854867,True
1466410130,14.2,11.81661752043246,11.81661752043246,True
1466410181,14.2,14.052867490932737,14.052867490932737,True
1466410203,14.2,13.234586153570161,13.234586153570161,True
1466410250,14.2,12.432929272871144,12.432929272871144,True
1466410309,14.2,14.2,13.828334261528859,False
1466410397,14.2,14.2,14.013098421339999,False
1466410430,14.2,14.2,12.674861747708627,False
1466410469,13.9,13.941226932390594,13.941226932390594,True
1466410483,13.9,13.9,13.862253056987631,False
1466410498,13.9,13.39898861587708,13.39898861587708,True
1466410502,13.9,14.418456213860685,14.418456213860685,True
1466410532,13.1,12.352944163081478,12.352944163081478,True
1466410541,13.1,13.901258948456483,13.901258948456483,True
1466410573,13.1,13.1,13.88664365599277,False
1466410630,11.8,13.465335571114498,13.465335571114498,True
1466410653,12.4,12.4,13.46896055653788,False
1466410746,12.4,12.4,12.242675312481568,False
1466410814,12.4,12.4,11.514816464704998,False
1466410890,12.4,13.78907161347267,13.78907161347267,True
1466410902,12.4,12.4,12.842831454987422,False
1466410978,12.4,12.4,13.296238053840662,False
1466411008,12.4,12.4,11.091893517195407,False
1466411066,12.6,12.6,13.488340849084533,False
1466411094,12.6,12.6,12.202811211275336,False
1466411157,12.6,12.6,14.40430078674554,False
1466411223,12.6,11.292664533579261,11.292664533579261,True
1466411226,13.3,13.3,11.54410574278449,False
1466411272,13.5,11.43759062881552,11.43759062881552,True
1466411303,13.5,13.5,11.759201391589327,False
1466411318,12.6,14.3598911451381,14.3598911451381,True
1466411396,12.6,14.378614942992327,14.378614942992327,True
1466411493,12.6,12.845779037563414,12.845779037563414,True
1466411549,12.6,12.6,14.072893658540599,False
1466411560,12.6,11.008343910097139,11.008343910097139,True
1466411626,12.6,14.256719444650612,14.256719444650612,True
1466411723,12.7,12.632399374989944,12.632399374989944,True
1466411763,12.7,12.319633896181623,12.319633896181623,True
1466411785,12.7,12.7,13.059018480691558,False
1466411854,12.7,12.55045190886617,12.55045190886617,True
1466411889,12.7,12.7,14.114252965412257,False
1466411988,12.7,11.771040935941196,11.771040935941196,True
1466412022,12.7,11.560366525779218,11.560366525779218,True
1466412046,12.7,12.7,13.146911253194451,False
1466412076,12.7,12.652123688812706,12.652123688812706,True
1466412152,12.7,12.534358592518853,12.534358592518853,True
1466412181,12.7,13.49421325727653,13.49421325727653,True
1466412201,12.7,13.38346049621865,13.38346049621865,True
1466412260,13.1,13.1,13.779996699829649,False
1466412347,13.1,13.355971142485387,13.355971142485387,True
1466412360,13.1,13.1,11.400123175927797,False
1466412438,13.1,13.729241819769372,13.729241819769372,True
1466412521,13.1,13.1,12.8001009185473,False
1466412599,13.1,13.451120075715929,13.451120075715929,True
1466412639,13.1,13.1,11.411818092735311,False
1466412691,13.1,14.405621628022292,14.405621628022292,True
1466412747,13.2,13.2,12.924291186437321,False
1466412794,13.2,13.2,14.154099103579023,False
1466412819,13.2,13.35731792580227,13.35731792580227,True
1466412832,13.2,13.2,12.867696501450538,False
1466412874,13.2,13.2,12.750488711410323,False
1466412943,13.2,13.2,13.879078233998097,False
1466412971,13.2,13.2,14.230699907017865,False
1466412990,12.4,12.504615848870472,12.504615848870472,True
1466413028,12.4,12.4,12.424601598521962,False
1466413053,12.6,12.6,11.536338857344795,False
1466413125,12.6,12.6,12.286688234631278,False
1466413200,12.6,11.429642139947859,11.429642139947859,True
1466413264,12.6,11.145415893052734,11.145415893052734,True
1466413311,12.6,12.6,13.45032599196802,False
1466413342,12.6,11.902121090025434,11.902121090025434,True
1466413440,12.3,12.628954291314148,12.628954291314148,True
1466413458,12.3,12.3,12.442949790324104,False
1466413529,13.3,13.3,12.82939118998664,False
1466413542,13.3,12.78051351045866,12.78051351045866,True
1466413638,12.2,12.2,14.175015741629885,False
1466413672,12.2,12.2,12.83999466242848,False
1466413733,12.2,12.2,11.308574999023556,False
1466413779,12.2,12.2,12.787201434746388,False
1466413780,12.2,11.192847735969536,11.192847735969536,True
1466413864,12.2,13.876949213252757,13.876949213252757,True
1466413885,11.5,11.5,12.896917502373443,False
1466413946,11.5,11.5,14.213731211386742,False
1466414033,11.5,12.010937814181037,12.010937814181037,True
1466414071,11.5,11.830387601531374,11.830387601531374,True
1466414164,11.5,11.5,12.475617251247618,False
1466414225,11.0,11.0,13.05003441784326,False
1466414312,10.5,12.06453011683395,12.06453011683395,True
1466414325,10.5,10.5,13.136199990654553,False
1466414328,10.5,14.28269321164706,14.28269321164706,True
1466414329,10.9,13.985998317450196,13.985998317450196,True
1466414402,10.9,12.559169223769395,12.559169223769395,True
1466414407,11.5,11.547953057245037,11.547953057245037,True
1466414413,12.4,12.4,13.685225591049274,False
1466414460,12.4,12.4,11.327166176165617,False
1466414552,12.4,11.148331691833368,11.148331691833368,True
1466414602,12.4,12.336012845394649,12.336012845394649,True
1466414662,12.4,12.4,11.885470867755709,False
1466414746,12.4,11.182566070197627,11.182566070197627,True
1466414844,12.4,12.4,12.3941520339251,False
1466414943,12.4,12.62659829833475,12.62659829833475,True
1466414946,12.1,12.1,13.646262219123606,False
1466414966,12.1,12.1,13.978431653263147,False
1466415038,11.1,13.314782413948256,13.314782413948256,True
1466415106,11.1,13.340987507751628,13.340987507751628,True
1466415130,11.1,11.1,13.303469467058319,False
1466415145,11.1,11.1,11.777392670584184,False
1466415202,11.1,12.618855084930521,12.618855084930521,True
1466415239,11.1,13.61289167287942,13.61289167287942,True
1466415249,11.1,11.1,12.990209335128142,False
1466415308,11.9,12.487996469401608,12.487996469401608,True
1466415357,11.9,11.9,12.102657231086116,False
1466415404,11.9,11.9,12.264844369290165,False
1466415469,11.9,11.9,13.682682894818885,False
1466415548,11.9,11.9,12.535567850007224,False
1466415588,11.9,11.9,12.897013521832239,False
1466415627,10.8,10.8,11.58085797163163,False
1466415719,10.8,11.182620609876903,11.182620609876903,True
1466415767,10.8,10.8,12.579500724048327,False
1466415860,10.8,11.512268114533965,11.512268114533965,True
1466415872,10.8,10.8,12.25687995208671,False
1466415914,10.8,11.488193598941482,11.488193598941482,True
1466415934,10.8,12.704510695960433,12.704510695960433,True
1466415988,10.8,10.8,12.759467386760111,False
1466416004,11.7,11.7,12.871111655315602,False
1466416050,11.7,11.7,13.43464831814527,False
1466416150,11.7,11.7,14.37540144331866,False
1466416161,11.7,11.058130980503664,11.058130980503664,True
1466416215,11.7,11.7,13.692754446518785,False
1466416315,11.7,12.803741967231739,12.803741967231739,True
1466416321,11.7,11.141703460035062,11.141703460035062,True
1466416393,12.9,14.399848917795726,14.399848917795726,True
1466416440,12.9,12.9,11.526380895643697,False
1466416510,12.9,14.346776624302542,14.346776624302542,True
1466416541,12.9,14.359276738076193,14.359276738076193,True
1466416631,12.9,13.043356994395337,13.043356994395337,True
1466416671,12.9,11.630606255107288,11.630606255107288,True
1466416725,12.9,11.5854337679165,11.5854337679165,True
1466416815,12.9,12.9,12.088341827155299,False
1466416867,12.9,11.32588138652395,11.32588138652395,True
1466416933,12.9,12.9,13.763295848066381,False
1466416963,12.9,11.231788374625918,11.231788374625918,True
1466417034,12.9,11.559064144604644,11.559064144604644,True
1466417069,12.9,14.417382513602018,14.417382513602018,True
1466417095,12.9,14.06736918376479,14.06736918376479,True
1466417123,12.9,12.9,12.749879580236545,False
1466417219,12.9,12.9,14.226389605311612,False
1466417228,12.9,12.9,13.498699178298118,False
1466417235,12.9,11.099527705691504,11.099527705691504,True
1466417266,13.8,13.8,13.544460888446356,False
1466417298,13.8,13.8,11.000752720564002,False
1466417382,13.7,13.498962298769099,13.498962298769099,True
1466417429,13.7,13.7,11.818082985049827,False
1466417434,13.7,12.192433442125065,12.192433442125065,True
1466417513,13.7,13.7,13.597599425375703,False
1466417598,13.0,13.724066932234777,13.724066932234777,True
1466417615,13.0,13.72783930295331,13.72783930295331,True
1466417654,13.0,11.678111455092694,11.678111455092694,True
1466417749,13.0,12.331518727965182,12.331518727965182,True
1466417763,13.0,11.793239752329464,11.793239752329464,True
1466417822,13.0,13.777214700405573,13.777214700405573,True
1466417851,13.0,13.48457118326608,13.48457118326608,True
1466417855,14.2,14.2,11.12448282869975,False
1466417879,14.5,14.5,12.88224081404958,False
1466417895,14.5,11.905807662881632,11.905807662881632,True
1466417969,14.5,14.5,11.622084367325487,False
1466418049,14.5,11.94296797555533,11.94296797555533,True
1466418118,14.5,14.5,12.952955686748847,False
1466418129,13.5,13.5,11.914054133462395,False
1466418179,13.5,13.5,12.377496397848162,False
1466418254,13.5,13.5,12.07521897770298,False
1466418332,13.5,13.5,14.128725918439068,False
1466418428,13.5,12.176830097018595,12.176830097018595,True
1466418494,12.6,13.859786376095485,13.859786376095485,True
1466418554,12.6,12.6,11.4447914359569,False
1466418563,12.6,12.6,13.85913518245172,False
1466418564,13.2,12.848654741827826,12.848654741827826,True
1466418594,12.4,11.941122988537677,11.941122988537677,True
1466418674,12.4,12.757846752812586,12.757846752812586,True
1466418748,12.4,11.161167934689221,11.161167934689221,True
1466418847,12.4,14.274892741003368,14.274892741003368,True
1466418877,12.4,12.4,11.24277233865985,False
1466418917,12.4,14.318478932646105,14.318478932646105,True
1466418938,12.4,11.243309619034633,11.243309619034633,True
1466419031,12.4,11.83171810526653,11.83171810526653,True
1466419058,12.4,13.439315028532668,13.439315028532668,True
1466419104,12.4,12.4,13.476833942933627,False
1466419166,12.4,12.4,13.04602019146819,False
1466419261,12.4,12.4,11.955324387008964,False
1466419349,13.2,12.860680479298807,12.860680479298807,True
1466419442,13.2,13.559528128819508,13.559528128819508,True
1466419530,13.2,13.2,12.21581804409457,False
1466419595,13.2,13.907323360743213,13.907323360743213,True
1466419646,14.1,14.1,12.657134041165033,False
1466419737,14.1,14.329135030903856,14.329135030903856,True
1466419826,14.1,11.114829823937901,11.114829823937901,True
1466419880,14.1,11.901633975361424,11.901633975361424,True
1466419911,14.1,14.1,13.720575652998763,False
1466419938,14.1,13.6678071396585,13.6678071396585,True
1466420016,14.1,11.4933766416341,11.4933766416341,True
1466420019,14.1,14.1,12.006616451592599,False
1466420108,14.1,14.221798212710203,14.221798212710203,True
1466420205,14.1,11.871146625063862,11.871146625063862,True
1466420228,14.1,14.1,13.131084039566646,False
1466420257,14.1,14.1,12.433954472355179,False
1466420270,13.4,13.4,13.472120643476995,False
1466420296,13.4,13.91130203004236,13.91130203004236,True
1466420331,13.4,13.4,13.463934253668741,False
1466420407,13.4,13.4,11.479943000758897,False
1466420430,13.4,13.4,12.520230283247294,False
1466420453,13.4,13.4,13.388274013724045,False
1466420474,13.4,13.4,12.184756397445483,False
1466420566,13.4,13.4,13.22398474949096,False
1466420579,13.4,11.705123715392148,11.705123715392148,True
1466420618,13.4,13.4,13.644647481255271,False
1466420624,12.9,12.9,13.862423286954845,False
1466420643,13.7,14.462920360381798,14.462920360381798,True
1466420695,13.7,12.899806096860889,12.899806096860889,True
1466420788,14.7,13.362211867602372,13.362211867602372,True
1466420863,14.7,11.38788088019428,11.38788088019428,True
1466420947,14.7,12.937599276019363,12.937599276019363,True
1466421003,14.7,14.7,12.41239662571547,False
1466421032,14.7,12.448420254769351,12.448420254769351,True
1466421050,14.7,12.15540355550465,12.15540355550465,True
1466421116,14.7,12.71551011373028,12.71551011373028,True
1466421208,14.7,12.614913534739214,12.614913534739214,True
1466421234,14.7,12.12595486184276,12.12595486184276,True
1466421262,14.7,14.7,11.602596275975955,False
1466421353,14.7,14.7,14.437654358722774,False
1466421360,14.7,14.419477611391084,14.419477611391084,True
1466421392,14.7,14.7,12.532421982092728,False
1466421480,14.7,14.7,11.488185409654749,False
1466421530,14.7,14.7,13.857038051481753,False
1466421547,14.7,12.011284250712269,12.011284250712269,True
1466421591,14.7,14.7,13.736933619355543,False
1466421633,14.7,14.7,13.382926466619761,False
1466421636,14.7,12.979745627831033,12.979745627831033,True
1466421670,14.7,14.7,13.315914088370064,False
1466421695,14.7,11.422100137329425,11.422100137329425,True
1466421721,14.7,14.7,12.188057506413754,False
1466421804,14.8,14.8,12.029513895068323,False
1466421819,14.8,14.8,11.085323753229622,False
1466421862,14.8,13.790914342753648,13.790914342753648,True
1466421885,14.8,14.8,12.922059617455322,False
1466421936,14.8,13.867869550463077,13.867869550463077,True
1466422012,14.8,13.321725330202497,13.321725330202497,True
1466422044,14.6,12.701866532187653,12.701866532187653,True
1466422045,14.6,14.6,12.971031328950382,False
1466422137,14.6,14.6,12.68371357055503,False
1466422162,14.6,14.6,12.541737621844124,False
1466422189,14.6,14.6,13.245606328101163,False
1466422197,14.6,14.6,11.311386212106097,False
1466422264,14.9,14.9,14.282489577590493,False
1466422330,14.9,12.621958572472009,12.621958572472009,True
1466422378,14.1,14.1,12.623611938563648,False
1466422432,14.1,11.05211503308071,11.05211503308071,True
1466422488,14.1,13.501282145435841,13.501282145435841,True
1466422577,15.0,12.299257297382173,12.299257297382173,True
1466422628,15.0,13.644992403466787,13.644992403466787,True
1466422638,14.6,14.6,12.229350289768213,False
1466422666,13.8,14.232195311139044,14.232195311139044,True
1466422706,13.8,12.776164870235819,12.776164870235819,True
1466422731,13.8,13.712793976306042,13.712793976306042,True
1466422804,13.8,13.8,12.668011086933365,False
1466422866,13.8,13.8,14.306070482294627,False
1466422873,13.8,11.32535981705693,11.32535981705693,True
1466422895,13.8,13.8,11.08532385237443,False
1466422953,13.8,13.8,14.37954593729865,False
1466422973,13.8,13.8,13.672744251818825,False
1466423017,13.8,13.8,12.975884269384698,False
1466423051,13.8,13.58291024885095,13.58291024885095,True
1466423099,13.8,11.964929503382988,11.964929503382988,True
1466423150,13.1,13.1,11.080403795511494,False
1466423155,13.1,11.335391083943536,11.335391083943536,True
1466423168,13.1,13.1,11.88541280439607,False
1466423205,13.1,13.1,13.372277180903367,False
1466423275,13.1,13.1,14.19286659213741,False
1466423287,13.1,13.507038367402657,13.507038367402657,True
1466423336,13.1,13.1,14.097447116298492,False
1466423340,13.1,13.1,13.551174283810141,False
1466423355,13.1,12.886748087969039,12.886748087969039,True
1466423443,13.1,11.181651260262589,11.181651260262589,True
1466423499,13.1,13.1,12.154344170427414,False
1466423585,13.1,12.677571778297619,12.677571778297619,True
1466423612,13.1,14.2349223597944,14.2349223597944,True
1466423669,13.1,13.1,13.414655831175358,False
1466423705,13.1,13.1,11.994884509382189,False
1466423770,13.1,11.228310176161735,11.228310176161735,True
1466423844,13.1,11.61313625127674,11.61313625127674,True
1466423902,13.1,13.1,14.14696895799412,False
1466423913,13.1,13.228138885226057,13.228138885226057,True
1466423972,13.1,12.381704067221277,12.381704067221277,True
1466424014,13.1,11.7243431180059,11.7243431180059,True
1466424069,13.1,13.1,12.05284363529412,False
1466424154,13.1,13.1,14.423640163739346,False
1466424155,13.1,13.1,13.540266756405376,False
1466424169,13.1,13.1,12.89121057880285,False
1466424262,13.1,13.1,13.945114741578166,False
1466424339,13.1,13.1,13.508235363441202,False
1466424398,13.1,11.854809501780482,11.854809501780482,True
1466424497,13.1,13.1,12.092429451921802,False
1466424558,13.1,13.1,13.07769513928201,False
1466424613,13.1,13.1,11.353351933488419,False
1466424713,13.1,13.1,14.403979210778692,False
1466424804,13.1,11.346681395904398,11.346681395904398,True
1466424878,13.2,13.2,11.449484960007217,False
1466424924,13.2,14.297405777767867,14.297405777767867,True
1466425009,13.2,13.184475987542976,13.184475987542976,True
1466425106,13.2,12.416953994897538,12.416953994897538,True
1466425129,13.2,12.855467487488339,12.855467487488339,True
1466425179,13.1,13.1,11.30845514744193,False
1466425257,13.1,12.239702277124886,12.239702277124886,True
1466425262,11.9,11.9,12.504600402654386,False
1466425305,12.0,13.444884716960477,13.444884716960477,True
1466425331,12.8,12.8,11.283449623388963,False
1466425338,12.8,12.8,13.591089549044554,False
1466425377,13.5,14.474462313061732,14.474462313061732,True
1466425380,13.5,14.098244699185797,14.098244699185797,True
1466425417,13.5,13.5,13.70377637222049,False
1466425484,13.5,13.5,14.410698643726503,False
1466425517,13.5,11.613623418896102,11.613623418896102,True
1466425553,13.5,13.184239668760869,13.184239668760869,True
1466425640,12.6,11.453696709446605,11.453696709446605,True
1466425687,12.6,13.803652856888322,13.803652856888322,True
1466425711,12.6,12.6,14.220492783242538,False
1466425768,11.5,11.061299209967443,11.061299209967443,True
1466425811,11.5,11.5,12.860372316269833,False
1466425856,11.5,12.087539142900326,12.087539142900326,True
1466425869,11.5,11.5,11.34210547567394,False
1466425884,11.5,13.01530608852993,13.01530608852993,True
1466425962,11.5,12.235838941595768,12.235838941595768,True
1466425974,11.2,11.2,11.883182701356516,False
1466426016,11.2,14.073341643865593,14.073341643865593,True
1466426024,11.2,14.18629739071586,14.18629739071586,True
1466426034,11.2,11.2,11.844702239663707,False
1466426130,11.2,12.179632573929219,12.179632573929219,True
1466426189,11.2,11.2,13.939958891772898,False
1466426198,11.7,11.7,13.710637437165085,False
1466426280,11.7,13.455240456544058,13.455240456544058,True
1466426298,10.7,14.324820473920632,14.324820473920632,True
1466426380,11.6,11.6,13.68095043427111,False
1466426420,11.6,11.6,12.987282618619936,False
1466426509,11.2,14.008878178755747,14.008878178755747,True
1466426521,11.7,11.7,14.190215661710823,False
1466426535,11.7,12.534994970474715,12.534994970474715,True
1466426563,11.7,11.7,14.105722825290421,False
1466426620,11.7,11.7,11.837074443307996,False
1466426694,10.9,14.297037566730923,14.297037566730923,True
1466426764,10.9,11.03118222702116,11.03118222702116,True
1466426778,11.0,13.760298721837827,13.760298721837827,True
1466426866,11.0,14.42664710235315,14.42664710235315,True
1466426938,10.5,10.5,14.361494282058581,False
1466427022,10.5,10.5,11.045747271411408,False
1466427059,10.5,11.055791441166006,11.055791441166006,True
1466427125,11.6,11.6,12.156479568499929,False
1466427204,11.6,11.6,11.673980433730454,False
1466427240,11.6,11.6,12.3292023538634,False
1466427317,11.3,11.751505167070041,11.751505167070041,True
1466427319,11.3,12.211291734240854,12.211291734240854,True
1466427331,11.3,11.97396948621085,11.97396948621085,True
1466427425,11.8,12.233868478673859,12.233868478673859,True
1466427458,11.8,11.8,12.7645787614594,False
1466427495,12.2,13.47109703235901,13.47109703235901,True
1466427543,12.2,12.2,12.03162807274083,False
1466427625,12.2,12.2,14.039485465586719,False
1466427663,12.2,12.2,12.52958769616453,False
1466427672,12.2,11.234579452971989,11.234579452971989,True
1466427684,12.2,12.2,12.994798955440022,False
1466427739,12.2,12.2,11.215470419791929,False
1466427769,12.2,12.98805301887133,12.98805301887133,True
1466427775,12.2,12.2,13.682458212880698,False
1466427820,12.2,14.02388044084292,14.02388044084292,True
1466427837,12.2,12.2,12.71025783421161,False
1466427846,12.2,13.272219504117812,13.272219504117812,True
1466427904,12.2,11.744016926354723,11.744016926354723,True
1466427997,12.2,12.2,12.6276819034927,False
1466428027,12.2,12.2,14.031576466963571,False
1466428114,12.2,12.2,13.368422012655186,False
1466428212,12.2,12.197382169733451,12.197382169733451,True
1466428294,12.2,12.2,12.386833405682218,False
1466428321,12.2,12.2,12.39966686928486,False
1466428340,12.1,12.1,14.102931087170479,False
1466428378,12.1,11.478987642562398,11.478987642562398,True
1466428463,12.1,11.277922730400292,11.277922730400292,True
1466428551,12.1,12.1,14.349903946526412,False
1466428575,12.1,13.563996040376917,13.563996040376917,True
1466428593,12.1,11.74883100928012,11.74883100928012,True
1466428682,12.1,11.233483000590066,11.233483000590066,True
1466428699,12.0,12.415820804265515,12.415820804265515,True
1466428719,12.0,12.0,11.228036021457207,False
1466428819,12.0,12.077515171570186,12.077515171570186,True
1466428850,12.0,12.0,13.990008815613276,False
1466428884,12.0,14.393534673007164,14.393534673007164,True
1466428973,12.0,12.0,11.464277747789696,False
1466429006,12.0,12.0,12.048311849763543,False
1466429026,12.0,12.314484808995353,12.314484808995353,True
1466429066,13.2,13.006718977006663,13.006718977006663,True
1466429072,13.2,13.2,14.27672921281982,False
1466429103,11.9,11.9,12.320561107454695,False
1466429110,11.9,11.9,14.357189592189563,False
1466429123,11.9,12.044006142686959,12.044006142686959,True
1466429168,11.9,11.9,12.711335397279068,False
1466429182,11.9,11.9,11.834695588926046,False
1466429184,11.9,11.9,13.031101937137404,False
1466429197,11.9,14.064011524009036,14.064011524009036,True
1466429280,11.9,11.653277544565931,11.653277544565931,True
1466429378,11.9,12.477124197256495,12.477124197256495,True
1466429450,11.9,11.9,12.072511975802055,False
1466429455,11.9,11.9,14.120550031691888,False
1466429510,11.9,11.9,11.000974168885305,False
1466429565,11.9,11.9,12.649835065856312,False
1466429566,11.9,11.9,13.80302979237041,False
1466429592,11.9,11.9,11.06198176647856,False
1466429623,11.9,13.649619806671474,13.649619806671474,True
1466429691,11.0,11.0,13.354987940453974,False
1466429733,11.0,11.0,14.180417181708558,False
1466429803,11.9,11.9,14.253700787288851,False
1466429832,10.9,11.902940573423558,11.902940573423558,True
1466429905,11.1,12.861985303928362,12.861985303928362,True
1466429997,11.1,11.1,14.158580397187206,False
1466430050,11.4,11.4,13.533791735782604,False
1466430088,11.4,13.213151550302701,13.213151550302701,True
1466430174,11.5,13.234901852913683,13.234901852913683,True
1466430247,11.3,11.3,11.479207849977936,False
1466430344,11.3,11.3,11.314332308055281,False
1466430375,11.3,12.352068673071866,12.352068673071866,True
1466430400,11.3,11.3,13.128687669985169,False
1466430457,11.3,11.3,11.9171177414252,False
1466430483,11.3,12.623822736663787,12.623822736663787,True
1466430517,11.3,11.3,12.51845797042144,False
1466430524,11.3,11.3,14.298368256716442,False
1466430592,10.8,13.377759022426272,13.377759022426272,True
1466430616,10.8,10.8,13.825234603116606,False
1466430631,10.8,10.8,11.95479804872263,False
1466430680,10.6,11.288039126343582,11.288039126343582,True
1466430734,10.6,12.639599106478022,12.639599106478022,True
1466430790,10.6,13.514450969707433,13.514450969707433,True
1466430815,10.6,10.6,13.497813079018696,False
1466430895,10.6,12.723945763118639,12.723945763118639,True
1466430916,10.6,10.6,11.45552326708489,False
1466430929,11.5,13.608743411946765,13.608743411946765,True
1466430936,10.9,10.9,14.174728454854346,False
1466431009,10.9,13.183772597332949,13.183772597332949,True
1466431036,10.9,10.9,11.885909325939144,False
1466431055,10.9,13.45489821357828,13.45489821357828,True
1466431145,10.9,12.723663838077293,12.723663838077293,True
1466431218,10.9,10.9,13.168291340402726,False
1466431290,10.9,13.446852806914174,13.446852806914174,True
1466431324,10.9,10.9,12.256153644388736,False
1466431400,10.9,10.9,14.387588699411326,False
1466431450,10.9,10.9,13.632450857749568,False
1466431526,10.9,13.835883652425942,13.835883652425942,True
1466431589,10.9,12.567830814812698,12.567830814812698,True
1466431661,10.9,12.190055710197305,12.190055710197305,True
1466431760,10.9,10.9,14.012347554551244,False
1466431796,10.9,10.9,13.875936038691423,False
1466431848,11.6,13.870294732869155,13.870294732869155,True
1466431879,11.6,11.6,14.10937139286377,False
1466431954,11.6,11.6,12.481880203167002,False
1466431958,11.4,11.4,14.266561410982314,False
1466432002,11.4,11.4,11.221006158058731,False
1466432101,11.4,11.4,14.045015012713584,False
1466432177,11.4,11.4,12.794562100347806,False
1466432194,11.4,13.058852783082306,13.058852783082306,True
1466432237,12.4,12.4,11.203896044985195,False
1466432280,11.5,11.5,12.279070702041803,False
1466432373,11.5,11.5,11.612216392064338,False
1466432389,11.5,13.522457874316755,13.522457874316755,True
1466432415,12.6,13.22958539228187,13.22958539228187,True
1466432417,12.6,12.6,12.86351528749342,False
1466432506,12.6,12.135246706496432,12.135246706496432,True
1466432569,12.6,13.525338777315309,13.525338777315309,True
1466432577,12.6,12.600365217179247,12.600365217179247,True
1466432670,12.6,11.15679419311612,11.15679419311612,True
1466432706,12.6,12.6,11.53788926625804,False
1466432804,12.6,13.01677895214921,13.01677895214921,True
1466432853,12.8,12.8,13.965254958708908,False
1466432947,12.8,12.360315022264306,12.360315022264306,True
1466433040,12.8,11.815018326149628,11.815018326149628,True
1466433128,12.8,12.208714904435391,12.208714904435391,True
1466433145,12.8,12.797950362485349,12.797950362485349,True
1466433195,12.8,12.959087628495418,12.959087628495418,True
1466433289,12.8,12.98728072097689,12.98728072097689,True
1466433375,12.8,13.666942506794452,13.666942506794452,True
1466433427,12.8,14.231994132091879,14.231994132091879,True
1466433478,12.8,12.8,13.813966035675277,False
1466433517,13.8,13.8,13.202792759659268,False
1466433615,13.8,11.914263416945685,11.914263416945685,True
1466433672,13.2,13.2,12.125228998399994,False
1466433762,14.3,11.82393274904418,11.82393274904418,True
1466433809,14.3,14.3,11.510251226412224,False
1466433873,14.3,14.3,14.037520079503068,False
1466433910,14.3,11.23256681978719,11.23256681978719,True
1466433994,14.3,14.3,13.589875921101942,False
1466434003,14.3,11.644426581594356,11.644426581594356,True
1466434045,14.9,13.765097736849736,13.765097736849736,True
1466434096,14.9,11.097190959155588,11.097190959155588,True
1466434173,13.7,11.957674328967684,11.957674328967684,True
1466434199,13.7,13.730689969626765,13.730689969626765,True
1466434224,14.1,13.018586255477512,13.018586255477512,True
1466434308,14.9,14.9,12.750007345322516,False
1466434359,14.9,14.273347378807863,14.273347378807863,True
1466434371,14.9,14.9,13.880879618996532,False
1466434457,14.8,14.078413194804591,14.078413194804591,True
1466434498,14.2,14.2,12.984008512129876,False
1466434552,13.1,12.124746987625908,12.124746987625908,True
1466434622,13.1,13.1,12.029959445901628,False
1466434691,13.1,11.341497639590767,11.341497639590767,True
1466434718,13.1,13.1,12.894625523641292,False
1466434727,13.3,13.3,13.155950005999625,False
1466434815,13.3,14.007386171933245,14.007386171933245,True
1466434892,13.3,11.711014353583533,11.711014353583533,True
1466434915,12.6,11.260926652151234,11.260926652151234,True
1466434946,12.6,13.6456511245528,13.6456511245528,True
1466434988,12.6,12.6,14.236728288882063,False
1466435020,12.6,12.6,12.89480047503657,False
1466435090,12.6,12.6,13.095761917561516,False
1466435099,12.6,14.228520202202478,14.228520202202478,True
1466435145,13.6,14.06355277421082,14.06355277421082,True
1466435186,14.2,14.2,13.233348030062965,False
1466435246,14.2,14.2,13.679822870223724,False
1466435284,14.2,14.159098121324323,14.159098121324323,True
1466435327,14.2,11.199505009589167,11.199505009589167,True
1466435369,14.2,14.2,13.215609589877268,False
1466435408,14.2,14.2,12.995256770175232,False
1466435468,14.2,12.151951128572,12.151951128572,True
1466435486,12.9,12.9,13.718474377208459,False
1466435555,12.9,12.72689991608631,12.72689991608631,True
1466435624,12.9,12.579053865246719,12.579053865246719,True
1466435659,12.9,12.9,14.383310145494784,False
1466435682,12.9,13.713727211883967,13.713727211883967,True
1466435712,12.9,11.718649401641086,11.718649401641086,True
1466435794,12.9,11.368041252756296,11.368041252756296,True
1466435878,12.9,13.93962795725973,13.93962795725973,True
1466435904,12.9,12.9,11.998380472285078,False
1466435971,12.9,11.551456115879816,11.551456115879816,True
1466436041,12.9,13.885170272570384,13.885170272570384,True
1466436059,12.6,13.852198519319028,13.852198519319028,True
1466436093,12.6,12.6,11.324202380798583,False
1466436178,12.6,13.785925319909367,13.785925319909367,True
1466436230,12.6,13.719835727758777,13.719835727758777,True
1466436280,12.6,12.12433732008557,12.12433732008557,True
1466436332,13.2,13.2,12.21290540231857,False
1466436333,13.2,12.09272771865421,12.09272771865421,True
1466436431,13.2,13.962246162822765,13.962246162822765,True
1466436520,12.7,12.7,13.69993131099311,False
1466436572,12.7,12.7,11.104871560568528,False
1466436647,12.7,14.360530653865462,14.360530653865462,True
1466436655,12.2,11.616545504226663,11.616545504226663,True
1466436727,12.2,14.428609592365383,14.428609592365383,True
1466436793,12.2,13.705805380201665,13.705805380201665,True
1466436879,12.2,12.212803169112972,12.212803169112972,True
1466436880,12.2,11.852809220557106,11.852809220557106,True
1466436939,12.2,14.299776707181353,14.299776707181353,True
1466437015,12.2,12.2,12.953850895904594,False
1466437048,13.3,13.3,11.411967312624377,False
1466437088,12.1,12.1,11.83029976880789,False
1466437105,11.1,11.1,14.217002415794358,False
1466437122,10.5,10.5,12.846279892328656,False
1466437160,10.5,11.149140459607336,11.149140459607336,True
1466437232,10.5,10.5,12.410637253225454,False
1466437321,10.5,10.5,14.207311331180346,False
1466437335,10.5,10.5,13.870663264879902,False
1466437358,10.5,10.5,12.933151250544256,False
1466437441,10.7,10.7,13.122124201848738,False
1466437480,10.7,13.216586214792631,13.216586214792631,True
1466437561,10.7,14.467647753022515,14.467647753022515,True
1466437653,10.7,13.337741369019636,13.337741369019636,True
1466437709,10.7,11.792590103704537,11.792590103704537,True
1466437798,10.7,13.80759623113751,13.80759623113751,True
1466437869,11.0,11.0,11.537873254932853,False
1466437952,11.0,11.0,12.929827431586983,False
1466438037,11.0,11.0,14.005217421634898,False
1466438054,11.6,11.6,11.417409892056323,False
1466438056,11.6,11.991884186097256,11.991884186097256,True
1466438136,11.6,14.363551241350105,14.363551241350105,True
1466438234,11.6,11.6,13.807441086238763,False
1466438261,11.6,11.6,11.383577055741707,False
1466438348,12.7,11.765317697919164,11.765317697919164,True
1466438407,12.0,12.0,12.725108466737277,False
1466438422,12.0,11.709151140358898,11.709151140358898,True
1466438476,12.0,12.0,12.506645844713178,False
1466438571,12.0,12.0,13.899087052391566,False
1466438612,12.0,12.0,12.627868428868648,False
1466438620,12.0,12.0,13.775013973169942,False
1466438698,12.0,14.092601513092578,14.092601513092578,True
1466438747,12.7,13.239812032837422,13.239812032837422,True
1466438795,13.9,13.9,13.472557002675579,False
1466438810,14.9,14.9,14.180885605233252,False
1466438888,14.9,14.9,13.104277702370899,False
1466438975,14.9,14.9,13.441372453870017,False
1466439000,14.9,14.445712313335894,14.445712313335894,True
1466439092,14.3,11.78424860467991,11.78424860467991,True
1466439150,14.3,14.3,14.206109228835148,False
1466439229,14.3,11.386458673244512,11.386458673244512,True
1466439279,13.7,13.7,12.539892263176078,False
1466439328,13.7,13.256675987949,13.256675987949,True
1466439351,13.7,13.869065540119148,13.869065540119148,True
1466439447,13.7,13.7,12.2315712010908,False
1466439466,13.7,13.7,13.82219207117554,False
1466439480,13.7,13.7,11.73236941379917,False
1466439560,13.7,13.0356933273176,13.0356933273176,True
1466439600,14.6,14.308200748490776,14.308200748490776,True
1466439645,14.6,11.503347998898155,11.503347998898155,True
1466439729,14.4,14.4,13.951990591576308,False
1466439772,14.4,14.4,14.14706317291525,False
1466439827,14.4,13.089887406728113,13.089887406728113,True
1466439849,14.4,14.4,13.87367441277932,False
1466439910,13.4,13.682012913015852,13.682012913015852,True
1466439990,13.4,13.4,13.07715704988642,False
1466440005,13.6,13.6,14.277672712169302,False
1466440006,13.6,14.48361237209159,14.48361237209159,True
1466440045,14.2,12.52114938183501,12.52114938183501,True
1466440066,14.2,14.420401699229972,14.420401699229972,True
1466440154,14.2,13.499159397730567,13.499159397730567,True
1466440214,14.2,14.2,14.177766295757532,False
1466440226,14.2,14.2,14.108324231533556,False
1466440304,14.2,14.2,11.839132440475383,False
1466440385,14.2,14.046229307114062,14.046229307114062,True
1466440451,14.2,14.2,12.208580590840876,False
1466440521,14.2,14.037987053728163,14.037987053728163,True
1466440581,14.2,14.2,11.201777339211432,False
1466440674,14.2,14.2,11.596385495085785,False
1466440727,14.2,14.2,12.58388180199286,False
1466440821,14.2,14.2,13.605799282733894,False
1466440827,14.2,12.90550585558016,12.90550585558016,True
1466440897,14.2,12.054972110385634,12.054972110385634,True
1466440923,14.2,14.2,12.227367316853924,False
1466441012,14.2,11.737861821213231,11.737861821213231,True
1466441049,14.2,11.477362073036296,11.477362073036296,True
1466441147,14.2,12.429257506979736,12.429257506979736,True
1466441213,14.2,12.379910446548703,12.379910446548703,True
1466441311,14.2,14.2,12.414185233455704,False
1466441318,14.2,14.2,13.612036482258333,False
1466441418,14.2,13.722547925850138,13.722547925850138,True
1466441510,14.2,14.2,11.467826143577941,False
1466441541,14.2,14.2,12.042507178667288,False
1466441579,14.2,11.149673668522393,11.149673668522393,True
1466441630,14.2,13.535974676079121,13.535974676079121,True
1466441714,14.2,13.094625381140313,13.094625381140313,True
1466441724,14.2,14.2,11.338849231879049,False
1466441741,14.2,13.615299287819484,13.615299287819484,True
1466441822,14.2,13.579665638406395,13.579665638406395,True
1466441883,14.2,11.096463693113929,11.096463693113929,True
1466441934,14.2,14.443174482683855,14.443174482683855,True
1466441947,14.0,14.0,12.69076155063995,False
1466442046,14.0,11.095761205214043,11.095761205214043,True
1466442137,14.1,14.1,12.727176294485677,False
1466442175,14.1,14.1,13.85849642024258,False
1466442216,14.1,14.048537076322994,14.048537076322994,True
1466442284,14.1,11.076399659687887,11.076399659687887,True
1466442332,14.0,14.0,13.954578616430563,False
1466442358,13.8,12.993701903655849,12.993701903655849,True
1466442362,13.8,13.8,11.854360711782377,False
1466442439,13.8,13.136264315077335,13.136264315077335,True
1466442490,13.8,13.8,11.960571453377607,False
1466442498,13.8,13.8,12.36026134793649,False
1466442508,14.9,14.9,13.93934512677173,False
1466442518,14.9,14.9,12.932896132714802,False
1466442556,14.9,14.330522760376326,14.330522760376326,True
1466442656,14.9,11.157406986066626,11.157406986066626,True
1466442662,14.9,14.9,13.059558572968072,False
1466442703,14.9,11.080972194940191,11.080972194940191,True
1466442768,14.9,14.9,14.35052857203163,False
1466442788,14.9,14.9,11.93319342870504,False
1466442886,14.9,13.15804304678489,13.15804304678489,True
1466442980,14.9,13.13398365510254,13.13398365510254,True
1466443000,14.9,14.9,12.82993171699696,False
1466443029,14.9,14.9,12.76093991245505,False
1466443038,14.9,14.9,11.413932243904101,False
1466443089,14.9,14.9,14.229861627841967,False
1466443162,14.9,14.9,11.510507289493138,False
1466443201,14.9,11.61080066180596,11.61080066180596,True
1466443219,14.0,11.27657190583221,11.27657190583221,True
1466443263,14.0,14.0,11.524964233665743,False
1466443350,14.0,14.0,13.648479538413879,False
1466443373,14.0,14.0,11.602374595431412,False
1466443392,14.0,12.595449552221911,12.595449552221911,True
1466443402,12.8,12.8,12.790339652928862,False
1466443486,12.8,12.8,11.639493232947746,False
1466443511,12.8,12.8,13.571035916515278,False
1466443584,13.0,13.252455617624195,13.252455617624195,True
1466443677,13.0,13.0,13.305456221612035,False
1466443725,13.0,13.0,14.22078691164582,False
1466443727,13.3,13.3,12.010978072669598,False
1466443750,13.3,13.3,12.68411114656141,False
1466443761,13.3,12.949720784911687,12.949720784911687,True
1466443808,13.3,13.3,13.006820838242163,False
1466443861,13.3,13.3,12.17636233877846,False
1466443929,13.3,13.3,12.045034395410205,False
1466443986,13.1,13.1,13.155650633203583,False
1466444043,13.1,13.1,11.156339538112725,False
1466444110,13.1,13.395492710978324,13.395492710978324,True
1466444192,13.1,13.1,14.191255086933174,False
1466444287,13.1,13.1,11.906036091980953,False
1466444294,13.1,13.1,13.959391959633056,False
1466444366,14.0,14.0,11.694261141922516,False
1466444466,14.0,12.061203996411802,12.061203996411802,True
1466444505,14.6,14.6,13.132988459213573,False
1466444556,14.6,13.838590710327304,13.838590710327304,True
1466444624,13.6,13.6,13.967784282787166,False
1466444663,13.6,12.637343380237736,12.637343380237736,True
1466444685,13.6,13.6,13.137034812530079,False
1466444756,13.6,13.6,14.101195200076067,False
1466444781,13.6,13.6,11.184488102352745,False
1466444840,13.4,13.4,12.093952966500506,False
1466444854,13.4,11.012838147907924,11.012838147907924,True
1466444860,13.4,11.868327135533045,11.868327135533045,True
1466444959,13.4,13.4,13.135566271741228,False
1466445058,13.4,13.091241922290495,13.091241922290495,True
1466445107,13.4,13.46427864211049,13.46427864211049,True
1466445165,13.4,13.4,13.408535927326954,False
1466445170,14.3,12.300874505294031,12.300874505294031,True
1466445173,13.1,13.1,13.007162255116866,False
1466445247,13.1,13.1,12.66083240764984,False
1466445305,13.1,11.355756322523387,11.355756322523387,True
1466445333,13.2,12.75991306252827,12.75991306252827,True
1466445356,13.2,12.449063303240184,12.449063303240184,True
1466445430,13.2,13.2,13.763823440556749,False
1466445491,13.2,13.206116467013636,13.206116467013636,True
1466445497,13.2,13.2,14.451586728725323,False
1466445514,13.2,13.2,12.440736279114505,False
1466445549,13.2,11.64505200921697,11.64505200921697,True
1466445640,13.2,11.713903240776297,11.713903240776297,True
1466445648,13.2,13.536690029657688,13.536690029657688,True
1466445739,13.2,13.2,11.401578349205057,False
1466445814,13.7,13.981825401169754,13.981825401169754,True
1466445879,13.7,11.282501858600552,11.282501858600552,True
1466445909,13.7,12.073788967927376,12.073788967927376,True
1466445965,13.7,13.7,11.813028057697526,False
1466446021,13.7,11.433758774165025,11.433758774165025,True
1466446045,13.7,13.45707928499332,13.45707928499332,True
1466446071,13.7,13.7,12.444813300959698,False
1466446120,13.7,13.7,13.238862648841573,False
1466446168,13.7,13.7,12.4847836625578,False
1466446253,13.7,12.615794129887979,12.615794129887979,True
1466446302,13.7,13.452110023074987,13.452110023074987,True
1466446389,13.7,13.7,12.855208692034061,False
1466446404,13.7,13.7,12.665484418070223,False
1466446494,13.7,13.801948702287971,13.801948702287971,True
1466446594,14.8,11.456800010557203,11.456800010557203,True
1466446643,14.8,14.8,11.82974387465347,False
1466446669,14.9,14.1357590617067,14.1357590617067,True
1466446690,14.9,14.367852517341365,14.367852517341365,True
1466446735,14.9,14.9,12.807071944101777,False
1466446766,14.9,14.9,11.770165314139394,False
1466446852,14.9,14.9,11.845195425179677,False
1466446902,14.9,14.9,11.381089846513357,False
1466446945,14.1,12.679378658033121,12.679378658033121,True
1466446987,14.1,14.1,12.953305355314244,False
1466447036,14.1,14.1,12.216393632707614,False
1466447112,14.1,14.1,12.620250926627104,False
1466447129,14.1,11.184049938494162,11.184049938494162,True
1466447189,13.6,13.6,11.026439466023103,False
1466447224,13.6,11.86398326373285,11.86398326373285,True
1466447270,14.4,14.4,11.649224038451784,False
1466447272,14.4,14.4,12.037826923583918,False
1466447348,14.4,14.14844717474488,14.14844717474488,True
1466447359,14.4,14.4,14.041683708537704,False
1466447388,14.4,14.416869126325459,14.416869126325459,True
1466447390,14.4,14.064493861788002,14.064493861788002,True
1466447425,13.2,13.2,14.130449588799433,False
1466447463,13.2,12.266591360224869,12.266591360224869,True
1466447485,14.3,11.239127953031455,11.239127953031455,True
1466447545,14.3,14.3,12.149007514129428,False
1466447553,14.4,11.319642780223464,11.319642780223464,True
1466447554,14.4,14.4,12.621131431630914,False
1466447573,14.4,14.015737867317764,14.015737867317764,True
1466447634,14.4,12.454044367440789,12.454044367440789,True
1466447695,14.1,14.1,13.853144154210405,False
1466447762,14.5,14.5,13.188516806992437,False
1466447844,14.5,11.081570010580156,11.081570010580156,True
1466447885,14.5,14.5,11.942883868933894,False
1466447943,13.7,13.7,13.646103106325157,False
1466447956,13.7,12.953605463172504,12.953605463172504,True
1466448041,13.7,12.724675742832142,12.724675742832142,True
1466448140,13.7,11.589116378680385,11.589116378680385,True
1466448215,13.7,11.13737399613805,11.13737399613805,True
1466448270,13.7,13.325055552078354,13.325055552078354,True
1466448302,13.7,11.513449249803834,11.513449249803834,True
1466448368,13.7,13.7,14.19223532446738,False
1466448422,13.7,13.864953453169656,13.864953453169656,True
1466448517,13.7,13.7,13.298045756914622,False
1466448614,13.7,14.387102774503688,14.387102774503688,True
1466448701,13.7,13.7,13.322229398650672,False
1466448743,13.7,12.402242727002758,12.402242727002758,True
1466448805,13.7,12.733983942077224,12.733983942077224,True
1466448844,13.8,11.806518453386433,11.806518453386433,True
1466448896,13.8,13.8,13.165045757434608,False
1466448984,13.8,13.8,12.173995432639574,False
1466449031,13.4,13.4,11.140191721102385,False
1466449045,13.4,13.4,13.481035361022586,False
1466449099,14.3,14.3,13.290753162930692,False
1466449171,14.3,13.148039341515652,13.148039341515652,True
1466449261,14.3,14.419833248189281,14.419833248189281,True
1466449280,14.3,12.710118378266595,12.710118378266595,True
1466449359,14.3,14.3,11.147406968853536,False
1466449442,14.3,14.3,11.458944153278024,False
1466449496,14.3,14.3,13.719377872755912,False
1466449537,14.3,14.3,13.878951565766428,False
1466449555,14.3,14.3,14.003535193913747,False
1466449629,13.7,13.350522464648607,13.350522464648607,True
1466449635,13.2,14.49090276076031,14.49090276076031,True
1466449721,13.2,13.2,13.80859789185864,False
1466449772,12.1,12.1,11.31636709884366,False
1466449872,12.1,12.1,14.122829429141236,False
1466449873,12.1,13.148739765350804,13.148739765350804,True
1466449884,12.1,11.724186788714865,11.724186788714865,True
1466449937,12.1,12.1,12.557252542401983,False
1466449953,12.1,12.1,13.82863216552812,False
1466449959,12.1,11.800394766069717,11.800394766069717,True
1466449961,12.1,13.544094727047648,13.544094727047648,True
1466450018,12.1,13.105825807128705,13.105825807128705,True
1466450075,12.1,12.1,11.215171280184858,False
1466450150,12.1,12.1,14.083412527921013,False
1466450177,12.1,13.058976277254636,13.058976277254636,True
1466450255,12.1,12.261363994815238,12.261363994815238,True
1466450343,12.1,12.1,14.340968983504538,False
1466450348,12.1,12.1,11.584848227511085,False
1466450401,12.1,12.1,11.84653192279032,False
1466450433,13.0,13.0,12.656670043657325,False
1466450507,13.0,12.880961629584704,12.880961629584704,True
1466450536,13.0,13.0,11.587648824163775,False
1466450627,13.0,11.32263897848466,11.32263897848466,True
1466450723,13.0,13.0,11.4169055328022,False
1466450817,13.1,12.543405195049623,12.543405195049623,True
1466450900,13.1,11.901143028963405,11.901143028963405,True
1466450902,13.1,13.1,12.8867020554098,False
1466450971,13.1,13.1,13.28430240221082,False
1466451016,13.1,13.260871315068856,13.260871315068856,True
1466451023,13.1,13.39223883703625,13.39223883703625,True
1466451073,13.1,12.643870898075301,12.643870898075301,True
1466451166,13.1,13.1,12.103132479070796,False
1466451231,13.1,13.191912516959523,13.191912516959523,True
1466451245,13.1,13.87510900357539,13.87510900357539,True
1466451293,13.1,13.121405672042807,13.121405672042807,True
1466451295,13.1,11.289795682902856,11.289795682902856,True
1466451378,13.1,12.250108075337293,12.250108075337293,True
1466451445,13.4,13.4,12.800399165103856,False
1466451508,13.4,13.4,12.661283515093169,False
1466451599,12.2,12.2,12.005988007871245,False
1466451686,12.2,13.313984709009596,13.313984709009596,True
1466451761,12.2,13.43055214219582,13.43055214219582,True
1466451857,11.4,12.134715233217547,12.134715233217547,True
1466451909,11.4,11.4,14.144297201239985,False
1466451919,11.4,14.29287374435069,14.29287374435069,True
1466452006,11.4,11.4,13.77009343188685,False
1466452035,11.4,11.057478624955353,11.057478624955353,True
1466452039,11.4,11.4,12.883960029236725,False
1466452104,11.4,11.4,14.069991708447894,False
1466452167,11.4,11.021732808185778,11.021732808185778,True
1466452238,11.1,13.880270073161075,13.880270073161075,True
1466452313,11.1,11.1,13.846229240241456,False
1466452339,11.1,13.664594121123349,13.664594121123349,True
1466452419,11.1,11.616885418876532,11.616885418876532,True
1466452424,11.1,12.342254016184048,12.342254016184048,True
1466452435,11.1,13.514525340333869,13.514525340333869,True
1466452531,11.1,11.1,12.719659888602116,False
1466452584,11.1,14.15235050308793,14.15235050308793,True
1466452625,11.1,12.958195524357276,12.958195524357276,True
1466452676,12.2,13.112292735849607,13.112292735849607,True
1466452752,12.0,12.0,11.83322270879187,False
1466452796,12.0,12.0,13.182593918606972,False
1466452825,12.0,12.588501239716496,12.588501239716496,True
1466452860,12.6,12.6,14.005389501744187,False
1466452960,12.6,12.007647822447083,12.007647822447083,True
1466452979,12.6,12.201763932299196,12.201763932299196,True
1466453002,12.1,12.89967948347067,12.89967948347067,True
1466453016,10.8,10.8,12.867015988864964,False
1466453025,11.1,11.1,14.420554869301645,False
1466453089,11.1,13.95007992649885,13.95007992649885,True
1466453141,11.1,11.1,14.252674506036207,False
1466453154,11.1,14.104276847362296,14.104276847362296,True
1466453184,11.1,13.366245945494255,13.366245945494255,True
1466453202,11.1,12.315428869475022,12.315428869475022,True
1466453203,11.0,12.161697025484358,12.161697025484358,True
1466453222,11.1,12.924386453434305,12.924386453434305,True
1466453321,11.1,11.49479974171952,11.49479974171952,True
1466453379,11.1,11.1,11.414960401313607,False
1466453392,11.1,11.163172653248955,11.163172653248955,True
1466453422,11.1,11.1,13.506736158639995,False
1466453502,11.1,11.1,11.080541042456078,False
1466453518,11.1,11.847910809394723,11.847910809394723,True
1466453563,11.1,11.1,14.339183385273946,False
1466453604,11.1,11.099957955611712,11.099957955611712,True
1466453639,11.1,12.577527681711178,12.577527681711178,True
1466453705,11.1,11.1,14.387031997857719,False
1466453795,12.3,14.091865979879906,14.091865979879906,True
1466453816,12.3,13.846238160991163,13.846238160991163,True
1466453870,12.3,13.453865808020225,13.453865808020225,True
1466453910,12.7,12.7,11.4118989542902,False
1466454002,11.7,13.995600585452777,13.995600585452777,True
1466454051,11.7,14.147463718022415,14.147463718022415,True
1466454087,11.7,12.059387237202973,12.059387237202973,True
1466454129,12.9,13.846050080122751,13.846050080122751,True
1466454227,12.9,12.767402050737056,12.767402050737056,True
1466454259,12.9,12.9,14.371753130181345,False
1466454262,12.9,12.095599479305765,12.095599479305765,True
1466454298,12.9,12.9,11.943539419532447,False
1466454388,12.9,11.876769624074779,11.876769624074779,True
1466454399,12.9,11.195832822695769,11.195832822695769,True
1466454473,12.9,13.287351746737817,13.287351746737817,True
1466454529,12.9,12.653087788223836,12.653087788223836,True
1466454559,12.9,12.9,13.219095670865821,False
1466454648,12.9,12.9,14.289249621117587,False
1466454745,12.9,11.299455656746375,11.299455656746375,True
1466454763,12.9,11.943456780180632,11.943456780180632,True
1466454851,12.9,13.39038799832906,13.39038799832906,True
1466454936,11.7,13.074962997214188,13.074962997214188,True
1466454949,11.7,11.7,13.183001150285419,False
1466455032,11.7,13.677235383818754,13.677235383818754,True
1466455065,11.7,12.670786477361133,12.670786477361133,True
1466455119,12.7,12.7,11.871048389425647,False
1466455172,12.7,12.7,14.420425450176314,False
1466455196,12.7,12.7,13.56973246327074,False
1466455271,12.7,12.7,12.21338477870577,False
1466455357,12.7,11.903975672221886,11.903975672221886,True
1466455361,12.7,12.940760999407447,12.940760999407447,True
1466455394,12.7,12.7,11.709475942771695,False
1466455475,12.7,13.393818009756256,13.393818009756256,True
1466455497,12.7,12.7,11.629894236702867,False
1466455561,12.6,12.6,11.871108957866435,False
1466455575,12.6,12.16174451724576,12.16174451724576,True
1466455587,12.6,12.6,11.448466533436081,False
1466455651,12.6,11.089288009372597,11.089288009372597,True
1466455658,12.6,14.116903256514544,14.116903256514544,True
1466455732,12.6,12.6,12.384670519643329,False
1466455812,12.6,12.6,14.497561716610045,False
1466455910,12.6,14.080887213000507,14.080887213000507,True
1466455951,12.6,13.4333071932643,13.4333071932643,True
1466455999,12.6,13.558640989104,13.558640989104,True
1466456054,12.6,12.177822016209207,12.177822016209207,True
1466456058,12.6,12.6,11.791375721764446,False
1466456074,12.6,12.6,14.067313225759516,False
1466456088,12.6,13.896744218721189,13.896744218721189,True
1466456118,12.6,12.6,13.991302680125,False
1466456218,12.6,12.6,13.523365551393578,False
1466456265,12.6,12.6,13.20466601773015,False
1466456270,12.5,12.5,11.301988606903329,False
1466456312,12.5,12.5,12.134113473268828,False
1466456346,12.5,12.5,12.485907180186715,False
1466456374,12.5,11.619398989227387,11.619398989227387,True
1466456406,12.5,12.5,14.062119629301833,False
1466456482,12.5,12.5,11.144307967765846,False
1466456512,13.5,13.390273547332221,13.390273547332221,True
1466456610,14.5,11.623256993435556,11.623256993435556,True
1466456683,14.5,13.789265982838838,13.789265982838838,True
1466456768,14.5,14.5,13.727905320526183,False
1466456856,14.5,14.5,11.28353579592494,False
1466456927,14.5,14.47203390072592,14.47203390072592,True
1466457014,14.5,11.423682881930777,11.423682881930777,True
1466457032,14.5,13.557412231718583,13.557412231718583,True
1466457067,14.5,12.210063916167996,12.210063916167996,True
1466457157,14.5,11.5331609844426,11.5331609844426,True
1466457215,14.5,11.121113576244186,11.121113576244186,True
1466457267,14.5,14.06201039788383,14.06201039788383,True
1466457357,14.4,11.316503934474714,11.316503934474714,True
1466457434,13.4,13.4,13.03615246233838,False
1466457487,12.8,12.8,12.168255054333656,False
1466457559,12.8,12.8,12.52173320165496,False
1466457603,12.8,11.311491141863419,11.311491141863419,True
1466457671,12.6,12.48053196173483,12.48053196173483,True
1466457713,12.6,12.6,11.392001946288449,False
1466457745,11.9,13.136732957738763,13.136732957738763,True
1466457782,11.3,11.3,12.944915869014382,False
1466457802,11.3,14.094727538285104,14.094727538285104,True
1466457817,11.3,13.325671350888154,13.325671350888154,True
1466457865,11.3,12.169841083188915,12.169841083188915,True
1466457884,11.3,11.3,13.674305583318432,False
1466457885,11.3,11.192778268126878,11.192778268126878,True
1466457917,11.3,11.3,13.359215070883558,False
1466457973,11.3,14.462325567947913,14.462325567947913,True
1466458045,11.3,14.495719023019381,14.495719023019381,True
1466458135,11.3,14.216727976433964,14.216727976433964,True
1466458151,11.3,11.3,13.20658672013561,False
1466458230,11.7,11.301856893407098,11.301856893407098,True
1466458324,11.7,11.510544013195528,11.510544013195528,True
1466458362,11.6,13.256885829923082,13.256885829923082,True
1466458438,11.6,13.003181340967574,13.003181340967574,True
1466458454,11.6,12.88048087061976,12.88048087061976,True
1466458496,11.6,14.352809517062369,14.352809517062369,True
1466458509,11.6,11.6,11.499523990326043,False
1466458580,11.6,11.6,13.605096589961104,False
1466458590,10.8,10.8,11.516250892171433,False
1466458626,10.8,12.387138688095414,12.387138688095414,True
1466458642,10.8,10.8,11.223400127766942,False
1466458665,10.8,10.8,11.871222820131926,False
1466458694,10.8,10.8,14.107080771300335,False
1466458762,10.8,14.325609742253356,14.325609742253356,True
1466458793,10.8,11.547277838468828,11.547277838468828,True
1466458824,10.8,10.8,11.955273465212741,False
1466458906,10.8,10.8,11.691921095053154,False
1466458982,10.8,10.8,14.292935659916122,False
1466459068,11.4,11.4,11.940834453337795,False
1466459159,11.4,11.4,14.474246961754558,False
1466459184,12.0,12.0,14.28219631929522,False
1466459273,12.0,13.809467080228375,13.809467080228375,True
1466459372,12.0,12.0,12.74330345427209,False
1466459415,12.0,12.938845071097106,12.938845071097106,True
1466459483,12.0,12.0,11.848266500583584,False
1466459504,12.5,12.5,13.561173022524436,False
1466459588,12.5,11.66502280159245,11.66502280159245,True
1466459595,12.5,11.17912688820958,11.17912688820958,True
1466459673,12.5,11.286687107174814,11.286687107174814,True
1466459726,12.5,12.5,12.900414745913057,False
1466459800,12.5,12.5,13.236298461416444,False
1466459857,12.5,12.192293920656361,12.192293920656361,True
1466459887,12.5,12.5,11.45571146575949,False
1466459913,12.5,12.761885057084532,12.761885057084532,True
1466459974,12.5,12.5,14.12275274908312,False
1466459995,12.5,11.771306748460145,11.771306748460145,True
1466460001,12.5,12.5,11.804649766706163,False
1466460054,12.5,12.5,11.625159891949695,False
1466460130,12.5,12.5,13.4540672397935,False
1466460215,12.5,12.5,12.106145852993423,False
1466460252,12.5,12.5,13.041056207452147,False
1466460272,12.5,13.995935046558964,13.995935046558964,True
1466460346,13.1,12.631482315291684,12.631482315291684,True
1466460440,12.1,12.1,11.046487835826637,False
1466460461,12.1,13.503825156219925,13.503825156219925,True
1466460528,12.1,12.258456703622391,12.258456703622391,True
1466460610,12.1,13.824558335469158,13.824558335469158,True
1466460630,12.5,13.852276408133546,13.852276408133546,True
1466460691,12.5,13.149905746279648,13.149905746279648,True
1466460706,12.5,12.5,11.319087780865988,False
1466460739,12.5,12.5,11.309308258979947,False
1466460765,12.5,14.301778244806922,14.301778244806922,True
1466460795,12.5,12.5,13.06473802565207,False
1466460877,12.5,12.5,11.915544559027408,False
1466460973,13.1,13.1,11.089039303930956,False
1466461009,13.1,13.605641941699789,13.605641941699789,True
1466461027,13.1,13.1,13.862754668894748,False
1466461032,12.0,12.0,11.364961817712684,False
1466461096,12.0,12.0,14.291763282737048,False
1466461169,12.0,14.44364255672006,14.44364255672006,True
1466461256,12.0,14.012261402190038,14.012261402190038,True
1466461351,12.0,13.24029711336119,13.24029711336119,True
1466461451,10.8,10.8,11.223980270331037,False
1466461531,10.8,11.361379398788491,11.361379398788491,True
1466461568,10.8,10.8,11.564795102416584,False
1466461583,10.8,13.164461063498283,13.164461063498283,True
1466461647,10.8,10.8,11.391929386955594,False
1466461703,10.8,10.8,13.045669465813669,False
1466461794,10.9,13.162213584051688,13.162213584051688,True
1466461813,10.9,14.064583186480116,14.064583186480116,True
1466461910,10.9,10.9,12.55344660213537,False
1466461988,10.9,10.9,13.01377525176002,False
1466462056,10.9,10.9,11.158689045743547,False
1466462101,11.9,13.824656544063773,13.824656544063773,True
1466462155,11.9,13.971708211670029,13.971708211670029,True
1466462215,11.9,11.9,13.552993850398128,False
1466462278,11.9,11.9,13.923215153454176,False
1466462368,11.9,11.9,13.3612590193603,False
1466462412,11.9,11.504288878022997,11.504288878022997,True
1466462512,11.9,14.136881891577264,14.136881891577264,True
1466462594,11.0,11.0,14.45996278668827,False
1466462671,11.0,11.0,11.780536792220662,False
1466462716,11.0,11.615244586892823,11.615244586892823,True
1466462746,11.0,11.0,12.689459437771642,False
1466462782,11.0,11.0,13.980886016691947,False
1466462820,11.0,11.0,11.288491695334033,False
1466462833,11.0,11.46359885449663,11.46359885449663,True
1466462842,12.1,12.1,13.100892664032859,False
1466462850,12.1,11.604840746045017,11.604840746045017,True
1466462941,12.1,12.1,12.512812119252493,False
1466463026,12.1,13.342144444605024,13.342144444605024,True
1466463117,12.1,11.750856179319827,11.750856179319827,True
1466463139,13.3,13.3,11.26528840772731,False
