1466410104,37.5,37.021299203805384,37.021299203805384,True
1466410114,37.1,36.96901508370919,36.96901508370919,True
1466410130,37.8,37.46262245413885,37.46262245413885,True
1466410181,37.8,37.8,36.867693271989076,False
1466410203,37.8,37.8,37.43137270569137,False
1466410250,37.8,37.8,36.75731514240985,False
1466410309,37.8,37.18072486568136,37.18072486568136,True
1466410397,37.8,37.8,36.8543751384896,False
1466410430,37.3,36.6312561729128,36.6312561729128,True
1466410469,37.9,37.9,36.81006730629606,False
1466410483,37.9,37.9,37.452538386305605,False
1466410498,37.9,36.95416533899538,36.95416533899538,True
1466410502,37.9,37.07525145652952,37.07525145652952,True
1466410532,37.4,36.55496325900739,36.55496325900739,True
1466410541,37.6,37.6,37.23825506294392,False
1466410573,37.2,37.2,36.74384904424076,False
1466410630,37.2,37.39907272313622,37.39907272313622,True
1466410653,37.2,37.2,37.024619097371904,False
1466410746,37.3,37.3,37.40535503355613,False
1466410814,37.1,37.1,37.35320747184307,False
1466410890,37.3,37.40207866837677,37.40207866837677,True
1466410902,37.3,37.40400725564746,37.40400725564746,True
1466410978,37.3,37.3,36.92209703754858,False
1466411008,37.9,37.9,37.29831727100572,False
1466411066,37.2,36.50571438701098,36.50571438701098,True
1466411094,37.2,36.71423014129049,36.71423014129049,True
1466411157,37.1,37.1,37.03792348131856,False
1466411223,37.3,36.607511144382386,36.607511144382386,True
1466411226,37.3,36.62684883658814,36.62684883658814,True
1466411272,37.2,37.2,36.685799951002224,False
1466411303,37.3,36.663765347083284,36.663765347083284,True
1466411318,37.3,37.116041290653165,37.116041290653165,True
1466411396,37.3,37.3,36.80927709157821,False
1466411493,37.3,37.05732881065023,37.05732881065023,True
1466411549,37.1,37.1,36.665948076699976,False
1466411560,37.3,36.86858945896568,36.86858945896568,True
1466411626,37.2,37.32010428121227,37.32010428121227,True
1466411723,37.2,37.21695541506181,37.21695541506181,True
1466411763,37.2,37.2,37.39837497171292,False
1466411785,37.2,37.261841199549714,37.261841199549714,True
1466411854,37.2,37.2,37.1532325121269,False
1466411889,37.2,37.2,36.50765253879722,False
1466411988,37.4,37.4,36.995182703831645,False
1466412022,37.4,37.4,37.46083511567447,False
1466412046,37.4,36.946895519074346,36.946895519074346,True
1466412076,37.4,37.4,36.9850089229727,False
1466412152,37.4,37.4,37.30792363851032,False
1466412181,37.2,37.39526727525968,37.39526727525968,True
1466412201,37.2,36.8722855862118,36.8722855862118,True
1466412260,37.2,37.43559187536278,37.43559187536278,True
1466412347,37.2,37.27869834936506,37.27869834936506,True
1466412360,37.2,36.94115508652113,36.94115508652113,True
1466412438,37.1,36.5404411432955,36.5404411432955,True
1466412521,37.1,36.52087967788975,36.52087967788975,True
1466412599,37.1,37.1,37.48232172022036,False
1466412639,37.4,37.4,36.70775366746022,False
1466412691,37.4,36.50112464852103,36.50112464852103,True
1466412747,37.1,37.1,37.498494940821885,False
1466412794,37.1,37.1,37.41875266122442,False
1466412819,37.1,37.1,37.09990897446318,False
1466412832,37.1,37.1,37.284657918274974,False
1466412874,37.1,37.37729622247455,37.37729622247455,True
1466412943,37.3,36.59380744366081,36.59380744366081,True
1466412971,37.1,37.1,37.054303953698295,False
1466412990,37.1,37.1,37.07663755529779,False
1466413028,37.1,37.1,36.67138624656307,False
1466413053,37.1,37.1,36.549533817483976,False
1466413125,37.1,36.692114581648944,36.692114581648944,True
1466413200,37.1,37.1,36.58715211049215,False
1466413264,37.1,37.301940881561144,37.301940881561144,True
1466413311,37.3,36.565597728796654,36.565597728796654,True
1466413342,37.4,37.12621657245512,37.12621657245512,True
1466413440,37.4,36.85296358562428,36.85296358562428,True
1466413458,37.1,37.018987329576575,37.018987329576575,True
1466413529,37.4,36.83558919841686,36.83558919841686,True
1466413542,37.1,37.1,36.89331731608,False
1466413638,37.1,37.1,37.25066713355184,False
1466413672,37.1,37.1,37.16866798194236,False
1466413733,37.1,37.32964894110779,37.32964894110779,True
1466413779,37.1,37.1,36.62763444642716,False
1466413780,37.1,37.18420010916782,37.18420010916782,True
1466413864,37.1,36.668804800622446,36.668804800622446,True
1466413885,37.1,36.63155777771984,36.63155777771984,True
1466413946,37.1,37.1,36.689548415654585,False
1466414033,37.1,37.099302728308636,37.099302728308636,True
1466414071,37.5,37.24418990411992,37.24418990411992,True
1466414164,37.2,36.66609541430918,36.66609541430918,True
1466414225,37.2,37.20013903411066,37.20013903411066,True
1466414312,37.8,37.8,36.981988753207574,False
1466414325,37.8,36.63426115179189,36.63426115179189,True
1466414328,37.8,37.8,37.27271178462818,False
1466414329,37.4,37.4,37.366131125202344,False
1466414402,37.4,36.95021073528724,36.95021073528724,True
1466414407,37.3,37.405043679035764,37.405043679035764,True
1466414413,37.3,37.3,37.22765596919297,False
1466414460,37.3,36.54757378286965,36.54757378286965,True
1466414552,37.2,37.259970208655325,37.259970208655325,True
1466414602,37.3,36.69189280036312,36.69189280036312,True
1466414662,37.3,37.117530046960724,37.117530046960724,True
1466414746,37.4,37.409200492877744,37.409200492877744,True
1466414844,37.1,36.874602818628404,36.874602818628404,True
1466414943,37.1,37.44816014828082,37.44816014828082,True
1466414946,37.1,37.1,37.23492910173033,False
1466414966,37.1,37.1,36.51214583101067,False
1466415038,37.4,37.4,36.84542695380166,False
1466415106,37.4,36.50828748011303,36.50828748011303,True
1466415130,37.4,36.837375507725014,36.837375507725014,True
1466415145,37.2,36.69558223650062,36.69558223650062,True
1466415202,37.2,36.90140773052501,36.90140773052501,True
1466415239,37.2,37.36525643482314,37.36525643482314,True
1466415249,37.2,37.2,37.119199931394974,False
1466415308,37.3,36.558725395499124,36.558725395499124,True
1466415357,37.3,37.3,37.14838149943277,False
1466415404,37.3,36.9541848865719,36.9541848865719,True
1466415469,37.2,36.91582082938904,36.91582082938904,True
1466415548,37.2,37.2,37.284996785948415,False
1466415588,37.2,36.82634888286271,36.82634888286271,True
1466415627,37.0,36.5086654784636,36.5086654784636,True
1466415719,36.9,36.92600521691986,36.92600521691986,True
1466415767,37.0,37.40673876028772,37.40673876028772,True
1466415860,37.0,37.0,37.285468852012485,False
1466415872,37.0,37.0,36.82927427591167,False
1466415914,37.0,36.54917986735948,36.54917986735948,True
1466415934,37.0,36.96256214396811,36.96256214396811,True
1466415988,37.2,37.2,36.76446127353285,False
1466416004,37.2,36.9756565037949,36.9756565037949,True
1466416050,36.9,37.07260558869019,37.07260558869019,True
1466416150,37.1,37.1,36.9838208134344,False
1466416161,37.1,37.1,37.08538259358186,False
1466416215,37.1,37.148502069724216,37.148502069724216,True
1466416315,37.1,37.1,37.04049588739673,False
1466416321,37.3,36.784064062681274,36.784064062681274,True
1466416393,37.3,37.3,37.08515461905122,False
1466416440,37.3,36.94982506654043,36.94982506654043,True
1466416510,37.4,36.84761628907529,36.84761628907529,True
1466416541,37.3,37.3,36.85732054855845,False
1466416631,37.3,37.45594459480817,37.45594459480817,True
1466416671,37.3,37.3,37.2992654333359,False
1466416725,37.1,37.1,37.42614839554348,False
1466416815,37.1,37.1,37.16488565528504,False
1466416867,37.1,37.1,37.16951852978596,False
1466416933,37.2,37.2,36.55343019732749,False
1466416963,37.2,37.2,36.75664680754479,False
1466417034,37.3,37.3,37.316604896325074,False
1466417069,37.3,37.3,36.85465615953409,False
1466417095,37.2,36.77437682467219,36.77437682467219,True
1466417123,37.2,37.2,36.543978176652274,False
1466417219,37.3,37.31996386447724,37.31996386447724,True
1466417228,37.2,36.987361596691755,36.987361596691755,True
1466417235,37.2,37.2,36.64726587024055,False
1466417266,37.2,37.2,36.55913660429598,False
1466417298,37.4,37.46587740487244,37.46587740487244,True
1466417382,37.4,37.4,36.78905699567668,False
1466417429,37.2,37.2,36.71697939341213,False
1466417434,37.1,36.53446562150064,36.53446562150064,True
1466417513,37.1,36.98840779674079,36.98840779674079,True
1466417598,37.1,37.1,36.722520010373984,False
1466417615,37.1,37.23262622401081,37.23262622401081,True
1466417654,37.3,37.3,36.79300533758142,False
1466417749,37.2,37.493197257555316,37.493197257555316,True
1466417763,37.2,37.2,37.11045512847886,False
1466417822,37.2,37.2,36.94745128594687,False
1466417851,37.7,37.21069274089279,37.21069274089279,True
1466417855,37.7,36.70003728903823,36.70003728903823,True
1466417879,37.7,37.2100282039019,37.2100282039019,True
1466417895,37.1,37.1,36.523019825581116,False
1466417969,37.1,37.1,36.77251305357903,False
1466418049,37.1,36.80981199569536,36.80981199569536,True
1466418118,37.1,36.88720902943539,36.88720902943539,True
1466418129,37.3,37.3,36.785967471782904,False
1466418179,37.3,37.3,37.1758594457565,False
1466418254,37.6,37.6,37.38222391750965,False
1466418332,37.6,36.62176261920337,36.62176261920337,True
1466418428,37.5,36.50368655387601,36.50368655387601,True
1466418494,37.5,37.5,37.0332514873804,False
1466418554,37.2,36.99986484715568,36.99986484715568,True
1466418563,37.2,37.2,37.25709455832804,False
1466418564,37.7,37.39619886480901,37.39619886480901,True
1466418594,37.1,36.833884935454975,36.833884935454975,True
1466418674,37.1,37.1,36.946092683271154,False
1466418748,37.6,37.6,37.320091082048656,False
1466418847,37.3,36.930787930157116,36.930787930157116,True
1466418877,37.2,37.2,37.08351755584563,False
1466418917,37.2,37.2,37.48066291252438,False
1466418938,37.3,37.3,36.67439210336304,False
1466419031,37.3,37.31603154036904,37.31603154036904,True
1466419058,37.0,37.0,37.37785532288551,False
1466419104,37.3,36.900797014339204,36.900797014339204,True
1466419166,37.3,37.3,37.20541113475204,False
1466419261,37.2,37.2,36.51963613574154,False
1466419349,37.2,37.2,36.99193416158297,False
1466419442,37.1,37.1,36.603816550613644,False
1466419530,37.1,36.969511428991545,36.969511428991545,True
1466419595,36.9,37.10572416327604,37.10572416327604,True
1466419646,37.2,36.98478618899587,36.98478618899587,True
1466419737,37.2,37.2,36.65047540626737,False
1466419826,37.3,37.33543524797627,37.33543524797627,True
1466419880,37.3,36.97807826522214,36.97807826522214,True
1466419911,37.2,37.426905065433864,37.426905065433864,True
1466419938,37.2,36.96214785280715,36.96214785280715,True
1466420016,36.9,36.70073963582245,36.70073963582245,True
1466420019,36.9,36.9,36.9806355979234,False
1466420108,36.9,36.9,37.00217658036224,False
1466420205,36.9,36.9,37.425520919614875,False
1466420228,37.1,37.1,36.654824977646996,False
1466420257,37.0,37.0,37.036975137101805,False
1466420270,37.0,37.470547977638724,37.470547977638724,True
1466420296,37.0,37.0,36.77214243340357,False
1466420331,37.2,37.2,37.058309834878635,False
1466420407,37.0,37.0,37.27482319554175,False
1466420430,36.9,37.389734045732375,37.389734045732375,True
1466420453,36.9,37.32165441289361,37.32165441289361,True
1466420474,36.9,36.9,37.276915909908176,False
1466420566,36.9,36.544131093086115,36.544131093086115,True
1466420579,36.9,36.87413417869868,36.87413417869868,True
1466420618,36.9,36.687436596401454,36.687436596401454,True
1466420624,36.9,37.45313287059232,37.45313287059232,True
1466420643,36.9,36.9,36.99014467964004,False
1466420695,36.9,36.9,37.21923196609433,False
1466420788,36.9,36.9,37.120329141740086,False
1466420863,37.0,37.0,36.657928626347385,False
1466420947,37.0,37.0,36.54034235339739,False
1466421003,37.0,37.0,36.79090996399104,False
1466421032,37.0,37.0,37.413543926092345,False
1466421050,37.0,37.48743946443293,37.48743946443293,True
1466421116,37.2,36.71571806497984,36.71571806497984,True
1466421208,37.2,37.404790398699944,37.404790398699944,True
1466421234,37.0,37.12247186499548,37.12247186499548,True
1466421262,37.0,36.66937827658186,36.66937827658186,True
1466421353,37.3,36.61203212354748,36.61203212354748,True
1466421360,37.2,37.29786346338936,37.29786346338936,True
1466421392,37.2,37.165264969992094,37.165264969992094,True
1466421480,37.2,37.2,36.69506996702057,False
1466421530,37.2,36.63613598137913,36.63613598137913,True
1466421547,37.2,37.2,36.90358840356818,False
1466421591,37.1,36.94639739162795,36.94639739162795,True
1466421633,37.1,37.1,36.857839822052995,False
1466421636,37.3,37.121225882996775,37.121225882996775,True
1466421670,37.3,37.11772316099293,37.11772316099293,True
1466421695,37.3,37.3,37.28960346846602,False
1466421721,37.3,36.56648719016216,36.56648719016216,True
1466421804,37.3,36.80831435795854,36.80831435795854,True
1466421819,37.2,37.2,36.53891272728008,False
1466421862,37.2,37.2718670856777,37.2718670856777,True
1466421885,37.3,37.3,36.95059171976666,False
1466421936,37.3,37.3,37.058133918767034,False
1466422012,37.4,37.4,37.03617300931918,False
1466422044,37.2,37.2,37.37503226178598,False
1466422045,37.2,37.219379382795495,37.219379382795495,True
1466422137,37.1,37.42569244332731,37.42569244332731,True
1466422162,37.1,37.1,37.41494253377276,False
1466422189,37.2,37.2,36.75496658729703,False
1466422197,37.2,37.15775344881314,37.15775344881314,True
1466422264,37.2,37.2,36.61082879707556,False
1466422330,37.1,37.1,36.87400972478377,False
1466422378,37.1,36.923306612103,36.923306612103,True
1466422432,37.1,36.75221250900604,36.75221250900604,True
1466422488,36.9,37.35484103475275,37.35484103475275,True
1466422577,36.9,36.9,36.92598646395016,False
1466422628,36.9,37.48265984358136,37.48265984358136,True
1466422638,36.9,37.04011324775451,37.04011324775451,True
1466422666,37.0,36.67704645371874,36.67704645371874,True
1466422706,37.1,37.1,36.543569815752605,False
1466422731,36.9,37.305058996636696,37.305058996636696,True
1466422804,36.9,36.75899982364504,36.75899982364504,True
1466422866,37.1,37.02198329272354,37.02198329272354,True
1466422873,36.9,36.9,36.61874536912332,False
1466422895,36.9,36.9,37.2061209458544,False
1466422953,36.9,36.9,36.593366422547774,False
1466422973,36.9,36.9,36.98802373618952,False
1466423017,36.9,36.9,36.888005893688124,False
1466423051,37.2,36.526365932067364,36.526365932067364,True
1466423099,37.2,36.96198532595154,36.96198532595154,True
1466423150,37.4,37.4,36.8739983746385,False
1466423155,37.3,37.3,36.584240422715425,False
1466423168,37.3,37.185709502608525,37.185709502608525,True
1466423205,37.3,37.401895827443795,37.401895827443795,True
1466423275,37.3,37.3,37.24159697960226,False
1466423287,37.5,37.5,36.60019973274815,False
1466423336,37.5,36.80319263311969,36.80319263311969,True
1466423340,37.5,37.5,37.433915730545706,False
1466423355,37.3,37.3,37.483901538411196,False
1466423443,37.3,37.3,36.64755426697915,False
1466423499,37.4,37.4,36.649743523444236,False
1466423585,37.3,36.777092819633474,36.777092819633474,True
1466423612,37.3,37.3,36.936507840873254,False
1466423669,37.3,37.3,37.16958067021559,False
1466423705,37.3,37.3,36.73971536066814,False
1466423770,37.3,36.76293594044592,36.76293594044592,True
1466423844,37.1,37.1,37.307706991826,False
1466423902,37.4,36.60126737223138,36.60126737223138,True
1466423913,37.2,37.2,36.728546388369665,False
1466423972,37.4,37.4,37.032102786184296,False
1466424014,37.4,36.81858662095886,36.81858662095886,True
1466424069,37.2,37.2,37.00547837652054,False
1466424154,37.2,37.2,37.34885575149348,False
1466424155,37.2,37.2,37.444530805152475,False
1466424169,37.0,37.11010787902804,37.11010787902804,True
1466424262,37.2,37.07961182991601,37.07961182991601,True
1466424339,37.2,37.075140066801175,37.075140066801175,True
1466424398,37.2,37.06481152905646,37.06481152905646,True
1466424497,37.3,37.3,37.022836538657046,False
1466424558,37.1,37.1,36.626474461252705,False
1466424613,37.1,37.1,36.87446036921322,False
1466424713,37.1,37.03842796856653,37.03842796856653,True
1466424804,37.1,37.1,37.09930358327817,False
1466424878,37.1,37.1,36.929572561212495,False
1466424924,37.4,37.4,36.51726797746099,False
1466425009,37.4,37.4,37.39755279028334,False
1466425106,37.4,37.237714013428864,37.237714013428864,True
1466425129,37.4,37.34367665090833,37.34367665090833,True
1466425179,37.2,36.79607674412194,36.79607674412194,True
1466425257,37.3,36.858681000930716,36.858681000930716,True
1466425262,37.3,36.866235090099146,36.866235090099146,True
1466425305,37.1,36.62995032972282,36.62995032972282,True
1466425331,37.0,37.188471643122135,37.188471643122135,True
1466425338,37.3,37.3,36.72960250115012,False
1466425377,37.3,37.3,36.74163222707291,False
1466425380,37.3,37.3,37.341999944414574,False
1466425417,36.9,37.397673459775724,37.397673459775724,True
1466425484,36.9,36.9,36.74505780773844,False
1466425517,36.9,36.71666083109968,36.71666083109968,True
1466425553,36.9,36.9,36.99200714780327,False
1466425640,36.9,36.9,36.96676667196588,False
1466425687,36.9,36.9,36.778771702025075,False
1466425711,37.3,37.3,36.99670635103801,False
1466425768,37.1,37.05329721670021,37.05329721670021,True
1466425811,37.1,37.1,37.400583416987956,False
1466425856,37.1,37.1,36.741263350966406,False
1466425869,37.1,37.1,37.376800223325304,False
1466425884,37.1,37.1,37.08080277461303,False
1466425962,37.1,37.40424723588905,37.40424723588905,True
1466425974,37.2,37.2,37.36755393962035,False
1466426016,37.2,37.36430247970412,37.36430247970412,True
1466426024,37.2,37.34057503939227,37.34057503939227,True
1466426034,37.2,37.2,36.54179904923968,False
1466426130,37.2,36.73665282465572,36.73665282465572,True
1466426189,37.3,36.718364675693316,36.718364675693316,True
1466426198,37.3,36.99558878112912,36.99558878112912,True
1466426280,37.4,37.4,37.284414103810626,False
1466426298,37.1,37.1,36.585924894334916,False
1466426380,37.1,37.1,36.92655500518421,False
1466426420,37.1,37.1,37.214722861432904,False
1466426509,37.1,37.1,36.892277335902655,False
1466426521,37.2,36.838776640549575,36.838776640549575,True
1466426535,37.1,37.1,36.88581052532447,False
1466426563,37.1,37.1,37.40097828529639,False
1466426620,37.1,37.1,36.925723136115685,False
1466426694,37.3,36.85363970591849,36.85363970591849,True
1466426764,37.3,37.3,36.98826733396971,False
1466426778,37.3,36.7360812222807,36.7360812222807,True
1466426866,37.3,36.76453667668755,36.76453667668755,True
1466426938,37.3,36.74379260212468,36.74379260212468,True
1466427022,37.3,37.31425790672023,37.31425790672023,True
1466427059,37.3,36.97481605983003,36.97481605983003,True
1466427125,37.2,37.2,37.14362275344912,False
1466427204,37.2,37.2,36.7716911369652,False
1466427240,37.2,36.9570843822454,36.9570843822454,True
1466427317,37.2,37.0980504397352,37.0980504397352,True
1466427319,37.2,37.2,37.463563759889,False
1466427331,37.0,36.56112557599186,36.56112557599186,True
1466427425,37.0,37.0,37.31987640014156,False
1466427458,36.9,37.3111341136506,37.3111341136506,True
1466427495,37.3,37.3,37.42912452065321,False
1466427543,37.3,37.3,37.3985802678839,False
1466427625,37.2,36.50186735537893,36.50186735537893,True
1466427663,37.2,37.2,36.97962640794842,False
1466427672,37.2,37.2,37.19658874694397,False
1466427684,37.3,37.317425817499306,37.317425817499306,True
1466427739,37.4,37.4,37.222075917224984,False
1466427769,37.4,37.4,37.424413957318926,False
1466427775,37.4,37.4,37.29979362565952,False
1466427820,37.2,37.2,37.393481090005594,False
1466427837,37.3,37.3,36.51726320355081,False
1466427846,37.1,37.18230259782383,37.18230259782383,True
1466427904,37.1,37.1,36.52612430656542,False
1466427997,37.1,37.1,36.83245317544986,False
1466428027,37.2,37.47486077244411,37.47486077244411,True
1466428114,37.2,37.2,37.24723921037701,False
1466428212,37.3,36.68908199544107,36.68908199544107,True
1466428294,37.3,37.3,37.28278573031623,False
1466428321,37.3,37.3,36.99851671320319,False
1466428340,37.3,37.3,37.22729097045597,False
1466428378,37.3,36.770392646610176,36.770392646610176,True
1466428463,37.3,36.548651238458504,36.548651238458504,True
1466428551,37.3,37.3,37.437858113917734,False
1466428575,37.3,36.61544553637224,36.61544553637224,True
1466428593,37.3,37.3,36.93050391420228,False
1466428682,37.3,37.3,36.86756311154936,False
1466428699,37.8,37.01210730104365,37.01210730104365,True
1466428719,37.8,37.8,37.011824175650915,False
1466428819,37.8,37.8,37.34093586723455,False
1466428850,37.1,36.77445282441329,36.77445282441329,True
1466428884,37.1,37.1,36.93218470476794,False
1466428973,37.9,36.71786620159762,36.71786620159762,True
1466429006,37.9,37.264954296583106,37.264954296583106,True
1466429026,37.4,37.4,36.65373819857515,False
1466429066,37.3,37.3,36.57759106250938,False
1466429072,37.2,36.72286625620352,36.72286625620352,True
1466429103,37.2,36.90413647011924,36.90413647011924,True
1466429110,37.2,37.173185154091705,37.173185154091705,True
1466429123,37.2,36.662164314905404,36.662164314905404,True
1466429168,37.2,36.64672914558054,36.64672914558054,True
1466429182,37.2,36.764352640913266,36.764352640913266,True
1466429184,37.2,37.2,36.84381715500009,False
1466429197,37.3,36.772710099343556,36.772710099343556,True
1466429280,37.3,36.56243954613414,36.56243954613414,True
1466429378,37.3,36.73008773505081,36.73008773505081,True
1466429450,37.4,37.172325973805165,37.172325973805165,True
1466429455,37.4,37.4,36.946266302459236,False
1466429510,37.4,36.57632481020912,36.57632481020912,True
1466429565,37.4,36.63659356455474,36.63659356455474,True
1466429566,37.3,37.3,37.28897419820863,False
1466429592,37.3,37.3,37.20479237292158,False
1466429623,37.3,36.73796517064518,36.73796517064518,True
1466429691,37.3,36.62686938217149,36.62686938217149,True
1466429733,37.3,37.3,37.321618323124305,False
1466429803,37.1,37.1,36.68946899889241,False
1466429832,37.1,37.1,37.211779832228096,False
1466429905,37.0,37.31196995538214,37.31196995538214,True
1466429997,37.0,37.0,36.59231667698486,False
1466430050,37.2,36.979970669027885,36.979970669027885,True
1466430088,37.2,37.18117385208024,37.18117385208024,True
1466430174,37.2,37.2,37.458760226953075,False
1466430247,37.2,37.2,36.80527054822044,False
1466430344,36.9,36.63995262268605,36.63995262268605,True
1466430375,36.9,36.9,36.94845475411757,False
1466430400,36.9,36.55047137539617,36.55047137539617,True
1466430457,37.1,37.25033015187381,37.25033015187381,True
1466430483,37.0,37.0,36.56874476858664,False
1466430517,37.0,37.0,37.39976898528792,False
1466430524,37.0,36.541888890291894,36.541888890291894,True
1466430592,37.0,36.91591561077213,36.91591561077213,True
1466430616,37.0,37.0,36.54732221681984,False
1466430631,37.1,37.1,37.378696212118996,False
1466430680,37.1,37.1,37.146554896294056,False
1466430734,37.1,37.210645140918174,37.210645140918174,True
1466430790,37.1,37.1,37.47552714565414,False
1466430815,37.0,37.0,36.53171423163789,False
1466430895,37.0,36.54021413522563,36.54021413522563,True
1466430916,37.0,37.0,37.09637145211292,False
1466430929,36.9,36.9,36.76797087259702,False
1466430936,36.9,36.9,37.08173901072249,False
1466431009,36.9,36.9,37.08240285101153,False
1466431036,36.9,37.49435700951608,37.49435700951608,True
1466431055,36.9,36.9,36.78433014635882,False
1466431145,36.9,37.24525202580988,37.24525202580988,True
1466431218,37.0,37.0,37.29015454372215,False
1466431290,37.0,37.0,37.018878740590324,False
1466431324,37.0,37.34992588147417,37.34992588147417,True
1466431400,37.0,37.0,37.03329294904736,False
1466431450,37.0,36.517540637946766,36.517540637946766,True
1466431526,37.0,37.0,36.53446180694104,False
1466431589,37.0,37.02947093784895,37.02947093784895,True
1466431661,37.2,37.402334852916375,37.402334852916375,True
1466431760,37.0,37.0,37.021493146920406,False
1466431796,37.0,37.279454760575135,37.279454760575135,True
1466431848,37.0,37.0,37.10526644370426,False
1466431879,37.0,37.0,36.96158739803245,False
1466431954,36.9,37.12390402289002,37.12390402289002,True
1466431958,37.0,37.0,37.298111416957376,False
1466432002,37.1,37.1,37.19260155982686,False
1466432101,37.1,37.02608164985816,37.02608164985816,True
1466432177,37.0,37.0,36.737748726725904,False
1466432194,37.0,37.0,36.573238781427264,False
1466432237,37.0,37.05669680975062,37.05669680975062,True
1466432280,37.0,37.405525595689724,37.405525595689724,True
1466432373,37.0,36.706450365503414,36.706450365503414,True
1466432389,37.0,37.216335631083226,37.216335631083226,True
1466432415,36.7,36.7,36.666004597322875,False
1466432417,36.7,36.7,36.86027451497904,False
1466432506,36.7,37.14311914330322,37.14311914330322,True
1466432569,36.7,36.7,37.14606433119085,False
1466432577,36.7,36.7,37.164468172381085,False
1466432670,36.7,36.7,36.54791660339969,False
1466432706,36.7,36.7,37.12788447797396,False
1466432804,36.7,36.7,37.06415070812907,False
1466432853,36.7,37.00767584687743,37.00767584687743,True
1466432947,36.7,36.7,36.56672974050941,False
1466433040,37.0,37.0,36.65486326403793,False
1466433128,37.0,37.0,37.442523201662254,False
1466433145,36.9,37.25224979179672,37.25224979179672,True
1466433195,36.9,36.9,36.60262148766961,False
1466433289,36.9,36.9,36.978806380734746,False
1466433375,36.9,37.08302424875073,37.08302424875073,True
1466433427,36.7,36.7,37.405149111770456,False
1466433478,36.7,36.626028139156,36.626028139156,True
1466433517,36.7,36.93474703646393,36.93474703646393,True
1466433615,36.7,36.7,37.3944984889721,False
1466433672,36.7,37.251712929192195,37.251712929192195,True
1466433762,36.7,36.7,36.754601343877546,False
1466433809,37.0,37.0,36.78055496553854,False
1466433873,36.7,37.151463413515245,37.151463413515245,True
1466433910,36.5,37.496119402775534,37.496119402775534,True
1466433994,36.5,36.994061844454635,36.994061844454635,True
1466434003,36.5,36.913972186977425,36.913972186977425,True
1466434045,36.5,36.5,37.08029576348532,False
1466434096,36.5,36.5,37.26557704007364,False
1466434173,36.9,37.01997487912176,37.01997487912176,True
1466434199,36.9,36.82607719616636,36.82607719616636,True
1466434224,36.9,36.58481725270975,36.58481725270975,True
1466434308,36.9,36.9,37.05240645106852,False
1466434359,36.7,36.7,36.82672858768907,False
1466434371,36.7,36.91414463417759,36.91414463417759,True
1466434457,36.5,36.77349529206576,36.77349529206576,True
1466434498,36.5,36.5,36.595820246621145,False
1466434552,36.5,36.70678898684429,36.70678898684429,True
1466434622,36.5,36.5,37.44612024543579,False
1466434691,36.6,36.6,36.645779704526575,False
1466434718,36.5,37.08996411485426,37.08996411485426,True
1466434727,36.5,37.439473504327374,37.439473504327374,True
1466434815,36.5,36.93255786640616,36.93255786640616,True
1466434892,36.5,36.7409852985913,36.7409852985913,True
1466434915,36.7,36.7,37.31421422743076,False
1466434946,36.7,36.71145059171588,36.71145059171588,True
1466434988,36.5,36.5,36.72017344935219,False
1466435020,36.5,36.5,37.00821523324246,False
1466435090,36.5,36.5,36.558051005149174,False
1466435099,36.7,36.7,36.5406998186607,False
1466435145,36.5,36.5,36.903554008574176,False
1466435186,36.5,36.5,37.06010495838715,False
1466435246,36.4,36.4,37.46978049906427,False
1466435284,36.4,36.663185072448265,36.663185072448265,True
1466435327,36.4,36.4,37.00002091957553,False
1466435369,36.6,36.985459160032214,36.985459160032214,True
1466435408,36.6,36.6,36.81124093952522,False
1466435468,36.6,37.1294976749553,37.1294976749553,True
1466435486,36.7,36.54025449712522,36.54025449712522,True
1466435555,36.7,36.7,36.73460719127955,False
1466435624,36.7,36.7,36.60981340092634,False
1466435659,36.7,36.7,37.29096024798168,False
1466435682,36.7,37.32965254266632,37.32965254266632,True
1466435712,36.6,37.23267760644507,37.23267760644507,True
1466435794,36.6,36.99206601912247,36.99206601912247,True
1466435878,36.6,36.6,36.560546862722155,False
1466435904,36.6,36.5747858340899,36.5747858340899,True
1466435971,36.6,36.864864540184044,36.864864540184044,True
1466436041,36.7,36.7,37.204260560956975,False
1466436059,36.7,36.7,36.89309453530778,False
1466436093,36.5,36.5,36.657710535235495,False
1466436178,36.4,36.4,37.46071092698557,False
1466436230,36.4,36.97993110003126,36.97993110003126,True
1466436280,36.5,36.5,37.04912030278311,False
1466436332,36.5,36.5,37.25649855876158,False
1466436333,36.5,36.55131359516527,36.55131359516527,True
1466436431,36.5,36.5,37.2840062975735,False
1466436520,36.5,36.5,36.54550974726008,False
1466436572,36.5,36.93006516766709,36.93006516766709,True
1466436647,36.5,36.5,36.83903216164687,False
1466436655,36.5,36.7990593696852,36.7990593696852,True
1466436727,36.5,37.28956827476527,37.28956827476527,True
1466436793,36.6,36.6,37.14027769708247,False
1466436879,36.6,36.6,37.05806470066237,False
1466436880,36.6,37.24360563695085,37.24360563695085,True
1466436939,36.6,36.6,36.64954875188398,False
1466437015,36.6,36.67837427639356,36.67837427639356,True
1466437048,36.6,36.6,36.83808715676412,False
1466437088,36.6,37.39961204042052,37.39961204042052,True
1466437105,36.6,36.80625715800248,36.80625715800248,True
1466437122,36.6,37.19573575116134,37.19573575116134,True
1466437160,36.7,36.7,36.850477535005986,False
1466437232,37.0,37.0,36.80237920354621,False
1466437321,36.4,36.4,37.032218562180695,False
1466437335,36.4,37.450954911354565,37.450954911354565,True
1466437358,36.4,36.4,36.59730612265862,False
1466437441,36.4,36.4,36.64466126148206,False
1466437480,36.8,36.60583959483631,36.60583959483631,True
1466437561,36.9,36.9,36.62198990676335,False
1466437653,37.0,36.82739256049404,36.82739256049404,True
1466437709,37.0,37.0,36.56539470006954,False
1466437798,37.0,36.62953780303,36.62953780303,True
1466437869,37.0,37.0,36.887556265026156,False
1466437952,37.0,37.0,36.96177501035609,False
1466438037,37.0,37.0,37.47327892691734,False
1466438054,36.7,36.7,37.25283820140483,False
1466438056,36.7,37.00164979383108,37.00164979383108,True
1466438136,36.7,37.38874803067533,37.38874803067533,True
1466438234,36.7,37.40317456210492,37.40317456210492,True
1466438261,36.7,36.7,37.201546465511385,False
1466438348,36.7,36.7,37.23943698192549,False
1466438407,36.8,36.8,36.87975675313804,False
1466438422,36.8,36.87591518421098,36.87591518421098,True
1466438476,36.8,37.081908224794965,37.081908224794965,True
1466438571,36.8,37.16786138677734,37.16786138677734,True
1466438612,36.8,36.82770849958877,36.82770849958877,True
1466438620,36.8,37.39797765393606,37.39797765393606,True
1466438698,36.8,36.939112589184866,36.939112589184866,True
1466438747,36.8,36.8,36.683873080034054,False
1466438795,36.8,36.91789231450343,36.91789231450343,True
1466438810,36.8,37.18569305859021,37.18569305859021,True
1466438888,36.9,36.9,37.419608386139934,False
1466438975,36.9,36.9,36.56897310525736,False
1466439000,36.9,36.776550757757164,36.776550757757164,True
1466439092,36.9,37.289331875164585,37.289331875164585,True
1466439150,36.9,36.52700624247775,36.52700624247775,True
1466439229,36.9,36.9,37.11223401516769,False
1466439279,36.9,37.39301761243711,37.39301761243711,True
1466439328,36.9,36.53156797346114,36.53156797346114,True
1466439351,36.6,37.20644030477235,37.20644030477235,True
1466439447,36.6,36.6,36.69278540627179,False
1466439466,36.5,36.5,37.3468293907217,False
1466439480,36.5,36.5,36.75623555832335,False
1466439560,36.4,36.4,37.03354415205744,False
1466439600,36.7,36.93063795202905,36.93063795202905,True
1466439645,36.7,36.7,36.97062213983379,False
1466439729,36.7,37.09609772103693,37.09609772103693,True
1466439772,36.7,36.67605819951269,36.67605819951269,True
1466439827,36.7,36.7,36.88685658025132,False
1466439849,36.7,36.7,36.76691132455552,False
1466439910,36.6,36.6,37.290474777534534,False
1466439990,36.6,36.6,36.85648332967459,False
1466440005,36.7,36.74199874517879,36.74199874517879,True
1466440006,36.4,36.4,37.432510544968736,False
1466440045,36.7,36.97805703678827,36.97805703678827,True
1466440066,36.7,36.86896673487207,36.86896673487207,True
1466440154,36.7,36.97261387368905,36.97261387368905,True
1466440214,36.7,36.7,36.82442844911171,False
1466440226,36.7,37.34130808763379,37.34130808763379,True
1466440304,36.7,37.009252497600386,37.009252497600386,True
1466440385,36.7,36.7,37.20239866931053,False
1466440451,36.7,36.7,37.02540219861006,False
1466440521,36.7,37.25282938056536,37.25282938056536,True
1466440581,36.6,36.6,37.35860209390446,False
1466440674,36.6,36.6,37.33998040181521,False
1466440727,36.5,37.15876038397022,37.15876038397022,True
1466440821,36.6,37.453814075084786,37.453814075084786,True
1466440827,36.6,36.6,36.94808267777573,False
1466440897,36.6,36.6,36.799449476383636,False
1466440923,36.6,36.90954219053318,36.90954219053318,True
1466441012,36.6,37.36209523689605,37.36209523689605,True
1466441049,36.6,36.6,37.099405521184096,False
1466441147,36.6,37.02746667129439,37.02746667129439,True
1466441213,36.6,36.67353560441058,36.67353560441058,True
1466441311,36.6,36.6,36.52051754987493,False
1466441318,36.6,36.6,37.48703925440986,False
1466441418,36.6,36.6,36.721750302989946,False
1466441510,36.4,37.41171709635392,37.41171709635392,True
1466441541,37.0,37.0,36.59499288966056,False
1466441579,36.5,36.5,36.6774854584356,False
1466441630,36.5,37.36234907835736,37.36234907835736,True
1466441714,36.9,36.78288775683793,36.78288775683793,True
1466441724,36.6,37.21218534791948,37.21218534791948,True
1466441741,36.6,36.6,36.87367936187939,False
1466441822,36.6,37.24941283151205,37.24941283151205,True
1466441883,36.6,37.09163216724661,37.09163216724661,True
1466441934,36.6,37.197268186583834,37.197268186583834,True
1466441947,36.6,36.6,36.61584114242596,False
1466442046,36.6,36.83964421313395,36.83964421313395,True
1466442137,36.6,37.085137909284086,37.085137909284086,True
1466442175,36.6,36.6,37.079479052342805,False
1466442216,36.8,36.64816779735184,36.64816779735184,True
1466442284,36.7,37.26545338007196,37.26545338007196,True
1466442332,36.7,36.81612189451071,36.81612189451071,True
1466442358,36.7,36.55882416610716,36.55882416610716,True
1466442362,36.7,36.7,36.54440669399398,False
1466442439,36.9,37.28669159529516,37.28669159529516,True
1466442490,36.9,37.212166191853115,37.212166191853115,True
1466442498,36.9,36.9,36.582764727137935,False
1466442508,36.9,37.33054828673213,37.33054828673213,True
1466442518,36.9,36.9,36.66339031509421,False
1466442556,36.9,36.70089289678571,36.70089289678571,True
1466442656,36.6,37.02043855493907,37.02043855493907,True
1466442662,36.6,36.795856427436135,36.795856427436135,True
1466442703,36.6,36.6,37.24834749414274,False
1466442768,36.6,36.6,37.18479028414451,False
1466442788,36.6,36.6,37.16172887926068,False
1466442886,36.6,36.6,36.54122992935313,False
1466442980,36.9,36.9,37.222156646417645,False
1466443000,36.9,36.9,36.86903259902942,False
1466443029,37.1,37.471587769745845,37.471587769745845,True
1466443038,37.1,37.1,37.42441902659088,False
1466443089,36.8,36.8,37.06718649317512,False
1466443162,36.8,36.8,36.66972779012429,False
1466443201,36.8,36.87507330529425,36.87507330529425,True
1466443219,36.8,36.81836770330026,36.81836770330026,True
1466443263,36.8,36.69986482373697,36.69986482373697,True
1466443350,36.6,37.35311632393803,37.35311632393803,True
1466443373,37.0,36.58705399106168,36.58705399106168,True
1466443392,37.0,37.0,36.98348784320454,False
1466443402,37.0,37.0,37.10501287398088,False
1466443486,37.0,37.0,37.40871768282212,False
1466443511,37.0,37.0,37.12577095244135,False
1466443584,37.0,37.364647023317175,37.364647023317175,True
1466443677,37.1,36.892631495830415,36.892631495830415,True
1466443725,37.0,37.0,37.496590240870646,False
1466443727,37.0,36.776391647579786,36.776391647579786,True
1466443750,37.1,36.66212333405542,36.66212333405542,True
1466443761,37.1,37.1,37.016378188500525,False
1466443808,37.2,37.2,36.76293575556243,False
1466443861,37.1,37.47898321468887,37.47898321468887,True
1466443929,37.1,36.741482329855394,36.741482329855394,True
1466443986,37.2,37.2,36.54728024670811,False
1466444043,37.2,37.2,37.16211436735213,False
1466444110,37.2,37.2,37.19337517291861,False
1466444192,37.7,36.53381358512356,36.53381358512356,True
1466444287,37.7,37.18242064539581,37.18242064539581,True
1466444294,37.2,36.66262297629607,36.66262297629607,True
1466444366,37.5,37.17993312514679,37.17993312514679,True
1466444466,37.5,37.5,36.83821853687481,False
1466444505,37.5,36.73171734326557,36.73171734326557,True
1466444556,37.5,36.569277105572944,36.569277105572944,True
1466444624,37.2,37.2,37.071242926124505,False
1466444663,37.3,37.3,36.615505656329034,False
1466444685,37.3,37.299351854239916,37.299351854239916,True
1466444756,37.3,37.207958925461064,37.207958925461064,True
1466444781,37.3,37.43818011875865,37.43818011875865,True
1466444840,37.3,36.836768010202995,36.836768010202995,True
1466444854,37.3,37.3,36.822097663340216,False
1466444860,37.3,37.3,36.66254272921459,False
1466444959,37.4,37.4,36.53311443214342,False
1466445058,37.4,37.4,36.55217095511786,False
1466445107,37.4,37.41083468085997,37.41083468085997,True
1466445165,37.1,37.24413422133679,37.24413422133679,True
1466445170,37.0,37.0,36.577386967186875,False
1466445173,37.0,36.91649861884748,36.91649861884748,True
1466445247,36.9,36.9,36.91158616162692,False
1466445305,36.9,36.9,37.275936937439546,False
1466445333,37.0,37.44644252609155,37.44644252609155,True
1466445356,37.0,37.0,36.89662455743485,False
1466445430,36.9,36.9,36.86227276041879,False
1466445491,36.9,36.9,37.248361853926426,False
1466445497,36.9,36.640677762004806,36.640677762004806,True
1466445514,37.0,37.0,36.975949810410405,False
1466445549,37.2,36.54074364013895,36.54074364013895,True
1466445640,37.2,37.2,36.58663789788799,False
1466445648,37.2,37.2,37.05420192920951,False
1466445739,37.1,37.48845778702481,37.48845778702481,True
1466445814,37.1,37.109806815713995,37.109806815713995,True
1466445879,37.1,37.1,36.70267970411466,False
1466445909,37.1,37.23141121828267,37.23141121828267,True
1466445965,37.1,36.57379362326128,36.57379362326128,True
1466446021,37.0,37.43374273721553,37.43374273721553,True
1466446045,37.0,37.0,36.656545528528426,False
1466446071,37.0,37.0,37.04836582162226,False
1466446120,37.3,36.94762343309893,36.94762343309893,True
1466446168,37.3,37.22012548799358,37.22012548799358,True
1466446253,37.3,37.411775794222805,37.411775794222805,True
1466446302,37.3,36.85816294520107,36.85816294520107,True
1466446389,37.3,37.3,37.19703389748571,False
1466446404,37.3,37.12755392317119,37.12755392317119,True
1466446494,37.3,37.3,37.24452281222562,False
1466446594,37.3,37.3,36.9846231290792,False
1466446643,37.3,37.3,37.35061300750073,False
1466446669,37.1,36.83348749185687,36.83348749185687,True
1466446690,37.3,37.15694725914007,37.15694725914007,True
1466446735,37.3,37.3,37.06733848773634,False
1466446766,37.3,36.96059089452965,36.96059089452965,True
1466446852,37.2,36.83677070141787,36.83677070141787,True
1466446902,37.2,37.21437983223225,37.21437983223225,True
1466446945,37.2,37.2,36.774744462819136,False
1466446987,37.2,37.2,37.307802924077286,False
1466447036,37.1,37.1,36.79300298473621,False
1466447112,37.1,37.1,36.93524530654653,False
1466447129,37.1,37.1,37.1542727372495,False
1466447189,37.1,37.1,36.69925380986928,False
1466447224,37.2,37.14276108347924,37.14276108347924,True
1466447270,37.6,36.664893149587705,36.664893149587705,True
1466447272,37.3,37.3,36.97766919245055,False
1466447348,37.3,36.802008787695804,36.802008787695804,True
1466447359,37.2,36.677477664994925,36.677477664994925,True
1466447388,37.2,36.79746439884418,36.79746439884418,True
1466447390,37.8,37.8,37.127654964597696,False
1466447425,37.8,36.843413049179595,36.843413049179595,True
1466447463,37.8,37.8,36.8383988613543,False
1466447485,37.8,37.8,37.22041294273945,False
1466447545,37.8,36.69634802105084,36.69634802105084,True
1466447553,37.8,37.235328865397555,37.235328865397555,True
1466447554,37.8,37.380401036436886,37.380401036436886,True
1466447573,37.8,36.56454818663214,36.56454818663214,True
1466447634,37.8,36.79738390803074,36.79738390803074,True
1466447695,37.3,37.35997250196347,37.35997250196347,True
1466447762,37.3,37.40533940504965,37.40533940504965,True
1466447844,37.3,37.3,36.8997532079272,False
1466447885,37.3,37.3,37.45958087443162,False
1466447943,37.3,37.3,37.47105853555555,False
1466447956,38.0,38.0,36.6525060939747,False
1466448041,37.2,37.2,36.84493723241825,False
1466448140,37.2,37.15431839926991,37.15431839926991,True
1466448215,37.1,37.1,36.98389283576068,False
1466448270,37.4,36.545001192223324,36.545001192223324,True
1466448302,37.4,37.4,37.10528032114339,False
1466448368,37.4,36.945251962476284,36.945251962476284,True
1466448422,37.4,37.4,36.55677550846622,False
1466448517,37.4,37.4,36.818650201458595,False
1466448614,37.4,37.00427891572684,37.00427891572684,True
1466448701,37.4,37.4,36.962161652531584,False
1466448743,37.4,37.4,37.13605158682877,False
1466448805,37.3,36.512141622094234,36.512141622094234,True
1466448844,37.3,37.3,37.44056460263012,False
1466448896,37.2,37.2,36.78799741860925,False
1466448984,37.9,37.9,37.366757195254905,False
1466449031,37.9,37.9,36.59747872287402,False
1466449045,37.9,37.9,36.54287993942683,False
1466449099,37.9,36.79630768565491,36.79630768565491,True
1466449171,37.4,37.4,37.1796890520208,False
1466449261,37.4,36.76396226627899,36.76396226627899,True
1466449280,37.4,37.23207342022006,37.23207342022006,True
1466449359,37.1,37.205077329762375,37.205077329762375,True
1466449442,37.1,37.15648391093302,37.15648391093302,True
1466449496,37.3,37.3,36.72686168279692,False
1466449537,37.3,36.65906974911997,36.65906974911997,True
1466449555,37.3,36.999439566648235,36.999439566648235,True
1466449629,36.9,37.3048567552324,37.3048567552324,True
1466449635,37.1,37.263819974736755,37.263819974736755,True
1466449721,37.1,37.1,37.45661703114379,False
1466449772,37.4,37.4,36.620359453605865,False
1466449872,37.2,37.07766223453297,37.07766223453297,True
1466449873,37.2,36.66823928501368,36.66823928501368,True
1466449884,37.2,37.2,37.412167058224874,False
1466449937,37.2,37.141396708790126,37.141396708790126,True
1466449953,37.2,37.04012987861223,37.04012987861223,True
1466449959,37.3,37.28779696995729,37.28779696995729,True
1466449961,37.4,37.4,36.90808463551703,False
1466450018,37.4,37.4,36.8701297095111,False
1466450075,37.3,37.3,37.1960428007317,False
1466450150,37.3,37.3,36.84628258167202,False
1466450177,37.3,37.3,36.720076897944544,False
1466450255,37.3,37.3,37.46922505167156,False
1466450343,37.0,36.595194215198205,36.595194215198205,True
1466450348,37.0,36.58190490365718,36.58190490365718,True
1466450401,37.3,37.3,36.90475640168892,False
1466450433,37.3,37.46668772401959,37.46668772401959,True
1466450507,37.3,36.50945823145949,36.50945823145949,True
1466450536,37.3,37.44585653584141,37.44585653584141,True
1466450627,37.4,37.24105102396916,37.24105102396916,True
1466450723,37.2,37.2,36.97762887240251,False
1466450817,37.2,37.2,36.662793244332164,False
1466450900,37.1,37.4378486474574,37.4378486474574,True
1466450902,37.2,36.78483237371348,36.78483237371348,True
1466450971,37.2,37.2,36.79046078100915,False
1466451016,37.3,37.309885023360614,37.309885023360614,True
1466451023,37.3,37.3,37.07578729124375,False
1466451073,37.3,36.63572537046796,36.63572537046796,True
1466451166,37.3,37.3,36.5440694202147,False
1466451231,37.3,37.3,36.57104095767039,False
1466451245,37.3,37.3,37.060797011226,False
1466451293,37.3,37.3,37.07828188712856,False
1466451295,37.1,37.1,36.65612862184445,False
1466451378,37.4,37.26286467431781,37.26286467431781,True
1466451445,37.4,36.71662826386051,36.71662826386051,True
1466451508,37.2,37.2,36.618406598736804,False
1466451599,37.2,37.2,37.384647687997095,False
1466451686,37.2,36.76761426286744,36.76761426286744,True
1466451761,37.4,37.00293649059582,37.00293649059582,True
1466451857,37.3,37.13707025972989,37.13707025972989,True
1466451909,37.1,37.03605143713031,37.03605143713031,True
1466451919,37.1,37.28603598876924,37.28603598876924,True
1466452006,37.1,37.330996535396416,37.330996535396416,True
1466452035,37.1,37.1,37.32224657970833,False
1466452039,37.1,37.1,36.92861551434398,False
1466452104,37.1,37.1,36.66009066583079,False
1466452167,37.2,37.2,36.845860501428916,False
1466452238,37.3,37.3,37.003813068691855,False
1466452313,37.3,36.97091435735345,36.97091435735345,True
1466452339,37.3,37.40096989770453,37.40096989770453,True
1466452419,37.3,36.95557908684738,36.95557908684738,True
1466452424,37.3,36.989608105774344,36.989608105774344,True
1466452435,37.2,37.2,36.914771172997796,False
1466452531,37.2,37.2,37.19687287367113,False
1466452584,37.2,37.2,36.91644891471187,False
1466452625,37.2,37.2,36.74778760292059,False
1466452676,37.2,37.27513951525513,37.27513951525513,True
1466452752,37.2,37.2,36.704965763759326,False
1466452796,37.1,37.1,37.06594396818857,False
1466452825,37.2,37.003948439857304,37.003948439857304,True
1466452860,37.2,37.378251292040424,37.378251292040424,True
1466452960,37.2,37.37978634755386,37.37978634755386,True
1466452979,37.4,37.4,37.31839202740433,False
1466453002,37.4,37.4,37.1928483194908,False
1466453016,37.4,37.02488616397286,37.02488616397286,True
1466453025,37.4,36.83512398833082,36.83512398833082,True
1466453089,37.4,37.122463657034274,37.122463657034274,True
1466453141,37.4,36.572554447148995,36.572554447148995,True
1466453154,37.4,36.746708646389486,36.746708646389486,True
1466453184,37.4,37.32627417148992,37.32627417148992,True
1466453202,37.3,37.3,36.55262497957171,False
1466453203,37.3,37.3,36.988144349921676,False
1466453222,37.3,36.66449326057097,36.66449326057097,True
1466453321,37.3,37.3,37.139004426848665,False
1466453379,37.1,37.37599838171289,37.37599838171289,True
1466453392,37.3,37.027422167899616,37.027422167899616,True
1466453422,37.3,36.663281570829795,36.663281570829795,True
1466453502,37.3,36.98227087883874,36.98227087883874,True
1466453518,37.3,36.56224938619834,36.56224938619834,True
1466453563,37.3,36.688601907537056,36.688601907537056,True
1466453604,37.5,37.5,36.94757585062254,False
1466453639,37.5,36.93181187939088,36.93181187939088,True
1466453705,37.5,37.5,37.24813401182793,False
1466453795,37.5,37.5,37.47187683431841,False
1466453816,37.1,36.60926038734802,36.60926038734802,True
1466453870,37.1,36.59776176798642,36.59776176798642,True
1466453910,37.1,37.11035324810849,37.11035324810849,True
1466454002,37.8,37.8,36.63763832944131,False
1466454051,37.8,37.8,36.6487080353384,False
1466454087,37.8,36.87823337170661,36.87823337170661,True
1466454129,37.8,37.8,36.698724826441136,False
1466454227,37.8,37.8,36.7030411351261,False
1466454259,37.8,36.970601561141514,36.970601561141514,True
1466454262,37.8,37.28044406196303,37.28044406196303,True
1466454298,37.8,36.99003529599034,36.99003529599034,True
1466454388,37.8,37.8,36.99753494731459,False
1466454399,37.1,37.1,37.13717165355527,False
1466454473,37.3,37.16066296329938,37.16066296329938,True
1466454529,37.4,37.4,36.78236313786507,False
1466454559,37.4,36.62695109086153,36.62695109086153,True
1466454648,37.4,37.4,37.218467698136834,False
1466454745,37.4,37.4,36.50371086062802,False
1466454763,37.4,37.2150861477999,37.2150861477999,True
1466454851,37.8,37.8,36.644769339700325,False
1466454936,37.8,37.8,37.290051148015664,False
1466454949,37.8,37.8,36.67965972309072,False
1466455032,37.8,37.8,36.77802714360451,False
1466455065,37.2,36.96391493804032,36.96391493804032,True
1466455119,37.4,36.98943503897706,36.98943503897706,True
1466455172,37.4,37.4,37.15536954992851,False
1466455196,37.4,37.32489595449389,37.32489595449389,True
1466455271,37.4,37.4,36.77852221711801,False
1466455357,37.3,37.3,37.21745880485612,False
1466455361,37.3,37.40118656393306,37.40118656393306,True
1466455394,37.3,37.487617221400086,37.487617221400086,True
1466455475,37.3,37.3,37.32426476781393,False
1466455497,37.3,36.51130961464035,36.51130961464035,True
1466455561,37.3,37.3,36.51074743387465,False
1466455575,37.2,37.473742330538634,37.473742330538634,True
1466455587,37.8,37.8,36.5341555670089,False
1466455651,37.8,37.8,36.569071574166045,False
1466455658,37.8,37.2012738173958,37.2012738173958,True
1466455732,37.8,37.8,36.77329544345761,False
1466455812,37.8,37.8,36.67202670211152,False
1466455910,37.8,36.90240588832754,36.90240588832754,True
1466455951,37.7,36.81230592978196,36.81230592978196,True
1466455999,37.7,36.59567606503365,36.59567606503365,True
1466456054,37.7,37.7,36.74480968948838,False
1466456058,37.7,37.177087919397046,37.177087919397046,True
1466456074,38.0,37.02124231967378,37.02124231967378,True
1466456088,38.0,38.0,36.75492028087294,False
1466456118,38.0,38.0,36.992471555008315,False
1466456218,38.0,38.0,36.948957117123136,False
1466456265,37.4,36.81911031179342,36.81911031179342,True
1466456270,37.2,36.93037171610723,36.93037171610723,True
1466456312,37.2,37.2,36.722091963123574,False
1466456346,37.2,37.32118604770071,37.32118604770071,True
1466456374,37.2,37.2,37.018380861377814,False
1466456406,37.9,37.181748560567314,37.181748560567314,True
1466456482,37.9,37.9,37.43363321860433,False
1466456512,37.9,37.9,37.316912112515155,False
1466456610,37.2,37.2,37.484991244971816,False
1466456683,37.2,37.2,37.0636851223579,False
1466456768,37.2,37.27977818727103,37.27977818727103,True
1466456856,37.2,36.95074304019198,36.95074304019198,True
1466456927,37.3,37.19596316032057,37.19596316032057,True
1466457014,37.3,37.3,36.72966653757572,False
1466457032,37.3,36.778230901700894,36.778230901700894,True
1466457067,37.2,37.2,37.382357974023726,False
1466457157,37.2,37.29935940600422,37.29935940600422,True
1466457215,37.2,36.788764967331176,36.788764967331176,True
1466457267,37.1,37.38052788412508,37.38052788412508,True
1466457357,37.1,37.30275780656633,37.30275780656633,True
1466457434,37.3,37.3,36.929370805881376,False
1466457487,37.1,36.91604379108467,36.91604379108467,True
1466457559,37.4,37.16890925328274,37.16890925328274,True
1466457603,37.2,36.6883220414073,36.6883220414073,True
1466457671,37.2,37.0308897873514,37.0308897873514,True
1466457713,37.2,37.2,37.312612255946654,False
1466457745,37.3,36.798744434868155,36.798744434868155,True
1466457782,37.5,37.5,36.84369936750135,False
1466457802,38.0,37.41782087631238,37.41782087631238,True
1466457817,38.0,38.0,37.08871266275388,False
1466457865,38.0,36.933868489493285,36.933868489493285,True
1466457884,38.0,37.29979301756267,37.29979301756267,True
1466457885,37.1,37.1,37.11268489962769,False
1466457917,37.1,36.60444363056987,36.60444363056987,True
1466457973,37.1,36.689392584261256,36.689392584261256,True
1466458045,37.1,37.05886507547309,37.05886507547309,True
1466458135,37.1,37.1,36.674579295399994,False
1466458151,37.1,36.9941188827309,36.9941188827309,True
1466458230,37.1,37.1,37.35228099403319,False
1466458324,37.9,37.9,36.991829613967674,False
1466458362,37.3,37.323660393864586,37.323660393864586,True
1466458438,37.3,36.60848542710346,36.60848542710346,True
1466458454,37.3,37.3,36.99634257728185,False
1466458496,37.4,37.43049091448412,37.43049091448412,True
1466458509,37.4,37.40248618827269,37.40248618827269,True
1466458580,37.4,37.4,37.343140188366974,False
1466458590,37.4,37.46703023408475,37.46703023408475,True
1466458626,37.4,37.254969082033725,37.254969082033725,True
1466458642,37.4,37.4,36.6690235993123,False
1466458665,37.4,37.4,36.885629190567165,False
1466458694,37.4,36.8912272891734,36.8912272891734,True
1466458762,37.9,36.56216519763963,36.56216519763963,True
1466458793,37.9,37.9,37.49538791046314,False
1466458824,37.9,37.9,36.82618625935282,False
1466458906,37.9,37.9,37.45239587174457,False
1466458982,37.9,37.9,37.008547920355994,False
1466459068,37.9,37.182170065728556,37.182170065728556,True
1466459159,37.9,37.9,36.87082038405302,False
1466459184,37.9,37.9,36.81314413437913,False
1466459273,37.9,37.9,36.61362271021674,False
1466459372,37.6,37.6,36.84484299218984,False
1466459415,37.3,37.39451701240984,37.39451701240984,True
1466459483,37.3,37.3,37.46390038767677,False
1466459504,37.3,37.3,37.01371426037173,False
1466459588,37.3,37.3,37.137477607187655,False
1466459595,37.3,37.05817089995354,37.05817089995354,True
1466459673,37.4,37.32291498748651,37.32291498748651,True
1466459726,37.3,36.81774950703005,36.81774950703005,True
1466459800,37.3,37.3,37.029212682704255,False
1466459857,37.1,37.1,37.17152567633294,False
1466459887,37.1,37.1,37.305187027903166,False
1466459913,37.1,36.76064966552601,36.76064966552601,True
1466459974,37.2,36.961607184479725,36.961607184479725,True
1466459995,37.2,37.2,37.1751225624065,False
1466460001,37.3,37.3,36.95167505411857,False
1466460054,37.3,37.3,36.75807968194076,False
1466460130,37.3,37.103815037256425,37.103815037256425,True
1466460215,37.3,37.269537657935224,37.269537657935224,True
1466460252,37.3,36.65690303399791,36.65690303399791,True
1466460272,37.4,36.97569686614821,36.97569686614821,True
1466460346,37.4,37.00613304239846,37.00613304239846,True
1466460440,37.3,36.82810388672739,36.82810388672739,True
1466460461,37.3,37.3,37.01973527995464,False
1466460528,37.3,37.3,37.20237671835514,False
1466460610,37.3,36.9641904762697,36.9641904762697,True
1466460630,37.3,37.3,37.1337747149259,False
1466460691,37.3,37.3,37.08658983222934,False
1466460706,37.3,37.3,36.66003593081829,False
1466460739,37.3,36.66677947444794,36.66677947444794,True
1466460765,37.3,37.3,36.84101510087115,False
1466460795,37.3,36.82048996832215,36.82048996832215,True
1466460877,37.3,37.3,36.623138735131036,False
1466460973,37.3,37.3,36.62819130880157,False
1466461009,37.3,37.3,36.54590618234955,False
1466461027,37.8,37.38478538842529,37.38478538842529,True
1466461032,37.3,37.15980464487566,37.15980464487566,True
1466461096,37.3,36.74034439387664,36.74034439387664,True
1466461169,37.5,37.5,36.94355740106539,False
1466461256,37.5,36.78411053539093,36.78411053539093,True
1466461351,37.7,37.16766292010779,37.16766292010779,True
1466461451,37.6,37.6,37.251350564597445,False
1466461531,37.6,37.479669868193554,37.479669868193554,True
1466461568,37.6,37.6,36.501691472266586,False
1466461583,37.4,37.06837293735106,37.06837293735106,True
1466461647,37.3,37.3,37.10531127385656,False
1466461703,37.3,36.506545099540986,36.506545099540986,True
1466461794,37.1,37.1,37.0455597687785,False
1466461813,37.1,37.1,37.37916413047701,False
1466461910,37.1,37.1,37.35095021813867,False
1466461988,37.1,37.1,37.04386719122806,False
1466462056,37.1,37.16887580497608,37.16887580497608,True
1466462101,37.1,37.1,36.94289940793794,False
1466462155,37.1,36.791015853586224,36.791015853586224,True
1466462215,37.2,37.345629888632075,37.345629888632075,True
1466462278,37.3,36.917115918937874,36.917115918937874,True
1466462368,37.3,37.17515456844318,37.17515456844318,True
1466462412,37.3,37.3,36.794932942350215,False
1466462512,37.3,37.07278726946604,37.07278726946604,True
1466462594,37.3,37.42792006108353,37.42792006108353,True
1466462671,37.3,36.725081170867995,36.725081170867995,True
1466462716,37.3,36.99891379282857,36.99891379282857,True
1466462746,37.3,37.3,37.08753468474524,False
1466462782,37.3,36.75092175741942,36.75092175741942,True
1466462820,37.3,37.3,37.22883040740196,False
1466462833,37.3,37.3739847687708,37.3739847687708,True
1466462842,37.3,37.3,36.64872684843219,False
1466462850,37.2,37.2,36.90554463557291,False
1466462941,37.2,36.95480942075427,36.95480942075427,True
1466463026,37.4,37.4,37.100511009219495,False
1466463117,37.4,37.4,36.79128862275835,False
1466463139,37.2,37.2,36.949505077149794,False
