1466410104,97.6,99.35428102565024,99.35428102565024,True
1466410114,98.1,96.34937766710344,96.34937766710344,True
1466410130,98.1,96.21305134278144,96.21305134278144,True
1466410181,98.1,98.1,97.33042511071433,False
1466410203,98.2,98.29953710449185,98.29953710449185,True
1466410250,98.1,98.1,96.67699984796053,False
1466410309,98.1,98.1,97.5955312387017,False
1466410397,98.4,98.7061571833368,98.7061571833368,True
1466410430,98.2,98.2,98.47715735226645,False
1466410469,98.2,98.2,99.30639554201106,False
1466410483,97.4,97.4,96.03329847112295,False
1466410498,96.5,96.5,96.29064137397026,False
1466410502,97.3,97.56947912474679,97.56947912474679,True
1466410532,96.8,96.8,99.09345446095878,False
1466410541,97.8,97.8,99.73635712487629,False
1466410573,98.6,98.6,97.46753645885387,False
1466410630,98.6,95.9311774884667,95.9311774884667,True
1466410653,98.6,99.96987828266843,99.96987828266843,True
1466410746,97.9,98.2089368757073,98.2089368757073,True
1466410814,96.8,95.32271606271716,95.32271606271716,True
1466410890,95.2,98.65315232288985,98.65315232288985,True
1466410902,96.7,96.7,97.35198911792665,False
1466410978,96.8,96.8,99.3564522443883,False
1466411008,95.3,95.3,95.81692683600231,False
1466411066,95.3,95.3,98.10795678569612,False
1466411094,95.1,95.1,94.27933622661071,False
1466411157,95.1,95.1,94.55774662051672,False
1466411223,95.1,98.72858690218939,98.72858690218939,True
1466411226,94.7,94.7,99.52284248284519,False
1466411272,94.7,94.7,99.51402056862786,False
1466411303,95.2,95.2,95.13353619506255,False
1466411318,94.9,96.15501637768418,96.15501637768418,True
1466411396,94.9,94.9,96.1293870457103,False
1466411493,96.0,96.96360130686955,96.96360130686955,True
1466411549,94.4,94.4,98.19920301239713,False
1466411560,94.4,99.09777577126006,99.09777577126006,True
1466411626,94.0,94.0,99.25022635632607,False
1466411723,95.0,95.0,94.83669208254517,False
1466411763,95.7,95.7,98.4474392893971,False
1466411785,96.8,96.8,97.04918884955691,False
1466411854,97.4,97.4,99.0299677191455,False
1466411889,98.6,95.7645622028796,95.7645622028796,True
1466411988,99.2,99.2,94.71763526905553,False
1466412022,99.1,98.73368136503896,98.73368136503896,True
1466412046,99.7,94.1612212991598,94.1612212991598,True
1466412076,98.2,95.95227193280454,95.95227193280454,True
1466412152,98.2,96.84408812636008,96.84408812636008,True
1466412181,98.7,98.7,95.49136367154712,False
1466412201,97.4,97.4,95.27905459868451,False
1466412260,96.1,98.33933708969352,98.33933708969352,True
1466412347,96.1,94.25891095957235,94.25891095957235,True
1466412360,95.5,95.5,96.49574821447801,False
1466412438,95.5,95.5,95.70854258771193,False
1466412521,95.5,94.09387814380436,94.09387814380436,True
1466412599,94.2,94.2,98.37179975264083,False
1466412639,94.2,95.29041260032639,95.29041260032639,True
1466412691,94.5,98.94655018146015,98.94655018146015,True
1466412747,95.2,95.2,97.07535319123905,False
1466412794,96.2,96.2,94.50052868976546,False
1466412819,95.4,94.15390073499009,94.15390073499009,True
1466412832,95.4,95.4,99.10083852091162,False
1466412874,95.4,99.54389655114446,99.54389655114446,True
1466412943,95.0,96.5481950756197,96.5481950756197,True
1466412971,95.0,98.78617300052694,98.78617300052694,True
1466412990,95.0,94.16706755692225,94.16706755692225,True
1466413028,95.0,96.28937236465852,96.28937236465852,True
1466413053,95.7,95.7,98.2004899311579,False
1466413125,96.7,96.7,99.37587878888735,False
1466413200,96.7,97.5846981663971,97.5846981663971,True
1466413264,95.1,95.1,97.0237897782285,False
1466413311,95.2,97.13112730747815,97.13112730747815,True
1466413342,95.2,95.2,95.68212232300952,False
1466413440,96.5,99.80263998297733,99.80263998297733,True
1466413458,96.5,96.61429670239137,96.61429670239137,True
1466413529,96.5,96.5,96.76707136681142,False
1466413542,95.1,94.3572405059163,94.3572405059163,True
1466413638,94.7,99.35781113250769,99.35781113250769,True
1466413672,95.1,98.45861342317357,98.45861342317357,True
1466413733,95.1,98.24425414920763,98.24425414920763,True
1466413779,96.0,98.83947793580795,98.83947793580795,True
1466413780,95.5,95.5,96.51180322732156,False
1466413864,96.6,94.30585422604169,94.30585422604169,True
1466413885,96.7,96.7,95.00610362872797,False
1466413946,96.5,96.5,97.95634209825138,False
1466414033,97.7,98.11472047550195,98.11472047550195,True
1466414071,97.7,97.7,95.61593621357223,False
1466414164,99.0,99.0,98.94165930245782,False
1466414225,99.0,99.0,96.03215121663902,False
1466414312,97.7,97.7,98.79345534872093,False
1466414325,97.7,98.12575447040865,98.12575447040865,True
1466414328,99.3,95.80854780084577,95.80854780084577,True
1466414329,99.3,96.1379902379501,96.1379902379501,True
1466414402,99.3,99.3,94.51487123399122,False
1466414407,99.3,96.13855312645592,96.13855312645592,True
1466414413,99.3,99.3,94.52984342109487,False
1466414460,99.3,97.99755689808691,97.99755689808691,True
1466414552,99.3,95.15627293776457,95.15627293776457,True
1466414602,99.7,98.19714919978792,98.19714919978792,True
1466414662,99.5,99.5,98.00652263871581,False
1466414746,99.7,94.04631309924024,94.04631309924024,True
1466414844,98.5,95.43445399202243,95.43445399202243,True
1466414943,98.5,98.5,96.66478121610147,False
1466414946,97.2,97.2,98.4798562924569,False
1466414966,96.6,96.6,99.7970494879963,False
1466415038,97.9,97.9,99.69743366502597,False
1466415106,99.4,99.4,95.25351234992074,False
1466415130,99.4,99.4,94.2674461047198,False
1466415145,98.5,98.5,97.89614861071367,False
1466415202,97.6,98.53494953169395,98.53494953169395,True
1466415239,97.6,96.9809879908445,96.9809879908445,True
1466415249,98.0,98.0,95.73814001846897,False
1466415308,98.0,94.85228714898417,94.85228714898417,True
1466415357,99.0,99.0,95.03407712704292,False
1466415404,99.0,99.0,95.10238424185924,False
1466415469,99.5,99.58649354372447,99.58649354372447,True
1466415548,99.5,99.5,94.58726693275602,False
1466415588,98.7,96.00918548936839,96.00918548936839,True
1466415627,98.4,98.4,94.43792821893398,False
1466415719,98.4,95.62578963069222,95.62578963069222,True
1466415767,97.9,97.86084662537486,97.86084662537486,True
1466415860,98.4,98.4,95.20260669360893,False
1466415872,98.4,95.68702256418379,95.68702256418379,True
1466415914,97.5,96.97785306845573,96.97785306845573,True
1466415934,97.2,96.20953724231654,96.20953724231654,True
1466415988,98.5,95.80989648376645,95.80989648376645,True
1466416004,97.3,97.3,94.7253618764153,False
1466416050,98.4,98.4,94.87884941998124,False
1466416150,99.8,96.44810879746574,96.44810879746574,True
1466416161,99.7,99.7,95.37212301048586,False
1466416215,98.3,98.3,96.44913045110818,False
1466416315,98.9,98.9,98.56412984017017,False
1466416321,98.4,98.22532219395738,98.22532219395738,True
1466416393,98.1,94.6969191676806,94.6969191676806,True
1466416440,99.5,99.5,95.30567836941408,False
1466416510,99.8,99.8,99.68491527635352,False
1466416541,99.6,99.6,99.5902990949125,False
1466416631,99.6,96.26111139510405,96.26111139510405,True
1466416671,99.0,94.70046136804233,94.70046136804233,True
1466416725,97.9,97.9,94.28245396487353,False
1466416815,99.2,99.2,97.18706763124118,False
1466416867,98.3,98.3,95.3622480830715,False
1466416933,99.5,99.5,96.16334224263805,False
1466416963,98.5,99.42669468403174,99.42669468403174,True
1466417034,98.8,96.43394374682154,96.43394374682154,True
1466417069,98.8,98.8,97.84466326804304,False
1466417095,98.2,99.41090601192752,99.41090601192752,True
1466417123,98.2,96.69328372988409,96.69328372988409,True
1466417219,98.2,98.2,96.05335654253474,False
1466417228,98.1,94.0165419742458,94.0165419742458,True
1466417235,98.1,98.1,95.8243650590721,False
1466417266,98.1,98.1,95.71449880485343,False
1466417298,98.1,98.1,98.8933381936632,False
1466417382,98.1,98.3908089696182,98.3908089696182,True
1466417429,98.1,98.39851424932519,98.39851424932519,True
1466417434,98.1,96.49582364048894,96.49582364048894,True
1466417513,98.0,98.0,98.32765347309608,False
1466417598,98.0,94.88493347941788,94.88493347941788,True
1466417615,97.8,99.8682997900696,99.8682997900696,True
1466417654,97.8,97.8,98.69962250916016,False
1466417749,97.8,98.93408822979592,98.93408822979592,True
1466417763,98.8,98.8,95.83991569876048,False
1466417822,99.6,94.34333607493636,94.34333607493636,True
1466417851,99.6,99.6,94.28712966857363,False
1466417855,99.6,99.6,94.57916093578126,False
1466417879,99.3,94.63971841525287,94.63971841525287,True
1466417895,99.6,99.6,94.08768809641565,False
1466417969,98.0,95.20399658326006,95.20399658326006,True
1466418049,98.8,98.8,95.92268844806719,False
1466418118,98.1,99.14434740557384,99.14434740557384,True
1466418129,99.4,99.4,96.66061560749203,False
1466418179,97.8,97.8,95.32061029475773,False
1466418254,98.3,97.57886982588009,97.57886982588009,True
1466418332,98.0,96.82228110580446,96.82228110580446,True
1466418428,98.1,96.56452104653177,96.56452104653177,True
1466418494,98.1,98.1,99.88774379778935,False
1466418554,96.8,96.8,98.19421025447045,False
1466418563,96.2,96.2,98.47598083354953,False
1466418564,95.8,95.8,94.05907098675365,False
1466418594,95.9,95.9,99.58548562042576,False
1466418674,96.4,96.4,96.74811071873646,False
1466418748,96.4,96.4,94.66867020610881,False
1466418847,96.0,95.5914345816963,95.5914345816963,True
1466418877,96.0,96.0,99.5317622376833,False
1466418917,95.4,97.51503929667335,97.51503929667335,True
1466418938,96.9,96.37313694959158,96.37313694959158,True
1466419031,96.6,99.3725199380645,99.3725199380645,True
1466419058,95.7,96.54331977276313,96.54331977276313,True
1466419104,95.4,95.4,96.15307373233817,False
1466419166,95.6,95.85184037032556,95.85184037032556,True
1466419261,95.6,95.52049598622844,95.52049598622844,True
1466419349,95.0,99.46537225159747,99.46537225159747,True
1466419442,95.8,95.8,97.76168393996029,False
1466419530,95.6,95.6,94.89742272483342,False
1466419595,95.6,94.77245699336167,94.77245699336167,True
1466419646,96.2,96.2,94.73479716769695,False
1466419737,95.5,94.12297207438637,94.12297207438637,True
1466419826,95.5,98.09907045257405,98.09907045257405,True
1466419880,96.5,98.33694924498444,98.33694924498444,True
1466419911,96.5,94.0896296558158,94.0896296558158,True
1466419938,95.5,95.5,97.87893405962508,False
1466420016,95.5,95.5,96.3796846804493,False
1466420019,97.2,99.28375890727835,99.28375890727835,True
1466420108,97.2,97.2,96.42995569184659,False
1466420205,97.2,97.4917727257524,97.4917727257524,True
1466420228,96.0,96.08822337627322,96.08822337627322,True
1466420257,96.0,95.25122036307464,95.25122036307464,True
1466420270,95.6,97.73997023117182,97.73997023117182,True
1466420296,97.1,94.79060352412623,94.79060352412623,True
1466420331,96.3,96.3,97.21254498574372,False
1466420407,95.9,94.05966943842775,94.05966943842775,True
1466420430,95.9,95.9,97.44765629700592,False
1466420453,96.2,96.2,96.61068557023737,False
1466420474,96.2,96.2,96.0264741846283,False
1466420566,96.8,98.07321793368266,98.07321793368266,True
1466420579,96.8,96.8,96.0637311835737,False
1466420618,95.6,96.94716921165733,96.94716921165733,True
1466420624,95.6,94.47620448008884,94.47620448008884,True
1466420643,94.3,94.3,95.7851673648275,False
1466420695,94.3,94.3,99.98277633602451,False
1466420788,94.3,94.3,97.80066438169194,False
1466420863,94.0,94.0,94.41295870957204,False
1466420947,94.0,95.51956249247158,95.51956249247158,True
1466421003,94.0,94.5418307249146,94.5418307249146,True
1466421032,94.5,94.5,98.13220166364441,False
1466421050,95.9,99.38166103814277,99.38166103814277,True
1466421116,96.3,96.3,96.67248953027061,False
1466421208,97.3,95.27375270759929,95.27375270759929,True
1466421234,97.8,97.8,98.86473088495119,False
1466421262,96.3,96.3,98.65443978688492,False
1466421353,96.3,96.3,95.192822234815,False
1466421360,94.8,96.78820418361865,96.78820418361865,True
1466421392,94.8,94.8,96.6488664165069,False
1466421480,96.4,96.4,97.06665186046871,False
1466421530,96.4,97.0315558030259,97.0315558030259,True
1466421547,96.6,96.6,98.66915337074308,False
1466421591,96.6,99.92550866906072,99.92550866906072,True
1466421633,95.5,95.5,97.54672102139558,False
1466421636,95.5,97.2323340218438,97.2323340218438,True
1466421670,95.5,99.78360076145506,99.78360076145506,True
1466421695,95.5,95.5,99.56611097473052,False
1466421721,95.5,97.35227332036553,97.35227332036553,True
1466421804,94.9,94.9,95.56325346895436,False
1466421819,95.6,95.6,99.33925187630592,False
1466421862,97.2,95.39997692619411,95.39997692619411,True
1466421885,96.3,96.3,94.78605952052358,False
1466421936,96.6,95.52578191962289,95.52578191962289,True
1466422012,95.1,95.40626743583464,95.40626743583464,True
1466422044,95.0,95.10487601226845,95.10487601226845,True
1466422045,95.9,95.9,99.29639920000537,False
1466422137,95.9,95.14703075979929,95.14703075979929,True
1466422162,95.9,95.9,96.35800365087107,False
1466422189,94.4,98.30775445625952,98.30775445625952,True
1466422197,95.2,97.05849273879777,97.05849273879777,True
1466422264,95.2,95.2,99.43119829325391,False
1466422330,95.2,96.02574014339439,96.02574014339439,True
1466422378,95.6,94.69112206409308,94.69112206409308,True
1466422432,95.7,95.7,97.47040271524978,False
1466422488,96.2,95.73105987809267,95.73105987809267,True
1466422577,96.1,98.81894140267266,98.81894140267266,True
1466422628,95.8,98.71720320228772,98.71720320228772,True
1466422638,95.8,95.8,95.82728672128067,False
1466422666,95.8,95.8,96.78604325051217,False
1466422706,95.8,97.35013515274032,97.35013515274032,True
1466422731,95.7,95.7,96.92794981662695,False
1466422804,94.0,99.06816311385387,99.06816311385387,True
1466422866,95.1,99.31980730404098,99.31980730404098,True
1466422873,94.5,94.5,95.61723067609826,False
1466422895,94.3,99.68264749561375,99.68264749561375,True
1466422953,94.3,99.0064452241864,99.0064452241864,True
1466422973,94.6,98.10154191643667,98.10154191643667,True
1466423017,94.7,99.5798132813877,99.5798132813877,True
1466423051,94.2,99.97193277030921,99.97193277030921,True
1466423099,94.2,94.2,99.60234117071658,False
1466423150,94.2,94.2,97.13615554693834,False
1466423155,95.8,95.8,94.95379578087676,False
1466423168,97.3,97.3,95.57221325856851,False
1466423205,98.9,98.19239659337936,98.19239659337936,True
1466423275,97.5,97.5,96.06280134774286,False
1466423287,97.5,97.23944067280111,97.23944067280111,True
1466423336,97.5,97.5,98.94817953786837,False
1466423340,97.5,97.5,95.62515786655703,False
1466423355,98.4,98.4,99.9831164269186,False
1466423443,97.1,97.1,95.00348813040267,False
1466423499,97.8,97.63939289982576,97.63939289982576,True
1466423585,99.0,94.17450815945325,94.17450815945325,True
1466423612,99.7,97.69339054332765,97.69339054332765,True
1466423669,99.3,98.86481658143516,98.86481658143516,True
1466423705,99.2,96.51750237628104,96.51750237628104,True
1466423770,99.2,99.2,96.32930667612564,False
1466423844,99.0,99.0,97.35601053590861,False
1466423902,99.0,99.0,98.67224558700904,False
1466423913,98.6,98.6,96.8605097388977,False
1466423972,98.6,98.6,98.06726682700408,False
1466424014,98.6,95.92882123753687,95.92882123753687,True
1466424069,98.6,94.30546585946101,94.30546585946101,True
1466424154,97.2,97.2,97.41378432225463,False
1466424155,97.2,97.2,94.78350842235312,False
1466424169,96.1,96.1,99.98598651361358,False
1466424262,95.8,94.90236899987525,94.90236899987525,True
1466424339,97.1,97.21940966400737,97.21940966400737,True
1466424398,97.1,98.43228247569338,98.43228247569338,True
1466424497,95.9,96.02117883885843,96.02117883885843,True
1466424558,96.9,95.26949456162548,95.26949456162548,True
1466424613,97.5,97.5,98.96559880052465,False
1466424713,97.5,98.00658545629295,98.00658545629295,True
1466424804,96.4,96.4,96.38538485624922,False
1466424878,96.4,96.4,99.53536639694326,False
1466424924,97.4,97.4,98.82944846022055,False
1466425009,97.4,97.83318505517153,97.83318505517153,True
1466425106,98.9,98.9,98.4221782074885,False
1466425129,97.6,97.6,97.29121378532369,False
1466425179,99.2,98.69356475443458,98.69356475443458,True
1466425257,97.9,96.21286979044396,96.21286979044396,True
1466425262,97.9,97.9,99.6023120778329,False
1466425305,98.8,98.8,98.0293140645613,False
1466425331,98.8,97.52469861934266,97.52469861934266,True
1466425338,98.8,98.0972069818679,98.0972069818679,True
1466425377,97.9,97.9,98.15270306135533,False
1466425380,99.3,99.3,95.29701801547616,False
1466425417,99.0,99.0,98.34934327231657,False
1466425484,98.6,99.06514582490423,99.06514582490423,True
1466425517,98.3,98.3,96.31737337849586,False
1466425553,98.3,98.3,96.62564901135195,False
1466425640,98.3,98.3,95.66818364994214,False
1466425687,98.3,95.83811880652723,95.83811880652723,True
1466425711,99.2,99.2,95.96850177787006,False
1466425768,99.6,99.6,98.90893167207696,False
1466425811,99.6,99.90622054606028,99.90622054606028,True
1466425856,98.4,95.07856789679701,95.07856789679701,True
1466425869,98.1,98.1,99.55784564063869,False
1466425884,98.1,98.1,98.91696552057435,False
1466425962,98.6,98.6,99.13560065609379,False
1466425974,98.6,97.41892419469764,97.41892419469764,True
1466426016,98.6,94.92454057973346,94.92454057973346,True
1466426024,98.6,97.60470855593466,97.60470855593466,True
1466426034,98.6,95.67338367099019,95.67338367099019,True
1466426130,99.4,94.57545400389101,94.57545400389101,True
1466426189,98.7,94.22147559086075,94.22147559086075,True
1466426198,99.1,99.1,95.03517724867176,False
1466426280,97.4,97.4,97.27510974877572,False
1466426298,98.3,98.3,95.06651485549928,False
1466426380,96.7,95.6534494742073,95.6534494742073,True
1466426420,95.0,95.0,96.23385450320714,False
1466426509,96.0,94.57409962318508,94.57409962318508,True
1466426521,94.6,97.51063640023773,97.51063640023773,True
1466426535,94.6,94.6,98.22308762456288,False
1466426563,94.6,94.6,97.66553159732817,False
1466426620,94.6,94.6,94.19023665925096,False
1466426694,94.7,94.7,96.29437740666503,False
1466426764,95.8,98.25704937909035,98.25704937909035,True
1466426778,95.8,95.8,97.71278140702454,False
1466426866,96.8,96.8,97.49557734896472,False
1466426938,97.3,97.3,98.7887652848935,False
1466427022,97.5,99.39509291530018,99.39509291530018,True
1466427059,96.0,96.0,95.71949290151758,False
1466427125,96.0,94.85201003702917,94.85201003702917,True
1466427204,94.5,94.5,94.40565704284313,False
1466427240,95.7,95.7,99.40302735103467,False
1466427317,95.9,99.2226481277568,99.2226481277568,True
1466427319,95.9,95.9,99.33981900002951,False
1466427331,96.8,97.98234031143195,97.98234031143195,True
1466427425,96.2,99.33439886964163,99.33439886964163,True
1466427458,96.2,96.78730577533395,96.78730577533395,True
1466427495,96.3,96.3,96.91321502477123,False
1466427543,94.8,97.51776345595013,97.51776345595013,True
1466427625,94.8,94.41557266865875,94.41557266865875,True
1466427663,96.2,96.2,96.65798214202283,False
1466427672,97.7,97.7,94.07622720840172,False
1466427684,96.1,96.1,98.5766571469478,False
1466427739,96.3,96.3,95.7825292445634,False
1466427769,95.1,96.06570051042911,96.06570051042911,True
1466427775,94.2,94.2,94.82180347449453,False
1466427820,94.4,94.4,95.92662350070701,False
1466427837,94.4,94.4,97.13486845903245,False
1466427846,94.4,94.4,96.35546380624348,False
1466427904,95.5,97.19245603343654,97.19245603343654,True
1466427997,95.5,95.5,95.27808810764841,False
1466428027,95.7,97.20618855609797,97.20618855609797,True
1466428114,95.3,95.3,99.46044956113425,False
1466428212,95.8,99.11186070612239,99.11186070612239,True
1466428294,96.9,95.76022157907141,95.76022157907141,True
1466428321,98.4,97.08388780749618,97.08388780749618,True
1466428340,97.5,96.09509204188869,96.09509204188869,True
1466428378,96.0,96.0,99.01577080633015,False
1466428463,94.6,98.75765075281147,98.75765075281147,True
1466428551,95.7,95.7,94.71418653385238,False
1466428575,97.2,95.79854460971863,95.79854460971863,True
1466428593,97.2,96.1386485495902,96.1386485495902,True
1466428682,97.2,97.6673651029019,97.6673651029019,True
1466428699,98.4,98.4,99.2099896965997,False
1466428719,98.2,98.2,96.37106734979805,False
1466428819,98.2,98.25438549684715,98.25438549684715,True
1466428850,98.2,98.2,95.43205793102985,False
1466428884,98.2,96.74337505273688,96.74337505273688,True
1466428973,98.2,98.2,99.50400204453439,False
1466429006,98.2,97.0265514608399,97.0265514608399,True
1466429026,96.9,96.9,98.57379530170661,False
1466429066,96.7,96.7,95.36131185560535,False
1466429072,96.7,96.7,95.2680266258204,False
1466429103,95.4,99.25105678491644,99.25105678491644,True
1466429110,97.0,97.0,95.19171397496231,False
1466429123,96.8,96.8,94.73429492952265,False
1466429168,95.9,96.65912643476163,96.65912643476163,True
1466429182,95.9,96.19444787354284,96.19444787354284,True
1466429184,97.0,99.37108180570797,99.37108180570797,True
1466429197,97.0,95.54937059933364,95.54937059933364,True
1466429280,96.0,98.3771903420096,98.3771903420096,True
1466429378,96.0,96.0,95.406523495072,False
1466429450,96.0,96.91075874120753,96.91075874120753,True
1466429455,96.0,96.0,97.95118451899822,False
1466429510,95.1,94.98517151031318,94.98517151031318,True
1466429565,94.9,94.9,99.72347514784288,False
1466429566,94.9,97.44979352208462,97.44979352208462,True
1466429592,94.9,95.93943264482448,95.93943264482448,True
1466429623,94.9,96.9058996036028,96.9058996036028,True
1466429691,95.9,95.9,94.908313344556,False
1466429733,94.7,98.81212958109413,98.81212958109413,True
1466429803,94.7,96.53381001218477,96.53381001218477,True
1466429832,94.7,94.7,95.11316283524215,False
1466429905,95.1,94.27146640479577,94.27146640479577,True
1466429997,96.0,96.0,94.03571320255088,False
1466430050,94.3,95.83755616652115,95.83755616652115,True
1466430088,94.5,97.32176101222485,97.32176101222485,True
1466430174,94.5,96.25464238872034,96.25464238872034,True
1466430247,95.2,95.2,98.14327752232435,False
1466430344,95.2,95.12878197270227,95.12878197270227,True
1466430375,94.2,95.86158926756005,95.86158926756005,True
1466430400,94.7,94.7,95.17090826496495,False
1466430457,95.2,96.88439295021902,96.88439295021902,True
1466430483,95.2,95.2,99.16509803448875,False
1466430517,96.1,95.77011757543681,95.77011757543681,True
1466430524,95.9,94.05664286391296,94.05664286391296,True
1466430592,94.8,98.46144145639828,98.46144145639828,True
1466430616,96.2,96.2,95.47394822200039,False
1466430631,96.2,96.2,99.53322444197852,False
1466430680,95.6,94.9604678478482,94.9604678478482,True
1466430734,95.6,95.6,99.04410274561685,False
1466430790,96.4,96.4,98.73865311842025,False
1466430815,96.4,99.93262976583289,99.93262976583289,True
1466430895,97.6,97.6,99.78235510222632,False
1466430916,98.2,94.86949553465745,94.86949553465745,True
1466430929,98.3,98.3,98.96778064589087,False
1466430936,97.5,96.39664456579013,96.39664456579013,True
1466431009,97.5,95.57265921012248,95.57265921012248,True
1466431036,97.7,97.7,94.11815412842348,False
1466431055,97.7,97.91548298021819,97.91548298021819,True
1466431145,97.7,97.7,94.78176443780418,False
1466431218,97.7,94.80272627749218,94.80272627749218,True
1466431290,97.7,99.7812812204104,99.7812812204104,True
1466431324,96.1,96.48346402905301,96.48346402905301,True
1466431400,97.1,99.51429795674169,99.51429795674169,True
1466431450,97.1,96.19082352704937,96.19082352704937,True
1466431526,95.8,95.8,94.93167784732769,False
1466431589,94.3,94.3,94.2196208008321,False
1466431661,95.7,95.40750156438229,95.40750156438229,True
1466431760,95.2,95.24935582844435,95.24935582844435,True
1466431796,95.7,95.7,96.00099741410637,False
1466431848,96.1,99.27910329051271,99.27910329051271,True
1466431879,96.4,95.1747140326055,95.1747140326055,True
1466431954,96.7,95.71481633585914,95.71481633585914,True
1466431958,96.7,94.12459777808114,94.12459777808114,True
1466432002,96.7,95.32373199922952,95.32373199922952,True
1466432101,95.3,95.3,99.37367257098808,False
1466432177,96.6,96.6,96.37263007008686,False
1466432194,96.6,95.04953702985657,95.04953702985657,True
1466432237,97.6,97.6,96.47323361588734,False
1466432280,98.2,98.83545730128856,98.83545730128856,True
1466432373,98.2,98.2,96.24462206422268,False
1466432389,98.2,98.2,94.42689159692368,False
1466432415,98.2,98.2,95.93162706107266,False
1466432417,98.2,98.2,98.06520696883017,False
1466432506,98.2,98.2,99.52839058848961,False
1466432569,98.2,96.5022991670121,96.5022991670121,True
1466432577,98.7,98.7,98.63603886399044,False
1466432670,98.2,98.65290427581557,98.65290427581557,True
1466432706,98.2,98.2,97.47416002379676,False
1466432804,99.5,94.13540699235364,94.13540699235364,True
1466432853,99.5,96.21498060091419,96.21498060091419,True
1466432947,99.5,99.66783392509403,99.66783392509403,True
1466433040,99.4,94.03844108524922,94.03844108524922,True
1466433128,99.4,99.90215171297862,99.90215171297862,True
1466433145,98.3,98.3,94.54683937695899,False
1466433195,97.3,95.48565220667032,95.48565220667032,True
1466433289,97.3,97.3,99.45254557115538,False
1466433375,97.3,97.3,97.01710728930996,False
1466433427,96.7,96.7,95.07531443133912,False
1466433478,96.5,95.61200870618138,95.61200870618138,True
1466433517,96.5,97.74574330365547,97.74574330365547,True
1466433615,95.1,98.86656330012934,98.86656330012934,True
1466433672,95.5,95.06908762729087,95.06908762729087,True
1466433762,96.7,99.32640336578987,99.32640336578987,True
1466433809,96.7,95.13341866308829,95.13341866308829,True
1466433873,98.4,98.4,95.91298980348104,False
1466433910,98.4,98.4,96.3614701304388,False
1466433994,98.4,96.91360287352254,96.91360287352254,True
1466434003,99.3,94.97402715456283,94.97402715456283,True
1466434045,99.7,95.75489414579422,95.75489414579422,True
1466434096,100.0,95.75051544282083,95.75051544282083,True
1466434173,100.0,98.71989704996915,98.71989704996915,True
1466434199,99.7,97.53515064841223,97.53515064841223,True
1466434224,99.7,95.77827192729889,95.77827192729889,True
1466434308,99.1,99.1,97.99229018439748,False
1466434359,99.7,96.49240801348714,96.49240801348714,True
1466434371,99.7,99.7,96.89472617261843,False
1466434457,98.7,96.20105056276023,96.20105056276023,True
1466434498,97.0,98.3152475206703,98.3152475206703,True
1466434552,98.3,98.3,95.51059731179734,False
1466434622,96.9,96.9,96.70750508480837,False
1466434691,95.3,96.32520836341307,96.32520836341307,True
1466434718,95.1,99.7032189641917,99.7032189641917,True
1466434727,95.1,97.02209355548814,97.02209355548814,True
1466434815,95.4,95.4,96.99590266669912,False
1466434892,95.4,95.4,96.59925307599431,False
1466434915,95.6,95.36929887344702,95.36929887344702,True
1466434946,94.1,98.98941601401934,98.98941601401934,True
1466434988,94.7,94.7,98.04363246504347,False
1466435020,94.7,94.7,96.1318480959398,False
1466435090,94.7,95.38540761833843,95.38540761833843,True
1466435099,96.1,96.14214933943724,96.14214933943724,True
1466435145,96.3,98.84690271962414,98.84690271962414,True
1466435186,97.7,97.7,95.93121424750326,False
1466435246,97.7,97.81261139209585,97.81261139209585,True
1466435284,97.2,97.2,94.48394977971907,False
1466435327,98.0,98.0,95.29475876535706,False
1466435369,98.0,98.0,97.19606368228894,False
1466435408,98.0,98.0,96.04974106908773,False
1466435468,98.0,97.64263972010654,97.64263972010654,True
1466435486,98.0,95.20064404720573,95.20064404720573,True
1466435555,96.7,97.80361160228439,97.80361160228439,True
1466435624,97.4,99.6059835003025,99.6059835003025,True
1466435659,96.3,96.42923409809065,96.42923409809065,True
1466435682,96.3,96.3,98.11759830798609,False
1466435712,96.3,96.3,96.6379322618762,False
1466435794,97.5,99.9967436004547,99.9967436004547,True
1466435878,98.4,97.0079507664839,97.0079507664839,True
1466435904,98.4,98.4,94.54933569064205,False
1466435971,98.4,98.4,95.33499100730157,False
1466436041,98.4,98.4,96.68310581600201,False
1466436059,96.8,96.8,96.29636635557138,False
1466436093,96.8,95.86684832619123,95.86684832619123,True
1466436178,98.1,96.7070901920072,96.7070901920072,True
1466436230,98.1,98.1,97.72980660345553,False
1466436280,99.6,97.10167491299393,97.10167491299393,True
1466436332,99.6,99.6,95.16906304017805,False
1466436333,99.6,95.88134816862271,95.88134816862271,True
1466436431,99.9,99.9,95.00551686615212,False
1466436520,99.9,99.9,97.34082321446898,False
1466436572,99.3,97.48157747105897,97.48157747105897,True
1466436647,99.3,97.24325730908025,97.24325730908025,True
1466436655,98.6,98.6,97.11319717339866,False
1466436727,98.6,98.6,98.2723946828613,False
1466436793,99.2,99.2,98.0794806547018,False
1466436879,99.2,99.2,99.43748862725512,False
1466436880,99.2,99.2,97.1464320038287,False
1466436939,99.2,99.2,94.9641116982041,False
1466437015,99.2,99.2,97.23775882179365,False
1466437048,97.6,97.6,97.43986399009994,False
1466437088,98.3,94.74914942726836,94.74914942726836,True
1466437105,98.1,98.1,95.56909140464163,False
1466437122,97.6,97.12033896463198,97.12033896463198,True
1466437160,97.6,97.6,97.29020638557935,False
1466437232,96.9,98.69043484969366,98.69043484969366,True
1466437321,96.9,96.9,99.25166311142225,False
1466437335,97.1,97.1,95.12104930896044,False
1466437358,97.1,94.49640058227084,94.49640058227084,True
1466437441,98.2,94.26003113561394,94.26003113561394,True
1466437480,99.0,95.40643965807641,95.40643965807641,True
1466437561,98.7,97.32268948297094,97.32268948297094,True
1466437653,98.7,94.49836228474486,94.49836228474486,True
1466437709,99.5,99.5,99.74659932563941,False
1466437798,99.5,99.5,96.69939461338237,False
1466437869,99.5,98.86264904157466,98.86264904157466,True
1466437952,98.8,99.26339895656471,99.26339895656471,True
1466438037,98.8,98.8,97.28345195094502,False
1466438054,97.4,94.81120647775192,94.81120647775192,True
1466438056,97.3,97.3,95.86778345109029,False
1466438136,97.3,97.3,96.53716434966472,False
1466438234,97.4,97.90885659233118,97.90885659233118,True
1466438261,96.4,97.9492515150634,97.9492515150634,True
1466438348,97.7,94.69242618564536,94.69242618564536,True
1466438407,98.4,95.0900348319723,95.0900348319723,True
1466438422,98.4,98.4,96.17186026220229,False
1466438476,98.4,98.4,97.30067937056482,False
1466438571,98.6,94.18039344548491,94.18039344548491,True
1466438612,98.6,97.21015883633744,97.21015883633744,True
1466438620,97.7,97.7,94.92123509877852,False
1466438698,96.9,97.42543212825214,97.42543212825214,True
1466438747,95.3,95.3,95.8733208695904,False
1466438795,95.3,98.22819182490453,98.22819182490453,True
1466438810,94.3,95.62858675088593,95.62858675088593,True
1466438888,95.3,95.3,98.15438978154003,False
1466438975,95.3,97.01194979026133,97.01194979026133,True
1466439000,95.0,95.0,98.30407723853004,False
1466439092,95.0,95.0,99.23521006391152,False
1466439150,95.0,95.0,94.16251755707694,False
1466439229,95.5,98.50806591119944,98.50806591119944,True
1466439279,96.2,96.2,95.15600390384822,False
1466439328,96.2,95.45865735768778,95.45865735768778,True
1466439351,96.2,99.29527719265631,99.29527719265631,True
1466439447,94.7,95.86504943167517,95.86504943167517,True
1466439466,95.4,95.4,99.32091816020709,False
1466439480,96.1,96.1,97.50659783239655,False
1466439560,95.7,95.7,95.16581677680539,False
1466439600,95.7,98.20786519423875,98.20786519423875,True
1466439645,95.7,96.86006260594574,96.86006260594574,True
1466439729,96.0,96.0,95.55065540765466,False
1466439772,96.0,96.0,94.85107822951089,False
1466439827,96.0,96.0,97.04653712727904,False
1466439849,95.4,95.4,95.85024525751604,False
1466439910,94.4,98.56345698872525,98.56345698872525,True
1466439990,94.7,94.7,99.45800094438209,False
1466440005,94.7,94.7,98.83834602704366,False
1466440006,94.7,94.7,96.29412122705853,False
1466440045,94.7,94.7,95.11292166161641,False
1466440066,95.5,95.5,96.33753658036298,False
1466440154,94.3,95.22852615082886,95.22852615082886,True
1466440214,95.6,95.6,96.81995831568072,False
1466440226,95.6,99.78628217390309,99.78628217390309,True
1466440304,95.6,98.49499346216689,98.49499346216689,True
1466440385,97.3,97.3,99.85221292670232,False
1466440451,98.2,98.2,96.93034651795732,False
1466440521,99.0,96.61468325151381,96.61468325151381,True
1466440581,98.1,98.1,96.25208223888207,False
1466440674,99.7,97.37925264542378,97.37925264542378,True
1466440727,99.2,97.83862414197405,97.83862414197405,True
1466440821,97.7,96.88260385943912,96.88260385943912,True
1466440827,96.0,98.62333904851533,98.62333904851533,True
1466440897,96.0,96.0,97.93935120842829,False
1466440923,96.0,96.46631830076281,96.46631830076281,True
1466441012,96.0,99.54553736916907,99.54553736916907,True
1466441049,96.0,96.0,96.5782127541475,False
1466441147,97.4,97.4,95.99831074604025,False
1466441213,96.7,95.70345697601486,95.70345697601486,True
1466441311,96.7,96.7,94.1182923275214,False
1466441318,96.7,96.34125014265538,96.34125014265538,True
1466441418,96.7,94.75524432505668,94.75524432505668,True
1466441510,96.7,96.7,96.25521620304295,False
1466441541,97.8,97.8,94.05697538236711,False
1466441579,98.3,95.54418539190033,95.54418539190033,True
1466441630,98.7,98.7,99.12884826163143,False
1466441714,98.7,98.7,94.94417926517835,False
1466441724,98.4,98.4,94.32373882838903,False
1466441741,96.7,96.7,97.20240482089204,False
1466441822,97.6,97.6,97.39279098907399,False
1466441883,97.5,95.59130976176087,95.59130976176087,True
1466441934,97.6,97.6,99.61619564429554,False
1466441947,98.9,98.62258752245845,98.62258752245845,True
1466442046,98.9,98.9,94.32145367462367,False
1466442137,98.9,98.9,99.44068292334161,False
1466442175,98.9,98.9,99.96514205423652,False
1466442216,98.9,98.9,95.55134603889667,False
1466442284,97.3,97.3,94.68933555698594,False
1466442332,97.3,97.3,98.5628739665301,False
1466442358,95.7,97.57611378411748,97.57611378411748,True
1466442362,95.0,96.85131717866113,96.85131717866113,True
1466442439,95.3,96.38062514577736,96.38062514577736,True
1466442490,94.5,94.5,99.99619388608775,False
1466442498,96.1,96.1,98.61239095123995,False
1466442508,97.2,96.13972238769452,96.13972238769452,True
1466442518,98.5,96.41562276081258,96.41562276081258,True
1466442556,96.9,99.51798668819738,99.51798668819738,True
1466442656,95.3,98.04562904758953,98.04562904758953,True
1466442662,95.3,95.3,94.25213333334864,False
1466442703,94.5,96.48192796079583,96.48192796079583,True
1466442768,94.9,96.99800160844084,96.99800160844084,True
1466442788,94.3,94.3,98.79657930524553,False
1466442886,94.3,94.3,97.15091320738671,False
1466442980,94.3,98.45300640453031,98.45300640453031,True
1466443000,95.6,97.29262374933955,97.29262374933955,True
1466443029,95.6,95.6,98.19962495472451,False
1466443038,95.6,98.03685750434953,98.03685750434953,True
1466443089,94.4,98.38962095912535,98.38962095912535,True
1466443162,95.2,99.10725912547944,99.10725912547944,True
1466443201,95.6,95.00226276560731,95.00226276560731,True
1466443219,94.7,98.68391826936498,98.68391826936498,True
1466443263,95.9,96.15706832453314,96.15706832453314,True
1466443350,95.0,95.0,98.47343551932765,False
1466443373,95.0,96.49140131444122,96.49140131444122,True
1466443392,95.0,97.94718974707523,97.94718974707523,True
1466443402,95.0,95.07134955191825,95.07134955191825,True
1466443486,95.0,96.47935916693746,96.47935916693746,True
1466443511,95.7,95.7,98.32143827862168,False
1466443584,94.2,94.2,94.75235389972622,False
1466443677,95.2,95.2,95.25254359563607,False
1466443725,96.2,96.2,97.5319432368601,False
1466443727,96.2,96.2,94.80950993977586,False
1466443750,96.2,96.2,99.2989386655668,False
1466443761,96.2,96.25914921941737,96.25914921941737,True
1466443808,95.2,95.2,98.23028757216319,False
1466443861,94.8,94.50084561813229,94.50084561813229,True
1466443929,94.9,97.66688061290863,97.66688061290863,True
1466443986,95.6,94.78473353027003,94.78473353027003,True
1466444043,95.6,98.04602103474993,98.04602103474993,True
1466444110,95.6,95.6,95.46945499530169,False
1466444192,96.7,96.7,98.47807722072828,False
1466444287,96.7,96.59865789053909,96.59865789053909,True
1466444294,96.4,95.25721367997573,95.25721367997573,True
1466444366,96.4,96.4,97.61549534862468,False
1466444466,94.8,94.8,97.00541414592121,False
1466444505,95.2,97.3173696453756,97.3173696453756,True
1466444556,94.9,94.9,96.45169192825102,False
1466444624,96.0,96.0,95.81355947882707,False
1466444663,96.0,94.30660463757992,94.30660463757992,True
1466444685,95.6,98.1110078737962,98.1110078737962,True
1466444756,95.6,95.6,95.55941563320123,False
1466444781,95.6,99.04249279706092,99.04249279706092,True
1466444840,95.0,95.0,96.47469212585601,False
1466444854,95.0,96.12116928744246,96.12116928744246,True
1466444860,94.9,94.9,99.95380840800796,False
1466444959,94.8,99.56572716857056,99.56572716857056,True
1466445058,94.8,99.34696411694651,99.34696411694651,True
1466445107,94.8,94.29407455400388,94.29407455400388,True
1466445165,94.8,94.8,99.82298321568204,False
1466445170,94.8,94.8,95.24003670225592,False
1466445173,94.3,94.3,97.9037760985119,False
1466445247,94.3,94.3,97.60405251040171,False
1466445305,94.9,94.9,94.05629555750075,False
1466445333,95.5,96.66062404912232,96.66062404912232,True
1466445356,96.6,96.06866919526519,96.06866919526519,True
1466445430,97.7,97.7,95.77898332848741,False
1466445491,97.7,98.13120530378077,98.13120530378077,True
1466445497,97.2,97.2,97.27463184610302,False
1466445514,97.7,95.90656084410487,95.90656084410487,True
1466445549,96.4,96.4,98.76824151832348,False
1466445640,97.1,97.1,97.66149141334738,False
1466445648,97.4,94.82914525570219,94.82914525570219,True
1466445739,96.6,96.6,96.46459472961361,False
1466445814,98.1,98.1,99.30410281161943,False
1466445879,98.1,98.1,94.34923072306728,False
1466445909,98.1,98.1,96.66986224248261,False
1466445965,97.0,97.0,98.35393305458936,False
1466446021,97.0,95.93593507192575,95.93593507192575,True
1466446045,96.0,99.80874434287192,99.80874434287192,True
1466446071,96.0,96.73940963331597,96.73940963331597,True
1466446120,96.0,98.34383186914351,98.34383186914351,True
1466446168,97.0,97.49129830755238,97.49129830755238,True
1466446253,97.0,97.0,95.31585054075029,False
1466446302,98.2,98.2,97.65488631311446,False
1466446389,96.7,98.96079896672708,98.96079896672708,True
1466446404,95.6,99.21345806217965,99.21345806217965,True
1466446494,96.9,96.9,95.16843865021877,False
1466446594,97.5,96.0707242626621,96.0707242626621,True
1466446643,98.3,98.30288673897151,98.30288673897151,True
1466446669,98.3,98.3,95.6447066207362,False
1466446690,98.6,98.6,98.3100030867787,False
1466446735,98.4,98.4,98.05376296454656,False
1466446766,98.4,96.59790782167977,96.59790782167977,True
1466446852,98.4,99.63987774470499,99.63987774470499,True
1466446902,98.4,98.4,96.72937207453157,False
1466446945,97.8,97.8,95.10395399944535,False
1466446987,97.2,97.59632684640526,97.59632684640526,True
1466447036,98.4,98.4,96.62786884924833,False
1466447112,99.1,94.38891660173873,94.38891660173873,True
1466447129,99.7,95.17860573785956,95.17860573785956,True
1466447189,98.5,98.5,99.27742941410044,False
1466447224,97.3,96.73036987040855,96.73036987040855,True
1466447270,97.3,97.3,99.18207826709238,False
1466447272,97.3,97.3,94.0024005198967,False
1466447348,97.3,94.7315132302113,94.7315132302113,True
1466447359,97.9,94.43274815803728,94.43274815803728,True
1466447388,97.6,97.6,95.39428062372035,False
1466447390,97.6,97.6,96.46684992667538,False
1466447425,96.9,98.88437685473843,98.88437685473843,True
1466447463,96.5,95.88614218631835,95.88614218631835,True
1466447485,96.5,96.5,99.12544998741454,False
1466447545,94.8,98.93401269263315,98.93401269263315,True
1466447553,96.3,97.57288090926572,97.57288090926572,True
1466447554,96.3,94.07272799873257,94.07272799873257,True
1466447573,96.2,96.2,94.14219294550333,False
1466447634,96.5,95.87621624708135,95.87621624708135,True
1466447695,96.5,96.5,98.86882251439067,False
1466447762,96.5,96.5,96.01065374473279,False
1466447844,96.5,96.5,95.7600435295286,False
1466447885,96.8,96.16221653618734,96.16221653618734,True
1466447943,96.8,94.61259251145587,94.61259251145587,True
1466447956,96.8,94.99162133548973,94.99162133548973,True
1466448041,96.8,96.8,99.8104698933688,False
1466448140,96.8,96.8,99.29764162164024,False
1466448215,96.8,96.8,99.5023641417941,False
1466448270,96.0,96.0,99.36153443756527,False
1466448302,96.0,95.9966295268442,95.9966295268442,True
1466448368,94.5,94.42440589676498,94.42440589676498,True
1466448422,94.5,94.5,96.10089331293305,False
1466448517,94.5,94.99338215239105,94.99338215239105,True
1466448614,94.6,98.16745401843366,98.16745401843366,True
1466448701,95.0,99.76803839897329,99.76803839897329,True
1466448743,95.0,95.0,96.13634661644518,False
1466448805,94.7,94.7,94.65595495956224,False
1466448844,95.4,96.01059869668882,96.01059869668882,True
1466448896,95.4,98.9392275700888,98.9392275700888,True
1466448984,94.7,94.02395248192056,94.02395248192056,True
1466449031,94.7,94.7,94.71302924683965,False
1466449045,94.7,94.7,99.6147169299999,False
1466449099,94.4,94.4,95.97855474672784,False
1466449171,94.7,97.61610889061963,97.61610889061963,True
1466449261,95.5,94.69979278376297,94.69979278376297,True
1466449280,95.5,95.5,95.33125158088194,False
1466449359,95.5,95.5,96.71666149011124,False
1466449442,95.7,95.146727750188,95.146727750188,True
1466449496,94.9,96.097144634399,96.097144634399,True
1466449537,96.1,96.1,99.95555546639704,False
1466449555,97.7,97.7,95.75168032781006,False
1466449629,97.7,97.7,97.64988333388358,False
1466449635,97.7,97.7,94.23125027995849,False
1466449721,99.2,95.23504092517989,95.23504092517989,True
1466449772,99.2,99.2,94.20095615093048,False
1466449872,97.9,95.46019723920863,95.46019723920863,True
1466449873,98.6,95.64523090205438,95.64523090205438,True
1466449884,98.6,96.95270069283796,96.95270069283796,True
1466449937,97.4,99.39004453906178,99.39004453906178,True
1466449953,97.4,97.4,96.72746570138226,False
1466449959,96.4,99.7801471301638,99.7801471301638,True
1466449961,95.2,95.11198552422783,95.11198552422783,True
1466450018,95.2,97.80227238256809,97.80227238256809,True
1466450075,96.4,95.59641056398395,95.59641056398395,True
1466450150,96.4,96.4,96.73364568681716,False
1466450177,96.9,95.9439557536352,95.9439557536352,True
1466450255,96.9,96.9,97.1025636492567,False
1466450343,96.9,96.9,98.07750661094184,False
1466450348,96.6,95.31221473828299,95.31221473828299,True
1466450401,97.7,99.10539909991995,99.10539909991995,True
1466450433,97.7,98.02919359757838,98.02919359757838,True
1466450507,96.6,96.6,97.95706773592127,False
1466450536,96.6,97.62176168777707,97.62176168777707,True
1466450627,97.8,97.8,96.05742030126241,False
1466450723,97.8,97.35753940909441,97.35753940909441,True
1466450817,99.4,97.91558531087922,97.91558531087922,True
1466450900,99.1,95.09995056854471,95.09995056854471,True
1466450902,99.1,98.4896631692084,98.4896631692084,True
1466450971,99.1,99.1,94.11758186860193,False
1466451016,97.5,97.5,96.88878494715217,False
1466451023,98.1,99.62363234533252,99.62363234533252,True
1466451073,98.1,98.1,98.7451260600559,False
1466451166,98.1,96.17435607953581,96.17435607953581,True
1466451231,98.0,98.0,95.47217242071534,False
1466451245,99.3,97.3566041702483,97.3566041702483,True
1466451293,99.8,99.8,95.31142378682648,False
1466451295,99.8,99.8,98.64007893520711,False
1466451378,99.0,99.0,94.51348576161281,False
1466451445,99.0,96.06561815207935,96.06561815207935,True
1466451508,98.9,97.14102092393234,97.14102092393234,True
1466451599,97.7,97.7,99.83786976886852,False
1466451686,97.7,97.7861214378841,97.7861214378841,True
1466451761,99.0,95.4079465711405,95.4079465711405,True
1466451857,97.7,97.7,96.5103638932247,False
1466451909,98.5,98.5,97.59701545764736,False
1466451919,98.5,98.5,95.78541614021054,False
1466452006,98.5,99.79936998847792,99.79936998847792,True
1466452035,97.4,95.22377952177546,95.22377952177546,True
1466452039,97.4,97.4,94.43487312685474,False
1466452104,97.4,94.53681771728614,94.53681771728614,True
1466452167,97.4,97.4,95.39534750098977,False
1466452238,98.5,98.5,96.42907533831081,False
1466452313,98.5,98.5,97.6722696738745,False
1466452339,97.3,97.3,98.40548640577954,False
1466452419,97.5,98.10501867649516,98.10501867649516,True
1466452424,96.5,99.92995765683722,99.92995765683722,True
1466452435,96.5,96.5,96.49660242177288,False
1466452531,96.1,96.1,97.18180492924134,False
1466452584,95.6,95.6,96.68941885624695,False
1466452625,95.6,95.6,94.23446037765397,False
1466452676,95.6,98.03746837459808,98.03746837459808,True
1466452752,94.1,98.42910877095468,98.42910877095468,True
1466452796,94.1,94.1,95.15397237694017,False
1466452825,95.0,95.0,94.05227653732703,False
1466452860,95.3,96.17736471013839,96.17736471013839,True
1466452960,95.3,95.3,96.1562810564035,False
1466452979,94.9,94.9,99.19333239239734,False
1466453002,94.9,94.9,96.04504372087575,False
1466453016,95.3,95.3,96.6990172873204,False
1466453025,96.6,96.6,99.91973375153574,False
1466453089,95.1,95.65601417915995,95.65601417915995,True
1466453141,96.0,96.64504271017233,96.64504271017233,True
1466453154,96.0,96.0,98.76967321460168,False
1466453184,95.7,96.99208664570463,96.99208664570463,True
1466453202,95.7,95.7,98.35089806793636,False
1466453203,97.3,97.3,97.84468847479246,False
1466453222,97.3,97.3,95.54837693638564,False
1466453321,95.8,95.8,95.30061064446758,False
1466453379,95.8,95.70453764364694,95.70453764364694,True
1466453392,97.5,98.28219126024462,98.28219126024462,True
1466453422,98.4,94.1509831011117,94.1509831011117,True
1466453502,98.4,98.4,95.14492828481403,False
1466453518,98.8,98.8,96.18253615101005,False
1466453563,98.8,98.8,98.59034368197813,False
1466453604,98.1,98.1,96.23863192058704,False
1466453639,98.1,98.1,97.78160213069533,False
1466453705,97.9,97.9,99.69768873510644,False
1466453795,97.9,98.17759295250528,98.17759295250528,True
1466453816,97.3,95.47601425011509,95.47601425011509,True
1466453870,98.5,99.57439423194668,99.57439423194668,True
1466453910,98.5,96.68172882014773,96.68172882014773,True
1466454002,99.5,97.7681405874826,97.7681405874826,True
1466454051,98.1,98.1,95.14512835662497,False
1466454087,98.1,98.1,94.72654531040078,False
1466454129,98.7,98.7,98.35312502124633,False
1466454227,97.5,97.5,95.86011515146646,False
1466454259,97.5,99.3869260152832,99.3869260152832,True
1466454262,98.2,96.20694060511475,96.20694060511475,True
1466454298,99.1,96.8227497646512,96.8227497646512,True
1466454388,99.0,99.0,98.28080603336991,False
1466454399,99.0,99.0,97.11379975183493,False
1466454473,97.8,97.40749513068283,97.40749513068283,True
1466454529,97.8,97.8,95.8621372361526,False
1466454559,97.8,97.8,99.78126558854832,False
1466454648,99.4,96.86413410788853,96.86413410788853,True
1466454745,99.4,99.4,95.26622714723673,False
1466454763,99.4,96.31736621425921,96.31736621425921,True
1466454851,99.4,99.4,95.07251499868391,False
1466454936,99.4,95.42529012987345,95.42529012987345,True
1466454949,99.4,99.4,97.04960357569968,False
1466455032,99.4,99.4,97.7157817855128,False
1466455065,99.4,94.93972171278078,94.93972171278078,True
1466455119,99.4,99.4,97.05818570870507,False
1466455172,99.4,99.4,94.80466026933537,False
1466455196,98.6,98.6,98.30140538761351,False
1466455271,98.3,96.02631915000882,96.02631915000882,True
1466455357,98.3,99.28322445127887,99.28322445127887,True
1466455361,98.3,95.56475737851231,95.56475737851231,True
1466455394,98.3,98.3,99.87176520383352,False
1466455475,98.3,94.61828186897264,94.61828186897264,True
1466455497,98.5,98.5,96.73144549291385,False
1466455561,98.4,98.4,98.76300855333736,False
1466455575,99.7,99.7,94.59301042824666,False
1466455587,99.2,99.2,98.4736060757609,False
1466455651,98.2,95.52995654528193,95.52995654528193,True
1466455658,98.2,98.2,97.8425698420956,False
1466455732,99.5,96.64528459113741,96.64528459113741,True
1466455812,98.3,99.19287720129198,99.19287720129198,True
1466455910,98.3,98.2924701149859,98.2924701149859,True
1466455951,97.4,96.27128752265224,96.27128752265224,True
1466455999,97.4,97.4,97.13060512783085,False
1466456054,97.1,97.1,98.7530980235659,False
1466456058,96.8,98.32239994796033,98.32239994796033,True
1466456074,97.5,97.5,97.96881740045744,False
1466456088,97.2,97.24367772133176,97.24367772133176,True
1466456118,98.3,98.3,99.50181714330625,False
1466456218,97.2,95.13972736140221,95.13972736140221,True
1466456265,96.7,96.7,98.29461635917761,False
1466456270,97.5,97.5,95.9894757924177,False
1466456312,97.5,99.48446222600589,99.48446222600589,True
1466456346,97.5,97.5,95.48194174937481,False
1466456374,97.5,97.5,94.72439236388372,False
1466456406,97.5,94.45868668978055,94.45868668978055,True
1466456482,96.6,96.6,97.3037181439901,False
1466456512,97.1,97.1,94.09912148989567,False
1466456610,96.9,99.61694792008042,99.61694792008042,True
1466456683,98.0,97.2431345969015,97.2431345969015,True
1466456768,99.2,98.35577147157198,98.35577147157198,True
1466456856,99.2,96.21982097920473,96.21982097920473,True
1466456927,99.2,99.2,99.07302232688195,False
1466457014,99.2,99.2,99.18774210489735,False
1466457032,99.2,99.2,98.41451429116856,False
1466457067,98.8,98.8,94.81046497234922,False
1466457157,98.7,98.7,98.2844091435147,False
1466457215,98.7,98.7,99.55776183098364,False
1466457267,99.0,99.0,96.28764053226827,False
1466457357,99.0,99.36102967376482,99.36102967376482,True
1466457434,99.0,99.0,96.01166065724615,False
1466457487,98.2,99.1355255784981,99.1355255784981,True
1466457559,98.2,99.91612066726809,99.91612066726809,True
1466457603,96.7,95.507074890343,95.507074890343,True
1466457671,96.7,98.3359873349113,98.3359873349113,True
1466457713,96.9,96.9,97.7963470921053,False
1466457745,98.3,98.3,94.13170057588995,False
1466457782,97.0,98.0185869134273,98.0185869134273,True
1466457802,97.0,94.0628292807143,94.0628292807143,True
1466457817,97.0,95.89163264196148,95.89163264196148,True
1466457865,97.0,97.0,99.73082490726141,False
1466457884,96.1,99.92864037502358,99.92864037502358,True
1466457885,96.9,96.9,94.25479616125826,False
1466457917,98.1,94.12475549699964,94.12475549699964,True
1466457973,98.8,98.8,96.34062094443864,False
1466458045,99.9,99.9,97.3362338375947,False
1466458135,99.9,99.9,95.78941738580717,False
1466458151,99.0,99.0,94.55891154253317,False
1466458230,98.0,99.93571466054965,99.93571466054965,True
1466458324,98.9,99.34513885453616,99.34513885453616,True
1466458362,98.9,98.9,97.29147638929983,False
1466458438,98.9,98.9,98.3005401341093,False
1466458454,98.9,98.9,94.14886748127937,False
1466458496,98.6,94.83688068971865,94.83688068971865,True
1466458509,98.0,94.14036120002211,94.14036120002211,True
1466458580,97.3,97.3,95.02392567884715,False
1466458590,97.3,96.4658661944515,96.4658661944515,True
1466458626,97.3,97.3,95.41475759100383,False
1466458642,97.3,94.5507536329355,94.5507536329355,True
1466458665,98.2,98.16033928110483,98.16033928110483,True
1466458694,96.9,96.40421985160823,96.40421985160823,True
1466458762,97.9,98.72827480409644,98.72827480409644,True
1466458793,97.9,99.12558402501746,99.12558402501746,True
1466458824,97.9,99.46780699950287,99.46780699950287,True
1466458906,98.6,98.6,95.65968885334601,False
1466458982,98.6,98.26104646046437,98.26104646046437,True
1466459068,97.8,97.8,94.07603977567105,False
1466459159,99.3,99.3,97.4048494315181,False
1466459184,99.3,95.50365091506872,95.50365091506872,True
1466459273,99.3,99.12134858864832,99.12134858864832,True
1466459372,98.5,98.5,97.7605077875507,False
1466459415,96.9,96.47533483666759,96.47533483666759,True
1466459483,96.2,96.2,98.43713441459278,False
1466459504,97.1,97.1,97.79123973400799,False
1466459588,97.1,99.23403525472621,99.23403525472621,True
1466459595,97.1,96.00862342835408,96.00862342835408,True
1466459673,97.1,97.1,97.15903460944482,False
1466459726,98.1,97.76273564777016,97.76273564777016,True
1466459800,98.1,94.95004344140543,94.95004344140543,True
1466459857,97.4,97.59386629774585,97.59386629774585,True
1466459887,97.4,94.91138625685919,94.91138625685919,True
1466459913,98.3,95.78636999156087,95.78636999156087,True
1466459974,98.3,97.81355213981206,97.81355213981206,True
1466459995,98.3,98.3,94.5270253131809,False
1466460001,97.8,96.4042934045229,96.4042934045229,True
1466460054,97.8,97.8,97.51924322676832,False
1466460130,97.8,98.66127344032476,98.66127344032476,True
1466460215,97.8,97.8,99.30273926450815,False
1466460252,97.8,96.89703650638032,96.89703650638032,True
1466460272,98.9,98.9,94.26062912175058,False
1466460346,98.7,98.7,99.20191091950414,False
1466460440,98.7,99.74739443970694,99.74739443970694,True
1466460461,97.1,95.29611608734035,95.29611608734035,True
1466460528,95.9,94.13710527940525,94.13710527940525,True
1466460610,97.0,95.74826234246429,95.74826234246429,True
1466460630,97.0,97.0,98.12156796094496,False
1466460691,98.2,94.17455025007612,94.17455025007612,True
1466460706,97.8,97.8,98.48701165039647,False
1466460739,97.9,97.9,98.6434534088579,False
1466460765,99.1,95.83043403847606,95.83043403847606,True
1466460795,99.1,95.56673907312644,95.56673907312644,True
1466460877,98.3,98.3,97.49777303218885,False
1466460973,98.3,95.9030274234963,95.9030274234963,True
1466461009,98.3,98.3,96.77649324736487,False
1466461027,98.3,98.3,96.14782024349277,False
1466461032,96.8,96.8,96.2532073521205,False
1466461096,96.8,96.8,98.34318406706889,False
1466461169,96.8,96.0330697588773,96.0330697588773,True
1466461256,96.9,98.145996364697,98.145996364697,True
1466461351,95.6,99.36297046036395,99.36297046036395,True
1466461451,94.8,94.51834687147391,94.51834687147391,True
1466461531,95.2,95.2,96.31989680606169,False
1466461568,95.2,98.55596470204236,98.55596470204236,True
1466461583,95.5,94.19497609707024,94.19497609707024,True
1466461647,96.7,96.7,98.61900976768563,False
1466461703,97.4,97.4,98.76671083592723,False
1466461794,97.1,97.1,99.14832880521227,False
1466461813,98.7,98.7,95.9654003577144,False
1466461910,98.7,98.7,99.20948057423897,False
1466461988,98.7,98.7,97.87436517634569,False
1466462056,98.7,98.7,94.42333093156611,False
1466462101,98.7,98.7,96.16922481498338,False
1466462155,99.7,99.7,98.58586097413975,False
1466462215,99.7,99.7,98.76342772928922,False
1466462278,99.7,98.27092001615583,98.27092001615583,True
1466462368,99.0,97.74772082725009,97.74772082725009,True
1466462412,98.3,96.40811882263687,96.40811882263687,True
1466462512,98.3,97.24426124297395,97.24426124297395,True
1466462594,98.3,98.3,94.8020972167484,False
1466462671,98.6,98.6,99.49876954875965,False
1466462716,98.8,94.1463299008083,94.1463299008083,True
1466462746,98.8,98.8,98.34078442349215,False
1466462782,98.7,94.29406351352372,94.29406351352372,True
1466462820,99.0,95.49335325709737,95.49335325709737,True
1466462833,98.6,99.56065829866118,99.56065829866118,True
1466462842,98.6,98.6,98.45756009996539,False
1466462850,98.6,99.35378351757421,99.35378351757421,True
1466462941,97.6,98.42164633959969,98.42164633959969,True
1466463026,97.6,99.13096003460007,99.13096003460007,True
1466463117,97.6,97.28923136502654,97.28923136502654,True
1466463139,97.6,94.90299813640702,94.90299813640702,True
