1466410104,7.37,7.403947882717683,7.403947882717683,True
1466410114,7.37,7.437938083996445,7.437938083996445,True
1466410130,7.37,7.4443238423926665,7.4443238423926665,True
1466410181,7.37,7.37,7.37194061709035,False
1466410203,7.37,7.37,7.395705568209499,False
1466410250,7.39,7.360814777188145,7.360814777188145,True
1466410309,7.37,7.37,7.4240368550181675,False
1466410397,7.36,7.4460428266463135,7.4460428266463135,True
1466410430,7.45,7.360921658671359,7.360921658671359,True
1466410469,7.45,7.424155313098152,7.424155313098152,True
1466410483,7.37,7.37,7.412987078822599,False
1466410498,7.37,7.355351209015643,7.355351209015643,True
1466410502,7.39,7.39,7.361168365455249,False
1466410532,7.41,7.41,7.437802726285107,False
1466410541,7.41,7.41,7.385334200821963,False
1466410573,7.4,7.384004993378252,7.384004993378252,True
1466410630,7.36,7.428414202557713,7.428414202557713,True
1466410653,7.36,7.36,7.440674742217462,False
1466410746,7.39,7.36541646350073,7.36541646350073,True
1466410814,7.39,7.436491265760933,7.436491265760933,True
1466410890,7.36,7.36,7.353648626003248,False
1466410902,7.4,7.4,7.414800939569908,False
1466410978,7.4,7.372132929652396,7.372132929652396,True
1466411008,7.4,7.4,7.3957262695135215,False
1466411066,7.4,7.4,7.4184396004041195,False
1466411094,7.4,7.4,7.38017010523711,False
1466411157,7.4,7.432959321525991,7.432959321525991,True
1466411223,7.4,7.4,7.428138626806867,False
1466411226,7.4,7.443784236451059,7.443784236451059,True
1466411272,7.4,7.4,7.374769967600975,False
1466411303,7.4,7.357660988448502,7.357660988448502,True
1466411318,7.4,7.4,7.398302701024495,False
1466411396,7.4,7.4,7.35991703728696,False
1466411493,7.36,7.415680115825257,7.415680115825257,True
1466411549,7.36,7.426027691054949,7.426027691054949,True
1466411560,7.38,7.4010770637335215,7.4010770637335215,True
1466411626,7.37,7.37,7.394358387746518,False
1466411723,7.37,7.360609440690648,7.360609440690648,True
1466411763,7.45,7.401287789419893,7.401287789419893,True
1466411785,7.45,7.427240902702873,7.427240902702873,True
1466411854,7.45,7.45,7.442329617819675,False
1466411889,7.45,7.4461654683957015,7.4461654683957015,True
1466411988,7.45,7.416770269264629,7.416770269264629,True
1466412022,7.45,7.443109405016875,7.443109405016875,True
1466412046,7.45,7.382897130802428,7.382897130802428,True
1466412076,7.45,7.362114635213764,7.362114635213764,True
1466412152,7.39,7.392166845792202,7.392166845792202,True
1466412181,7.35,7.35,7.389166113329484,False
1466412201,7.43,7.43,7.415408099281448,False
1466412260,7.43,7.43,7.379811132818658,False
1466412347,7.43,7.43,7.402412561515586,False
1466412360,7.43,7.43,7.383823204304177,False
1466412438,7.43,7.43,7.425099472012261,False
1466412521,7.36,7.435718681510899,7.435718681510899,True
1466412599,7.36,7.36,7.414325786992638,False
1466412639,7.36,7.38453864079797,7.38453864079797,True
1466412691,7.35,7.403154676485971,7.403154676485971,True
1466412747,7.35,7.370735493457726,7.370735493457726,True
1466412794,7.35,7.35,7.4438327916675275,False
1466412819,7.35,7.35,7.376353876311434,False
1466412832,7.35,7.35,7.418583600656395,False
1466412874,7.35,7.384478576364564,7.384478576364564,True
1466412943,7.35,7.35,7.407866447562313,False
1466412971,7.35,7.35,7.366971034535587,False
1466412990,7.35,7.374881559980843,7.374881559980843,True
1466413028,7.38,7.38,7.360889711378385,False
1466413053,7.43,7.430584857298877,7.430584857298877,True
1466413125,7.43,7.398497271730781,7.398497271730781,True
1466413200,7.43,7.43,7.431992022277542,False
1466413264,7.45,7.45,7.442816804593184,False
1466413311,7.45,7.399424665748059,7.399424665748059,True
1466413342,7.41,7.394647019394179,7.394647019394179,True
1466413440,7.41,7.439529683413702,7.439529683413702,True
1466413458,7.41,7.40676241982568,7.40676241982568,True
1466413529,7.43,7.35608416707476,7.35608416707476,True
1466413542,7.43,7.43,7.401418534569518,False
1466413638,7.37,7.37,7.424246618103855,False
1466413672,7.37,7.37,7.440286436645596,False
1466413733,7.37,7.4176134900648165,7.4176134900648165,True
1466413779,7.37,7.37,7.4195143415546285,False
1466413780,7.38,7.38,7.397545064306218,False
1466413864,7.36,7.359149732130643,7.359149732130643,True
1466413885,7.39,7.398126359476566,7.398126359476566,True
1466413946,7.39,7.39,7.406705871197132,False
1466414033,7.39,7.394072404565585,7.394072404565585,True
1466414071,7.39,7.39,7.428080776779555,False
1466414164,7.39,7.377460346394727,7.377460346394727,True
1466414225,7.43,7.424845044720374,7.424845044720374,True
1466414312,7.43,7.43,7.447935530204793,False
1466414325,7.43,7.356429136890037,7.356429136890037,True
1466414328,7.43,7.412094565738394,7.412094565738394,True
1466414329,7.43,7.447766833602808,7.447766833602808,True
1466414402,7.43,7.43,7.415342102087884,False
1466414407,7.43,7.43,7.384851535757345,False
1466414413,7.43,7.369221558172372,7.369221558172372,True
1466414460,7.43,7.43,7.394370211078358,False
1466414552,7.43,7.43,7.350546657692646,False
1466414602,7.44,7.44,7.364545417936676,False
1466414662,7.44,7.420985839344788,7.420985839344788,True
1466414746,7.42,7.425042344100119,7.425042344100119,True
1466414844,7.42,7.42,7.375652962858649,False
1466414943,7.35,7.35,7.433846332942884,False
1466414946,7.41,7.41,7.4130117873929215,False
1466414966,7.41,7.41,7.398349547678559,False
1466415038,7.4,7.4,7.370922599797459,False
1466415106,7.35,7.35,7.399560212168044,False
1466415130,7.35,7.35,7.41172368255335,False
1466415145,7.35,7.397253578301974,7.397253578301974,True
1466415202,7.4,7.3650052425476495,7.3650052425476495,True
1466415239,7.4,7.4,7.402351616232703,False
1466415249,7.4,7.4,7.38728676300786,False
1466415308,7.4,7.4,7.438603425808031,False
1466415357,7.36,7.36,7.362759532808251,False
1466415404,7.37,7.37,7.3877041524788245,False
1466415469,7.38,7.38,7.431567784779063,False
1466415548,7.36,7.371672976097357,7.371672976097357,True
1466415588,7.36,7.399427455867199,7.399427455867199,True
1466415627,7.36,7.3756404478120485,7.3756404478120485,True
1466415719,7.36,7.36,7.40844071247074,False
1466415767,7.36,7.430921619155012,7.430921619155012,True
1466415860,7.36,7.36,7.37212467854485,False
1466415872,7.43,7.417208447163234,7.417208447163234,True
1466415914,7.43,7.43,7.3556478806793155,False
1466415934,7.44,7.44,7.425960340878262,False
1466415988,7.44,7.44,7.350004702681242,False
1466416004,7.44,7.3660113251596835,7.3660113251596835,True
1466416050,7.43,7.40763129102964,7.40763129102964,True
1466416150,7.37,7.37,7.44814559924003,False
1466416161,7.37,7.37,7.409076080245434,False
1466416215,7.37,7.37,7.422727610312376,False
1466416315,7.37,7.37,7.401897289417136,False
1466416321,7.38,7.39376968313212,7.39376968313212,True
1466416393,7.37,7.37,7.4349545476831524,False
1466416440,7.42,7.42,7.397173924064709,False
1466416510,7.41,7.41,7.426492821627311,False
1466416541,7.41,7.369893025843207,7.369893025843207,True
1466416631,7.41,7.437382871677118,7.437382871677118,True
1466416671,7.41,7.395181986098261,7.395181986098261,True
1466416725,7.41,7.417298880580597,7.417298880580597,True
1466416815,7.36,7.36,7.3987151502125394,False
1466416867,7.36,7.381973342542711,7.381973342542711,True
1466416933,7.36,7.36,7.401751678465742,False
1466416963,7.4,7.4,7.3640444581536375,False
1466417034,7.4,7.4,7.40664867298084,False
1466417069,7.4,7.4,7.4149133690246565,False
1466417095,7.4,7.399585921035933,7.399585921035933,True
1466417123,7.4,7.4,7.447408463327684,False
1466417219,7.36,7.372745900662352,7.372745900662352,True
1466417228,7.36,7.36,7.427794570248371,False
1466417235,7.45,7.434387870833832,7.434387870833832,True
1466417266,7.45,7.365696777892823,7.365696777892823,True
1466417298,7.38,7.38,7.413678597623561,False
1466417382,7.38,7.38,7.394822764738822,False
1466417429,7.38,7.38,7.391465095809441,False
1466417434,7.38,7.423089747404615,7.423089747404615,True
1466417513,7.36,7.352293046740508,7.352293046740508,True
1466417598,7.38,7.38,7.361790514326297,False
1466417615,7.38,7.38,7.36780323245237,False
1466417654,7.38,7.38,7.40350679352542,False
1466417749,7.4,7.4,7.378903076734991,False
1466417763,7.44,7.412315704054165,7.412315704054165,True
1466417822,7.4,7.43505640028455,7.43505640028455,True
1466417851,7.39,7.39,7.445259620461017,False
1466417855,7.39,7.39,7.378962514354356,False
1466417879,7.39,7.391612700794244,7.391612700794244,True
1466417895,7.39,7.39,7.379101310456384,False
1466417969,7.37,7.37,7.424138671606404,False
1466418049,7.37,7.37,7.442895545130699,False
1466418118,7.37,7.445459130111232,7.445459130111232,True
1466418129,7.37,7.360613786771493,7.360613786771493,True
1466418179,7.37,7.37,7.372019624361147,False
1466418254,7.37,7.361886152984164,7.361886152984164,True
1466418332,7.37,7.448330742233716,7.448330742233716,True
1466418428,7.37,7.37,7.414459346268745,False
1466418494,7.39,7.377798209261795,7.377798209261795,True
1466418554,7.36,7.432008803277907,7.432008803277907,True
1466418563,7.36,7.424349780383682,7.424349780383682,True
1466418564,7.36,7.448533434475031,7.448533434475031,True
1466418594,7.36,7.36,7.37394782247907,False
1466418674,7.36,7.3890718671100455,7.3890718671100455,True
1466418748,7.36,7.36,7.427791657934591,False
1466418847,7.41,7.4176822047521025,7.4176822047521025,True
1466418877,7.41,7.395592365091247,7.395592365091247,True
1466418917,7.41,7.354758478910036,7.354758478910036,True
1466418938,7.41,7.41,7.425532404394881,False
1466419031,7.44,7.44,7.4326504870743415,False
1466419058,7.39,7.39,7.429027467002658,False
1466419104,7.39,7.360800743009042,7.360800743009042,True
1466419166,7.39,7.438016617948731,7.438016617948731,True
1466419261,7.36,7.3682321399560005,7.3682321399560005,True
1466419349,7.38,7.38,7.364247090148427,False
1466419442,7.39,7.39,7.371327544641648,False
1466419530,7.39,7.39,7.403049292277891,False
1466419595,7.39,7.39,7.393838702951034,False
1466419646,7.39,7.39,7.419581074878872,False
1466419737,7.38,7.38,7.383184054209171,False
1466419826,7.38,7.439865100897309,7.439865100897309,True
1466419880,7.38,7.38,7.396362847036468,False
1466419911,7.38,7.388716970339012,7.388716970339012,True
1466419938,7.38,7.408823352496838,7.408823352496838,True
1466420016,7.38,7.425982093948701,7.425982093948701,True
1466420019,7.38,7.38,7.372645881525077,False
1466420108,7.38,7.422357725453024,7.422357725453024,True
1466420205,7.35,7.35,7.406184441956965,False
1466420228,7.42,7.431004357906304,7.431004357906304,True
1466420257,7.42,7.367574835149398,7.367574835149398,True
1466420270,7.42,7.42,7.407501783348118,False
1466420296,7.42,7.362979944103706,7.362979944103706,True
1466420331,7.42,7.42,7.441914059721364,False
1466420407,7.35,7.35,7.419459776367844,False
1466420430,7.35,7.35,7.367192859122329,False
1466420453,7.37,7.37,7.425534425286002,False
1466420474,7.37,7.37,7.414812361341992,False
1466420566,7.43,7.43,7.442559363897463,False
1466420579,7.35,7.35,7.392478746617436,False
1466420618,7.45,7.434590513632587,7.434590513632587,True
1466420624,7.35,7.359614930086465,7.359614930086465,True
1466420643,7.35,7.384244285037552,7.384244285037552,True
1466420695,7.38,7.428414336144865,7.428414336144865,True
1466420788,7.44,7.44,7.372751271413203,False
1466420863,7.44,7.44,7.409115393783916,False
1466420947,7.44,7.44,7.436152430758112,False
1466421003,7.41,7.441689476385445,7.441689476385445,True
1466421032,7.41,7.411401952274612,7.411401952274612,True
1466421050,7.41,7.41,7.368313202659616,False
1466421116,7.41,7.41,7.394622193818453,False
1466421208,7.41,7.41,7.360946019391824,False
1466421234,7.43,7.377549659909578,7.377549659909578,True
1466421262,7.43,7.356587285288599,7.356587285288599,True
1466421353,7.43,7.380093895306492,7.380093895306492,True
1466421360,7.43,7.352053391810911,7.352053391810911,True
1466421392,7.43,7.43,7.362085119742165,False
1466421480,7.43,7.43,7.3996675276650175,False
1466421530,7.42,7.409847270228243,7.409847270228243,True
1466421547,7.37,7.360002091554789,7.360002091554789,True
1466421591,7.44,7.402238146630901,7.402238146630901,True
1466421633,7.44,7.40053811968136,7.40053811968136,True
1466421636,7.38,7.437982795789469,7.437982795789469,True
1466421670,7.38,7.38,7.431964253740163,False
1466421695,7.38,7.38,7.43109664853053,False
1466421721,7.42,7.42,7.431878378526295,False
1466421804,7.42,7.42,7.396899420292335,False
1466421819,7.45,7.45,7.424302150934784,False
1466421862,7.45,7.45,7.398908648422614,False
1466421885,7.45,7.45,7.440352595668874,False
1466421936,7.37,7.4269870635997375,7.4269870635997375,True
1466422012,7.45,7.3886324232998675,7.3886324232998675,True
1466422044,7.37,7.37,7.4484249667906814,False
1466422045,7.37,7.4125461711861425,7.4125461711861425,True
1466422137,7.37,7.416858101335959,7.416858101335959,True
1466422162,7.44,7.351377399678865,7.351377399678865,True
1466422189,7.4,7.409236287607706,7.409236287607706,True
1466422197,7.4,7.421914289897236,7.421914289897236,True
1466422264,7.4,7.4,7.406955318024791,False
1466422330,7.4,7.406579952032916,7.406579952032916,True
1466422378,7.4,7.4,7.385104346464437,False
1466422432,7.38,7.38,7.421220066220981,False
1466422488,7.38,7.418357983178102,7.418357983178102,True
1466422577,7.38,7.3937687023246115,7.3937687023246115,True
1466422628,7.37,7.4406887359593945,7.4406887359593945,True
1466422638,7.41,7.354375370698542,7.354375370698542,True
1466422666,7.41,7.391877692912089,7.391877692912089,True
1466422706,7.41,7.41,7.367597373153649,False
1466422731,7.41,7.41,7.446010348415993,False
1466422804,7.44,7.44,7.353204144184451,False
1466422866,7.44,7.36238755259476,7.36238755259476,True
1466422873,7.44,7.44,7.431684499370487,False
1466422895,7.44,7.351339730799047,7.351339730799047,True
1466422953,7.44,7.44,7.443063511960004,False
1466422973,7.45,7.428827270753135,7.428827270753135,True
1466423017,7.45,7.400866691162754,7.400866691162754,True
1466423051,7.45,7.360472873807575,7.360472873807575,True
1466423099,7.37,7.421772556526276,7.421772556526276,True
1466423150,7.42,7.42,7.412419824751054,False
1466423155,7.4,7.407956697532309,7.407956697532309,True
1466423168,7.42,7.42,7.356937862015688,False
1466423205,7.42,7.4142194576656815,7.4142194576656815,True
1466423275,7.42,7.38016771346739,7.38016771346739,True
1466423287,7.42,7.429313097152382,7.429313097152382,True
1466423336,7.42,7.448279187168743,7.448279187168743,True
1466423340,7.42,7.36776749584472,7.36776749584472,True
1466423355,7.39,7.39,7.4025792931658305,False
1466423443,7.39,7.39,7.385985283124207,False
1466423499,7.41,7.41,7.427176772727602,False
1466423585,7.4,7.4,7.449594302678335,False
1466423612,7.38,7.38,7.403473053711464,False
1466423669,7.38,7.38,7.419642849706739,False
1466423705,7.44,7.44,7.4369088869441535,False
1466423770,7.41,7.41,7.359471636405955,False
1466423844,7.41,7.366173134837448,7.366173134837448,True
1466423902,7.41,7.41,7.380330742202683,False
1466423913,7.41,7.3939666229368814,7.3939666229368814,True
1466423972,7.41,7.363173488874044,7.363173488874044,True
1466424014,7.41,7.41,7.383772386524129,False
1466424069,7.38,7.371513685926813,7.371513685926813,True
1466424154,7.38,7.4061466718428655,7.4061466718428655,True
1466424155,7.38,7.366354804798054,7.366354804798054,True
1466424169,7.43,7.43,7.440402543805428,False
1466424262,7.39,7.39,7.406485447720066,False
1466424339,7.39,7.386348676594121,7.386348676594121,True
1466424398,7.39,7.39,7.367503226704039,False
1466424497,7.39,7.39,7.402728251417778,False
1466424558,7.43,7.43,7.389347709859154,False
1466424613,7.36,7.363592614106581,7.363592614106581,True
1466424713,7.43,7.399911657569539,7.399911657569539,True
1466424804,7.43,7.3716762800727045,7.3716762800727045,True
1466424878,7.42,7.42,7.3677393690667365,False
1466424924,7.42,7.432912761129932,7.432912761129932,True
1466425009,7.42,7.430992832241184,7.430992832241184,True
1466425106,7.42,7.374923001469672,7.374923001469672,True
1466425129,7.4,7.4,7.441029296029285,False
1466425179,7.4,7.358165239306981,7.358165239306981,True
1466425257,7.4,7.4,7.4262381768533725,False
1466425262,7.4,7.4,7.399688855624922,False
1466425305,7.4,7.4,7.428943233282244,False
1466425331,7.4,7.4,7.3978570197144835,False
1466425338,7.42,7.42,7.438993209646083,False
1466425377,7.42,7.411835014197754,7.411835014197754,True
1466425380,7.42,7.410851637007732,7.410851637007732,True
1466425417,7.42,7.415454010845039,7.415454010845039,True
1466425484,7.42,7.42,7.417471545298133,False
1466425517,7.41,7.41,7.413080931515996,False
1466425553,7.41,7.4473500745279,7.4473500745279,True
1466425640,7.42,7.432048342484874,7.432048342484874,True
1466425687,7.42,7.40056501708749,7.40056501708749,True
1466425711,7.39,7.39,7.370238013316117,False
1466425768,7.4,7.4,7.4188968231647365,False
1466425811,7.4,7.418801323749669,7.418801323749669,True
1466425856,7.37,7.37,7.44750968551343,False
1466425869,7.37,7.37,7.380625091170528,False
1466425884,7.37,7.37,7.372371020575693,False
1466425962,7.37,7.431655122015348,7.431655122015348,True
1466425974,7.39,7.370612919216121,7.370612919216121,True
1466426016,7.37,7.398301865717975,7.398301865717975,True
1466426024,7.37,7.37,7.356918719414782,False
1466426034,7.37,7.37,7.390630054007676,False
1466426130,7.37,7.372716834483468,7.372716834483468,True
1466426189,7.37,7.36553730422612,7.36553730422612,True
1466426198,7.44,7.44,7.383845746376557,False
1466426280,7.38,7.38,7.440568401961059,False
1466426298,7.38,7.443836361113257,7.443836361113257,True
1466426380,7.38,7.38,7.392630134386951,False
1466426420,7.42,7.40379275972612,7.40379275972612,True
1466426509,7.42,7.42,7.400779846417449,False
1466426521,7.42,7.4279459851526894,7.4279459851526894,True
1466426535,7.41,7.3956758460137575,7.3956758460137575,True
1466426563,7.4,7.436635131369769,7.436635131369769,True
1466426620,7.4,7.357471231494356,7.357471231494356,True
1466426694,7.4,7.4,7.354332186232008,False
1466426764,7.4,7.4,7.381511020539361,False
1466426778,7.4,7.431580237885382,7.431580237885382,True
1466426866,7.41,7.41,7.443562349781166,False
1466426938,7.39,7.39,7.366162382529867,False
1466427022,7.39,7.39,7.404846267701602,False
1466427059,7.39,7.39,7.402447973408265,False
1466427125,7.39,7.39,7.4451918352141995,False
1466427204,7.39,7.39,7.421723015548382,False
1466427240,7.39,7.39,7.3986999056397975,False
1466427317,7.36,7.36,7.446135823891992,False
1466427319,7.36,7.36,7.386026683745965,False
1466427331,7.42,7.42,7.359458477788089,False
1466427425,7.44,7.44,7.380354585275894,False
1466427458,7.44,7.388920332163975,7.388920332163975,True
1466427495,7.44,7.371845318193931,7.371845318193931,True
1466427543,7.44,7.44,7.357813661254937,False
1466427625,7.44,7.411380850203379,7.411380850203379,True
1466427663,7.44,7.44,7.364013926642544,False
1466427672,7.44,7.44,7.4311219993602124,False
1466427684,7.44,7.44,7.423874295348534,False
1466427739,7.44,7.433739252145505,7.433739252145505,True
1466427769,7.43,7.43,7.365080123216366,False
1466427775,7.43,7.372618967002104,7.372618967002104,True
1466427820,7.43,7.43,7.428351222174565,False
1466427837,7.41,7.394336033957511,7.394336033957511,True
1466427846,7.41,7.41,7.370189322475732,False
1466427904,7.41,7.41,7.372203897545039,False
1466427997,7.41,7.41,7.432882045959083,False
1466428027,7.41,7.41,7.386243250653299,False
1466428114,7.45,7.364198717962552,7.364198717962552,True
1466428212,7.45,7.359667769528377,7.359667769528377,True
1466428294,7.45,7.425054427077512,7.425054427077512,True
1466428321,7.41,7.3754942653261955,7.3754942653261955,True
1466428340,7.41,7.374968989692356,7.374968989692356,True
1466428378,7.41,7.423452012698966,7.423452012698966,True
1466428463,7.41,7.426784783926418,7.426784783926418,True
1466428551,7.41,7.41,7.423120195129147,False
1466428575,7.41,7.41,7.384940691112964,False
1466428593,7.41,7.4428540542013595,7.4428540542013595,True
1466428682,7.41,7.424371103100932,7.424371103100932,True
1466428699,7.41,7.364522917415576,7.364522917415576,True
1466428719,7.41,7.424615351843237,7.424615351843237,True
1466428819,7.41,7.41,7.376535230085597,False
1466428850,7.41,7.41,7.373750866977607,False
1466428884,7.38,7.38,7.448879134403553,False
1466428973,7.41,7.41,7.359851829586337,False
1466429006,7.42,7.365959485172465,7.365959485172465,True
1466429026,7.45,7.405522881869057,7.405522881869057,True
1466429066,7.45,7.45,7.355692567929594,False
1466429072,7.39,7.442495819722315,7.442495819722315,True
1466429103,7.39,7.40525453615738,7.40525453615738,True
1466429110,7.36,7.36,7.384415646133982,False
1466429123,7.36,7.419414391093487,7.419414391093487,True
1466429168,7.36,7.410410152661059,7.410410152661059,True
1466429182,7.42,7.42,7.443451027702661,False
1466429184,7.43,7.43,7.362091693060302,False
1466429197,7.43,7.383874859069452,7.383874859069452,True
1466429280,7.43,7.4266739098327745,7.4266739098327745,True
1466429378,7.4,7.391893098623132,7.391893098623132,True
1466429450,7.4,7.38787938280163,7.38787938280163,True
1466429455,7.44,7.44,7.365647383422158,False
1466429510,7.44,7.416706974268831,7.416706974268831,True
1466429565,7.44,7.364936046075273,7.364936046075273,True
1466429566,7.44,7.438295317447758,7.438295317447758,True
1466429592,7.4,7.4,7.40231204302916,False
1466429623,7.4,7.400690422472996,7.400690422472996,True
1466429691,7.4,7.4,7.389741377823407,False
1466429733,7.4,7.355345828984108,7.355345828984108,True
1466429803,7.43,7.43,7.3619880704078655,False
1466429832,7.43,7.44628748983104,7.44628748983104,True
1466429905,7.42,7.42,7.440087674275935,False
1466429997,7.42,7.4202994512374225,7.4202994512374225,True
1466430050,7.42,7.42,7.430403756776506,False
1466430088,7.42,7.440331633824797,7.440331633824797,True
1466430174,7.42,7.42,7.3756757363724565,False
1466430247,7.42,7.42,7.433982152852171,False
1466430344,7.42,7.4337811660122215,7.4337811660122215,True
1466430375,7.42,7.435824313308024,7.435824313308024,True
1466430400,7.36,7.352107710539394,7.352107710539394,True
1466430457,7.43,7.390675332031114,7.390675332031114,True
1466430483,7.43,7.43,7.406678835249873,False
1466430517,7.42,7.42,7.372066150342175,False
1466430524,7.41,7.36528680279222,7.36528680279222,True
1466430592,7.41,7.395864866283286,7.395864866283286,True
1466430616,7.41,7.355492293134741,7.355492293134741,True
1466430631,7.41,7.352768934851911,7.352768934851911,True
1466430680,7.41,7.41,7.401484138806427,False
1466430734,7.35,7.433055435842457,7.433055435842457,True
1466430790,7.44,7.44,7.377682709998064,False
1466430815,7.44,7.44,7.41168740900401,False
1466430895,7.41,7.41,7.353092651266271,False
1466430916,7.41,7.41,7.4176649914940525,False
1466430929,7.41,7.430961028440937,7.430961028440937,True
1466430936,7.41,7.41,7.407139477089952,False
1466431009,7.41,7.423898810883069,7.423898810883069,True
1466431036,7.41,7.41,7.390351100173062,False
1466431055,7.41,7.41,7.39647826869621,False
1466431145,7.4,7.357112050159472,7.357112050159472,True
1466431218,7.4,7.35166064771533,7.35166064771533,True
1466431290,7.4,7.372297503346896,7.372297503346896,True
1466431324,7.39,7.39,7.388987940803678,False
1466431400,7.39,7.375046140529957,7.375046140529957,True
1466431450,7.39,7.44927735380391,7.44927735380391,True
1466431526,7.39,7.438746940499953,7.438746940499953,True
1466431589,7.35,7.35,7.350567869741278,False
1466431661,7.35,7.369534144959677,7.369534144959677,True
1466431760,7.35,7.384271442682978,7.384271442682978,True
1466431796,7.44,7.358161124785036,7.358161124785036,True
1466431848,7.43,7.43,7.362738208756985,False
1466431879,7.38,7.43260791484172,7.43260791484172,True
1466431954,7.38,7.361610115033109,7.361610115033109,True
1466431958,7.38,7.38,7.369769222306818,False
1466432002,7.38,7.447876099734345,7.447876099734345,True
1466432101,7.38,7.38,7.418717207663883,False
1466432177,7.38,7.38,7.41540341626932,False
1466432194,7.38,7.38,7.381297628597068,False
1466432237,7.38,7.38,7.439812813162099,False
1466432280,7.38,7.38,7.409465089348797,False
1466432373,7.38,7.372173731630199,7.372173731630199,True
1466432389,7.39,7.39,7.362913971887927,False
1466432415,7.44,7.426024016007481,7.426024016007481,True
1466432417,7.38,7.424744335245066,7.424744335245066,True
1466432506,7.38,7.4470863622222145,7.4470863622222145,True
1466432569,7.38,7.38,7.4122255086890005,False
1466432577,7.35,7.4368258285238955,7.4368258285238955,True
1466432670,7.38,7.436253273992121,7.436253273992121,True
1466432706,7.35,7.411601844025942,7.411601844025942,True
1466432804,7.36,7.396904155479339,7.396904155479339,True
1466432853,7.36,7.408280452476263,7.408280452476263,True
1466432947,7.36,7.396817267465894,7.396817267465894,True
1466433040,7.36,7.4357729254951055,7.4357729254951055,True
1466433128,7.36,7.420113593295961,7.420113593295961,True
1466433145,7.36,7.36,7.447546338992981,False
1466433195,7.44,7.4473501625444865,7.4473501625444865,True
1466433289,7.44,7.380668484548366,7.380668484548366,True
1466433375,7.44,7.44,7.352790414581812,False
1466433427,7.44,7.44,7.433633490557515,False
1466433478,7.44,7.398074419152161,7.398074419152161,True
1466433517,7.44,7.35605378144369,7.35605378144369,True
1466433615,7.44,7.44,7.367793070021869,False
1466433672,7.44,7.44,7.381371517033328,False
1466433762,7.44,7.414578328667484,7.414578328667484,True
1466433809,7.44,7.430973749376868,7.430973749376868,True
1466433873,7.44,7.429464893891666,7.429464893891666,True
1466433910,7.44,7.370602806355806,7.370602806355806,True
1466433994,7.44,7.4281628843768885,7.4281628843768885,True
1466434003,7.44,7.401139719593087,7.401139719593087,True
1466434045,7.36,7.36,7.438127152538305,False
1466434096,7.36,7.36,7.408697143071939,False
1466434173,7.44,7.430477826004312,7.430477826004312,True
1466434199,7.37,7.37,7.368634355833497,False
1466434224,7.41,7.41,7.411290283805087,False
1466434308,7.36,7.4288382431366236,7.4288382431366236,True
1466434359,7.43,7.43,7.381251846788853,False
1466434371,7.4,7.4,7.369833620631899,False
1466434457,7.4,7.4,7.445732806316801,False
1466434498,7.4,7.392587791673038,7.392587791673038,True
1466434552,7.4,7.3913068390977426,7.3913068390977426,True
1466434622,7.4,7.375084162688024,7.375084162688024,True
1466434691,7.37,7.37,7.359617557177237,False
1466434718,7.43,7.444201978603823,7.444201978603823,True
1466434727,7.43,7.43,7.414991189329392,False
1466434815,7.43,7.43,7.40059556074719,False
1466434892,7.43,7.43,7.384265497927704,False
1466434915,7.41,7.41,7.430465505767042,False
1466434946,7.41,7.41,7.437884972975292,False
1466434988,7.41,7.399930478074432,7.399930478074432,True
1466435020,7.42,7.366462595852725,7.366462595852725,True
1466435090,7.39,7.448191115064315,7.448191115064315,True
1466435099,7.45,7.45,7.3636826584477415,False
1466435145,7.45,7.45,7.431155528348203,False
1466435186,7.45,7.359789983926556,7.359789983926556,True
1466435246,7.45,7.45,7.428460488658439,False
1466435284,7.45,7.45,7.360305333619298,False
1466435327,7.45,7.45,7.406276205910947,False
1466435369,7.45,7.423025930279917,7.423025930279917,True
1466435408,7.36,7.36,7.385798428375065,False
1466435468,7.36,7.36,7.447156739966927,False
1466435486,7.41,7.428812229219226,7.428812229219226,True
1466435555,7.39,7.39,7.426116859781141,False
1466435624,7.39,7.409080070023648,7.409080070023648,True
1466435659,7.41,7.411937140071682,7.411937140071682,True
1466435682,7.41,7.41,7.4380870558956085,False
1466435712,7.41,7.441263382100739,7.441263382100739,True
1466435794,7.41,7.369123120019123,7.369123120019123,True
1466435878,7.41,7.432942039897568,7.432942039897568,True
1466435904,7.44,7.44,7.418873094390217,False
1466435971,7.44,7.425057762832072,7.425057762832072,True
1466436041,7.44,7.350872147300476,7.350872147300476,True
1466436059,7.4,7.4,7.419726905689706,False
1466436093,7.4,7.4,7.376124144598914,False
1466436178,7.39,7.40248393157407,7.40248393157407,True
1466436230,7.39,7.413248864444042,7.413248864444042,True
1466436280,7.39,7.39,7.42240183456753,False
1466436332,7.39,7.423255651485842,7.423255651485842,True
1466436333,7.39,7.39,7.4105598246350635,False
1466436431,7.39,7.39,7.370143560413927,False
1466436520,7.39,7.39,7.364728188227886,False
1466436572,7.38,7.38,7.402008980518928,False
1466436647,7.38,7.410807993855863,7.410807993855863,True
1466436655,7.38,7.38,7.366203590848809,False
1466436727,7.36,7.36,7.419946505460006,False
1466436793,7.36,7.3658060219869945,7.3658060219869945,True
1466436879,7.36,7.36,7.416776995462966,False
1466436880,7.36,7.352121591953247,7.352121591953247,True
1466436939,7.36,7.36,7.4144280843449515,False
1466437015,7.36,7.36,7.364925322829502,False
1466437048,7.36,7.36,7.436699614598544,False
1466437088,7.36,7.36,7.378392984819268,False
1466437105,7.36,7.36,7.416645846039365,False
1466437122,7.36,7.363726363877378,7.363726363877378,True
1466437160,7.36,7.409825022528848,7.409825022528848,True
1466437232,7.36,7.414652589028429,7.414652589028429,True
1466437321,7.36,7.36,7.351378842820395,False
1466437335,7.36,7.355937434140164,7.355937434140164,True
1466437358,7.36,7.36,7.420891831573264,False
1466437441,7.35,7.356801459726001,7.356801459726001,True
1466437480,7.35,7.35,7.434535942397631,False
1466437561,7.4,7.4,7.3948421469547965,False
1466437653,7.4,7.4,7.406449399519671,False
1466437709,7.4,7.380255162418228,7.380255162418228,True
1466437798,7.39,7.429661014392308,7.429661014392308,True
1466437869,7.41,7.353767984140082,7.353767984140082,True
1466437952,7.41,7.377686811446495,7.377686811446495,True
1466438037,7.41,7.44665071705065,7.44665071705065,True
1466438054,7.41,7.382178293909234,7.382178293909234,True
1466438056,7.41,7.388864914652006,7.388864914652006,True
1466438136,7.38,7.38,7.443096467926235,False
1466438234,7.38,7.372243630073563,7.372243630073563,True
1466438261,7.38,7.38,7.39181186103781,False
1466438348,7.38,7.38,7.351181421042717,False
1466438407,7.38,7.38,7.377462221329311,False
1466438422,7.38,7.38,7.418129997810566,False
1466438476,7.38,7.42021788363147,7.42021788363147,True
1466438571,7.42,7.3521840591566985,7.3521840591566985,True
1466438612,7.4,7.4,7.358845035953637,False
1466438620,7.4,7.381091502952784,7.381091502952784,True
1466438698,7.4,7.4,7.423545736603677,False
1466438747,7.4,7.439759551486916,7.439759551486916,True
1466438795,7.4,7.379218837551663,7.379218837551663,True
1466438810,7.4,7.416759202749648,7.416759202749648,True
1466438888,7.4,7.4,7.440632378610845,False
1466438975,7.4,7.380811312985382,7.380811312985382,True
1466439000,7.4,7.394698852213459,7.394698852213459,True
1466439092,7.4,7.371621369812058,7.371621369812058,True
1466439150,7.36,7.36,7.446625133563505,False
1466439229,7.36,7.36,7.379771208519506,False
1466439279,7.36,7.401408136792208,7.401408136792208,True
1466439328,7.39,7.356466336321457,7.356466336321457,True
1466439351,7.39,7.432885316374778,7.432885316374778,True
1466439447,7.39,7.39,7.424819496581571,False
1466439466,7.39,7.39,7.377367978825266,False
1466439480,7.39,7.415354770707105,7.415354770707105,True
1466439560,7.39,7.354891954817381,7.354891954817381,True
1466439600,7.39,7.39,7.41640727870734,False
1466439645,7.39,7.352992409341598,7.352992409341598,True
1466439729,7.39,7.431750321938003,7.431750321938003,True
1466439772,7.39,7.39,7.407032133359663,False
1466439827,7.42,7.422841998745808,7.422841998745808,True
1466439849,7.41,7.41,7.361584317990958,False
1466439910,7.41,7.435774629614558,7.435774629614558,True
1466439990,7.41,7.41,7.354008908550821,False
1466440005,7.39,7.389030164284894,7.389030164284894,True
1466440006,7.36,7.356487613942114,7.356487613942114,True
1466440045,7.36,7.36,7.367404700057127,False
1466440066,7.36,7.422755529891033,7.422755529891033,True
1466440154,7.36,7.353699912820763,7.353699912820763,True
1466440214,7.36,7.391385291743831,7.391385291743831,True
1466440226,7.36,7.404021134296869,7.404021134296869,True
1466440304,7.36,7.36,7.35871334574296,False
1466440385,7.36,7.36,7.412684560708882,False
1466440451,7.38,7.382589325770526,7.382589325770526,True
1466440521,7.38,7.38,7.38231421511428,False
1466440581,7.43,7.43,7.415311488703647,False
1466440674,7.43,7.406570716627189,7.406570716627189,True
1466440727,7.37,7.382995005733298,7.382995005733298,True
1466440821,7.37,7.373626688191035,7.373626688191035,True
1466440827,7.41,7.383028932680366,7.383028932680366,True
1466440897,7.39,7.380775849872092,7.380775849872092,True
1466440923,7.38,7.427383967912642,7.427383967912642,True
1466441012,7.38,7.38,7.3654377722834825,False
1466441049,7.38,7.354499805905391,7.354499805905391,True
1466441147,7.38,7.398599240406547,7.398599240406547,True
1466441213,7.38,7.367079719138358,7.367079719138358,True
1466441311,7.38,7.420768087805946,7.420768087805946,True
1466441318,7.39,7.435135693403562,7.435135693403562,True
1466441418,7.42,7.427345402443359,7.427345402443359,True
1466441510,7.41,7.395034249405796,7.395034249405796,True
1466441541,7.41,7.41,7.44749994551288,False
1466441579,7.44,7.44,7.396889857007572,False
1466441630,7.38,7.38,7.400985369494395,False
1466441714,7.36,7.36,7.414171589192424,False
1466441724,7.37,7.3952059869168725,7.3952059869168725,True
1466441741,7.45,7.45,7.416495107702421,False
1466441822,7.45,7.372690363401937,7.372690363401937,True
1466441883,7.43,7.379876512892973,7.379876512892973,True
1466441934,7.43,7.43,7.395776353281901,False
1466441947,7.43,7.43,7.352054161093499,False
1466442046,7.37,7.372650355369912,7.372650355369912,True
1466442137,7.4,7.4246647204473755,7.4246647204473755,True
1466442175,7.4,7.42041743296702,7.42041743296702,True
1466442216,7.4,7.362389069950569,7.362389069950569,True
1466442284,7.44,7.38051051876389,7.38051051876389,True
1466442332,7.44,7.414083688667926,7.414083688667926,True
1466442358,7.44,7.44,7.398340966531125,False
1466442362,7.44,7.44,7.41750465975783,False
1466442439,7.38,7.38,7.397478265308359,False
1466442490,7.38,7.389952045890069,7.389952045890069,True
1466442498,7.38,7.379646608749634,7.379646608749634,True
1466442508,7.41,7.3550723207105815,7.3550723207105815,True
1466442518,7.41,7.357262895822592,7.357262895822592,True
1466442556,7.41,7.415874332697239,7.415874332697239,True
1466442656,7.37,7.434514790195443,7.434514790195443,True
1466442662,7.43,7.43,7.358857282596534,False
1466442703,7.38,7.449745610025898,7.449745610025898,True
1466442768,7.36,7.43058824129993,7.43058824129993,True
1466442788,7.36,7.36,7.363940293351641,False
1466442886,7.39,7.39,7.384034016748383,False
1466442980,7.41,7.41,7.449223717476155,False
1466443000,7.42,7.399320794219014,7.399320794219014,True
1466443029,7.41,7.414836604947602,7.414836604947602,True
1466443038,7.41,7.41,7.393273902733817,False
1466443089,7.39,7.39,7.356753430643018,False
1466443162,7.36,7.36,7.365362116723847,False
1466443201,7.4,7.4,7.409920730043692,False
1466443219,7.4,7.4,7.43881112560423,False
1466443263,7.39,7.39,7.417141786677453,False
1466443350,7.42,7.42,7.432350318736987,False
1466443373,7.42,7.391668133988494,7.391668133988494,True
1466443392,7.42,7.42,7.369071309119456,False
1466443402,7.42,7.42,7.370098144202207,False
1466443486,7.42,7.42,7.4416121071746835,False
1466443511,7.42,7.3922594436404,7.3922594436404,True
1466443584,7.42,7.418034279457393,7.418034279457393,True
1466443677,7.42,7.397764225417333,7.397764225417333,True
1466443725,7.42,7.42,7.384376368132197,False
1466443727,7.38,7.420112432129061,7.420112432129061,True
1466443750,7.38,7.38,7.378861955270081,False
1466443761,7.38,7.38,7.449200997334974,False
1466443808,7.38,7.38,7.377019510803233,False
1466443861,7.39,7.39,7.416586086906603,False
1466443929,7.37,7.4142614041118025,7.4142614041118025,True
1466443986,7.42,7.408892476073198,7.408892476073198,True
1466444043,7.42,7.42,7.446048816694451,False
1466444110,7.42,7.42,7.413114745715448,False
1466444192,7.39,7.411321395321651,7.411321395321651,True
1466444287,7.38,7.443035379132557,7.443035379132557,True
1466444294,7.38,7.38,7.3643746697134285,False
1466444366,7.38,7.38,7.371326456892212,False
1466444466,7.38,7.38,7.4319892900335764,False
1466444505,7.42,7.42,7.383868109443668,False
1466444556,7.38,7.357912409360209,7.357912409360209,True
1466444624,7.38,7.386747047106989,7.386747047106989,True
1466444663,7.38,7.38,7.3672347658452475,False
1466444685,7.38,7.40965852535576,7.40965852535576,True
1466444756,7.38,7.38,7.370889898263239,False
1466444781,7.38,7.368201034399759,7.368201034399759,True
1466444840,7.38,7.430821144044799,7.430821144044799,True
1466444854,7.42,7.42,7.378025312470936,False
1466444860,7.42,7.4408235135478975,7.4408235135478975,True
1466444959,7.42,7.407669897810438,7.407669897810438,True
1466445058,7.44,7.44,7.427519291095108,False
1466445107,7.44,7.42810927289529,7.42810927289529,True
1466445165,7.39,7.4457254523786185,7.4457254523786185,True
1466445170,7.4,7.432670450949308,7.432670450949308,True
1466445173,7.4,7.4386547781537535,7.4386547781537535,True
1466445247,7.43,7.43,7.383842955440899,False
1466445305,7.45,7.354494390432584,7.354494390432584,True
1466445333,7.45,7.45,7.427620095579122,False
1466445356,7.45,7.3851316564230025,7.3851316564230025,True
1466445430,7.37,7.37,7.3937589053339385,False
1466445491,7.43,7.382181674708861,7.382181674708861,True
1466445497,7.4,7.4256276508356525,7.4256276508356525,True
1466445514,7.43,7.43,7.36157180616333,False
1466445549,7.43,7.369143094796272,7.369143094796272,True
1466445640,7.35,7.35,7.44562885302732,False
1466445648,7.45,7.45,7.440235915761121,False
1466445739,7.41,7.41,7.448435458317267,False
1466445814,7.39,7.39,7.368606570634871,False
1466445879,7.39,7.39,7.429360789611159,False
1466445909,7.39,7.375487614631285,7.375487614631285,True
1466445965,7.37,7.37,7.360352249381684,False
1466446021,7.37,7.37,7.38170093960575,False
1466446045,7.39,7.436734104487651,7.436734104487651,True
1466446071,7.39,7.426080767911296,7.426080767911296,True
1466446120,7.39,7.39,7.357692964568752,False
1466446168,7.4,7.42302811044151,7.42302811044151,True
1466446253,7.4,7.416863128410171,7.416863128410171,True
1466446302,7.4,7.438850106448958,7.438850106448958,True
1466446389,7.4,7.397435710350497,7.397435710350497,True
1466446404,7.4,7.363845030388028,7.363845030388028,True
1466446494,7.4,7.448164947291691,7.448164947291691,True
1466446594,7.4,7.4,7.38942120779636,False
1466446643,7.38,7.432483294986723,7.432483294986723,True
1466446669,7.35,7.35,7.413381236389587,False
1466446690,7.35,7.35,7.448346219206442,False
1466446735,7.4,7.4,7.364523178061514,False
1466446766,7.4,7.4,7.364376738569824,False
1466446852,7.39,7.39,7.404077459503776,False
1466446902,7.39,7.39,7.427872902944856,False
1466446945,7.39,7.39,7.418407505852148,False
1466446987,7.39,7.39,7.379117780009908,False
1466447036,7.45,7.379558962581443,7.379558962581443,True
1466447112,7.45,7.45,7.412533954809345,False
1466447129,7.38,7.38,7.417350398473687,False
1466447189,7.4,7.4,7.3555716323164,False
1466447224,7.44,7.44,7.392409357725708,False
1466447270,7.37,7.37,7.3780198442973335,False
1466447272,7.37,7.4379887955272155,7.4379887955272155,True
1466447348,7.37,7.405484522323318,7.405484522323318,True
1466447359,7.37,7.37,7.440506852011565,False
1466447388,7.43,7.43,7.395416762258924,False
1466447390,7.43,7.379799526458984,7.379799526458984,True
1466447425,7.43,7.427477588030922,7.427477588030922,True
1466447463,7.43,7.43,7.436937237851921,False
1466447485,7.38,7.38,7.379976245886114,False
1466447545,7.38,7.38,7.415351586394489,False
1466447553,7.38,7.38,7.439797197147796,False
1466447554,7.45,7.445555173869794,7.445555173869794,True
1466447573,7.45,7.45,7.361369754394715,False
1466447634,7.45,7.45,7.355919478556194,False
1466447695,7.45,7.45,7.413858427254523,False
1466447762,7.42,7.407075632914196,7.407075632914196,True
1466447844,7.42,7.374028449108647,7.374028449108647,True
1466447885,7.4,7.4,7.4448606313929835,False
1466447943,7.4,7.4,7.384224835388261,False
1466447956,7.4,7.4,7.369456560679145,False
1466448041,7.45,7.45,7.406112015087923,False
1466448140,7.41,7.361779261822153,7.361779261822153,True
1466448215,7.41,7.41,7.3848957038742675,False
1466448270,7.41,7.440556936808342,7.440556936808342,True
1466448302,7.41,7.3606063068431995,7.3606063068431995,True
1466448368,7.4,7.4,7.387512390738976,False
1466448422,7.4,7.4,7.42370436571752,False
1466448517,7.4,7.382078465702114,7.382078465702114,True
1466448614,7.4,7.4,7.389562248067671,False
1466448701,7.4,7.4,7.4011217956062865,False
1466448743,7.4,7.4,7.422572552182999,False
1466448805,7.42,7.381650521246419,7.381650521246419,True
1466448844,7.4,7.37516695605084,7.37516695605084,True
1466448896,7.4,7.411150733202985,7.411150733202985,True
1466448984,7.4,7.4,7.422620646035078,False
1466449031,7.4,7.439046692291296,7.439046692291296,True
1466449045,7.42,7.443737503807399,7.443737503807399,True
1466449099,7.39,7.432354653969511,7.432354653969511,True
1466449171,7.41,7.3899094230579605,7.3899094230579605,True
1466449261,7.44,7.399236744447498,7.399236744447498,True
1466449280,7.39,7.39,7.412770511475517,False
1466449359,7.41,7.41,7.41750714435929,False
1466449442,7.41,7.41,7.3721999394363555,False
1466449496,7.37,7.449896815974574,7.449896815974574,True
1466449537,7.37,7.401966906725974,7.401966906725974,True
1466449555,7.37,7.4359265948477695,7.4359265948477695,True
1466449629,7.39,7.4124543957540565,7.4124543957540565,True
1466449635,7.38,7.4166347569689295,7.4166347569689295,True
1466449721,7.38,7.409040281949374,7.409040281949374,True
1466449772,7.38,7.38,7.380896613682954,False
1466449872,7.38,7.38,7.373043519757238,False
1466449873,7.38,7.443057630511335,7.443057630511335,True
1466449884,7.38,7.391857668516361,7.391857668516361,True
1466449937,7.38,7.433180812622419,7.433180812622419,True
1466449953,7.38,7.38,7.370922849002494,False
1466449959,7.38,7.38,7.443978394446311,False
1466449961,7.38,7.38,7.3933699867249745,False
1466450018,7.37,7.407307892720369,7.407307892720369,True
1466450075,7.37,7.37,7.386614995859796,False
1466450150,7.35,7.436091159232934,7.436091159232934,True
1466450177,7.35,7.35,7.431407223694173,False
1466450255,7.35,7.359504772906258,7.359504772906258,True
1466450343,7.35,7.425337814107912,7.425337814107912,True
1466450348,7.4,7.379725082650114,7.379725082650114,True
1466450401,7.4,7.4,7.38092282030156,False
1466450433,7.4,7.4,7.363768191308505,False
1466450507,7.4,7.4,7.355811628678489,False
1466450536,7.4,7.426141614630033,7.426141614630033,True
1466450627,7.4,7.4,7.430110596553808,False
1466450723,7.4,7.4,7.393445011638092,False
1466450817,7.43,7.43,7.420498694832887,False
1466450900,7.43,7.439850547828329,7.439850547828329,True
1466450902,7.43,7.39345494575041,7.39345494575041,True
1466450971,7.43,7.425306673012579,7.425306673012579,True
1466451016,7.43,7.3946322901288655,7.3946322901288655,True
1466451023,7.43,7.358464957547183,7.358464957547183,True
1466451073,7.43,7.408381073203266,7.408381073203266,True
1466451166,7.43,7.43,7.359353713641024,False
1466451231,7.43,7.43,7.4222531948775865,False
1466451245,7.43,7.3977844065993255,7.3977844065993255,True
1466451293,7.38,7.354919523628311,7.354919523628311,True
1466451295,7.42,7.42,7.372656947302773,False
1466451378,7.42,7.404859777123756,7.404859777123756,True
1466451445,7.42,7.4464169917864655,7.4464169917864655,True
1466451508,7.42,7.3554788432982585,7.3554788432982585,True
1466451599,7.43,7.404935103690894,7.404935103690894,True
1466451686,7.43,7.43,7.354134894023309,False
1466451761,7.41,7.41,7.420410783931931,False
1466451857,7.44,7.44,7.394279523359404,False
1466451909,7.44,7.44,7.42766901622666,False
1466451919,7.37,7.375351461962487,7.375351461962487,True
1466452006,7.37,7.444657623428133,7.444657623428133,True
1466452035,7.37,7.37,7.427948239382388,False
1466452039,7.4,7.351802432388535,7.351802432388535,True
1466452104,7.36,7.36,7.3668592771169426,False
1466452167,7.45,7.41304781557214,7.41304781557214,True
1466452238,7.45,7.45,7.364231202210369,False
1466452313,7.45,7.363963016594066,7.363963016594066,True
1466452339,7.43,7.43,7.398040527867468,False
1466452419,7.4,7.4,7.4460089570550565,False
1466452424,7.39,7.39,7.350032996217702,False
1466452435,7.39,7.39,7.438766304868448,False
1466452531,7.39,7.423545320221959,7.423545320221959,True
1466452584,7.39,7.362346744202885,7.362346744202885,True
1466452625,7.39,7.386892245784348,7.386892245784348,True
1466452676,7.39,7.39,7.3726191726647405,False
1466452752,7.39,7.39,7.4159107063711724,False
1466452796,7.39,7.39,7.448011727597143,False
1466452825,7.39,7.39,7.421448784239509,False
1466452860,7.35,7.388976696028725,7.388976696028725,True
1466452960,7.42,7.42,7.433611687261002,False
1466452979,7.42,7.42,7.449029559979504,False
1466453002,7.42,7.42,7.383135249467361,False
1466453016,7.44,7.432428350627407,7.432428350627407,True
1466453025,7.44,7.425969837271932,7.425969837271932,True
1466453089,7.4,7.4,7.406976991424232,False
1466453141,7.35,7.35,7.406695888649699,False
1466453154,7.45,7.45,7.444778715785326,False
1466453184,7.45,7.383186865019847,7.383186865019847,True
1466453202,7.4,7.4,7.404802344114108,False
1466453203,7.4,7.4,7.442226034891398,False
1466453222,7.44,7.374111033838106,7.374111033838106,True
1466453321,7.44,7.44,7.367495231368151,False
1466453379,7.44,7.421525799006464,7.421525799006464,True
1466453392,7.44,7.407671463994839,7.407671463994839,True
1466453422,7.4,7.387035487563621,7.387035487563621,True
1466453502,7.4,7.4,7.410506462422955,False
1466453518,7.4,7.4,7.430843415617379,False
1466453563,7.4,7.369760856802283,7.369760856802283,True
1466453604,7.4,7.4,7.403162089019814,False
1466453639,7.39,7.414531973378264,7.414531973378264,True
1466453705,7.42,7.42,7.364118674214068,False
1466453795,7.43,7.43,7.39015214739066,False
1466453816,7.41,7.437575173543976,7.437575173543976,True
1466453870,7.41,7.378266345624789,7.378266345624789,True
1466453910,7.41,7.3821080202799845,7.3821080202799845,True
1466454002,7.44,7.44,7.389379288648674,False
1466454051,7.44,7.44,7.407336285945918,False
1466454087,7.44,7.44,7.435248107514595,False
1466454129,7.45,7.45,7.4187581648598115,False
1466454227,7.45,7.446308576933834,7.446308576933834,True
1466454259,7.45,7.45,7.3595800455267,False
1466454262,7.36,7.36,7.433493775173022,False
1466454298,7.36,7.36,7.350683680843698,False
1466454388,7.4,7.4,7.425641736250212,False
1466454399,7.4,7.3802854411949745,7.3802854411949745,True
1466454473,7.4,7.4,7.417917020511975,False
1466454529,7.42,7.42,7.3692846393988605,False
1466454559,7.43,7.413642418549483,7.413642418549483,True
1466454648,7.43,7.43,7.360623216726787,False
1466454745,7.43,7.360869593245846,7.360869593245846,True
1466454763,7.43,7.43,7.428689068103408,False
1466454851,7.43,7.43,7.410416603311127,False
1466454936,7.42,7.42,7.39619043759258,False
1466454949,7.42,7.433123860460971,7.433123860460971,True
1466455032,7.42,7.42,7.353452979298439,False
1466455065,7.39,7.39,7.435490977026113,False
1466455119,7.39,7.39,7.350070515642214,False
1466455172,7.39,7.39,7.393833038606889,False
1466455196,7.39,7.3729619145519845,7.3729619145519845,True
1466455271,7.39,7.39,7.3817249999298635,False
1466455357,7.38,7.410206967926554,7.410206967926554,True
1466455361,7.38,7.3895325112873405,7.3895325112873405,True
1466455394,7.38,7.3543857777057235,7.3543857777057235,True
1466455475,7.37,7.37,7.356924920283502,False
1466455497,7.37,7.37,7.42781929584408,False
1466455561,7.37,7.379045051239823,7.379045051239823,True
1466455575,7.37,7.367626639521093,7.367626639521093,True
1466455587,7.37,7.350854898859147,7.350854898859147,True
1466455651,7.4,7.379321728398657,7.379321728398657,True
1466455658,7.4,7.393279390648258,7.393279390648258,True
1466455732,7.36,7.36,7.390626664758856,False
1466455812,7.36,7.36,7.360625774563358,False
1466455910,7.35,7.369197838994653,7.369197838994653,True
1466455951,7.35,7.3586736814353175,7.3586736814353175,True
1466455999,7.35,7.42821815779386,7.42821815779386,True
1466456054,7.35,7.35,7.419641930416365,False
1466456058,7.35,7.35,7.4350806845216,False
1466456074,7.39,7.394033557498174,7.394033557498174,True
1466456088,7.39,7.39,7.413534020160229,False
1466456118,7.39,7.39,7.356022597712216,False
1466456218,7.39,7.367806303622108,7.367806303622108,True
1466456265,7.42,7.352459442540868,7.352459442540868,True
1466456270,7.42,7.42,7.354446756692002,False
1466456312,7.42,7.42,7.434229867435755,False
1466456346,7.42,7.383446895592676,7.383446895592676,True
1466456374,7.45,7.45,7.370119160482731,False
1466456406,7.45,7.422846748636065,7.422846748636065,True
1466456482,7.45,7.427627261053387,7.427627261053387,True
1466456512,7.39,7.39,7.39207740329311,False
1466456610,7.36,7.371125394459526,7.371125394459526,True
1466456683,7.43,7.43,7.439853111617752,False
1466456768,7.37,7.37,7.427786750863131,False
1466456856,7.37,7.424335213090335,7.424335213090335,True
1466456927,7.37,7.37,7.41262292851141,False
1466457014,7.37,7.37,7.447015719877406,False
1466457032,7.37,7.37,7.357925788711967,False
1466457067,7.37,7.37,7.4327081998778795,False
1466457157,7.37,7.444700033399957,7.444700033399957,True
1466457215,7.37,7.37,7.423620481983062,False
1466457267,7.37,7.37,7.404158834776573,False
1466457357,7.37,7.370608605966925,7.370608605966925,True
1466457434,7.37,7.37,7.44291506491137,False
1466457487,7.37,7.443634690362092,7.443634690362092,True
1466457559,7.37,7.37,7.383154581189384,False
1466457603,7.37,7.398436756143376,7.398436756143376,True
1466457671,7.35,7.35,7.421531801758529,False
1466457713,7.35,7.35,7.40971381036786,False
1466457745,7.45,7.400347442586853,7.400347442586853,True
1466457782,7.45,7.442870789534104,7.442870789534104,True
1466457802,7.45,7.355818810752104,7.355818810752104,True
1466457817,7.45,7.393669197008997,7.393669197008997,True
1466457865,7.45,7.421901611188564,7.421901611188564,True
1466457884,7.45,7.367130319568306,7.367130319568306,True
1466457885,7.44,7.44,7.393252063415584,False
1466457917,7.44,7.44,7.440431240443551,False
1466457973,7.44,7.381634902873564,7.381634902873564,True
1466458045,7.41,7.41,7.44233061961867,False
1466458135,7.42,7.42,7.359831199908516,False
1466458151,7.39,7.352761172294174,7.352761172294174,True
1466458230,7.39,7.426273746528165,7.426273746528165,True
1466458324,7.38,7.38,7.403774165980365,False
1466458362,7.38,7.4169172952940325,7.4169172952940325,True
1466458438,7.35,7.35,7.421762599812184,False
1466458454,7.35,7.3567607965116295,7.3567607965116295,True
1466458496,7.35,7.35,7.429397460555262,False
1466458509,7.35,7.35,7.399370519011338,False
1466458580,7.4,7.364393382675256,7.364393382675256,True
1466458590,7.4,7.422891022028677,7.422891022028677,True
1466458626,7.4,7.4,7.395651581900509,False
1466458642,7.4,7.370524091858892,7.370524091858892,True
1466458665,7.4,7.386518477241267,7.386518477241267,True
1466458694,7.35,7.41754821049446,7.41754821049446,True
1466458762,7.35,7.35,7.359495360444642,False
1466458793,7.37,7.37,7.3927760343684605,False
1466458824,7.42,7.42,7.416065076011233,False
1466458906,7.42,7.446154906391081,7.446154906391081,True
1466458982,7.42,7.42,7.446936003383563,False
1466459068,7.42,7.396175505672653,7.396175505672653,True
1466459159,7.42,7.42,7.3568049107920395,False
1466459184,7.42,7.42,7.368135747745296,False
1466459273,7.39,7.416176205650351,7.416176205650351,True
1466459372,7.39,7.442458646909351,7.442458646909351,True
1466459415,7.39,7.362509157429656,7.362509157429656,True
1466459483,7.44,7.44,7.362068480871646,False
1466459504,7.44,7.438564308961075,7.438564308961075,True
1466459588,7.37,7.440667505292678,7.440667505292678,True
1466459595,7.37,7.37,7.3624630500879675,False
1466459673,7.4,7.376314944126815,7.376314944126815,True
1466459726,7.4,7.413084900851503,7.413084900851503,True
1466459800,7.42,7.44389361470923,7.44389361470923,True
1466459857,7.44,7.44,7.409763040512933,False
1466459887,7.39,7.447630211846243,7.447630211846243,True
1466459913,7.39,7.425882304433509,7.425882304433509,True
1466459974,7.43,7.415960155673991,7.415960155673991,True
1466459995,7.43,7.407967422401074,7.407967422401074,True
1466460001,7.43,7.35224033986951,7.35224033986951,True
1466460054,7.43,7.43,7.37243299603599,False
1466460130,7.35,7.427147998989424,7.427147998989424,True
1466460215,7.44,7.394853164508714,7.394853164508714,True
1466460252,7.44,7.408907209291727,7.408907209291727,True
1466460272,7.36,7.36,7.356536925085767,False
1466460346,7.36,7.373625732064756,7.373625732064756,True
1466460440,7.36,7.36,7.444520180885786,False
1466460461,7.39,7.39,7.368185661128447,False
1466460528,7.43,7.43,7.363707992510307,False
1466460610,7.43,7.43,7.38738522700856,False
1466460630,7.43,7.376309945114,7.376309945114,True
1466460691,7.43,7.43,7.389233974974607,False
1466460706,7.43,7.43,7.446270707283001,False
1466460739,7.43,7.4419418339415015,7.4419418339415015,True
1466460765,7.37,7.397059608857524,7.397059608857524,True
1466460795,7.37,7.37,7.441229647923591,False
1466460877,7.43,7.43,7.364924267339307,False
1466460973,7.43,7.426516830911013,7.426516830911013,True
1466461009,7.43,7.389783172557289,7.389783172557289,True
1466461027,7.43,7.43,7.408971899969501,False
1466461032,7.4,7.4273602041625955,7.4273602041625955,True
1466461096,7.4,7.410871950055155,7.410871950055155,True
1466461169,7.4,7.4,7.418894053662818,False
1466461256,7.4,7.384995136501075,7.384995136501075,True
1466461351,7.4,7.4,7.404244396595681,False
1466461451,7.41,7.41,7.437209417651631,False
1466461531,7.41,7.362015791423749,7.362015791423749,True
1466461568,7.44,7.44,7.421822413157174,False
1466461583,7.44,7.356008788406023,7.356008788406023,True
1466461647,7.4,7.4,7.387281118337026,False
1466461703,7.39,7.418161649368921,7.418161649368921,True
1466461794,7.35,7.35,7.369452556696072,False
1466461813,7.44,7.44,7.429785582712866,False
1466461910,7.44,7.44,7.402516309456423,False
1466461988,7.43,7.379735960236212,7.379735960236212,True
1466462056,7.45,7.45,7.443762721361292,False
1466462101,7.44,7.44,7.436259197446836,False
1466462155,7.44,7.44,7.436125836725664,False
1466462215,7.44,7.35869471111878,7.35869471111878,True
1466462278,7.44,7.44,7.419339776812924,False
1466462368,7.44,7.44,7.422623457958252,False
1466462412,7.44,7.443434353241949,7.443434353241949,True
1466462512,7.44,7.44,7.419469619119701,False
1466462594,7.44,7.44,7.417237920884681,False
1466462671,7.36,7.36,7.385205938106028,False
1466462716,7.36,7.442853513678784,7.442853513678784,True
1466462746,7.45,7.358221158698263,7.358221158698263,True
1466462782,7.44,7.44,7.427189653187066,False
1466462820,7.44,7.430468054714739,7.430468054714739,True
1466462833,7.44,7.44,7.4455433206927175,False
1466462842,7.43,7.43,7.414422204176891,False
1466462850,7.43,7.43,7.369818456220224,False
1466462941,7.43,7.43,7.396324330564172,False
1466463026,7.38,7.38,7.407522740048651,False
1466463117,7.38,7.4066875133662435,7.4066875133662435,True
1466463139,7.44,7.413794700690029,7.413794700690029,True
