1466410104,37.3,36.98376144330115,36.98376144330115,True
1466410114,37.3,37.428811043868954,37.428811043868954,True
1466410130,37.3,37.19987978092795,37.19987978092795,True
1466410181,37.4,37.4,36.77923196820276,False
1466410203,37.4,37.4,36.65844699188162,False
1466410250,37.1,37.1,36.61954473236381,False
1466410309,37.2,37.2,37.172186436912135,False
1466410397,37.2,36.50047114152589,36.50047114152589,True
1466410430,37.4,36.97481713847925,36.97481713847925,True
1466410469,37.4,37.4,37.29845633023876,False
1466410483,37.4,37.4,37.38592757287516,False
1466410498,37.4,37.4,37.45843662756007,False
1466410502,37.4,37.4,37.260974983490875,False
1466410532,37.2,37.135486899806445,37.135486899806445,True
1466410541,37.3,36.553946074975684,36.553946074975684,True
1466410573,37.8,36.730912035820616,36.730912035820616,True
1466410630,37.8,37.8,36.590358516386324,False
1466410653,37.8,36.50294700141687,36.50294700141687,True
1466410746,37.3,37.3,36.50881412112841,False
1466410814,37.3,37.3,36.612284151332304,False
1466410890,37.3,37.49805306262445,37.49805306262445,True
1466410902,37.3,37.062395190074675,37.062395190074675,True
1466410978,37.3,37.3,37.070267194006924,False
1466411008,37.3,37.3,36.69775446497417,False
1466411066,37.4,37.4,36.74008058496692,False
1466411094,37.4,37.4,36.63390196897821,False
1466411157,37.2,36.66071529583489,36.66071529583489,True
1466411223,37.2,37.382102275500664,37.382102275500664,True
1466411226,37.2,37.47740506702047,37.47740506702047,True
1466411272,37.2,37.2,36.66335879064994,False
1466411303,37.2,37.2,36.69130987065711,False
1466411318,37.2,36.57946714807309,36.57946714807309,True
1466411396,37.2,36.90583179163245,36.90583179163245,True
1466411493,37.2,37.2,36.669210991709654,False
1466411549,37.5,36.676846011623844,36.676846011623844,True
1466411560,37.7,37.7,37.210368715755514,False
1466411626,37.5,36.92693069226411,36.92693069226411,True
1466411723,37.5,36.58645966263003,36.58645966263003,True
1466411763,37.3,37.3,37.30770733213231,False
1466411785,37.3,36.965629819715005,36.965629819715005,True
1466411854,37.3,37.21819110561234,37.21819110561234,True
1466411889,37.3,37.25692741964979,37.25692741964979,True
1466411988,37.3,37.3,36.86037432916988,False
1466412022,37.3,36.56406191315508,36.56406191315508,True
1466412046,37.3,37.3,37.256263891646945,False
1466412076,37.3,37.3,36.901713519610865,False
1466412152,37.3,37.3,37.17826295675861,False
1466412181,37.3,36.7492964446985,36.7492964446985,True
1466412201,37.3,37.3,37.49485739548175,False
1466412260,37.4,37.4,37.42764442725788,False
1466412347,37.4,37.4,37.31838198681243,False
1466412360,37.4,37.4,36.77521655458565,False
1466412438,37.4,36.80664599115009,36.80664599115009,True
1466412521,37.4,37.080846331040824,37.080846331040824,True
1466412599,37.4,37.23500221878891,37.23500221878891,True
1466412639,37.3,36.63640612486397,36.63640612486397,True
1466412691,37.3,37.07532942462342,37.07532942462342,True
1466412747,37.3,37.453488938892995,37.453488938892995,True
1466412794,37.3,37.3,36.51765816381157,False
1466412819,37.3,37.35484639709611,37.35484639709611,True
1466412832,37.8,37.8,36.83724893142879,False
1466412874,37.8,37.8,36.69165913055313,False
1466412943,37.1,37.1,37.14490798013064,False
1466412971,37.1,37.1,37.26278919430248,False
1466412990,37.1,37.1,36.637822675808565,False
1466413028,37.8,37.8,37.29913767405351,False
1466413053,37.8,36.89213945747993,36.89213945747993,True
1466413125,37.8,37.8,36.785936820758316,False
1466413200,37.2,37.2,37.320963245181034,False
1466413264,37.2,37.2,37.426277391232915,False
1466413311,37.2,36.7734306516294,36.7734306516294,True
1466413342,37.2,36.72936220991984,36.72936220991984,True
1466413440,37.7,37.7,37.23722051863409,False
1466413458,37.4,37.25371154277545,37.25371154277545,True
1466413529,37.2,37.379866531086236,37.379866531086236,True
1466413542,38.0,37.38939331787983,37.38939331787983,True
1466413638,37.6,36.649766904376406,36.649766904376406,True
1466413672,37.6,37.409412554719594,37.409412554719594,True
1466413733,37.6,37.6,36.994176340291276,False
1466413779,37.3,37.3,36.59546546675725,False
1466413780,37.7,36.738240753024044,36.738240753024044,True
1466413864,37.7,37.7,37.0663013008193,False
1466413885,37.7,37.42211087444011,37.42211087444011,True
1466413946,37.2,36.526481692603916,36.526481692603916,True
1466414033,37.4,37.4,36.59151124428597,False
1466414071,37.4,36.77200199025266,36.77200199025266,True
1466414164,37.4,36.74679278710444,36.74679278710444,True
1466414225,37.3,36.623378648702264,36.623378648702264,True
1466414312,37.3,37.3,36.763351110490326,False
1466414325,37.3,37.3,37.433365692011414,False
1466414328,37.8,37.8,36.9295044466496,False
1466414329,37.6,37.6,36.86718697660799,False
1466414402,37.3,37.3,36.747734073962384,False
1466414407,37.8,37.8,37.08266065297016,False
1466414413,37.8,37.36668338357247,37.36668338357247,True
1466414460,37.8,36.531272489527794,36.531272489527794,True
1466414552,37.8,37.8,37.48572950087197,False
1466414602,37.5,37.00356985004978,37.00356985004978,True
1466414662,37.5,36.608565176787195,36.608565176787195,True
1466414746,37.5,36.851879059531875,36.851879059531875,True
1466414844,37.5,36.98583624773986,36.98583624773986,True
1466414943,37.5,37.5,37.236590447810855,False
1466414946,37.5,37.31431286497908,37.31431286497908,True
1466414966,37.5,37.5,37.29331966361111,False
1466415038,37.5,37.287955015294266,37.287955015294266,True
1466415106,37.5,37.36250412169703,37.36250412169703,True
1466415130,37.5,36.96333488608381,36.96333488608381,True
1466415145,37.5,37.5,36.65376290779204,False
1466415202,37.5,36.92624958523587,36.92624958523587,True
1466415239,37.5,37.11054521567068,37.11054521567068,True
1466415249,37.5,37.5,36.57081033007444,False
1466415308,37.5,37.5,37.061282307637995,False
1466415357,37.9,37.9,36.65769453655839,False
1466415404,37.9,36.96372586942662,36.96372586942662,True
1466415469,37.9,37.9,36.58958637939784,False
1466415548,37.6,37.190997683007026,37.190997683007026,True
1466415588,37.6,36.67584372490678,36.67584372490678,True
1466415627,37.6,36.608578916482315,36.608578916482315,True
1466415719,37.2,37.475166938934535,37.475166938934535,True
1466415767,37.2,37.07980418819484,37.07980418819484,True
1466415860,37.3,37.26901700271827,37.26901700271827,True
1466415872,37.3,37.3,37.39304530354204,False
1466415914,37.2,37.2,37.418118369496206,False
1466415934,37.2,37.23735016545256,37.23735016545256,True
1466415988,37.2,37.16867357291912,37.16867357291912,True
1466416004,37.2,36.6761367403499,36.6761367403499,True
1466416050,37.2,37.2,37.02341047243811,False
1466416150,37.2,37.2,37.29042207049807,False
1466416161,37.2,37.2,36.841590835796005,False
1466416215,37.2,37.2,37.03835465627928,False
1466416315,37.2,37.2,37.10808722691098,False
1466416321,37.4,36.53194699975151,36.53194699975151,True
1466416393,37.3,37.3287834059861,37.3287834059861,True
1466416440,37.4,37.4,36.95912605391001,False
1466416510,37.4,36.849361756240945,36.849361756240945,True
1466416541,37.2,37.2,36.52398474516527,False
1466416631,37.1,37.1,37.08710459537639,False
1466416671,37.1,37.1,37.1981398999801,False
1466416725,37.0,37.0,36.808089517333244,False
1466416815,37.0,36.6864513294066,36.6864513294066,True
1466416867,37.0,37.0,37.145600878149814,False
1466416933,37.3,37.3,36.60409275391472,False
1466416963,37.3,37.3,36.83771792107076,False
1466417034,37.1,37.1,37.29598994274076,False
1466417069,37.2,36.53298437030483,36.53298437030483,True
1466417095,37.2,37.49988721386091,37.49988721386091,True
1466417123,37.2,37.2,36.94814370663461,False
1466417219,37.2,36.88265703908344,36.88265703908344,True
1466417228,37.2,37.2,36.68214263412923,False
1466417235,37.2,36.78013463330152,36.78013463330152,True
1466417266,37.2,37.2,37.16673570610773,False
1466417298,37.2,37.07408916938458,37.07408916938458,True
1466417382,37.3,37.3,36.56565576604059,False
1466417429,37.3,37.3,37.3444970838388,False
1466417434,37.2,37.2,36.92499918293287,False
1466417513,37.2,37.063982345583774,37.063982345583774,True
1466417598,37.2,37.2,36.74712105123183,False
1466417615,37.2,37.2,36.56352056897199,False
1466417654,37.2,36.79110770913918,36.79110770913918,True
1466417749,37.2,37.131560483717024,37.131560483717024,True
1466417763,37.2,37.014294932568625,37.014294932568625,True
1466417822,37.2,37.452533720192434,37.452533720192434,True
1466417851,37.2,36.83806701720664,36.83806701720664,True
1466417855,37.2,36.67227771850226,36.67227771850226,True
1466417879,37.1,36.69741659144435,36.69741659144435,True
1466417895,37.1,37.254292910684065,37.254292910684065,True
1466417969,37.1,36.94414895920776,36.94414895920776,True
1466418049,37.1,36.91000729244517,36.91000729244517,True
1466418118,37.2,37.2,36.628335795784245,False
1466418129,37.2,37.2,36.82173558805778,False
1466418179,37.1,36.76916509787158,36.76916509787158,True
1466418254,37.2,37.2,36.94537748058113,False
1466418332,37.2,37.2,37.169449407528994,False
1466418428,37.1,37.1,37.486433510134574,False
1466418494,37.1,37.20825505909568,37.20825505909568,True
1466418554,36.9,36.99617902201315,36.99617902201315,True
1466418563,36.9,36.9,36.55632650720668,False
1466418564,36.9,37.019199512710316,37.019199512710316,True
1466418594,36.8,37.388871602250504,37.388871602250504,True
1466418674,36.8,36.67073154080697,36.67073154080697,True
1466418748,36.8,36.8,37.039556738214095,False
1466418847,36.8,36.8,37.2636060671988,False
1466418877,36.8,36.55994337971434,36.55994337971434,True
1466418917,36.9,37.115681620899856,37.115681620899856,True
1466418938,36.9,36.98323593986916,36.98323593986916,True
1466419031,37.0,37.0,36.74090242444795,False
1466419058,36.6,36.87276730048365,36.87276730048365,True
1466419104,37.0,36.606439537227544,36.606439537227544,True
1466419166,37.0,36.87858935469823,36.87858935469823,True
1466419261,37.0,37.0,37.004105865765005,False
1466419349,36.6,37.36532559930637,37.36532559930637,True
1466419442,36.6,36.87209568108483,36.87209568108483,True
1466419530,36.6,36.6,37.38390397832815,False
1466419595,36.9,36.9,36.93375016641831,False
1466419646,36.9,36.9,37.16591082501096,False
1466419737,36.9,37.113083658286726,37.113083658286726,True
1466419826,36.9,36.9,36.676873921692405,False
1466419880,36.9,36.7877536713783,36.7877536713783,True
1466419911,36.9,36.9,37.45694590586564,False
1466419938,36.9,36.9,36.9689335465472,False
1466420016,36.9,37.47264134438432,37.47264134438432,True
1466420019,36.6,37.35061418289512,37.35061418289512,True
1466420108,36.6,37.083062267200454,37.083062267200454,True
1466420205,36.6,36.6,36.79478052307301,False
1466420228,36.9,36.82808234001843,36.82808234001843,True
1466420257,36.9,37.37389072527158,37.37389072527158,True
1466420270,36.9,36.9,37.05378184853788,False
1466420296,36.9,36.573497827942376,36.573497827942376,True
1466420331,36.9,36.808265175955185,36.808265175955185,True
1466420407,36.9,37.3233212811044,37.3233212811044,True
1466420430,36.9,37.34286005734744,37.34286005734744,True
1466420453,36.9,37.0523658958991,37.0523658958991,True
1466420474,36.9,36.9,37.281243887838606,False
1466420566,36.9,36.9,37.40914393021185,False
1466420579,36.9,36.9,37.22368700805816,False
1466420618,36.6,36.6,36.61664961180097,False
1466420624,36.6,36.6,37.34982720380285,False
1466420643,36.5,36.63179853897761,36.63179853897761,True
1466420695,36.5,36.5,36.843468791695784,False
1466420788,36.5,36.5,36.809941986553746,False
1466420863,36.5,37.14982131807028,37.14982131807028,True
1466420947,36.6,37.19208072956035,37.19208072956035,True
1466421003,36.6,37.127098475291206,37.127098475291206,True
1466421032,36.6,36.70081507655623,36.70081507655623,True
1466421050,36.6,37.30122984284184,37.30122984284184,True
1466421116,36.6,36.6,36.68772838662894,False
1466421208,36.6,36.61763643167699,36.61763643167699,True
1466421234,36.6,36.6,37.112522958544794,False
1466421262,36.6,36.62732789138336,36.62732789138336,True
1466421353,36.6,36.6,36.918088949002396,False
1466421360,36.7,36.7,36.98686522257346,False
1466421392,36.7,36.89006366629202,36.89006366629202,True
1466421480,36.7,37.289880267979015,37.289880267979015,True
1466421530,36.3,36.3,36.65803268215391,False
1466421547,36.4,37.05258622796333,37.05258622796333,True
1466421591,36.4,36.4,36.783131750841704,False
1466421633,36.4,36.4,36.81902320109139,False
1466421636,36.6,36.69434166126601,36.69434166126601,True
1466421670,36.6,36.6,37.231554551795796,False
1466421695,36.6,37.16269165216453,37.16269165216453,True
1466421721,36.6,36.88305031705732,36.88305031705732,True
1466421804,36.6,36.74077842262935,36.74077842262935,True
1466421819,36.6,36.6,36.853947232342776,False
1466421862,36.6,36.6,37.490117666508326,False
1466421885,36.6,37.182014577602125,37.182014577602125,True
1466421936,36.6,37.20084049364242,37.20084049364242,True
1466422012,36.4,37.160799464026034,37.160799464026034,True
1466422044,36.4,36.4,37.34025543255319,False
1466422045,36.4,36.4,37.427682607133626,False
1466422137,36.4,37.12297126114186,37.12297126114186,True
1466422162,36.4,37.474037002720536,37.474037002720536,True
1466422189,36.5,36.5,37.31483644850026,False
1466422197,36.5,37.06484683219949,37.06484683219949,True
1466422264,36.5,36.5,37.46238336316833,False
1466422330,36.5,37.28538906754379,37.28538906754379,True
1466422378,36.5,36.5,37.2469519919463,False
1466422432,36.5,37.26626823178191,37.26626823178191,True
1466422488,36.2,37.246951731808274,37.246951731808274,True
1466422577,36.2,37.45252567481674,37.45252567481674,True
1466422628,36.2,37.40840090314927,37.40840090314927,True
1466422638,36.2,37.14015290960451,37.14015290960451,True
1466422666,36.4,36.68931701065975,36.68931701065975,True
1466422706,36.4,36.4,37.03461489529395,False
1466422731,36.4,36.4,36.69242920476272,False
1466422804,36.4,36.4,36.98669295194266,False
1466422866,36.4,36.4,36.69275576528643,False
1466422873,36.3,36.3,36.91299374494226,False
1466422895,36.3,36.51349378356273,36.51349378356273,True
1466422953,36.5,37.023127026738045,37.023127026738045,True
1466422973,36.5,36.5,36.75263491107492,False
1466423017,36.7,36.7,37.243086233159055,False
1466423051,36.7,37.07129873422513,37.07129873422513,True
1466423099,36.7,36.7,36.6041527550376,False
1466423150,36.7,36.849646286433064,36.849646286433064,True
1466423155,36.7,37.19784846222069,37.19784846222069,True
1466423168,36.7,36.80339815901759,36.80339815901759,True
1466423205,36.7,37.22659752013412,37.22659752013412,True
1466423275,36.7,36.75288783106603,36.75288783106603,True
1466423287,36.7,37.46485564130521,37.46485564130521,True
1466423336,36.7,37.39939163346865,37.39939163346865,True
1466423340,36.7,36.622867109646144,36.622867109646144,True
1466423355,36.7,36.742700850164205,36.742700850164205,True
1466423443,36.7,36.523358651682166,36.523358651682166,True
1466423499,36.7,36.7,36.74572599483655,False
1466423585,36.7,36.961588148836114,36.961588148836114,True
1466423612,36.4,36.59641013969609,36.59641013969609,True
1466423669,36.3,37.46553551109678,37.46553551109678,True
1466423705,36.5,36.69177334532703,36.69177334532703,True
1466423770,36.6,36.797954645343424,36.797954645343424,True
1466423844,36.6,37.463666304351186,37.463666304351186,True
1466423902,36.6,37.17732296521999,37.17732296521999,True
1466423913,36.6,36.6,36.61232403401735,False
1466423972,36.6,36.6,37.00748473710219,False
1466424014,36.6,36.6,37.064175466189944,False
1466424069,36.6,37.00477966189095,37.00477966189095,True
1466424154,36.6,36.6,36.80208193163279,False
1466424155,36.5,36.5,37.20750772208552,False
1466424169,36.5,36.5,36.65523215730321,False
1466424262,36.5,37.38951175972013,37.38951175972013,True
1466424339,36.5,36.5,36.584151500484055,False
1466424398,36.6,36.6,37.210454377774184,False
1466424497,36.6,36.6,36.64661100594891,False
1466424558,36.4,36.4,37.13260370352258,False
1466424613,36.4,36.75440453534962,36.75440453534962,True
1466424713,36.4,37.239900735734906,37.239900735734906,True
1466424804,36.4,36.4,37.30561831866807,False
1466424878,36.4,37.41562650054662,37.41562650054662,True
1466424924,36.4,36.803569182823686,36.803569182823686,True
1466425009,36.4,36.4,37.303909063812455,False
1466425106,36.4,36.980629393477905,36.980629393477905,True
1466425129,36.4,36.6088681974774,36.6088681974774,True
1466425179,36.4,36.4,36.777251086054626,False
1466425257,36.4,36.4,37.272116714614704,False
1466425262,36.7,36.7,37.468313175114325,False
1466425305,36.7,36.77050475546654,36.77050475546654,True
1466425331,36.7,37.09946182257362,37.09946182257362,True
1466425338,36.7,37.464577189828184,37.464577189828184,True
1466425377,36.8,36.94434704643512,36.94434704643512,True
1466425380,36.8,36.64858014615078,36.64858014615078,True
1466425417,36.8,37.28028341752793,37.28028341752793,True
1466425484,36.8,36.8,36.63349311581736,False
1466425517,36.8,36.8,36.848886739005415,False
1466425553,36.8,37.195398411239324,37.195398411239324,True
1466425640,36.8,37.341052362670595,37.341052362670595,True
1466425687,36.8,36.8,36.884174261647296,False
1466425711,36.8,36.8,37.13373784367351,False
1466425768,36.8,36.8,36.675580689297426,False
1466425811,36.8,36.81506593021458,36.81506593021458,True
1466425856,36.5,36.5,37.3725413522777,False
1466425869,36.5,36.5,37.39216068535072,False
1466425884,36.5,36.91047942102087,36.91047942102087,True
1466425962,36.5,36.5,37.4473891271267,False
1466425974,36.5,37.379628629137585,37.379628629137585,True
1466426016,36.5,36.5,36.64871103821991,False
1466426024,36.5,36.5,36.56717875472137,False
1466426034,36.5,36.5,37.25514186279555,False
1466426130,36.5,36.6655975822215,36.6655975822215,True
1466426189,36.5,36.77019360001581,36.77019360001581,True
1466426198,36.5,36.67539593773206,36.67539593773206,True
1466426280,36.8,36.73366995061083,36.73366995061083,True
1466426298,36.8,36.8,36.61136723790611,False
1466426380,36.8,36.8,37.22262350564877,False
1466426420,36.8,36.8,37.470716482966424,False
1466426509,36.8,37.37119093922132,37.37119093922132,True
1466426521,36.8,36.68342097361052,36.68342097361052,True
1466426535,36.8,37.320088189176296,37.320088189176296,True
1466426563,36.8,36.8,37.419664488959214,False
1466426620,36.8,36.8,37.07096334744756,False
1466426694,36.8,36.91511687284558,36.91511687284558,True
1466426764,36.8,37.457969741925524,37.457969741925524,True
1466426778,36.8,36.658413944625316,36.658413944625316,True
1466426866,36.8,36.8,37.092203635313474,False
1466426938,36.8,36.51011613850925,36.51011613850925,True
1466427022,36.8,36.75977873795092,36.75977873795092,True
1466427059,36.8,37.16756370835004,37.16756370835004,True
1466427125,36.8,37.03572645896648,37.03572645896648,True
1466427204,36.8,36.8,37.303443489504225,False
1466427240,36.8,36.711427687028014,36.711427687028014,True
1466427317,36.8,36.8,36.51412067634169,False
1466427319,36.9,36.9740940402125,36.9740940402125,True
1466427331,37.1,36.84335309554056,36.84335309554056,True
1466427425,37.1,37.28425789651566,37.28425789651566,True
1466427458,37.1,37.1,36.77742056854344,False
1466427495,37.2,36.7932861474032,36.7932861474032,True
1466427543,37.0,36.80230268898827,36.80230268898827,True
1466427625,37.0,37.0,36.841765855294014,False
1466427663,37.0,36.749961503601774,36.749961503601774,True
1466427672,37.0,37.41677419066603,37.41677419066603,True
1466427684,37.0,37.0,37.26827730408809,False
1466427739,37.0,36.54495657068351,36.54495657068351,True
1466427769,37.0,37.0,37.14373838754497,False
1466427775,37.1,36.50514539827686,36.50514539827686,True
1466427820,37.1,37.1,36.629044080611536,False
1466427837,37.1,37.1,37.255059365991045,False
1466427846,37.0,37.32017029618563,37.32017029618563,True
1466427904,37.0,37.04733812104923,37.04733812104923,True
1466427997,37.0,36.65525248608289,36.65525248608289,True
1466428027,37.0,36.846034166468904,36.846034166468904,True
1466428114,37.1,37.093952762864674,37.093952762864674,True
1466428212,37.1,36.75475236138847,36.75475236138847,True
1466428294,37.1,37.202623666261985,37.202623666261985,True
1466428321,37.1,37.18969231301759,37.18969231301759,True
1466428340,37.1,37.1,37.3478866391065,False
1466428378,37.2,37.2,37.42324523680258,False
1466428463,36.8,36.8,37.44453117442888,False
1466428551,36.8,36.8,37.25862195842611,False
1466428575,36.8,36.89863623155023,36.89863623155023,True
1466428593,36.8,36.64233809671638,36.64233809671638,True
1466428682,36.8,37.05216773000746,37.05216773000746,True
1466428699,36.8,37.429342494145786,37.429342494145786,True
1466428719,36.9,36.9,37.40497571184586,False
1466428819,36.9,36.9,36.96706891956652,False
1466428850,36.9,36.9,36.59040278145648,False
1466428884,36.9,37.06158700194948,37.06158700194948,True
1466428973,36.9,36.9,37.27350995588457,False
1466429006,36.9,36.9,36.91581321671437,False
1466429026,36.9,37.317866337480716,37.317866337480716,True
1466429066,36.9,36.84634247216335,36.84634247216335,True
1466429072,36.9,37.3444752002153,37.3444752002153,True
1466429103,36.6,36.83259984876741,36.83259984876741,True
1466429110,36.4,36.4,36.766713786218574,False
1466429123,36.4,36.4,37.38308106677416,False
1466429168,36.4,36.4,37.324733761129416,False
1466429182,36.6,37.40002479534114,37.40002479534114,True
1466429184,36.6,36.6,37.48581389318448,False
1466429197,36.6,36.6,37.26122867678712,False
1466429280,36.6,37.48433195276896,37.48433195276896,True
1466429378,36.6,37.06867265283778,37.06867265283778,True
1466429450,36.5,36.5,36.856881500755286,False
1466429455,36.5,37.112937417143776,37.112937417143776,True
1466429510,36.5,36.655449782489505,36.655449782489505,True
1466429565,36.5,36.5,36.79142113208923,False
1466429566,36.5,37.00005295658325,37.00005295658325,True
1466429592,36.5,36.5,36.837906064142885,False
1466429623,36.5,36.5,36.71222945725411,False
1466429691,36.5,37.10308769551191,37.10308769551191,True
1466429733,36.6,36.6,37.20570436034024,False
1466429803,36.6,36.50666582399228,36.50666582399228,True
1466429832,36.6,36.6,36.636671555066044,False
1466429905,36.5,36.5,36.676321751759296,False
1466429997,36.5,36.5,36.6349537666333,False
1466430050,36.5,36.5,36.62826411854253,False
1466430088,36.5,36.5,37.44026279132039,False
1466430174,36.6,36.6,37.418105252134474,False
1466430247,36.6,36.6,37.38830199816998,False
1466430344,36.6,36.6,36.533616277255796,False
1466430375,36.6,36.6,36.74810139275282,False
1466430400,36.5,36.5036753731737,36.5036753731737,True
1466430457,36.7,36.7,37.292532063882426,False
1466430483,36.7,36.885193969363435,36.885193969363435,True
1466430517,36.6,36.6,36.94745003331053,False
1466430524,36.6,36.6436098178295,36.6436098178295,True
1466430592,36.6,36.6,37.130745270696494,False
1466430616,36.6,36.6,36.773240760521894,False
1466430631,36.5,37.137133061330786,37.137133061330786,True
1466430680,36.4,36.4,37.126075610598456,False
1466430734,36.4,36.54588347135188,36.54588347135188,True
1466430790,36.4,36.4,36.53215974513655,False
1466430815,36.4,37.19358719674587,37.19358719674587,True
1466430895,36.4,36.4,37.02431353593057,False
1466430916,36.4,36.4,36.986464890118185,False
1466430929,36.4,37.06664177931588,37.06664177931588,True
1466430936,36.6,36.6,36.884334975714886,False
1466431009,36.7,37.355017462871764,37.355017462871764,True
1466431036,36.4,36.4,37.325436926101574,False
1466431055,36.4,36.4,37.141593980136534,False
1466431145,36.4,36.4,37.071122048065355,False
1466431218,36.4,37.000296466518805,37.000296466518805,True
1466431290,36.4,36.4,36.9624601740714,False
1466431324,36.5,36.5,37.46148440594134,False
1466431400,36.5,36.5,37.36953599320488,False
1466431450,36.5,36.5,36.92508611424667,False
1466431526,36.3,36.3,37.41104251361728,False
1466431589,36.3,36.647034303752314,36.647034303752314,True
1466431661,36.3,36.3,37.305146806604654,False
1466431760,36.5,37.009405024072706,37.009405024072706,True
1466431796,36.5,36.5,36.657819972623365,False
1466431848,36.5,36.5,36.87669517114636,False
1466431879,36.5,36.5,37.05744917129083,False
1466431954,36.5,37.17063878323154,37.17063878323154,True
1466431958,36.5,36.5,36.83282327906508,False
1466432002,36.5,36.5,37.317870082492256,False
1466432101,36.5,36.5,37.49520603880939,False
1466432177,36.5,36.5,37.24176247509372,False
1466432194,36.5,37.103860790811844,37.103860790811844,True
1466432237,36.6,37.4379372458531,37.4379372458531,True
1466432280,36.6,36.79967205272626,36.79967205272626,True
1466432373,36.6,36.6,36.52311362342983,False
1466432389,36.6,37.047452784188394,37.047452784188394,True
1466432415,36.6,36.6,37.301515324212026,False
1466432417,36.6,36.6,36.88154806370905,False
1466432506,36.6,36.93792910471136,36.93792910471136,True
1466432569,36.3,37.45205227201338,37.45205227201338,True
1466432577,36.7,36.56240814984853,36.56240814984853,True
1466432670,36.7,36.7,37.260826084360026,False
1466432706,36.7,36.7,37.08928984873733,False
1466432804,36.7,36.7,36.56287019354359,False
1466432853,36.7,36.7,36.56311745683966,False
1466432947,36.4,36.65475243020332,36.65475243020332,True
1466433040,36.5,36.5,36.50715098639794,False
1466433128,36.6,36.7501322570089,36.7501322570089,True
1466433145,36.6,36.64231649382546,36.64231649382546,True
1466433195,36.6,36.6,37.45066231791217,False
1466433289,36.5,37.42993146792433,37.42993146792433,True
1466433375,36.5,37.36099050167038,37.36099050167038,True
1466433427,36.5,37.14672544160471,37.14672544160471,True
1466433478,36.5,37.155571050161925,37.155571050161925,True
1466433517,36.5,36.5,37.352841004143066,False
1466433615,36.5,36.5,36.943594956054554,False
1466433672,36.5,36.5,37.18167751930753,False
1466433762,36.5,37.32709103503839,37.32709103503839,True
1466433809,36.5,37.03106259704769,37.03106259704769,True
1466433873,36.9,36.9,37.19092111089818,False
1466433910,36.9,36.59619272973907,36.59619272973907,True
1466433994,36.9,36.9,36.73247501322557,False
1466434003,36.9,36.72577715717221,36.72577715717221,True
1466434045,37.0,37.0,36.779086913367784,False
1466434096,36.5,36.5,36.62472527166498,False
1466434173,36.5,36.660337341000535,36.660337341000535,True
1466434199,36.7,36.7,36.67949908098077,False
1466434224,36.7,36.83338271137853,36.83338271137853,True
1466434308,36.7,36.7,36.75124476160459,False
1466434359,36.9,36.80744201623375,36.80744201623375,True
1466434371,36.9,36.95272268413967,36.95272268413967,True
1466434457,36.9,37.39514878408634,37.39514878408634,True
1466434498,36.9,36.9,36.79839912179163,False
1466434552,36.9,37.06177272013754,37.06177272013754,True
1466434622,37.0,37.0,36.848421433079125,False
1466434691,36.6,36.6,36.74227808722374,False
1466434718,36.6,37.01801589712968,37.01801589712968,True
1466434727,36.6,36.6,37.38155891549257,False
1466434815,36.6,36.73810952232757,36.73810952232757,True
1466434892,36.6,36.83371123056206,36.83371123056206,True
1466434915,36.5,37.32805247396655,37.32805247396655,True
1466434946,36.5,36.5,37.30547763866197,False
1466434988,36.5,36.5,37.05531122474295,False
1466435020,36.7,36.7,37.052566141270724,False
1466435090,36.7,37.330483648152835,37.330483648152835,True
1466435099,36.7,36.7,37.006812743629496,False
1466435145,36.4,37.25539958682914,37.25539958682914,True
1466435186,36.4,36.4,36.5523040879718,False
1466435246,36.4,36.4,37.384585287938506,False
1466435284,36.4,36.4,37.44158092978373,False
1466435327,36.7,37.28056088481981,37.28056088481981,True
1466435369,36.7,37.302545077117756,37.302545077117756,True
1466435408,36.7,36.7,36.83575596119616,False
1466435468,36.7,37.025682103128574,37.025682103128574,True
1466435486,36.6,36.67605602485928,36.67605602485928,True
1466435555,36.6,36.6,37.243649997748406,False
1466435624,36.6,36.6,37.38813806495154,False
1466435659,36.5,37.002451805579895,37.002451805579895,True
1466435682,36.5,36.5,37.16832880144916,False
1466435712,36.5,37.403835424834114,37.403835424834114,True
1466435794,36.5,36.5,36.69935697290118,False
1466435878,36.4,37.12357002713331,37.12357002713331,True
1466435904,36.4,36.4,37.49007723102201,False
1466435971,36.7,36.7,36.962574743631244,False
1466436041,36.7,36.60223812949702,36.60223812949702,True
1466436059,36.5,36.5,36.50989527684351,False
1466436093,36.5,36.50399864439467,36.50399864439467,True
1466436178,36.7,36.72023185815971,36.72023185815971,True
1466436230,36.7,37.15325736862625,37.15325736862625,True
1466436280,36.7,36.7,36.736366503957406,False
1466436332,36.7,36.7,37.42954143652572,False
1466436333,36.7,36.642676233168714,36.642676233168714,True
1466436431,36.7,36.7,36.879440856558475,False
1466436520,36.7,37.04014614762049,37.04014614762049,True
1466436572,36.4,36.942104284847545,36.942104284847545,True
1466436647,36.4,37.02374354721102,37.02374354721102,True
1466436655,36.4,37.48687104919053,37.48687104919053,True
1466436727,36.4,36.590211375048234,36.590211375048234,True
1466436793,36.4,36.53920898414764,36.53920898414764,True
1466436879,36.6,36.6,37.4701225255388,False
1466436880,36.6,36.7713045514503,36.7713045514503,True
1466436939,36.6,36.911122580742436,36.911122580742436,True
1466437015,36.6,36.809981921125974,36.809981921125974,True
1466437048,36.6,36.841901057688325,36.841901057688325,True
1466437088,36.6,37.044398158199904,37.044398158199904,True
1466437105,36.6,36.55360704665472,36.55360704665472,True
1466437122,36.6,36.6,36.83309246376186,False
1466437160,36.6,36.6,36.910252261842786,False
1466437232,36.6,36.946208368257,36.946208368257,True
1466437321,36.6,37.445398192170366,37.445398192170366,True
1466437335,36.6,36.6,36.789743697977244,False
1466437358,36.6,36.6,36.86856105323462,False
1466437441,36.6,36.73786119750343,36.73786119750343,True
1466437480,36.4,36.619637408966646,36.619637408966646,True
1466437561,36.4,36.59317483910949,36.59317483910949,True
1466437653,36.6,36.86182436670149,36.86182436670149,True
1466437709,36.6,36.6,36.9212337438853,False
1466437798,36.6,36.6,37.461378098175835,False
1466437869,36.6,36.84491198919239,36.84491198919239,True
1466437952,36.6,36.6,37.29863176604278,False
1466438037,36.6,37.369233729643376,37.369233729643376,True
1466438054,36.6,37.190781827889644,37.190781827889644,True
1466438056,36.6,36.6,36.751675521603275,False
1466438136,36.6,36.6,37.39703206734825,False
1466438234,36.6,36.76417514279313,36.76417514279313,True
1466438261,36.7,36.544884075633014,36.544884075633014,True
1466438348,36.7,36.7,36.53861920017923,False
1466438407,36.5,37.22845337237876,37.22845337237876,True
1466438422,36.5,37.05948055253494,37.05948055253494,True
1466438476,36.5,36.5,37.19583310758846,False
1466438571,36.5,36.5,36.68587311960015,False
1466438612,36.6,36.975209554604746,36.975209554604746,True
1466438620,36.5,37.28712700357406,37.28712700357406,True
1466438698,36.5,36.53422377245965,36.53422377245965,True
1466438747,36.5,37.01238311093269,37.01238311093269,True
1466438795,36.5,37.262830609366105,37.262830609366105,True
1466438810,36.5,36.5,36.51819346332491,False
1466438888,36.5,36.586847404608434,36.586847404608434,True
1466438975,36.6,36.6,37.008501623430476,False
1466439000,36.6,37.30389980182836,37.30389980182836,True
1466439092,36.6,36.6,36.85244183416415,False
1466439150,36.6,36.6,36.665962395863815,False
1466439229,36.6,36.6,36.888683141671855,False
1466439279,36.6,36.76528334607304,36.76528334607304,True
1466439328,36.6,36.52957388961373,36.52957388961373,True
1466439351,36.6,36.6,37.37268684464038,False
1466439447,36.5,37.255215888602415,37.255215888602415,True
1466439466,36.5,36.5,36.916253248615014,False
1466439480,36.5,37.29350781108394,37.29350781108394,True
1466439560,36.5,36.5,37.21016142313014,False
1466439600,36.5,37.2402052243237,37.2402052243237,True
1466439645,36.5,37.034943419149194,37.034943419149194,True
1466439729,36.4,36.51919454562376,36.51919454562376,True
1466439772,36.4,36.58092786124827,36.58092786124827,True
1466439827,36.7,37.33156833542231,37.33156833542231,True
1466439849,36.7,36.70443175410604,36.70443175410604,True
1466439910,36.7,36.7,36.80617692542024,False
1466439990,36.7,36.855878599059906,36.855878599059906,True
1466440005,36.7,36.70981362772953,36.70981362772953,True
1466440006,36.6,36.6,37.3151941034329,False
1466440045,36.5,36.5,37.16564107110552,False
1466440066,36.5,36.5,37.39109271986549,False
1466440154,36.5,36.5,36.83346472427445,False
1466440214,36.7,37.37598265146723,37.37598265146723,True
1466440226,36.7,36.76153705413329,36.76153705413329,True
1466440304,36.7,37.07094848322897,37.07094848322897,True
1466440385,36.7,36.70690384411447,36.70690384411447,True
1466440451,36.7,36.7,37.204465820412054,False
1466440521,36.7,36.671771106955106,36.671771106955106,True
1466440581,36.7,36.7,37.34408327197571,False
1466440674,36.6,36.6,36.81208073286646,False
1466440727,36.6,37.07387707288333,37.07387707288333,True
1466440821,36.6,37.17870589854812,37.17870589854812,True
1466440827,36.5,36.77170775416151,36.77170775416151,True
1466440897,36.5,37.48920045284411,37.48920045284411,True
1466440923,36.5,37.0381345400341,37.0381345400341,True
1466441012,36.5,36.87105730510003,36.87105730510003,True
1466441049,36.5,36.5,37.32907357587113,False
1466441147,36.5,36.686262322387364,36.686262322387364,True
1466441213,36.5,36.5,37.37748465294019,False
1466441311,36.5,36.5,37.23211626329802,False
1466441318,36.5,36.543090437290324,36.543090437290324,True
1466441418,36.5,36.87486190840418,36.87486190840418,True
1466441510,36.5,36.5,36.92086508322728,False
1466441541,36.5,36.616099471230775,36.616099471230775,True
1466441579,36.7,36.62688153241108,36.62688153241108,True
1466441630,36.7,36.7,37.277479656406264,False
1466441714,36.7,37.356515136517245,37.356515136517245,True
1466441724,36.7,36.7,36.935516439151336,False
1466441741,36.7,36.58230267530673,36.58230267530673,True
1466441822,36.7,36.7,37.180277914472526,False
1466441883,36.7,36.7,36.9214596581598,False
1466441934,36.6,36.6,36.67758690987212,False
1466441947,36.6,36.6,37.39329914144585,False
1466442046,36.6,36.6,37.20794337560695,False
1466442137,36.6,37.302543714825724,37.302543714825724,True
1466442175,36.6,37.289225883788674,37.289225883788674,True
1466442216,36.5,37.315622211819644,37.315622211819644,True
1466442284,36.7,37.31791443426264,37.31791443426264,True
1466442332,36.7,36.94362381834084,36.94362381834084,True
1466442358,36.6,36.6,37.2830605352531,False
1466442362,36.6,36.6,37.083831063728084,False
1466442439,36.6,37.314360834509536,37.314360834509536,True
1466442490,36.6,36.6,37.342829355347206,False
1466442498,36.5,36.93071264029912,36.93071264029912,True
1466442508,36.6,36.60071988862924,36.60071988862924,True
1466442518,36.7,36.97072833489193,36.97072833489193,True
1466442556,36.7,36.935240976584566,36.935240976584566,True
1466442656,36.7,37.303343183729126,37.303343183729126,True
1466442662,36.5,37.349744872393295,37.349744872393295,True
1466442703,36.5,37.165823890670154,37.165823890670154,True
1466442768,36.5,37.03323319310022,37.03323319310022,True
1466442788,36.5,36.5,37.095065599879526,False
1466442886,36.5,36.5,37.306295060646356,False
1466442980,36.5,36.5,37.16200964400609,False
1466443000,36.5,36.81327729725992,36.81327729725992,True
1466443029,36.5,36.82984435324803,36.82984435324803,True
1466443038,36.5,36.669284799430955,36.669284799430955,True
1466443089,36.5,36.624134065489514,36.624134065489514,True
1466443162,36.5,36.692094940642896,36.692094940642896,True
1466443201,36.5,36.5,36.93740066875864,False
1466443219,36.6,36.6046595265239,36.6046595265239,True
1466443263,36.6,36.6,36.81934509144339,False
1466443350,36.6,36.71817985598908,36.71817985598908,True
1466443373,36.4,36.4,37.01218003239603,False
1466443392,36.4,37.26828164325098,37.26828164325098,True
1466443402,36.5,37.25819937513178,37.25819937513178,True
1466443486,36.6,37.37044598224251,37.37044598224251,True
1466443511,36.5,36.607505079895866,36.607505079895866,True
1466443584,36.7,37.04326272265704,37.04326272265704,True
1466443677,36.7,36.7,37.119394912971806,False
1466443725,36.7,37.186720008955255,37.186720008955255,True
1466443727,36.7,37.205639517432104,37.205639517432104,True
1466443750,36.6,36.6,36.653763688200804,False
1466443761,36.6,36.6,36.55283477623632,False
1466443808,36.3,37.47319311567026,37.47319311567026,True
1466443861,36.5,36.5,36.56876114371409,False
1466443929,36.4,36.4,36.50299194438624,False
1466443986,36.4,36.4,37.04190024498328,False
1466444043,36.4,36.4,37.31341546109286,False
1466444110,36.4,36.4,36.54977990319471,False
1466444192,36.4,36.70539508585041,36.70539508585041,True
1466444287,36.4,36.4,37.12101489596872,False
1466444294,36.4,36.4,37.32892655674882,False
1466444366,36.4,36.4,37.237819720364854,False
1466444466,36.7,37.023713335921364,37.023713335921364,True
1466444505,36.7,37.23032556847504,37.23032556847504,True
1466444556,36.7,36.7,37.19254010063454,False
1466444624,36.7,36.7,37.446275700109,False
1466444663,36.7,36.7,37.43926792527027,False
1466444685,36.7,36.7,37.30967468879222,False
1466444756,36.7,36.84505112103482,36.84505112103482,True
1466444781,36.7,36.7,36.6095878361796,False
1466444840,36.4,37.079379599902246,37.079379599902246,True
1466444854,36.7,36.7,36.7130502811833,False
1466444860,36.7,37.498725320255765,37.498725320255765,True
1466444959,36.7,36.73953977382985,36.73953977382985,True
1466445058,36.7,36.7,36.50299538280823,False
1466445107,36.7,36.95960263086792,36.95960263086792,True
1466445165,36.7,36.7,36.70292244302483,False
1466445170,36.6,36.6,36.67695929258952,False
1466445173,36.6,36.55246637949041,36.55246637949041,True
1466445247,36.6,36.64145437618008,36.64145437618008,True
1466445305,36.5,36.5,37.38696612730537,False
1466445333,36.6,36.58026129658279,36.58026129658279,True
1466445356,36.6,36.6,36.7631034830983,False
1466445430,36.6,36.98607390178305,36.98607390178305,True
1466445491,36.5,36.5,36.870201160566225,False
1466445497,36.5,37.11595876837912,37.11595876837912,True
1466445514,36.5,37.33726693200732,37.33726693200732,True
1466445549,36.6,36.79245184706893,36.79245184706893,True
1466445640,36.4,36.4,36.55190452648183,False
1466445648,36.4,36.57416187156993,36.57416187156993,True
1466445739,36.4,36.4,36.7962632262679,False
1466445814,36.6,36.83317939582303,36.83317939582303,True
1466445879,36.6,36.57141324872142,36.57141324872142,True
1466445909,36.6,36.6,36.61729690808591,False
1466445965,36.6,36.6,37.09234737282358,False
1466446021,36.6,36.6,36.95069514165533,False
1466446045,36.6,36.6,36.80310073039859,False
1466446071,36.6,36.87788707234495,36.87788707234495,True
1466446120,36.6,36.6,36.6475512760893,False
1466446168,36.4,36.742886831875815,36.742886831875815,True
1466446253,36.4,36.68603700979684,36.68603700979684,True
1466446302,36.4,37.41345074383967,37.41345074383967,True
1466446389,36.6,36.9284055614842,36.9284055614842,True
1466446404,36.6,36.6,36.8396892682982,False
1466446494,36.4,37.41417832211076,37.41417832211076,True
1466446594,36.4,36.4,36.580496782299114,False
1466446643,36.4,36.4,36.96523581834515,False
1466446669,36.4,36.58686212030946,36.58686212030946,True
1466446690,36.5,36.5,37.23631957736544,False
1466446735,36.5,36.99402739244779,36.99402739244779,True
1466446766,36.5,37.119108205769365,37.119108205769365,True
1466446852,36.9,37.158838258200966,37.158838258200966,True
1466446902,36.9,37.1402774131581,37.1402774131581,True
1466446945,36.9,37.06619906867829,37.06619906867829,True
1466446987,36.9,36.9,36.73179459031577,False
1466447036,36.9,37.00097597993585,37.00097597993585,True
1466447112,36.9,36.9,36.841536459889376,False
1466447129,36.7,36.7,36.86755727571452,False
1466447189,36.7,36.950096757720395,36.950096757720395,True
1466447224,36.7,36.7,37.141641188322126,False
1466447270,36.7,36.7,37.28568498699389,False
1466447272,36.8,37.08952387501045,37.08952387501045,True
1466447348,36.8,36.8,36.97440907144889,False
1466447359,36.8,36.8,36.82146382861693,False
1466447388,36.8,36.8,36.871343802106146,False
1466447390,36.5,37.24917931583359,37.24917931583359,True
1466447425,36.5,36.5,36.585416029377406,False
1466447463,36.5,36.5,36.96131458136689,False
1466447485,36.5,36.5,37.295853209183086,False
1466447545,36.6,36.6,36.930510195046814,False
1466447553,36.6,37.12435043245405,37.12435043245405,True
1466447554,36.6,37.42315868310081,37.42315868310081,True
1466447573,36.6,36.6,37.04761344351179,False
1466447634,36.6,36.73193447567822,36.73193447567822,True
1466447695,36.6,36.6,36.81247809272726,False
1466447762,36.6,36.72011870851123,36.72011870851123,True
1466447844,36.6,36.99376806684639,36.99376806684639,True
1466447885,36.6,36.6,37.42037125622512,False
1466447943,36.7,37.02021432451002,37.02021432451002,True
1466447956,36.7,36.6853546040008,36.6853546040008,True
1466448041,36.7,37.2695301753075,37.2695301753075,True
1466448140,36.7,36.53865505473861,36.53865505473861,True
1466448215,36.7,36.83083146694666,36.83083146694666,True
1466448270,36.7,36.7,37.438974538781544,False
1466448302,36.7,37.23887702087144,37.23887702087144,True
1466448368,36.7,36.53982705820912,36.53982705820912,True
1466448422,36.7,36.7,37.40676963835155,False
1466448517,36.7,37.46446293035821,37.46446293035821,True
1466448614,36.7,36.91326286471781,36.91326286471781,True
1466448701,36.7,36.7,36.58387243457703,False
1466448743,36.7,36.7,37.075336760824506,False
1466448805,36.7,36.99669090222357,36.99669090222357,True
1466448844,36.7,36.7,37.43651276296368,False
1466448896,36.7,36.94329140767305,36.94329140767305,True
1466448984,36.4,36.4,37.499768427557576,False
1466449031,36.4,36.4,36.96470376439071,False
1466449045,36.4,37.09144565332047,37.09144565332047,True
1466449099,36.4,36.72243083487153,36.72243083487153,True
1466449171,36.4,37.3083852315028,37.3083852315028,True
1466449261,36.6,36.6,37.21623132569569,False
1466449280,36.9,37.37270119235785,37.37270119235785,True
1466449359,36.9,36.70080944403235,36.70080944403235,True
1466449442,36.9,36.9,36.58901931021912,False
1466449496,36.9,36.9,36.68437222008521,False
1466449537,36.9,36.9,37.323243549583026,False
1466449555,36.8,36.8,37.224719421991374,False
1466449629,36.8,37.40707395487822,37.40707395487822,True
1466449635,36.8,36.82067123406305,36.82067123406305,True
1466449721,36.9,36.9976458024422,36.9976458024422,True
1466449772,36.7,36.7,37.37266536410342,False
1466449872,36.7,37.29570902209538,37.29570902209538,True
1466449873,36.8,36.933289466367306,36.933289466367306,True
1466449884,36.6,36.6,36.5660623939347,False
1466449937,36.6,36.73253423453997,36.73253423453997,True
1466449953,36.6,36.58039692691106,36.58039692691106,True
1466449959,36.6,36.6,36.770634624774694,False
1466449961,36.6,37.28148295876107,37.28148295876107,True
1466450018,37.2,37.2,36.94069093194075,False
1466450075,37.2,36.95930841667619,36.95930841667619,True
1466450150,37.0,37.0,36.61664813722324,False
1466450177,37.0,37.0,37.373195796077724,False
1466450255,37.0,37.2854787689956,37.2854787689956,True
1466450343,36.9,36.9,36.653088621901425,False
1466450348,36.9,36.54789261507584,36.54789261507584,True
1466450401,36.9,36.9,37.42345673087047,False
1466450433,36.9,36.9,37.41985201042536,False
1466450507,36.9,37.319214826363314,37.319214826363314,True
1466450536,36.9,36.9,36.84251676235813,False
1466450627,36.9,36.9,37.4978948422281,False
1466450723,36.9,36.9,36.54878574821741,False
1466450817,37.0,37.34340487939875,37.34340487939875,True
1466450900,36.9,37.048912864633444,37.048912864633444,True
1466450902,36.9,36.56680623488622,36.56680623488622,True
1466450971,36.9,36.9,36.541261438600756,False
1466451016,36.9,36.9,36.508489050402595,False
1466451023,36.9,36.9,37.16903579679542,False
1466451073,36.9,37.32721491338419,37.32721491338419,True
1466451166,36.9,37.38866221175704,37.38866221175704,True
1466451231,36.9,37.16343036159821,37.16343036159821,True
1466451245,36.8,36.685462074431456,36.685462074431456,True
1466451293,36.8,36.8,36.6842828847532,False
1466451295,36.6,36.5746121733641,36.5746121733641,True
1466451378,36.6,36.82622293607857,36.82622293607857,True
1466451445,36.9,36.9,36.54831548560416,False
1466451508,36.9,36.61887974517454,36.61887974517454,True
1466451599,36.9,37.35818089545282,37.35818089545282,True
1466451686,36.9,36.9,37.2912968424278,False
1466451761,36.9,37.356090109791666,37.356090109791666,True
1466451857,36.9,37.27257304288068,37.27257304288068,True
1466451909,36.9,36.9,37.4070381844725,False
1466451919,36.9,36.9,36.55157127648531,False
1466452006,36.8,37.24399886747157,37.24399886747157,True
1466452035,36.9,36.9,36.92319258664743,False
1466452039,36.9,36.9,36.79118947497113,False
1466452104,36.7,37.06568181621087,37.06568181621087,True
1466452167,36.6,37.134447595036335,37.134447595036335,True
1466452238,36.6,36.6,37.277869442504965,False
1466452313,36.6,37.448000859101896,37.448000859101896,True
1466452339,36.6,36.6,36.99300044458992,False
1466452419,36.6,37.10941833983211,37.10941833983211,True
1466452424,36.6,36.975733369259665,36.975733369259665,True
1466452435,36.6,37.162691812598716,37.162691812598716,True
1466452531,36.6,37.48221781972452,37.48221781972452,True
1466452584,36.6,37.35219473036193,37.35219473036193,True
1466452625,36.5,37.17772319931867,37.17772319931867,True
1466452676,36.4,37.44407896561191,37.44407896561191,True
1466452752,36.4,37.039070683638336,37.039070683638336,True
1466452796,36.7,36.7,36.61537936680444,False
1466452825,36.7,36.86457063623719,36.86457063623719,True
1466452860,36.3,36.3,37.12250005267592,False
1466452960,36.3,37.21319925420999,37.21319925420999,True
1466452979,36.4,36.4,36.78295958445591,False
1466453002,36.4,36.4,37.44538366727718,False
1466453016,36.5,36.5,37.140184142750215,False
1466453025,36.5,37.19067000181047,37.19067000181047,True
1466453089,36.5,36.5,36.97324999739437,False
1466453141,36.4,37.32564362554591,37.32564362554591,True
1466453154,36.4,36.4,36.97667665627964,False
1466453184,36.6,37.05161258331376,37.05161258331376,True
1466453202,36.6,37.41030102527178,37.41030102527178,True
1466453203,36.6,36.68564114551637,36.68564114551637,True
1466453222,36.6,36.9146875848691,36.9146875848691,True
1466453321,36.6,36.6,37.062654694330085,False
1466453379,36.6,36.89022868178563,36.89022868178563,True
1466453392,36.6,36.6,37.23838975693397,False
1466453422,36.6,36.6,37.051476922660996,False
1466453502,36.6,36.6,37.11307863780009,False
1466453518,36.6,36.824346572372804,36.824346572372804,True
1466453563,36.6,36.99237778307852,36.99237778307852,True
1466453604,36.6,37.49071342018854,37.49071342018854,True
1466453639,36.6,36.6,37.01944294956859,False
1466453705,36.6,36.6,36.792119784916686,False
1466453795,36.6,36.99180013937703,36.99180013937703,True
1466453816,36.4,36.4,36.679327603775604,False
1466453870,36.4,36.4,37.3622010565184,False
1466453910,36.6,36.64271244827477,36.64271244827477,True
1466454002,36.6,36.6,36.70483513466782,False
1466454051,36.6,37.4041541863699,37.4041541863699,True
1466454087,36.6,37.17626410661446,37.17626410661446,True
1466454129,36.4,36.4,36.517217190277556,False
1466454227,36.4,36.4,37.461311345873,False
1466454259,36.4,37.04868719164652,37.04868719164652,True
1466454262,36.4,36.67440972046319,36.67440972046319,True
1466454298,36.6,36.6,36.87365276825788,False
1466454388,36.6,37.29553842954046,37.29553842954046,True
1466454399,36.6,37.17779650810469,37.17779650810469,True
1466454473,36.6,36.84136305373377,36.84136305373377,True
1466454529,36.5,36.76385793421103,36.76385793421103,True
1466454559,36.5,36.767444360146186,36.767444360146186,True
1466454648,36.6,36.6,36.687440492294144,False
1466454745,36.6,36.6,36.51738989840042,False
1466454763,36.6,36.6,36.982782124022826,False
1466454851,36.6,36.82754074500372,36.82754074500372,True
1466454936,36.4,37.271302434310286,37.271302434310286,True
1466454949,36.4,36.4,37.13435918026162,False
1466455032,36.4,37.232283604579514,37.232283604579514,True
1466455065,36.4,36.4,36.51764599831761,False
1466455119,36.5,36.61062371578602,36.61062371578602,True
1466455172,36.5,37.109173175122486,37.109173175122486,True
1466455196,36.5,36.8435933223647,36.8435933223647,True
1466455271,36.4,37.30550433500558,37.30550433500558,True
1466455357,36.4,37.48281244876632,37.48281244876632,True
1466455361,36.4,36.4,37.091501975821906,False
1466455394,36.4,36.68094019961001,36.68094019961001,True
1466455475,36.4,36.4,36.69927184621048,False
1466455497,36.6,36.9333091005224,36.9333091005224,True
1466455561,36.6,36.64203236325884,36.64203236325884,True
1466455575,36.6,36.614024114064875,36.614024114064875,True
1466455587,36.5,36.525644073922585,36.525644073922585,True
1466455651,36.5,36.98944424333733,36.98944424333733,True
1466455658,36.5,36.5,37.40654468788404,False
1466455732,36.5,36.5,36.88522957009115,False
1466455812,36.5,37.10698964870858,37.10698964870858,True
1466455910,36.6,36.6,36.860763390847254,False
1466455951,36.6,36.63875678106793,36.63875678106793,True
1466455999,36.6,36.6,37.464176274266336,False
1466456054,36.6,37.45711399778779,37.45711399778779,True
1466456058,36.6,36.6,36.52271211560508,False
1466456074,36.6,36.6,37.26823468509287,False
1466456088,36.6,37.346943070330134,37.346943070330134,True
1466456118,36.4,36.788149598866006,36.788149598866006,True
1466456218,36.4,36.4,37.400675397552796,False
1466456265,36.6,36.7648084605939,36.7648084605939,True
1466456270,36.6,36.6,37.298756233169556,False
1466456312,36.6,36.6,37.23155738249618,False
1466456346,36.5,36.5,37.148744804230674,False
1466456374,36.6,36.6,36.778619510984335,False
1466456406,36.6,36.83837234248698,36.83837234248698,True
1466456482,36.6,37.04004346293554,37.04004346293554,True
1466456512,36.6,36.6,36.68011308167316,False
1466456610,36.4,36.4,37.29766473234749,False
1466456683,36.4,37.06267586902596,37.06267586902596,True
1466456768,36.4,36.9186302503214,36.9186302503214,True
1466456856,36.4,37.19200278541636,37.19200278541636,True
1466456927,36.5,37.11275513344964,37.11275513344964,True
1466457014,36.6,36.6,37.31287853703167,False
1466457032,36.5,36.67581223439823,36.67581223439823,True
1466457067,36.9,36.9,36.700701932142415,False
1466457157,36.9,36.9,37.39141130950281,False
1466457215,36.9,36.9,37.38568266918221,False
1466457267,36.7,36.7,36.558026055063266,False
1466457357,36.8,36.8,36.753591414537,False
1466457434,36.8,36.8,37.013850880799254,False
1466457487,36.7,36.7,36.771425704522294,False
1466457559,36.7,36.7,36.8067800076123,False
1466457603,36.7,36.7,36.7523367913469,False
1466457671,36.9,36.686233865328106,36.686233865328106,True
1466457713,37.1,37.1,37.040368942338006,False
1466457745,37.1,37.1,37.40842054693136,False
1466457782,37.0,37.0,36.783537563855276,False
1466457802,37.0,36.97906294296989,36.97906294296989,True
1466457817,37.0,36.642709033644174,36.642709033644174,True
1466457865,37.0,37.40175395806292,37.40175395806292,True
1466457884,37.0,37.48412462385029,37.48412462385029,True
1466457885,37.0,37.0,37.33448467577082,False
1466457917,37.1,37.07046616012366,37.07046616012366,True
1466457973,37.1,36.548379143578025,36.548379143578025,True
1466458045,37.1,37.20706905674747,37.20706905674747,True
1466458135,37.1,37.1,36.916343616482784,False
1466458151,37.1,37.02642750129494,37.02642750129494,True
1466458230,37.1,37.1,37.04934788374,False
1466458324,36.9,36.9,37.186811221773645,False
1466458362,37.1,37.1,36.65094209416004,False
1466458438,37.1,36.762985699022195,36.762985699022195,True
1466458454,37.1,37.1,37.46078895617227,False
1466458496,37.1,37.32693109865026,37.32693109865026,True
1466458509,37.1,37.1,37.2816675238215,False
1466458580,37.1,37.1,37.02340457779061,False
1466458590,37.1,36.97995633040367,36.97995633040367,True
1466458626,37.2,36.888841067413644,36.888841067413644,True
1466458642,37.2,36.77253571617026,36.77253571617026,True
1466458665,37.0,37.33373665455593,37.33373665455593,True
1466458694,37.0,36.839428575665636,36.839428575665636,True
1466458762,37.1,37.1,37.026329552470514,False
1466458793,37.0,36.93338491589937,36.93338491589937,True
1466458824,37.0,37.41836072949751,37.41836072949751,True
1466458906,37.1,36.575481538373516,36.575481538373516,True
1466458982,37.1,37.1,37.35393153642594,False
1466459068,37.1,37.1,36.606619440033704,False
1466459159,37.1,36.510824261420865,36.510824261420865,True
1466459184,37.0,37.0,36.653613743992,False
1466459273,37.0,36.95593749917607,36.95593749917607,True
1466459372,37.2,37.45987712031884,37.45987712031884,True
1466459415,37.2,37.2,36.691351431049696,False
1466459483,37.2,36.65121794245362,36.65121794245362,True
1466459504,37.2,37.2,37.47654518473035,False
1466459588,37.2,36.57394068443447,36.57394068443447,True
1466459595,37.2,36.692516627337376,36.692516627337376,True
1466459673,37.3,37.3,36.58614698244255,False
1466459726,37.4,37.4,36.799541603753134,False
1466459800,37.4,37.4,37.39419066904473,False
1466459857,37.4,37.4,37.44340133914122,False
1466459887,37.2,37.29434359756587,37.29434359756587,True
1466459913,37.2,37.2,37.4849020415317,False
1466459974,37.2,37.210929549830894,37.210929549830894,True
1466459995,37.2,37.2,37.262211227999295,False
1466460001,37.1,37.1,37.49765902878942,False
1466460054,38.0,37.21816902704454,37.21816902704454,True
1466460130,37.5,37.198540165705374,37.198540165705374,True
1466460215,37.4,37.07710898558279,37.07710898558279,True
1466460252,37.4,37.4,36.94529884028081,False
1466460272,37.4,36.75363145895606,36.75363145895606,True
1466460346,37.4,37.4,37.17757695814391,False
1466460440,37.4,37.294890662124985,37.294890662124985,True
1466460461,37.4,37.4,36.821521847723666,False
1466460528,37.4,37.4,36.85786752842978,False
1466460610,37.4,36.51006025516052,36.51006025516052,True
1466460630,37.2,37.2,36.55395363576295,False
1466460691,37.2,37.44101277501425,37.44101277501425,True
1466460706,37.2,36.81866090265618,36.81866090265618,True
1466460739,37.9,36.830660634711506,36.830660634711506,True
1466460765,37.1,36.57001008780957,36.57001008780957,True
1466460795,37.1,36.797379187675325,36.797379187675325,True
1466460877,37.1,36.73551024057498,36.73551024057498,True
1466460973,37.8,37.42730406398527,37.42730406398527,True
1466461009,37.2,36.79136483541439,36.79136483541439,True
1466461027,37.2,37.2,37.228508376673425,False
1466461032,38.0,38.0,37.389700380509396,False
1466461096,38.0,38.0,36.92740777019539,False
1466461169,37.4,36.92339105945833,36.92339105945833,True
1466461256,37.3,37.3,37.338588809459964,False
1466461351,37.2,36.64644314444607,36.64644314444607,True
1466461451,37.2,37.2,37.456350007863556,False
1466461531,37.2,37.2,36.874078311026324,False
1466461568,37.9,37.28312943630658,37.28312943630658,True
1466461583,37.9,37.9,36.512927065060474,False
1466461647,37.3,37.33323089903733,37.33323089903733,True
1466461703,37.2,37.2,37.22421144302564,False
1466461794,37.2,36.87876912573409,36.87876912573409,True
1466461813,37.2,37.14876004185456,37.14876004185456,True
1466461910,37.6,36.9487378144779,36.9487378144779,True
1466461988,37.6,37.39259883648667,37.39259883648667,True
1466462056,37.6,37.6,36.956318788802086,False
1466462101,37.2,37.2,37.15398811426888,False
1466462155,38.0,37.3624386215694,37.3624386215694,True
1466462215,37.8,37.39850340764436,37.39850340764436,True
1466462278,37.8,37.223367845623585,37.223367845623585,True
1466462368,37.8,37.8,36.731330698026504,False
1466462412,37.8,37.8,36.606334964376956,False
1466462512,37.1,37.1,37.29947095285082,False
1466462594,37.4,37.4,36.709408564267115,False
1466462671,37.4,36.95078778171582,36.95078778171582,True
1466462716,37.9,37.9,36.86499684995589,False
1466462746,37.9,37.9,37.34640022763273,False
1466462782,37.1,37.3012417138596,37.3012417138596,True
1466462820,37.1,37.1,36.89769693178568,False
1466462833,37.8,36.80049508932687,36.80049508932687,True
1466462842,37.2,37.2,37.00639684102502,False
1466462850,37.2,37.2,37.069439889977886,False
1466462941,37.2,36.70770709937005,36.70770709937005,True
1466463026,37.2,37.13499898049463,37.13499898049463,True
1466463117,37.2,37.186444691660306,37.186444691660306,True
1466463139,37.2,37.2,37.096630289955954,False
