1466410104,7.38,7.37688141981075,7.37688141981075,True
1466410114,7.36,7.36,7.383670752352942,False
1466410130,7.37,7.36161336613344,7.36161336613344,True
1466410181,7.39,7.350670108911578,7.350670108911578,True
1466410203,7.43,7.43,7.401858204080333,False
1466410250,7.4,7.4,7.3711050784744305,False
1466410309,7.4,7.350957267060923,7.350957267060923,True
1466410397,7.4,7.4240840036629985,7.4240840036629985,True
1466410430,7.38,7.38,7.445274236323473,False
1466410469,7.42,7.42,7.418768894946067,False
1466410483,7.4,7.396949756430582,7.396949756430582,True
1466410498,7.36,7.36,7.368388398918255,False
1466410502,7.35,7.35,7.3662484360995375,False
1466410532,7.44,7.3731244227574395,7.3731244227574395,True
1466410541,7.44,7.407287865883064,7.407287865883064,True
1466410573,7.44,7.362285339928822,7.362285339928822,True
1466410630,7.38,7.38,7.385699252920601,False
1466410653,7.38,7.426893394811445,7.426893394811445,True
1466410746,7.41,7.41,7.363981435171726,False
1466410814,7.36,7.399770182005141,7.399770182005141,True
1466410890,7.4,7.37882268665656,7.37882268665656,True
1466410902,7.4,7.368693322853468,7.368693322853468,True
1466410978,7.4,7.4325237710599,7.4325237710599,True
1466411008,7.4,7.4,7.370523770602718,False
1466411066,7.41,7.398036668698747,7.398036668698747,True
1466411094,7.44,7.360696416861648,7.360696416861648,True
1466411157,7.37,7.4104497664142785,7.4104497664142785,True
1466411223,7.37,7.37,7.357260102036738,False
1466411226,7.37,7.37,7.427981403511385,False
1466411272,7.37,7.37,7.449807722428179,False
1466411303,7.37,7.373560029611409,7.373560029611409,True
1466411318,7.37,7.388546323995865,7.388546323995865,True
1466411396,7.43,7.43,7.414225695375762,False
1466411493,7.43,7.43,7.397433443302574,False
1466411549,7.43,7.413083991686734,7.413083991686734,True
1466411560,7.43,7.43,7.416181483007505,False
1466411626,7.43,7.43,7.359574572018006,False
1466411723,7.37,7.3934246213133425,7.3934246213133425,True
1466411763,7.37,7.426520952569375,7.426520952569375,True
1466411785,7.38,7.38,7.377153466112438,False
1466411854,7.38,7.38,7.3948068742111,False
1466411889,7.37,7.37,7.382394308846346,False
1466411988,7.37,7.412389831221882,7.412389831221882,True
1466412022,7.37,7.445056579025361,7.445056579025361,True
1466412046,7.37,7.409315229330326,7.409315229330326,True
1466412076,7.37,7.357130584541916,7.357130584541916,True
1466412152,7.43,7.43,7.383471663704826,False
1466412181,7.43,7.4096070950216255,7.4096070950216255,True
1466412201,7.43,7.388852175962194,7.388852175962194,True
1466412260,7.44,7.44,7.382510534437269,False
1466412347,7.44,7.44,7.411849134476717,False
1466412360,7.43,7.446893557068304,7.446893557068304,True
1466412438,7.43,7.408381990781207,7.408381990781207,True
1466412521,7.43,7.43,7.360848266842453,False
1466412599,7.43,7.43,7.423376936649736,False
1466412639,7.43,7.357502849890737,7.357502849890737,True
1466412691,7.35,7.440643328123612,7.440643328123612,True
1466412747,7.35,7.35,7.4473203919865885,False
1466412794,7.35,7.35,7.37584838457966,False
1466412819,7.35,7.35,7.44327639010244,False
1466412832,7.45,7.45,7.368411160055003,False
1466412874,7.45,7.412314589037513,7.412314589037513,True
1466412943,7.45,7.368436375417539,7.368436375417539,True
1466412971,7.4,7.4,7.4174428123582326,False
1466412990,7.42,7.42,7.359926350958888,False
1466413028,7.42,7.399628522650627,7.399628522650627,True
1466413053,7.44,7.44,7.398800205897703,False
1466413125,7.41,7.41,7.426487674740333,False
1466413200,7.41,7.41,7.391862793104735,False
1466413264,7.41,7.353753571035976,7.353753571035976,True
1466413311,7.36,7.375086068172676,7.375086068172676,True
1466413342,7.36,7.36,7.36963668945161,False
1466413440,7.36,7.36,7.353735890402415,False
1466413458,7.36,7.388771275049891,7.388771275049891,True
1466413529,7.43,7.43,7.447434767842634,False
1466413542,7.43,7.376203530495798,7.376203530495798,True
1466413638,7.37,7.37,7.440883972268057,False
1466413672,7.43,7.4239057432746325,7.4239057432746325,True
1466413733,7.35,7.4482996594574,7.4482996594574,True
1466413779,7.36,7.36,7.357670170669806,False
1466413780,7.38,7.38,7.405489642463024,False
1466413864,7.38,7.436767617821269,7.436767617821269,True
1466413885,7.38,7.38079316410971,7.38079316410971,True
1466413946,7.36,7.36632562832682,7.36632562832682,True
1466414033,7.36,7.36,7.37622087023005,False
1466414071,7.36,7.36,7.4494733509284785,False
1466414164,7.41,7.421423965213902,7.421423965213902,True
1466414225,7.41,7.41,7.3913997674821665,False
1466414312,7.41,7.41,7.384458025498197,False
1466414325,7.45,7.433899702095433,7.433899702095433,True
1466414328,7.45,7.356470819597339,7.356470819597339,True
1466414329,7.45,7.394817103073181,7.394817103073181,True
1466414402,7.45,7.45,7.4283094277570125,False
1466414407,7.45,7.45,7.392788584214518,False
1466414413,7.4,7.4,7.373327832659713,False
1466414460,7.4,7.411643789074832,7.411643789074832,True
1466414552,7.4,7.358238365650578,7.358238365650578,True
1466414602,7.4,7.42954262384921,7.42954262384921,True
1466414662,7.4,7.403819000399559,7.403819000399559,True
1466414746,7.4,7.35137746443484,7.35137746443484,True
1466414844,7.39,7.39,7.44753977761963,False
1466414943,7.39,7.39,7.388460914843019,False
1466414946,7.41,7.434196670673184,7.434196670673184,True
1466414966,7.43,7.43,7.382320993485882,False
1466415038,7.43,7.43,7.372433233967032,False
1466415106,7.41,7.41,7.374971412947201,False
1466415130,7.41,7.41,7.446603687180317,False
1466415145,7.38,7.38,7.408694337621764,False
1466415202,7.38,7.38,7.407226572835462,False
1466415239,7.38,7.38,7.396166605550437,False
1466415249,7.37,7.37,7.407697867114003,False
1466415308,7.37,7.404870125273984,7.404870125273984,True
1466415357,7.37,7.37,7.447199013059931,False
1466415404,7.37,7.435764816493446,7.435764816493446,True
1466415469,7.37,7.370862150716386,7.370862150716386,True
1466415548,7.37,7.38205495362957,7.38205495362957,True
1466415588,7.44,7.426707785176434,7.426707785176434,True
1466415627,7.41,7.3856429024789785,7.3856429024789785,True
1466415719,7.45,7.404094051967909,7.404094051967909,True
1466415767,7.36,7.392526153675451,7.392526153675451,True
1466415860,7.36,7.36,7.379472517045887,False
1466415872,7.36,7.433305094996835,7.433305094996835,True
1466415914,7.36,7.423593934959099,7.423593934959099,True
1466415934,7.37,7.37,7.352903316676205,False
1466415988,7.37,7.37,7.44110372816579,False
1466416004,7.37,7.3927865704948585,7.3927865704948585,True
1466416050,7.4,7.409462135477013,7.409462135477013,True
1466416150,7.41,7.41,7.441893889115396,False
1466416161,7.41,7.41,7.364757894538867,False
1466416215,7.36,7.36,7.4168537293099455,False
1466416315,7.36,7.44516800375259,7.44516800375259,True
1466416321,7.36,7.422936883267465,7.422936883267465,True
1466416393,7.36,7.367952411566609,7.367952411566609,True
1466416440,7.36,7.36,7.433710856521247,False
1466416510,7.37,7.412911923028634,7.412911923028634,True
1466416541,7.38,7.38,7.4153224354097915,False
1466416631,7.43,7.407209688462986,7.407209688462986,True
1466416671,7.45,7.45,7.357667329266158,False
1466416725,7.45,7.43300001383847,7.43300001383847,True
1466416815,7.45,7.423885863600526,7.423885863600526,True
1466416867,7.45,7.45,7.441542856361201,False
1466416933,7.43,7.442505160736883,7.442505160736883,True
1466416963,7.43,7.43,7.389699394017843,False
1466417034,7.43,7.43,7.412873187707005,False
1466417069,7.43,7.3983858745448,7.3983858745448,True
1466417095,7.38,7.38,7.4028719656649145,False
1466417123,7.38,7.3666109276882965,7.3666109276882965,True
1466417219,7.38,7.415469574965829,7.415469574965829,True
1466417228,7.35,7.364408058213566,7.364408058213566,True
1466417235,7.35,7.350305525703926,7.350305525703926,True
1466417266,7.35,7.410810355989424,7.410810355989424,True
1466417298,7.43,7.43,7.448424868614763,False
1466417382,7.36,7.390155446299456,7.390155446299456,True
1466417429,7.41,7.4219657451263155,7.4219657451263155,True
1466417434,7.41,7.361346252932578,7.361346252932578,True
1466417513,7.41,7.414670391387781,7.414670391387781,True
1466417598,7.42,7.413045789584907,7.413045789584907,True
1466417615,7.38,7.38,7.447296781117375,False
1466417654,7.4,7.402076479845025,7.402076479845025,True
1466417749,7.4,7.378078577292498,7.378078577292498,True
1466417763,7.37,7.4240523248540455,7.4240523248540455,True
1466417822,7.37,7.39152091749904,7.39152091749904,True
1466417851,7.37,7.367986786294567,7.367986786294567,True
1466417855,7.37,7.395831370970963,7.395831370970963,True
1466417879,7.37,7.35088517975268,7.35088517975268,True
1466417895,7.37,7.37,7.417078717479067,False
1466417969,7.37,7.37,7.366308918705681,False
1466418049,7.37,7.37,7.360010602183487,False
1466418118,7.37,7.442548525349103,7.442548525349103,True
1466418129,7.44,7.416656194682894,7.416656194682894,True
1466418179,7.4,7.442396719714571,7.442396719714571,True
1466418254,7.4,7.4,7.422388817933425,False
1466418332,7.44,7.44,7.367134133984409,False
1466418428,7.44,7.425338451618104,7.425338451618104,True
1466418494,7.44,7.44,7.416634154726408,False
1466418554,7.39,7.426759813489362,7.426759813489362,True
1466418563,7.37,7.37,7.362763429084912,False
1466418564,7.37,7.37,7.351809910920235,False
1466418594,7.37,7.37,7.360983418033255,False
1466418674,7.37,7.37,7.41860301129103,False
1466418748,7.36,7.409006366530959,7.409006366530959,True
1466418847,7.36,7.36,7.402812425540496,False
1466418877,7.42,7.42,7.4021588970769585,False
1466418917,7.41,7.446964675666589,7.446964675666589,True
1466418938,7.41,7.41,7.4189282290907865,False
1466419031,7.41,7.41,7.385346762304645,False
1466419058,7.41,7.41,7.379910608351529,False
1466419104,7.41,7.41,7.3637727821153405,False
1466419166,7.42,7.42,7.413176010619425,False
1466419261,7.42,7.42,7.355704068370353,False
1466419349,7.36,7.407552245147002,7.407552245147002,True
1466419442,7.43,7.43,7.426730667127911,False
1466419530,7.43,7.440334992609062,7.440334992609062,True
1466419595,7.44,7.44,7.4034988040081915,False
1466419646,7.44,7.44,7.354354526254377,False
1466419737,7.44,7.44,7.364544474409244,False
1466419826,7.44,7.44,7.365127083036167,False
1466419880,7.44,7.4102824444816235,7.4102824444816235,True
1466419911,7.44,7.44,7.3716186855054415,False
1466419938,7.44,7.4305698240532925,7.4305698240532925,True
1466420016,7.36,7.3982532296225845,7.3982532296225845,True
1466420019,7.36,7.447083704265384,7.447083704265384,True
1466420108,7.36,7.359451231465295,7.359451231465295,True
1466420205,7.35,7.3835378458775995,7.3835378458775995,True
1466420228,7.35,7.35,7.362271472031019,False
1466420257,7.35,7.35,7.425768798837769,False
1466420270,7.36,7.411687124383471,7.411687124383471,True
1466420296,7.41,7.428487408883653,7.428487408883653,True
1466420331,7.36,7.36,7.437075201185092,False
1466420407,7.36,7.444378856471065,7.444378856471065,True
1466420430,7.39,7.414085870349832,7.414085870349832,True
1466420453,7.39,7.39,7.404639450573917,False
1466420474,7.39,7.39,7.368247099159032,False
1466420566,7.45,7.435549122795296,7.435549122795296,True
1466420579,7.43,7.43,7.448987272108758,False
1466420618,7.43,7.372408281075637,7.372408281075637,True
1466420624,7.42,7.387473481724378,7.387473481724378,True
1466420643,7.42,7.356532345753781,7.356532345753781,True
1466420695,7.42,7.42,7.448588911713116,False
1466420788,7.37,7.371599716435568,7.371599716435568,True
1466420863,7.37,7.374632654640882,7.374632654640882,True
1466420947,7.37,7.384639386613132,7.384639386613132,True
1466421003,7.37,7.433527719116882,7.433527719116882,True
1466421032,7.37,7.37,7.430432048760201,False
1466421050,7.37,7.37,7.444941741299337,False
1466421116,7.37,7.37,7.414631940101575,False
1466421208,7.37,7.37,7.3514526462928895,False
1466421234,7.37,7.37,7.372619482996346,False
1466421262,7.42,7.357515861518761,7.357515861518761,True
1466421353,7.42,7.367241337762106,7.367241337762106,True
1466421360,7.38,7.396452756467426,7.396452756467426,True
1466421392,7.38,7.394803361433361,7.394803361433361,True
1466421480,7.37,7.3911412050250265,7.3911412050250265,True
1466421530,7.38,7.38,7.433793550021335,False
1466421547,7.36,7.36,7.426833670435998,False
1466421591,7.39,7.409809894968548,7.409809894968548,True
1466421633,7.39,7.39,7.363591227243049,False
1466421636,7.42,7.389160376149266,7.389160376149266,True
1466421670,7.44,7.44,7.421259598589199,False
1466421695,7.44,7.44,7.37062584153154,False
1466421721,7.44,7.43741594207457,7.43741594207457,True
1466421804,7.44,7.3510273086447775,7.3510273086447775,True
1466421819,7.44,7.44,7.3781166616234835,False
1466421862,7.44,7.4392625761782645,7.4392625761782645,True
1466421885,7.44,7.355977075630554,7.355977075630554,True
1466421936,7.45,7.406464606239853,7.406464606239853,True
1466422012,7.37,7.376889138005077,7.376889138005077,True
1466422044,7.44,7.44805141087329,7.44805141087329,True
1466422045,7.44,7.431046390529193,7.431046390529193,True
1466422137,7.36,7.36,7.431595235429434,False
1466422162,7.36,7.352255395982754,7.352255395982754,True
1466422189,7.36,7.36,7.4323802900740565,False
1466422197,7.35,7.35,7.4433154824112515,False
1466422264,7.35,7.35,7.437092000451494,False
1466422330,7.35,7.35,7.427326683478212,False
1466422378,7.35,7.362981825498694,7.362981825498694,True
1466422432,7.35,7.35,7.420473572421652,False
1466422488,7.38,7.38,7.361349450223714,False
1466422577,7.38,7.368550594839958,7.368550594839958,True
1466422628,7.38,7.38,7.350464364657901,False
1466422638,7.38,7.425247777554383,7.425247777554383,True
1466422666,7.42,7.428371253229581,7.428371253229581,True
1466422706,7.42,7.408055824085526,7.408055824085526,True
1466422731,7.42,7.42,7.443162718612399,False
1466422804,7.42,7.400769655427161,7.400769655427161,True
1466422866,7.42,7.44323713638787,7.44323713638787,True
1466422873,7.42,7.440410346894309,7.440410346894309,True
1466422895,7.42,7.42,7.439698512024075,False
1466422953,7.42,7.423149838510219,7.423149838510219,True
1466422973,7.37,7.361013281290045,7.361013281290045,True
1466423017,7.37,7.395481725123508,7.395481725123508,True
1466423051,7.37,7.415790124522376,7.415790124522376,True
1466423099,7.37,7.438758814864368,7.438758814864368,True
1466423150,7.37,7.38434918975069,7.38434918975069,True
1466423155,7.37,7.37,7.442455409790791,False
1466423168,7.42,7.42,7.354633468755229,False
1466423205,7.41,7.366216802212732,7.366216802212732,True
1466423275,7.41,7.416424239267427,7.416424239267427,True
1466423287,7.45,7.45,7.359226665125134,False
1466423336,7.35,7.3849442061887265,7.3849442061887265,True
1466423340,7.44,7.44,7.360474468335554,False
1466423355,7.44,7.361648018496612,7.361648018496612,True
1466423443,7.44,7.385594649458694,7.385594649458694,True
1466423499,7.44,7.44,7.377830867211029,False
1466423585,7.44,7.433387180494394,7.433387180494394,True
1466423612,7.44,7.4241759015336894,7.4241759015336894,True
1466423669,7.44,7.44,7.354332552141026,False
1466423705,7.44,7.44,7.4227049561739005,False
1466423770,7.44,7.44,7.423881774224227,False
1466423844,7.44,7.394581929402444,7.394581929402444,True
1466423902,7.44,7.427946410039721,7.427946410039721,True
1466423913,7.41,7.442734389973099,7.442734389973099,True
1466423972,7.41,7.41,7.3876868901832005,False
1466424014,7.38,7.38,7.359857864929976,False
1466424069,7.38,7.38,7.4051073783554875,False
1466424154,7.37,7.37,7.438983010743528,False
1466424155,7.37,7.394987464417819,7.394987464417819,True
1466424169,7.41,7.41,7.354104490051423,False
1466424262,7.41,7.41,7.423411646084762,False
1466424339,7.38,7.415354240379627,7.415354240379627,True
1466424398,7.38,7.38,7.414100585337808,False
1466424497,7.42,7.360729623040052,7.360729623040052,True
1466424558,7.44,7.44,7.377208548194741,False
1466424613,7.44,7.44,7.3690664350120505,False
1466424713,7.44,7.404122937478811,7.404122937478811,True
1466424804,7.41,7.396734568778962,7.396734568778962,True
1466424878,7.41,7.41,7.390601095916254,False
1466424924,7.42,7.42,7.3813737810192315,False
1466425009,7.36,7.356786609644082,7.356786609644082,True
1466425106,7.36,7.4221316954978604,7.4221316954978604,True
1466425129,7.36,7.434977104823357,7.434977104823357,True
1466425179,7.39,7.39,7.395048006100368,False
1466425257,7.38,7.398920203905397,7.398920203905397,True
1466425262,7.38,7.38,7.352459135941278,False
1466425305,7.38,7.443136890227759,7.443136890227759,True
1466425331,7.43,7.43,7.38447388401942,False
1466425338,7.43,7.43,7.41320992217863,False
1466425377,7.43,7.43,7.405259984200785,False
1466425380,7.43,7.353850066676189,7.353850066676189,True
1466425417,7.43,7.43,7.365549111773743,False
1466425484,7.44,7.44,7.403905276747246,False
1466425517,7.44,7.390386144612467,7.390386144612467,True
1466425553,7.44,7.394280824099318,7.394280824099318,True
1466425640,7.44,7.44,7.422431947586631,False
1466425687,7.43,7.43,7.377008744324772,False
1466425711,7.43,7.39940331373194,7.39940331373194,True
1466425768,7.43,7.43,7.393840957703335,False
1466425811,7.43,7.411327978200841,7.411327978200841,True
1466425856,7.44,7.413548808939495,7.413548808939495,True
1466425869,7.39,7.378904773660099,7.378904773660099,True
1466425884,7.43,7.43,7.428434373495462,False
1466425962,7.43,7.43,7.402221797277761,False
1466425974,7.43,7.43,7.375230254939313,False
1466426016,7.43,7.43,7.356308158026172,False
1466426024,7.43,7.375503569692615,7.375503569692615,True
1466426034,7.43,7.3969575125740015,7.3969575125740015,True
1466426130,7.43,7.381338545724502,7.381338545724502,True
1466426189,7.43,7.352162308422651,7.352162308422651,True
1466426198,7.43,7.401806521752168,7.401806521752168,True
1466426280,7.43,7.43,7.431461151546388,False
1466426298,7.43,7.43,7.420143001065857,False
1466426380,7.43,7.382239356069062,7.382239356069062,True
1466426420,7.37,7.442735457312665,7.442735457312665,True
1466426509,7.39,7.4028629344878025,7.4028629344878025,True
1466426521,7.42,7.42,7.401292375261775,False
1466426535,7.36,7.36,7.422631681621591,False
1466426563,7.36,7.375227704657495,7.375227704657495,True
1466426620,7.41,7.425883496588096,7.425883496588096,True
1466426694,7.44,7.40998613174621,7.40998613174621,True
1466426764,7.43,7.43,7.430479963109642,False
1466426778,7.43,7.43,7.415339967063295,False
1466426866,7.43,7.436486106762119,7.436486106762119,True
1466426938,7.43,7.43,7.367871997905858,False
1466427022,7.37,7.37,7.351138097847221,False
1466427059,7.37,7.438770231726556,7.438770231726556,True
1466427125,7.37,7.351240668337535,7.351240668337535,True
1466427204,7.37,7.350735749097934,7.350735749097934,True
1466427240,7.37,7.423484313067279,7.423484313067279,True
1466427317,7.37,7.372245000233972,7.372245000233972,True
1466427319,7.37,7.351747016634465,7.351747016634465,True
1466427331,7.39,7.39,7.380937380308239,False
1466427425,7.39,7.4339769547731,7.4339769547731,True
1466427458,7.38,7.38,7.380737317841515,False
1466427495,7.38,7.38,7.396262306584652,False
1466427543,7.38,7.414357326726785,7.414357326726785,True
1466427625,7.38,7.383289512300452,7.383289512300452,True
1466427663,7.41,7.417852688574158,7.417852688574158,True
1466427672,7.41,7.41,7.42632430211016,False
1466427684,7.41,7.361212206771091,7.361212206771091,True
1466427739,7.41,7.377242142216657,7.377242142216657,True
1466427769,7.41,7.41,7.381883290706262,False
1466427775,7.42,7.437522052376236,7.437522052376236,True
1466427820,7.4,7.4,7.433643194027516,False
1466427837,7.4,7.36043153071093,7.36043153071093,True
1466427846,7.4,7.4,7.381467544901768,False
1466427904,7.4,7.4,7.393719719569909,False
1466427997,7.4,7.4012522902530575,7.4012522902530575,True
1466428027,7.4,7.4,7.3516437948155655,False
1466428114,7.42,7.3915415105756885,7.3915415105756885,True
1466428212,7.42,7.368582917144488,7.368582917144488,True
1466428294,7.42,7.371464818731671,7.371464818731671,True
1466428321,7.37,7.436166933065523,7.436166933065523,True
1466428340,7.39,7.411067409380178,7.411067409380178,True
1466428378,7.4,7.402329432523323,7.402329432523323,True
1466428463,7.4,7.4,7.437750025186549,False
1466428551,7.4,7.3514371962930385,7.3514371962930385,True
1466428575,7.4,7.4,7.370278378687986,False
1466428593,7.4,7.446719688786617,7.446719688786617,True
1466428682,7.44,7.3693507092685895,7.3693507092685895,True
1466428699,7.41,7.41,7.448653884205382,False
1466428719,7.45,7.45,7.381133665545749,False
1466428819,7.43,7.43,7.37897361196133,False
1466428850,7.36,7.413745896311521,7.413745896311521,True
1466428884,7.36,7.354570001759745,7.354570001759745,True
1466428973,7.39,7.418079665884809,7.418079665884809,True
1466429006,7.39,7.39,7.37479945812759,False
1466429026,7.39,7.39,7.424400326033306,False
1466429066,7.41,7.364029134070823,7.364029134070823,True
1466429072,7.41,7.445722732175777,7.445722732175777,True
1466429103,7.41,7.39368126403681,7.39368126403681,True
1466429110,7.41,7.41,7.4320163792720635,False
1466429123,7.4,7.4,7.386786804670943,False
1466429168,7.44,7.44,7.352353930415436,False
1466429182,7.44,7.44,7.421962704336786,False
1466429184,7.44,7.406061375293015,7.406061375293015,True
1466429197,7.44,7.361020140122685,7.361020140122685,True
1466429280,7.43,7.43,7.410643915147061,False
1466429378,7.43,7.416212905628001,7.416212905628001,True
1466429450,7.43,7.43,7.418423082025416,False
1466429455,7.4,7.4,7.440931773880491,False
1466429510,7.42,7.42,7.428322559865835,False
1466429565,7.38,7.38,7.439632178316393,False
1466429566,7.38,7.433314144760421,7.433314144760421,True
1466429592,7.38,7.35797944461508,7.35797944461508,True
1466429623,7.37,7.448360864454043,7.448360864454043,True
1466429691,7.37,7.407873541345464,7.407873541345464,True
1466429733,7.37,7.37,7.430679433996284,False
1466429803,7.37,7.37,7.387366380275543,False
1466429832,7.37,7.432598744139526,7.432598744139526,True
1466429905,7.37,7.37,7.3557768441802756,False
1466429997,7.41,7.386955568983703,7.386955568983703,True
1466430050,7.41,7.41,7.426667707968853,False
1466430088,7.42,7.433714063965373,7.433714063965373,True
1466430174,7.42,7.42,7.407310922291373,False
1466430247,7.42,7.375982105970115,7.375982105970115,True
1466430344,7.42,7.408396567071022,7.408396567071022,True
1466430375,7.42,7.417932667532064,7.417932667532064,True
1466430400,7.4,7.388469161247613,7.388469161247613,True
1466430457,7.4,7.4,7.35513609515678,False
1466430483,7.4,7.4,7.444445061027828,False
1466430517,7.4,7.4,7.414792567145555,False
1466430524,7.4,7.443831177019482,7.443831177019482,True
1466430592,7.4,7.429623216815597,7.429623216815597,True
1466430616,7.4,7.412398322149929,7.412398322149929,True
1466430631,7.4,7.4,7.380358281587013,False
1466430680,7.4,7.4,7.440770241874389,False
1466430734,7.37,7.443421211874672,7.443421211874672,True
1466430790,7.37,7.444611885332107,7.444611885332107,True
1466430815,7.37,7.37,7.404050369824848,False
1466430895,7.37,7.3820268991799525,7.3820268991799525,True
1466430916,7.37,7.37,7.389306623184954,False
1466430929,7.37,7.40376549492845,7.40376549492845,True
1466430936,7.37,7.37,7.3996267005572225,False
1466431009,7.36,7.36,7.37741124200127,False
1466431036,7.36,7.398220280553915,7.398220280553915,True
1466431055,7.41,7.404659486459353,7.404659486459353,True
1466431145,7.41,7.41,7.368616277406312,False
1466431218,7.44,7.44,7.398222154032525,False
1466431290,7.44,7.44,7.412144689826194,False
1466431324,7.44,7.352613282869497,7.352613282869497,True
1466431400,7.39,7.39,7.4042354356864,False
1466431450,7.36,7.36,7.437974816142137,False
1466431526,7.36,7.36,7.447615038482614,False
1466431589,7.45,7.45,7.427638782431474,False
1466431661,7.45,7.45,7.350532893210623,False
1466431760,7.45,7.3552233834576,7.3552233834576,True
1466431796,7.39,7.39,7.3935023404546785,False
1466431848,7.39,7.39,7.353945552379109,False
1466431879,7.43,7.43,7.3971046526857505,False
1466431954,7.41,7.418282845869147,7.418282845869147,True
1466431958,7.41,7.398337509496623,7.398337509496623,True
1466432002,7.42,7.42,7.435289990456975,False
1466432101,7.42,7.355898592190754,7.355898592190754,True
1466432177,7.42,7.42,7.376636942556446,False
1466432194,7.42,7.42,7.38730631720739,False
1466432237,7.38,7.38,7.394930609582899,False
1466432280,7.38,7.402961836716066,7.402961836716066,True
1466432373,7.38,7.38,7.425005637260894,False
1466432389,7.43,7.43,7.379281804959237,False
1466432415,7.43,7.43,7.420472675677697,False
1466432417,7.43,7.43,7.357883381815399,False
1466432506,7.36,7.36,7.3751718344810655,False
1466432569,7.36,7.36,7.430894009231808,False
1466432577,7.38,7.38,7.428983780863237,False
1466432670,7.38,7.386436809837149,7.386436809837149,True
1466432706,7.36,7.364834651976705,7.364834651976705,True
1466432804,7.36,7.4483130347869535,7.4483130347869535,True
1466432853,7.44,7.44,7.40045662288281,False
1466432947,7.4,7.4,7.3975420645905965,False
1466433040,7.4,7.377864906997333,7.377864906997333,True
1466433128,7.39,7.39,7.358047998320141,False
1466433145,7.36,7.409889978553342,7.409889978553342,True
1466433195,7.36,7.36,7.379817314368917,False
1466433289,7.36,7.3614845066650725,7.3614845066650725,True
1466433375,7.44,7.44,7.36948858633086,False
1466433427,7.44,7.4405262103982555,7.4405262103982555,True
1466433478,7.44,7.44,7.406859416007942,False
1466433517,7.44,7.44,7.421049768770423,False
1466433615,7.4,7.4,7.412383945955038,False
1466433672,7.4,7.3503217327160675,7.3503217327160675,True
1466433762,7.4,7.394790563684676,7.394790563684676,True
1466433809,7.4,7.422198838944034,7.422198838944034,True
1466433873,7.4,7.362284725781615,7.362284725781615,True
1466433910,7.4,7.421695877190635,7.421695877190635,True
1466433994,7.42,7.42,7.392432148092808,False
1466434003,7.42,7.405668686727953,7.405668686727953,True
1466434045,7.4,7.381645921908416,7.381645921908416,True
1466434096,7.35,7.38512344404173,7.38512344404173,True
1466434173,7.35,7.378967878737385,7.378967878737385,True
1466434199,7.35,7.35,7.381696103691269,False
1466434224,7.39,7.448385881459978,7.448385881459978,True
1466434308,7.39,7.4130769462559,7.4130769462559,True
1466434359,7.36,7.36,7.447796669138132,False
1466434371,7.36,7.3637983365125095,7.3637983365125095,True
1466434457,7.36,7.40695331250568,7.40695331250568,True
1466434498,7.36,7.447616531211518,7.447616531211518,True
1466434552,7.36,7.36,7.445084353511462,False
1466434622,7.37,7.352247463812724,7.352247463812724,True
1466434691,7.37,7.378105365769787,7.378105365769787,True
1466434718,7.37,7.415619477026928,7.415619477026928,True
1466434727,7.44,7.44,7.370861174089095,False
1466434815,7.44,7.369398444560447,7.369398444560447,True
1466434892,7.44,7.429674007902183,7.429674007902183,True
1466434915,7.44,7.44,7.410731611318347,False
1466434946,7.43,7.43,7.3538150466780605,False
1466434988,7.43,7.43,7.3509622964995085,False
1466435020,7.43,7.353061445416404,7.353061445416404,True
1466435090,7.43,7.43,7.387892424827355,False
1466435099,7.43,7.43,7.3663783839222035,False
1466435145,7.43,7.412113762060313,7.412113762060313,True
1466435186,7.39,7.39,7.367770366158341,False
1466435246,7.39,7.39,7.370478902999172,False
1466435284,7.39,7.39,7.375095816345271,False
1466435327,7.39,7.39,7.395903007137147,False
1466435369,7.39,7.415096134198742,7.415096134198742,True
1466435408,7.39,7.39,7.361297625969447,False
1466435468,7.41,7.41,7.382692583957382,False
1466435486,7.41,7.41,7.397829069728548,False
1466435555,7.43,7.43,7.3925580712016705,False
1466435624,7.38,7.350351785441659,7.350351785441659,True
1466435659,7.38,7.38,7.3687848750277976,False
1466435682,7.38,7.38,7.422261915638782,False
1466435712,7.42,7.423334545960777,7.423334545960777,True
1466435794,7.41,7.391404961115178,7.391404961115178,True
1466435878,7.41,7.41,7.408535868422295,False
1466435904,7.41,7.41,7.373104779582914,False
1466435971,7.41,7.41,7.366805088385806,False
1466436041,7.41,7.401618925532897,7.401618925532897,True
1466436059,7.41,7.426647956863313,7.426647956863313,True
1466436093,7.41,7.41,7.354240460016256,False
1466436178,7.41,7.4390682571603515,7.4390682571603515,True
1466436230,7.35,7.449085391203587,7.449085391203587,True
1466436280,7.44,7.365349977548638,7.365349977548638,True
1466436332,7.44,7.44,7.3633811292877,False
1466436333,7.36,7.36,7.354657863812535,False
1466436431,7.36,7.3726990476238985,7.3726990476238985,True
1466436520,7.43,7.358355004977954,7.358355004977954,True
1466436572,7.35,7.35,7.388187713867239,False
1466436647,7.35,7.359182724865435,7.359182724865435,True
1466436655,7.35,7.35,7.449458252823987,False
1466436727,7.35,7.442284934614709,7.442284934614709,True
1466436793,7.4,7.4,7.43541304539536,False
1466436879,7.4,7.418730468532555,7.418730468532555,True
1466436880,7.44,7.390717556117885,7.390717556117885,True
1466436939,7.44,7.377515669726056,7.377515669726056,True
1466437015,7.35,7.421870518171143,7.421870518171143,True
1466437048,7.35,7.393621531062684,7.393621531062684,True
1466437088,7.43,7.43,7.405172586871578,False
1466437105,7.44,7.44,7.354430118041197,False
1466437122,7.44,7.44,7.401901720175907,False
1466437160,7.44,7.445555199307067,7.445555199307067,True
1466437232,7.42,7.42,7.4089367457412845,False
1466437321,7.42,7.411662028931514,7.411662028931514,True
1466437335,7.42,7.412180895248843,7.412180895248843,True
1466437358,7.42,7.42,7.437695276296958,False
1466437441,7.44,7.406198482953637,7.406198482953637,True
1466437480,7.44,7.436798559443944,7.436798559443944,True
1466437561,7.38,7.351249021739579,7.351249021739579,True
1466437653,7.38,7.388887556629296,7.388887556629296,True
1466437709,7.38,7.418066356743282,7.418066356743282,True
1466437798,7.38,7.38,7.366557865216703,False
1466437869,7.39,7.39,7.380722455908897,False
1466437952,7.39,7.39,7.354402728598166,False
1466438037,7.39,7.360128437195728,7.360128437195728,True
1466438054,7.38,7.38,7.421906938458849,False
1466438056,7.44,7.44,7.397981402974501,False
1466438136,7.44,7.44,7.438213785044797,False
1466438234,7.39,7.440401249178399,7.440401249178399,True
1466438261,7.39,7.39,7.352679297022068,False
1466438348,7.39,7.407777393201788,7.407777393201788,True
1466438407,7.44,7.384474773529543,7.384474773529543,True
1466438422,7.38,7.40296858139837,7.40296858139837,True
1466438476,7.37,7.37,7.433086188015355,False
1466438571,7.37,7.447630454286328,7.447630454286328,True
1466438612,7.43,7.43,7.368263904366934,False
1466438620,7.43,7.446994574353582,7.446994574353582,True
1466438698,7.4,7.4,7.41765215842033,False
1466438747,7.4,7.375408364713847,7.375408364713847,True
1466438795,7.4,7.4,7.408427216791382,False
1466438810,7.43,7.3671008280585255,7.3671008280585255,True
1466438888,7.43,7.43,7.372539408622215,False
1466438975,7.43,7.43,7.409712574405722,False
1466439000,7.43,7.449134585992501,7.449134585992501,True
1466439092,7.4,7.430657434422958,7.430657434422958,True
1466439150,7.4,7.419466508498952,7.419466508498952,True
1466439229,7.45,7.45,7.351173051777044,False
1466439279,7.45,7.3893408107768535,7.3893408107768535,True
1466439328,7.37,7.376969066940706,7.376969066940706,True
1466439351,7.37,7.426288372491075,7.426288372491075,True
1466439447,7.37,7.37,7.375973322635701,False
1466439466,7.37,7.428698585198334,7.428698585198334,True
1466439480,7.37,7.428299735317049,7.428299735317049,True
1466439560,7.37,7.441880958526671,7.441880958526671,True
1466439600,7.43,7.43,7.388650177899571,False
1466439645,7.43,7.43,7.441986546168508,False
1466439729,7.4,7.4,7.400126580018473,False
1466439772,7.4,7.4,7.417761229397807,False
1466439827,7.4,7.4,7.3705631680327475,False
1466439849,7.42,7.3983050316629315,7.3983050316629315,True
1466439910,7.39,7.39,7.376076745818593,False
1466439990,7.39,7.39,7.382593493412144,False
1466440005,7.39,7.402331092837071,7.402331092837071,True
1466440006,7.39,7.39,7.402585159795911,False
1466440045,7.39,7.360324872442338,7.360324872442338,True
1466440066,7.39,7.381479963377714,7.381479963377714,True
1466440154,7.39,7.410591436340452,7.410591436340452,True
1466440214,7.39,7.39,7.38628806301525,False
1466440226,7.45,7.362849325757016,7.362849325757016,True
1466440304,7.45,7.45,7.431083915368456,False
1466440385,7.39,7.39,7.4442044836903065,False
1466440451,7.37,7.405717224387637,7.405717224387637,True
1466440521,7.37,7.37,7.431749632102619,False
1466440581,7.37,7.372362226001868,7.372362226001868,True
1466440674,7.37,7.37,7.360221182243804,False
1466440727,7.41,7.41,7.433466991553934,False
1466440821,7.44,7.359599700978213,7.359599700978213,True
1466440827,7.36,7.359477070470967,7.359477070470967,True
1466440897,7.4,7.4,7.42191839892371,False
1466440923,7.4,7.379200298423845,7.379200298423845,True
1466441012,7.41,7.41,7.406974719970532,False
1466441049,7.36,7.36,7.3760582908675945,False
1466441147,7.38,7.38,7.401408840621775,False
1466441213,7.38,7.396342459882849,7.396342459882849,True
1466441311,7.35,7.35,7.426077457203679,False
1466441318,7.35,7.35,7.36354399670851,False
1466441418,7.35,7.448690065427203,7.448690065427203,True
1466441510,7.36,7.40780893799222,7.40780893799222,True
1466441541,7.37,7.412157463515494,7.412157463515494,True
1466441579,7.37,7.37,7.391844039274326,False
1466441630,7.37,7.37,7.352724653379893,False
1466441714,7.37,7.37,7.39690752493497,False
1466441724,7.37,7.361843517285737,7.361843517285737,True
1466441741,7.37,7.37,7.445908301304632,False
1466441822,7.37,7.4037267855186615,7.4037267855186615,True
1466441883,7.37,7.385720875242049,7.385720875242049,True
1466441934,7.37,7.37,7.405235984890874,False
1466441947,7.37,7.37,7.403675448193098,False
1466442046,7.37,7.37,7.363946376004881,False
1466442137,7.37,7.373291578818387,7.373291578818387,True
1466442175,7.42,7.42,7.357960006932484,False
1466442216,7.39,7.39,7.3563973897688575,False
1466442284,7.39,7.366195940272514,7.366195940272514,True
1466442332,7.39,7.444268901409664,7.444268901409664,True
1466442358,7.39,7.378021151777545,7.378021151777545,True
1466442362,7.39,7.367499323797229,7.367499323797229,True
1466442439,7.39,7.39,7.397579215656183,False
1466442490,7.39,7.39,7.410627734920816,False
1466442498,7.39,7.416433910982352,7.416433910982352,True
1466442508,7.43,7.360364772930053,7.360364772930053,True
1466442518,7.36,7.36,7.421566321908598,False
1466442556,7.36,7.36,7.391569449294481,False
1466442656,7.39,7.395844595746893,7.395844595746893,True
1466442662,7.39,7.39,7.393723963362032,False
1466442703,7.39,7.407183476939699,7.407183476939699,True
1466442768,7.39,7.39,7.392366894987417,False
1466442788,7.45,7.359059433455211,7.359059433455211,True
1466442886,7.4,7.398160077034398,7.398160077034398,True
1466442980,7.4,7.385782483851648,7.385782483851648,True
1466443000,7.43,7.43,7.3656181051155585,False
1466443029,7.43,7.43,7.438821704459735,False
1466443038,7.42,7.44114963201037,7.44114963201037,True
1466443089,7.42,7.42,7.420654628002243,False
1466443162,7.4,7.4,7.4053087863996385,False
1466443201,7.4,7.382177208919735,7.382177208919735,True
1466443219,7.4,7.440754355386009,7.440754355386009,True
1466443263,7.42,7.435536400052891,7.435536400052891,True
1466443350,7.41,7.429600766772288,7.429600766772288,True
1466443373,7.41,7.41,7.3953735005998364,False
1466443392,7.41,7.3958420044808175,7.3958420044808175,True
1466443402,7.41,7.41,7.395791998588964,False
1466443486,7.41,7.41,7.4339423740341966,False
1466443511,7.42,7.392263732456952,7.392263732456952,True
1466443584,7.37,7.37,7.400944212437423,False
1466443677,7.41,7.380294506228504,7.380294506228504,True
1466443725,7.41,7.41,7.438471640830987,False
1466443727,7.41,7.41,7.429810293431082,False
1466443750,7.41,7.41,7.445450064859065,False
1466443761,7.36,7.387574248013665,7.387574248013665,True
1466443808,7.41,7.42748014571704,7.42748014571704,True
1466443861,7.41,7.41,7.449447492136298,False
1466443929,7.41,7.435083065826614,7.435083065826614,True
1466443986,7.41,7.41,7.436874472529529,False
1466444043,7.42,7.42,7.427412059724002,False
1466444110,7.36,7.418093316407532,7.418093316407532,True
1466444192,7.36,7.365004085339779,7.365004085339779,True
1466444287,7.36,7.352918080565911,7.352918080565911,True
1466444294,7.36,7.36,7.376389912639303,False
1466444366,7.36,7.380437706958407,7.380437706958407,True
1466444466,7.36,7.36,7.400470764760673,False
1466444505,7.44,7.355956559975761,7.355956559975761,True
1466444556,7.45,7.45,7.388994007294037,False
1466444624,7.37,7.417257552088467,7.417257552088467,True
1466444663,7.38,7.3993871775891,7.3993871775891,True
1466444685,7.38,7.38,7.386508623166549,False
1466444756,7.38,7.4451605499871585,7.4451605499871585,True
1466444781,7.38,7.3541208502791156,7.3541208502791156,True
1466444840,7.41,7.433854884455532,7.433854884455532,True
1466444854,7.39,7.411599505000262,7.411599505000262,True
1466444860,7.39,7.388744699587287,7.388744699587287,True
1466444959,7.45,7.380170622726473,7.380170622726473,True
1466445058,7.45,7.45,7.429081426979139,False
1466445107,7.45,7.369625744089197,7.369625744089197,True
1466445165,7.45,7.45,7.437516589409893,False
1466445170,7.45,7.41490355770891,7.41490355770891,True
1466445173,7.45,7.45,7.374650916640221,False
1466445247,7.45,7.377255677993135,7.377255677993135,True
1466445305,7.38,7.384750810130934,7.384750810130934,True
1466445333,7.38,7.38,7.3781338793799005,False
1466445356,7.38,7.415228987966493,7.415228987966493,True
1466445430,7.38,7.38,7.361485422091218,False
1466445491,7.41,7.4349711726062,7.4349711726062,True
1466445497,7.41,7.41,7.401969560953771,False
1466445514,7.36,7.418098690671003,7.418098690671003,True
1466445549,7.36,7.36,7.392643160221752,False
1466445640,7.43,7.43,7.433559431223162,False
1466445648,7.43,7.43,7.4260194771854895,False
1466445739,7.43,7.432296991336585,7.432296991336585,True
1466445814,7.43,7.4106254387098325,7.4106254387098325,True
1466445879,7.42,7.42,7.4116349601043146,False
1466445909,7.37,7.390763024016379,7.390763024016379,True
1466445965,7.35,7.441601885655191,7.441601885655191,True
1466446021,7.35,7.428292150842373,7.428292150842373,True
1466446045,7.35,7.35,7.381185848711609,False
1466446071,7.35,7.415587996222621,7.415587996222621,True
1466446120,7.35,7.35,7.406355760805745,False
1466446168,7.35,7.35,7.3905438279926035,False
1466446253,7.44,7.44,7.432158255061041,False
1466446302,7.37,7.37,7.449798688328729,False
1466446389,7.37,7.37,7.380351077047486,False
1466446404,7.37,7.433117683565946,7.433117683565946,True
1466446494,7.37,7.37,7.409158228393015,False
1466446594,7.41,7.403483633825685,7.403483633825685,True
1466446643,7.44,7.394977145853275,7.394977145853275,True
1466446669,7.44,7.373094082496038,7.373094082496038,True
1466446690,7.35,7.3507009830425005,7.3507009830425005,True
1466446735,7.41,7.353929381945091,7.353929381945091,True
1466446766,7.41,7.41352727513873,7.41352727513873,True
1466446852,7.39,7.39,7.391878689500116,False
1466446902,7.4,7.4408350065288325,7.4408350065288325,True
1466446945,7.4,7.402880666757588,7.402880666757588,True
1466446987,7.4,7.4,7.4238565213849546,False
1466447036,7.4,7.352902251504264,7.352902251504264,True
1466447112,7.4,7.3709217656860755,7.3709217656860755,True
1466447129,7.44,7.44,7.432266182310275,False
1466447189,7.42,7.42,7.398240502969274,False
1466447224,7.42,7.42,7.442059211188496,False
1466447270,7.42,7.433567201808647,7.433567201808647,True
1466447272,7.44,7.44,7.419495476357423,False
1466447348,7.44,7.4463412594123035,7.4463412594123035,True
1466447359,7.44,7.398190627263854,7.398190627263854,True
1466447388,7.43,7.422794154859156,7.422794154859156,True
1466447390,7.43,7.425584755130585,7.425584755130585,True
1466447425,7.44,7.372681755264917,7.372681755264917,True
1466447463,7.44,7.444444944738687,7.444444944738687,True
1466447485,7.44,7.44,7.3698897003971355,False
1466447545,7.44,7.401536539245118,7.401536539245118,True
1466447553,7.44,7.44,7.415042817369447,False
1466447554,7.44,7.44,7.3565516250587715,False
1466447573,7.42,7.42,7.42333431156519,False
1466447634,7.42,7.42,7.391450793134511,False
1466447695,7.42,7.429763826150915,7.429763826150915,True
1466447762,7.4,7.4,7.392744291208968,False
1466447844,7.36,7.36,7.4083799123486465,False
1466447885,7.4,7.358842083234636,7.358842083234636,True
1466447943,7.4,7.4,7.413989780058307,False
1466447956,7.4,7.401803878547769,7.401803878547769,True
1466448041,7.38,7.376883739050293,7.376883739050293,True
1466448140,7.38,7.438823890430631,7.438823890430631,True
1466448215,7.38,7.369692719226109,7.369692719226109,True
1466448270,7.44,7.396737075416378,7.396737075416378,True
1466448302,7.44,7.44,7.368005265925801,False
1466448368,7.44,7.405880060578848,7.405880060578848,True
1466448422,7.45,7.45,7.43803760071675,False
1466448517,7.4,7.4,7.4354869435664614,False
1466448614,7.4,7.4,7.352556910852197,False
1466448701,7.4,7.384715305246182,7.384715305246182,True
1466448743,7.4,7.364270587181923,7.364270587181923,True
1466448805,7.44,7.44,7.446152358086821,False
1466448844,7.44,7.406808965229471,7.406808965229471,True
1466448896,7.41,7.41,7.35918308751786,False
1466448984,7.41,7.41,7.382382461567486,False
1466449031,7.41,7.41,7.432497345022249,False
1466449045,7.44,7.44,7.386059140650384,False
1466449099,7.44,7.44228982215762,7.44228982215762,True
1466449171,7.42,7.42,7.377234685192275,False
1466449261,7.42,7.416968388679225,7.416968388679225,True
1466449280,7.42,7.42,7.369137426738219,False
1466449359,7.42,7.42,7.417699858305282,False
1466449442,7.42,7.42,7.447873667310392,False
1466449496,7.38,7.38,7.444366724310494,False
1466449537,7.38,7.363205684255739,7.363205684255739,True
1466449555,7.38,7.403074515813578,7.403074515813578,True
1466449629,7.38,7.38,7.433097915826023,False
1466449635,7.4,7.4,7.439924600857586,False
1466449721,7.37,7.4214152606715675,7.4214152606715675,True
1466449772,7.37,7.417838809183026,7.417838809183026,True
1466449872,7.38,7.38,7.42778318194006,False
1466449873,7.37,7.355216669402122,7.355216669402122,True
1466449884,7.37,7.3814964213000795,7.3814964213000795,True
1466449937,7.37,7.375092873992002,7.375092873992002,True
1466449953,7.37,7.37,7.402948118233613,False
1466449959,7.39,7.446557068302817,7.446557068302817,True
1466449961,7.39,7.39,7.417828397669135,False
1466450018,7.39,7.396418011025509,7.396418011025509,True
1466450075,7.4,7.4,7.404577302424679,False
1466450150,7.4,7.4,7.449768136712665,False
1466450177,7.43,7.433646162284948,7.433646162284948,True
1466450255,7.36,7.397815907350017,7.397815907350017,True
1466450343,7.44,7.428322514361952,7.428322514361952,True
1466450348,7.41,7.4190664308008,7.4190664308008,True
1466450401,7.41,7.386518717994013,7.386518717994013,True
1466450433,7.41,7.41,7.374625076978977,False
1466450507,7.41,7.4286827985607955,7.4286827985607955,True
1466450536,7.36,7.36,7.413058895943531,False
1466450627,7.36,7.36,7.415058750578237,False
1466450723,7.44,7.44,7.361612389410478,False
1466450817,7.44,7.364800257946415,7.364800257946415,True
1466450900,7.42,7.42,7.4350439179934344,False
1466450902,7.42,7.393481646686051,7.393481646686051,True
1466450971,7.42,7.42,7.4327024152907875,False
1466451016,7.42,7.42,7.438068148914952,False
1466451023,7.42,7.393687690610941,7.393687690610941,True
1466451073,7.4,7.368523471612019,7.368523471612019,True
1466451166,7.4,7.39612781779897,7.39612781779897,True
1466451231,7.4,7.448718518463271,7.448718518463271,True
1466451245,7.36,7.38862215098199,7.38862215098199,True
1466451293,7.36,7.433231283500136,7.433231283500136,True
1466451295,7.36,7.434869722125143,7.434869722125143,True
1466451378,7.36,7.36,7.3607624712822215,False
1466451445,7.39,7.3846591987938695,7.3846591987938695,True
1466451508,7.35,7.35,7.365472934115977,False
1466451599,7.37,7.37,7.408114578738631,False
1466451686,7.37,7.414666132216775,7.414666132216775,True
1466451761,7.37,7.37,7.392674819094342,False
1466451857,7.37,7.37,7.407082871122342,False
1466451909,7.36,7.3525525516353945,7.3525525516353945,True
1466451919,7.45,7.440753769782775,7.440753769782775,True
1466452006,7.45,7.3849734093255455,7.3849734093255455,True
1466452035,7.45,7.410186429096135,7.410186429096135,True
1466452039,7.45,7.350066340123732,7.350066340123732,True
1466452104,7.45,7.387237846853983,7.387237846853983,True
1466452167,7.38,7.38,7.418605767357524,False
1466452238,7.38,7.37008459470482,7.37008459470482,True
1466452313,7.38,7.36199733980402,7.36199733980402,True
1466452339,7.39,7.411327850541219,7.411327850541219,True
1466452419,7.39,7.39,7.4243354489114655,False
1466452424,7.39,7.39,7.39377583188385,False
1466452435,7.36,7.36,7.355620619666328,False
1466452531,7.44,7.402170886377579,7.402170886377579,True
1466452584,7.44,7.430610465957243,7.430610465957243,True
1466452625,7.44,7.35608761125712,7.35608761125712,True
1466452676,7.44,7.407013683820517,7.407013683820517,True
1466452752,7.44,7.44,7.4294232937579485,False
1466452796,7.41,7.375197992383035,7.375197992383035,True
1466452825,7.41,7.41,7.390417484445489,False
1466452860,7.42,7.427222471990577,7.427222471990577,True
1466452960,7.38,7.38,7.380106656074177,False
1466452979,7.38,7.352813741905108,7.352813741905108,True
1466453002,7.38,7.38,7.414900979196121,False
1466453016,7.38,7.38,7.382747576446161,False
1466453025,7.43,7.429347660740817,7.429347660740817,True
1466453089,7.43,7.43,7.418786790551191,False
1466453141,7.41,7.41,7.357511031096312,False
1466453154,7.41,7.41,7.405098262069074,False
1466453184,7.4,7.4,7.4179485368999165,False
1466453202,7.4,7.4,7.369527479722093,False
1466453203,7.4,7.351450458530053,7.351450458530053,True
1466453222,7.4,7.4,7.373878992680816,False
1466453321,7.4,7.410132391798612,7.410132391798612,True
1466453379,7.4,7.4,7.37703354861218,False
1466453392,7.41,7.41,7.36504912621717,False
1466453422,7.41,7.41,7.413137432791835,False
1466453502,7.38,7.430497570734293,7.430497570734293,True
1466453518,7.38,7.38,7.4430616469948285,False
1466453563,7.38,7.38,7.418379505471817,False
1466453604,7.37,7.37,7.35460979718221,False
1466453639,7.37,7.43318038916671,7.43318038916671,True
1466453705,7.37,7.428389502145819,7.428389502145819,True
1466453795,7.39,7.395303565843664,7.395303565843664,True
1466453816,7.39,7.39,7.436357100280767,False
1466453870,7.41,7.41,7.383483716115763,False
1466453910,7.41,7.360096930654236,7.360096930654236,True
1466454002,7.36,7.36,7.38589560605961,False
1466454051,7.4,7.4,7.445865510842197,False
1466454087,7.4,7.43989893964988,7.43989893964988,True
1466454129,7.4,7.35878492804035,7.35878492804035,True
1466454227,7.4,7.427637793790643,7.427637793790643,True
1466454259,7.4,7.4,7.425996246074812,False
1466454262,7.4,7.4,7.446436114161508,False
1466454298,7.4,7.4,7.354602555300717,False
1466454388,7.39,7.39,7.407155883985482,False
1466454399,7.39,7.39,7.350070629292083,False
1466454473,7.39,7.425210089026226,7.425210089026226,True
1466454529,7.36,7.41604722307354,7.41604722307354,True
1466454559,7.36,7.36,7.353660790730492,False
1466454648,7.36,7.36,7.428887894156191,False
1466454745,7.36,7.36,7.441144123127357,False
1466454763,7.44,7.44,7.408705876533173,False
1466454851,7.42,7.42,7.371342147432511,False
1466454936,7.37,7.405882286520269,7.405882286520269,True
1466454949,7.37,7.37,7.403653592127056,False
1466455032,7.37,7.439793297903565,7.439793297903565,True
1466455065,7.4,7.4,7.374051763332348,False
1466455119,7.45,7.45,7.352337929385994,False
1466455172,7.4,7.4,7.432298810877466,False
1466455196,7.4,7.4,7.392828810968837,False
1466455271,7.4,7.434913993059886,7.434913993059886,True
1466455357,7.42,7.417793798679763,7.417793798679763,True
1466455361,7.42,7.41621530180738,7.41621530180738,True
1466455394,7.42,7.42,7.440123818863762,False
1466455475,7.42,7.375015844729962,7.375015844729962,True
1466455497,7.35,7.353950179984798,7.353950179984798,True
1466455561,7.35,7.35,7.415981437566231,False
1466455575,7.35,7.35,7.4199307790958136,False
1466455587,7.35,7.35,7.418271008523715,False
1466455651,7.35,7.413104735850007,7.413104735850007,True
1466455658,7.42,7.42,7.395163336501652,False
1466455732,7.37,7.37,7.397658755666781,False
1466455812,7.37,7.37,7.4302198356769775,False
1466455910,7.43,7.437525305515646,7.437525305515646,True
1466455951,7.37,7.403445991530249,7.403445991530249,True
1466455999,7.37,7.37,7.445919715770122,False
1466456054,7.42,7.42,7.35683432986044,False
1466456058,7.42,7.42,7.44016234130331,False
1466456074,7.4,7.4,7.4159786496011,False
1466456088,7.39,7.361945971436726,7.361945971436726,True
1466456118,7.39,7.437083048021344,7.437083048021344,True
1466456218,7.42,7.42,7.399310596760051,False
1466456265,7.42,7.432849530153482,7.432849530153482,True
1466456270,7.42,7.410737397026179,7.410737397026179,True
1466456312,7.42,7.42,7.442066692492435,False
1466456346,7.42,7.401717164378156,7.401717164378156,True
1466456374,7.39,7.3979839849956734,7.3979839849956734,True
1466456406,7.39,7.39,7.435922359717715,False
1466456482,7.39,7.39,7.363145932875241,False
1466456512,7.39,7.365826638314177,7.365826638314177,True
1466456610,7.39,7.371868288113108,7.371868288113108,True
1466456683,7.39,7.446982180083879,7.446982180083879,True
1466456768,7.4,7.3661623789132245,7.3661623789132245,True
1466456856,7.39,7.39,7.416449126633739,False
1466456927,7.37,7.37,7.3695600865781765,False
1466457014,7.37,7.37,7.388412842325928,False
1466457032,7.37,7.37,7.44183603239653,False
1466457067,7.37,7.42775801982627,7.42775801982627,True
1466457157,7.37,7.381090923664642,7.381090923664642,True
1466457215,7.37,7.37,7.397806428582914,False
1466457267,7.37,7.397485014239645,7.397485014239645,True
1466457357,7.37,7.37,7.392497446966879,False
1466457434,7.37,7.37,7.415077981403823,False
1466457487,7.37,7.383769820878071,7.383769820878071,True
1466457559,7.37,7.423395628784519,7.423395628784519,True
1466457603,7.38,7.38,7.398273640086428,False
1466457671,7.41,7.41,7.361564842070909,False
1466457713,7.41,7.41,7.435784682116423,False
1466457745,7.38,7.38,7.43594381622292,False
1466457782,7.38,7.4281380450935535,7.4281380450935535,True
1466457802,7.38,7.38,7.36567044370463,False
1466457817,7.39,7.39,7.35264280705657,False
1466457865,7.39,7.350804905482153,7.350804905482153,True
1466457884,7.39,7.39,7.448409281654967,False
1466457885,7.35,7.416411151106032,7.416411151106032,True
1466457917,7.44,7.412861977573229,7.412861977573229,True
1466457973,7.41,7.41,7.379214536033404,False
1466458045,7.44,7.449033601393214,7.449033601393214,True
1466458135,7.44,7.44,7.365166752283232,False
1466458151,7.44,7.44,7.430184275453227,False
1466458230,7.44,7.400175372100511,7.400175372100511,True
1466458324,7.44,7.376974999715148,7.376974999715148,True
1466458362,7.44,7.44,7.448055715834091,False
1466458438,7.43,7.43,7.446181201068801,False
1466458454,7.43,7.43,7.432717943810857,False
1466458496,7.43,7.410203083364905,7.410203083364905,True
1466458509,7.41,7.41,7.404509985635979,False
1466458580,7.41,7.41,7.411044959324637,False
1466458590,7.39,7.39,7.432049128137113,False
1466458626,7.39,7.39,7.397256779849582,False
1466458642,7.39,7.434405743804469,7.434405743804469,True
1466458665,7.36,7.36,7.406204060076652,False
1466458694,7.36,7.36,7.448406094927042,False
1466458762,7.44,7.44,7.358242218860676,False
1466458793,7.44,7.38176288192802,7.38176288192802,True
1466458824,7.36,7.3574774337808515,7.3574774337808515,True
1466458906,7.36,7.36,7.434635146959151,False
1466458982,7.36,7.445038157901769,7.445038157901769,True
1466459068,7.4,7.395147501199783,7.395147501199783,True
1466459159,7.4,7.4,7.378200543130063,False
1466459184,7.4,7.4,7.445678260170081,False
1466459273,7.4,7.3863857177717165,7.3863857177717165,True
1466459372,7.42,7.409538900877769,7.409538900877769,True
1466459415,7.42,7.41766371944099,7.41766371944099,True
1466459483,7.42,7.42,7.414798670120932,False
1466459504,7.42,7.430676168213023,7.430676168213023,True
1466459588,7.42,7.364819198126171,7.364819198126171,True
1466459595,7.41,7.41,7.385350652125037,False
1466459673,7.41,7.41,7.365175983108113,False
1466459726,7.41,7.41,7.389589071786471,False
1466459800,7.41,7.41,7.380718572616968,False
1466459857,7.41,7.41,7.412131750396395,False
1466459887,7.41,7.41808967602129,7.41808967602129,True
1466459913,7.41,7.41,7.4059021143435,False
1466459974,7.39,7.39,7.4286758898793535,False
1466459995,7.39,7.35947193407551,7.35947193407551,True
1466460001,7.4,7.429166529433452,7.429166529433452,True
1466460054,7.39,7.424837852456318,7.424837852456318,True
1466460130,7.39,7.39,7.3933064302426565,False
1466460215,7.41,7.41,7.35690735126918,False
1466460252,7.39,7.352888376124555,7.352888376124555,True
1466460272,7.39,7.39,7.408618005479125,False
1466460346,7.39,7.364190260266956,7.364190260266956,True
1466460440,7.43,7.436693991693383,7.436693991693383,True
1466460461,7.43,7.359810001693523,7.359810001693523,True
1466460528,7.43,7.4039237707951555,7.4039237707951555,True
1466460610,7.43,7.403294954601752,7.403294954601752,True
1466460630,7.43,7.43,7.368068177252735,False
1466460691,7.37,7.438243500345177,7.438243500345177,True
1466460706,7.41,7.41,7.432611979700081,False
1466460739,7.41,7.405697559588922,7.405697559588922,True
1466460765,7.41,7.41,7.4008153101959016,False
1466460795,7.36,7.36,7.378059490119883,False
1466460877,7.36,7.414192753624344,7.414192753624344,True
1466460973,7.36,7.36,7.404731977294764,False
1466461009,7.36,7.40589130663166,7.40589130663166,True
1466461027,7.38,7.379553903267718,7.379553903267718,True
1466461032,7.38,7.38,7.374004593537114,False
1466461096,7.38,7.38,7.382426247690468,False
1466461169,7.38,7.38,7.407133121005227,False
1466461256,7.4,7.4,7.37033897891051,False
1466461351,7.4,7.4,7.445016549590017,False
1466461451,7.44,7.44,7.424804324162688,False
1466461531,7.4,7.375801580340631,7.375801580340631,True
1466461568,7.4,7.374585769714618,7.374585769714618,True
1466461583,7.4,7.35689359829027,7.35689359829027,True
1466461647,7.4,7.4,7.386378937777718,False
1466461703,7.37,7.434622469688507,7.434622469688507,True
1466461794,7.37,7.362605950287545,7.362605950287545,True
1466461813,7.37,7.37,7.353931891514385,False
1466461910,7.37,7.37,7.364423212609681,False
1466461988,7.45,7.45,7.391512434783766,False
1466462056,7.45,7.359782130890683,7.359782130890683,True
1466462101,7.42,7.42,7.3512965502558405,False
1466462155,7.42,7.42,7.362966235558901,False
1466462215,7.41,7.414469198794591,7.414469198794591,True
1466462278,7.41,7.41,7.387355862241085,False
1466462368,7.42,7.42,7.436996520702078,False
1466462412,7.42,7.447467475151893,7.447467475151893,True
1466462512,7.42,7.406738690890381,7.406738690890381,True
1466462594,7.44,7.360553212986764,7.360553212986764,True
1466462671,7.44,7.411063560481508,7.411063560481508,True
1466462716,7.38,7.38,7.355110934755385,False
1466462746,7.36,7.362910509920883,7.362910509920883,True
1466462782,7.43,7.421769466629353,7.421769466629353,True
1466462820,7.43,7.43,7.358045448331372,False
1466462833,7.43,7.361281734328744,7.361281734328744,True
1466462842,7.43,7.43,7.431904908515321,False
1466462850,7.41,7.41,7.375101428393907,False
1466462941,7.41,7.4281124125338795,7.4281124125338795,True
1466463026,7.38,7.422318063456858,7.422318063456858,True
1466463117,7.38,7.38,7.405488378254074,False
1466463139,7.42,7.362867797819996,7.362867797819996,True
