1466410104,19.5,16.41442361668382,16.41442361668382,True
1466410114,19.5,19.5,12.989059840186156,False
1466410130,19.5,19.191013998249883,19.191013998249883,True
1466410181,19.5,19.5,13.197089692625745,False
1466410203,19.7,19.7,19.11441249548828,False
1466410250,19.6,19.672959084545766,19.672959084545766,True
1466410309,19.4,18.354586908047455,18.354586908047455,True
1466410397,19.4,17.530268742952085,17.530268742952085,True
1466410430,19.4,19.4,14.76629302966483,False
1466410469,19.4,19.4,18.555296627022603,False
1466410483,19.4,19.4,13.77908083048003,False
1466410498,19.4,19.4,13.144837421812888,False
1466410502,19.4,18.330199527281334,18.330199527281334,True
1466410532,19.3,15.803322527611062,15.803322527611062,True
1466410541,19.3,17.680309925185774,17.680309925185774,True
1466410573,19.2,18.582346593028838,18.582346593028838,True
1466410630,19.2,19.2,17.520477864505274,False
1466410653,19.2,18.681724169261386,18.681724169261386,True
1466410746,19.2,17.987722544381814,17.987722544381814,True
1466410814,19.2,15.86020733384015,15.86020733384015,True
1466410890,19.4,19.4,18.106065950899897,False
1466410902,19.4,19.4,19.416594267858713,False
1466410978,19.3,19.900315142314426,19.900315142314426,True
1466411008,19.4,19.4,13.510705717055725,False
1466411066,19.4,19.4,17.466283076130765,False
1466411094,19.3,19.3,13.39788242177542,False
1466411157,19.3,13.470282073961274,13.470282073961274,True
1466411223,19.4,12.185514732360051,12.185514732360051,True
1466411226,19.4,19.4,19.132950597669616,False
1466411272,19.4,14.060103403401671,14.060103403401671,True
1466411303,19.4,13.655009091039087,13.655009091039087,True
1466411318,19.4,18.052540958215417,18.052540958215417,True
1466411396,19.4,19.4,13.181248436953751,False
1466411493,19.5,19.108186769028638,19.108186769028638,True
1466411549,19.5,19.5,17.39340510057555,False
1466411560,19.4,15.145873803536048,15.145873803536048,True
1466411626,19.4,19.4,14.872690983305562,False
1466411723,19.4,15.69797791010204,15.69797791010204,True
1466411763,19.4,19.4,18.579021324370615,False
1466411785,19.4,15.5733379465081,15.5733379465081,True
1466411854,19.4,13.33150238857758,13.33150238857758,True
1466411889,19.3,19.3,17.543214312315587,False
1466411988,19.3,19.3,13.450004577390025,False
1466412022,19.4,13.598532525798367,13.598532525798367,True
1466412046,19.3,19.3,13.803071513214851,False
1466412076,19.3,19.3,14.912122726815536,False
1466412152,19.3,16.267673887502006,16.267673887502006,True
1466412181,19.3,19.3,15.319489700362404,False
1466412201,19.2,14.939787692635814,14.939787692635814,True
1466412260,19.2,19.2,17.094617707029172,False
1466412347,19.2,13.762697463526031,13.762697463526031,True
1466412360,19.4,19.4,19.702061151797864,False
1466412438,19.4,19.4,12.930993955641293,False
1466412521,19.4,19.4,14.80391215148287,False
1466412599,19.4,19.4,17.338040129566046,False
1466412639,19.4,19.4,19.521356147679857,False
1466412691,19.3,18.84547728939348,18.84547728939348,True
1466412747,19.3,19.3,12.837847317699199,False
1466412794,19.2,19.2,13.712233851239528,False
1466412819,19.2,12.294197827845661,12.294197827845661,True
1466412832,19.2,16.293154043643856,16.293154043643856,True
1466412874,19.3,19.3,17.162194930678798,False
1466412943,19.5,19.5,12.95801025776002,False
1466412971,19.4,15.415112093796091,15.415112093796091,True
1466412990,19.3,19.3,18.641070751792896,False
1466413028,19.2,19.2,13.597882534373774,False
1466413053,19.1,19.1,15.306035842844913,False
1466413125,19.1,19.1,15.980272670730994,False
1466413200,19.0,16.535019346334977,16.535019346334977,True
1466413264,19.0,18.68041625374676,18.68041625374676,True
1466413311,19.0,17.28621694804694,17.28621694804694,True
1466413342,19.0,19.016945379553682,19.016945379553682,True
1466413440,19.0,19.0,12.01593974509358,False
1466413458,19.0,13.082617529466336,13.082617529466336,True
1466413529,18.9,18.489543496585252,18.489543496585252,True
1466413542,18.9,18.9,12.735881008913914,False
1466413638,18.9,18.9,19.53269655313253,False
1466413672,19.0,19.0,16.595690202309246,False
1466413733,18.9,18.9,14.989794767531041,False
1466413779,18.8,18.088771777216397,18.088771777216397,True
1466413780,18.7,18.99605139224203,18.99605139224203,True
1466413864,18.6,18.6,16.0880687290797,False
1466413885,18.6,19.27722190612826,19.27722190612826,True
1466413946,18.5,16.38387480404411,16.38387480404411,True
1466414033,18.5,12.024936769561457,12.024936769561457,True
1466414071,18.4,18.64191490973007,18.64191490973007,True
1466414164,18.5,18.5,17.21042315214273,False
1466414225,18.6,19.770217205056877,19.770217205056877,True
1466414312,18.6,18.6,17.87257491304795,False
1466414325,18.5,18.5,14.732229998167824,False
1466414328,18.5,19.270254237508407,19.270254237508407,True
1466414329,18.5,18.5,14.705319366148673,False
1466414402,18.5,19.531387845331952,19.531387845331952,True
1466414407,18.3,18.3,16.5821611976056,False
1466414413,18.2,18.227993341272487,18.227993341272487,True
1466414460,18.0,17.08399566012301,17.08399566012301,True
1466414552,18.0,14.656381081033231,14.656381081033231,True
1466414602,18.0,18.0,18.810464664343947,False
1466414662,18.0,14.979121450044277,14.979121450044277,True
1466414746,18.0,18.0,14.563205823812567,False
1466414844,18.0,18.0,12.5958549031754,False
1466414943,18.0,18.0,16.559008696922533,False
1466414946,18.1,16.460395294423556,16.460395294423556,True
1466414966,18.1,18.1,16.136862502948286,False
1466415038,17.9,17.9,12.909361796611535,False
1466415106,17.9,16.307511339272317,16.307511339272317,True
1466415130,17.9,17.9,19.87157722568848,False
1466415145,17.8,17.8,12.304447463274432,False
1466415202,17.9,17.9,19.67441020208681,False
1466415239,17.9,18.001606571652303,18.001606571652303,True
1466415249,17.8,17.8,16.46544847279489,False
1466415308,17.8,18.793239150897165,18.793239150897165,True
1466415357,17.8,14.30536065476021,14.30536065476021,True
1466415404,17.8,16.85814177368579,16.85814177368579,True
1466415469,17.8,17.8,18.406968461553475,False
1466415548,17.8,17.8,16.13974826298149,False
1466415588,17.9,17.9,14.618078798599846,False
1466415627,17.9,17.9,16.05089534556074,False
1466415719,17.9,19.31729480723247,19.31729480723247,True
1466415767,17.9,17.9,18.3581732416661,False
1466415860,17.9,17.9,19.253676954113715,False
1466415872,18.1,18.1,12.742047403985158,False
1466415914,17.9,17.9,13.91263750651227,False
1466415934,17.8,14.908702632886646,14.908702632886646,True
1466415988,17.8,12.041736190013957,12.041736190013957,True
1466416004,17.8,13.832029101835522,13.832029101835522,True
1466416050,17.7,17.7,19.187611240038663,False
1466416150,17.7,17.7,19.74523271127714,False
1466416161,17.7,17.7,15.00855268237605,False
1466416215,17.7,17.7,18.20000258931521,False
1466416315,17.7,17.7,18.33561807382798,False
1466416321,17.7,17.43311418645464,17.43311418645464,True
1466416393,17.5,17.983421374849584,17.983421374849584,True
1466416440,17.5,17.5,12.834096924094943,False
1466416510,17.5,17.5,19.13102769814291,False
1466416541,17.5,15.168293606969826,15.168293606969826,True
1466416631,17.3,16.689797868218346,16.689797868218346,True
1466416671,17.3,12.088658895124292,12.088658895124292,True
1466416725,17.3,17.3,18.09468814685665,False
1466416815,17.3,15.361241006569777,15.361241006569777,True
1466416867,17.3,17.61359216560366,17.61359216560366,True
1466416933,17.3,17.3,19.194948248995864,False
1466416963,17.5,12.61936235528983,12.61936235528983,True
1466417034,17.6,17.6,16.457106208764657,False
1466417069,17.6,17.6,17.49517096500648,False
1466417095,17.6,19.390002046600877,19.390002046600877,True
1466417123,17.7,15.206006316561067,15.206006316561067,True
1466417219,17.7,17.7,12.534211516780708,False
1466417228,17.7,17.7,19.170464168090497,False
1466417235,17.8,14.431777230165803,14.431777230165803,True
1466417266,17.7,16.913726513549513,16.913726513549513,True
1466417298,17.7,17.7,15.873500767335438,False
1466417382,17.6,17.6,12.694581113368576,False
1466417429,17.6,13.377186290159237,13.377186290159237,True
1466417434,17.7,17.7,18.80146405277735,False
1466417513,17.7,13.76488445251394,13.76488445251394,True
1466417598,17.7,14.975451782523564,14.975451782523564,True
1466417615,17.8,18.044894005511605,18.044894005511605,True
1466417654,17.9,17.9,15.26310730761638,False
1466417749,17.9,17.9,15.680847076942413,False
1466417763,17.9,15.810506524912004,15.810506524912004,True
1466417822,17.8,17.8,19.24115469639888,False
1466417851,17.8,17.8,18.743425555722865,False
1466417855,17.8,17.8,17.585477525334102,False
1466417879,17.6,17.30735919297619,17.30735919297619,True
1466417895,17.6,12.308720994272594,12.308720994272594,True
1466417969,17.6,17.6,12.068667679243578,False
1466418049,17.6,15.18419405998582,15.18419405998582,True
1466418118,17.6,17.6,19.66507797233753,False
1466418129,17.6,17.147329912081396,17.147329912081396,True
1466418179,17.6,18.722287872217372,18.722287872217372,True
1466418254,17.7,14.420490465300807,14.420490465300807,True
1466418332,17.8,17.8,18.107358600776436,False
1466418428,17.8,16.284717792812046,16.284717792812046,True
1466418494,17.8,18.624119967861375,18.624119967861375,True
1466418554,17.8,16.720561441060624,16.720561441060624,True
1466418563,17.8,18.260643844701086,18.260643844701086,True
1466418564,17.9,18.464157537464924,18.464157537464924,True
1466418594,17.8,17.8,13.479291545305657,False
1466418674,17.9,14.157465548179196,14.157465548179196,True
1466418748,17.7,12.689323105498804,12.689323105498804,True
1466418847,17.7,17.7,17.822411432864406,False
1466418877,17.8,17.8,14.302880913715583,False
1466418917,17.9,17.9,13.007866192359257,False
1466418938,17.9,17.9,13.327131348766942,False
1466419031,17.8,17.8,14.63404083179918,False
1466419058,17.6,17.6,14.588732362757383,False
1466419104,17.5,13.35271550636098,13.35271550636098,True
1466419166,17.5,19.55517478956816,19.55517478956816,True
1466419261,17.5,17.213951972177256,17.213951972177256,True
1466419349,17.4,17.4,14.97034908146728,False
1466419442,17.6,12.379252416768104,12.379252416768104,True
1466419530,17.6,17.6,19.408925952213018,False
1466419595,17.6,17.6,16.11979062148047,False
1466419646,17.6,16.25940341830041,16.25940341830041,True
1466419737,17.6,17.882962366905886,17.882962366905886,True
1466419826,17.7,17.551206324421106,17.551206324421106,True
1466419880,17.7,16.20024728482694,16.20024728482694,True
1466419911,17.7,19.222802598336465,19.222802598336465,True
1466419938,17.6,17.6,14.318326446165052,False
1466420016,17.6,17.6,16.679553717009817,False
1466420019,17.6,17.6,17.746431306367256,False
1466420108,17.6,12.978018888402701,12.978018888402701,True
1466420205,17.6,17.6,13.033090842856996,False
1466420228,17.7,17.7,18.498138010340508,False
1466420257,17.7,17.7,18.553945120445388,False
1466420270,17.6,19.16597318700814,19.16597318700814,True
1466420296,17.6,17.6,14.160187437568872,False
1466420331,17.6,17.6,18.92163926630012,False
1466420407,17.6,17.6,15.386463126016768,False
1466420430,17.6,17.6,12.390468237338759,False
1466420453,17.6,17.6,18.108299507978256,False
1466420474,17.6,15.297290476047497,15.297290476047497,True
1466420566,17.6,17.6,13.502727420326941,False
1466420579,17.6,15.694814511091803,15.694814511091803,True
1466420618,17.6,17.6,18.56512235165976,False
1466420624,17.4,17.4,16.11648857406742,False
1466420643,17.4,16.767240031870656,16.767240031870656,True
1466420695,17.4,18.57190012742221,18.57190012742221,True
1466420788,17.6,13.274216526807304,13.274216526807304,True
1466420863,17.6,17.6,13.262471327031392,False
1466420947,17.6,16.271887021317646,16.271887021317646,True
1466421003,17.6,16.957831851625674,16.957831851625674,True
1466421032,17.6,13.324444366880948,13.324444366880948,True
1466421050,17.6,17.6,16.463859913665633,False
1466421116,17.6,17.6,15.751626918524089,False
1466421208,17.6,17.6,15.3212610283445,False
1466421234,17.6,12.292831371655925,12.292831371655925,True
1466421262,17.5,17.5,12.78173485960014,False
1466421353,17.5,13.74036334254366,13.74036334254366,True
1466421360,17.7,16.60288628327311,16.60288628327311,True
1466421392,17.7,18.450426408119448,18.450426408119448,True
1466421480,17.6,18.359622599005235,18.359622599005235,True
1466421530,17.6,17.6,16.58026306862019,False
1466421547,17.6,18.047720146042884,18.047720146042884,True
1466421591,17.7,14.255100376585059,14.255100376585059,True
1466421633,17.7,15.610535651208535,15.610535651208535,True
1466421636,17.7,17.17078747493668,17.17078747493668,True
1466421670,17.7,12.5122984804491,12.5122984804491,True
1466421695,17.6,12.936437609645317,12.936437609645317,True
1466421721,17.4,17.4,19.120091446825995,False
1466421804,17.4,17.4,19.715245699686086,False
1466421819,17.4,19.570080310473333,19.570080310473333,True
1466421862,17.4,17.4,18.665319156827884,False
1466421885,17.3,17.3,18.979267628104033,False
1466421936,17.3,12.087501753113518,12.087501753113518,True
1466422012,17.3,17.3,13.289626195178412,False
1466422044,17.3,13.245591219540898,13.245591219540898,True
1466422045,17.3,12.277591541980808,12.277591541980808,True
1466422137,17.5,17.5,16.834855184892216,False
1466422162,17.5,17.5,16.545236765088056,False
1466422189,17.4,17.4,16.849181675023313,False
1466422197,17.4,17.4,15.54766621340372,False
1466422264,17.5,17.5,19.231938158218014,False
1466422330,17.7,17.7,13.987573992797113,False
1466422378,17.6,17.6,19.976412836375665,False
1466422432,17.6,17.6,14.146679106486246,False
1466422488,17.6,17.6,12.663089207653059,False
1466422577,17.6,17.6,15.47429290759295,False
1466422628,17.6,13.146808677086806,13.146808677086806,True
1466422638,17.7,17.7,17.490466583906993,False
1466422666,17.7,16.041703032606005,16.041703032606005,True
1466422706,17.7,17.7,13.479489687309458,False
1466422731,17.7,14.093736252839605,14.093736252839605,True
1466422804,17.8,17.8,18.456796028593146,False
1466422866,17.8,15.883481462787467,15.883481462787467,True
1466422873,17.8,17.8,18.610961452560066,False
1466422895,17.8,17.8,18.33287215179845,False
1466422953,17.8,17.8,17.255948714373474,False
1466422973,17.8,16.59337700656565,16.59337700656565,True
1466423017,17.9,16.795671785394163,16.795671785394163,True
1466423051,17.9,13.265792850088435,13.265792850088435,True
1466423099,17.8,17.573242406660295,17.573242406660295,True
1466423150,17.8,17.8,17.02093584307463,False
1466423155,17.9,19.586384290906295,19.586384290906295,True
1466423168,17.9,17.9,14.379266985840644,False
1466423205,17.9,16.199997092236245,16.199997092236245,True
1466423275,17.9,13.408333426816178,13.408333426816178,True
1466423287,18.0,17.415701684163878,17.415701684163878,True
1466423336,18.0,18.901467561106656,18.901467561106656,True
1466423340,18.1,18.1,14.189797699522563,False
1466423355,18.1,17.601280956761396,17.601280956761396,True
1466423443,17.9,17.9,15.008429840231566,False
1466423499,18.1,18.1,18.619522199379702,False
1466423585,18.2,19.645807064640266,19.645807064640266,True
1466423612,18.2,18.2,17.891641223665026,False
1466423669,18.2,14.411581001821375,14.411581001821375,True
1466423705,18.2,16.589671714679845,16.589671714679845,True
1466423770,18.2,18.2,16.284370381450046,False
1466423844,18.2,18.2,17.99455691504268,False
1466423902,18.4,17.770376597853833,17.770376597853833,True
1466423913,18.3,18.3,13.964070279556086,False
1466423972,18.5,13.614335216720587,13.614335216720587,True
1466424014,18.6,18.6,15.880106893952131,False
1466424069,18.6,18.6,13.425238474145889,False
1466424154,18.6,14.619982470886635,14.619982470886635,True
1466424155,18.6,19.64276391983139,19.64276391983139,True
1466424169,18.6,13.899463902066238,13.899463902066238,True
1466424262,18.6,17.879586742455377,17.879586742455377,True
1466424339,18.4,19.164373567074257,19.164373567074257,True
1466424398,18.3,17.0752284199091,17.0752284199091,True
1466424497,18.4,18.4,13.367911863153509,False
1466424558,18.4,18.492258721758553,18.492258721758553,True
1466424613,18.4,16.304735952158573,16.304735952158573,True
1466424713,18.6,18.6,16.846738177978146,False
1466424804,18.7,12.78814752520685,12.78814752520685,True
1466424878,18.8,18.8,18.13351529156016,False
1466424924,18.6,15.908191344002972,15.908191344002972,True
1466425009,18.7,18.7,12.867078672790585,False
1466425106,18.7,19.82128579757712,19.82128579757712,True
1466425129,18.8,17.868580037312622,17.868580037312622,True
1466425179,18.6,18.6,12.98099730348194,False
1466425257,18.6,16.922060692967207,16.922060692967207,True
1466425262,18.7,18.7,16.954429653230104,False
1466425305,18.7,18.7,13.724054290263712,False
1466425331,18.7,15.724992419356454,15.724992419356454,True
1466425338,18.5,18.533307678445738,18.533307678445738,True
1466425377,18.4,13.477731781412746,13.477731781412746,True
1466425380,18.4,18.4,17.045683883624022,False
1466425417,18.4,17.455273501671897,17.455273501671897,True
1466425484,18.4,18.4,13.34891699120758,False
1466425517,18.4,18.4,19.43199867268924,False
1466425553,18.4,13.854965670892076,13.854965670892076,True
1466425640,18.4,18.4,17.87911767158723,False
1466425687,18.4,19.953161322177625,19.953161322177625,True
1466425711,18.2,18.2,12.64616583484271,False
1466425768,18.1,18.1,15.480598417333297,False
1466425811,18.1,18.1,15.113954085269569,False
1466425856,18.1,19.037480785164767,19.037480785164767,True
1466425869,18.1,18.293635204507115,18.293635204507115,True
1466425884,18.1,18.1,15.413856016907445,False
1466425962,18.1,15.54215676570082,15.54215676570082,True
1466425974,17.9,17.9,16.912713526706902,False
1466426016,17.9,17.8128213972431,17.8128213972431,True
1466426024,17.9,17.9,14.404603270579834,False
1466426034,17.8,16.91003937038951,16.91003937038951,True
1466426130,17.9,17.9,13.588936059230608,False
1466426189,18.1,13.32985954499193,13.32985954499193,True
1466426198,18.1,16.447541918418466,16.447541918418466,True
1466426280,18.1,16.15889017846266,16.15889017846266,True
1466426298,18.2,14.066584552778952,14.066584552778952,True
1466426380,18.2,18.2,18.746226378285535,False
1466426420,18.1,14.251510637975041,14.251510637975041,True
1466426509,18.1,18.1,16.024179267646055,False
1466426521,18.1,13.407598106475756,13.407598106475756,True
1466426535,18.2,18.2,17.443717113393063,False
1466426563,18.3,12.800575098739806,12.800575098739806,True
1466426620,18.2,18.2,12.58443726037244,False
1466426694,18.0,18.0,17.529262065388536,False
1466426764,17.9,17.9,18.884353368980836,False
1466426778,18.1,18.1,19.77409851462628,False
1466426866,18.0,18.0,16.051897601440352,False
1466426938,17.8,17.8,12.328450226025168,False
1466427022,17.7,17.7,17.956505497286937,False
1466427059,17.7,17.619928958538377,17.619928958538377,True
1466427125,17.7,17.7,12.834036951278701,False
1466427204,17.6,17.6,13.656669127998114,False
1466427240,17.6,17.6,18.335446876405065,False
1466427317,17.4,17.4,13.810502652448086,False
1466427319,17.5,15.701951985573679,15.701951985573679,True
1466427331,17.5,17.5,17.231025440234255,False
1466427425,17.5,17.5,12.475089467861874,False
1466427458,17.5,17.5,12.427355762192532,False
1466427495,17.4,17.4,17.16010331266836,False
1466427543,17.4,17.4,15.57563021776475,False
1466427625,17.4,16.302367450458235,16.302367450458235,True
1466427663,17.3,17.3,16.326249802286135,False
1466427672,17.1,12.453452422969544,12.453452422969544,True
1466427684,17.0,17.942049422017377,17.942049422017377,True
1466427739,17.1,13.084514173367651,13.084514173367651,True
1466427769,17.1,19.71886501311298,19.71886501311298,True
1466427775,17.1,17.1,12.870429419498661,False
1466427820,17.1,17.1,18.220003928236864,False
1466427837,17.2,14.636194509877985,14.636194509877985,True
1466427846,17.2,15.991662224938102,15.991662224938102,True
1466427904,17.2,17.2,19.903874401272386,False
1466427997,17.2,13.665465972234095,13.665465972234095,True
1466428027,17.2,17.2,15.464296747616267,False
1466428114,17.1,15.176867958659852,15.176867958659852,True
1466428212,17.1,17.1,16.510359366914958,False
1466428294,17.3,19.49159426084279,19.49159426084279,True
1466428321,17.3,17.3,15.103065458119248,False
1466428340,17.3,17.3,19.50710730083937,False
1466428378,17.3,12.210187859485046,12.210187859485046,True
1466428463,17.3,15.135286634937302,15.135286634937302,True
1466428551,17.3,17.480512020496462,17.480512020496462,True
1466428575,17.3,15.958023515763223,15.958023515763223,True
1466428593,17.4,17.4,16.976642279229573,False
1466428682,17.4,16.645620758191676,16.645620758191676,True
1466428699,17.4,18.36187428495129,18.36187428495129,True
1466428719,17.4,17.377010868463206,17.377010868463206,True
1466428819,17.4,17.4,16.006607929059122,False
1466428850,17.4,17.4,19.49589169513188,False
1466428884,17.3,18.21298246488689,18.21298246488689,True
1466428973,17.3,18.265865697082475,18.265865697082475,True
1466429006,17.3,17.3,12.162585718108321,False
1466429026,17.4,13.154277304126591,13.154277304126591,True
1466429066,17.3,17.3,13.091706988967406,False
1466429072,17.3,17.3,15.234680437639035,False
1466429103,17.3,17.3,17.664552384038537,False
1466429110,17.2,17.2,17.07190622838682,False
1466429123,17.2,15.189272351377937,15.189272351377937,True
1466429168,17.1,17.1,13.981776974366904,False
1466429182,17.1,17.207471590926854,17.207471590926854,True
1466429184,17.2,18.712842193106763,18.712842193106763,True
1466429197,17.1,18.766458920036467,18.766458920036467,True
1466429280,17.1,17.1,17.847778975757382,False
1466429378,17.2,15.716606574501764,15.716606574501764,True
1466429450,17.2,17.2,12.211200124196875,False
1466429455,17.2,17.2,12.45523702634393,False
1466429510,17.2,17.2,17.105933037213354,False
1466429565,17.4,19.75830605906551,19.75830605906551,True
1466429566,17.4,17.4,17.085195035631585,False
1466429592,17.4,14.547088254616948,14.547088254616948,True
1466429623,17.4,17.4,18.37215734927958,False
1466429691,17.4,12.963934191036415,12.963934191036415,True
1466429733,17.6,17.6,16.42819267133285,False
1466429803,17.6,17.6,15.856780636684476,False
1466429832,17.6,14.468515270547456,14.468515270547456,True
1466429905,17.7,17.7,19.383619808653144,False
1466429997,17.8,17.8,17.468537789177013,False
1466430050,17.8,17.8,15.833999016869157,False
1466430088,17.7,17.7,18.684859235203653,False
1466430174,17.7,17.7,17.70037092178697,False
1466430247,17.7,19.283955706992497,19.283955706992497,True
1466430344,17.7,17.7,14.72390127770332,False
1466430375,17.7,17.7,16.093150754408214,False
1466430400,17.7,17.7,16.5281394308655,False
1466430457,17.7,17.7,14.173671050354674,False
1466430483,17.7,17.7,13.237365287020332,False
1466430517,17.7,17.7,13.696440182561851,False
1466430524,17.7,16.474013656561624,16.474013656561624,True
1466430592,17.6,17.6,14.561812349612019,False
1466430616,17.5,15.127644621753095,15.127644621753095,True
1466430631,17.5,19.67429256133917,19.67429256133917,True
1466430680,17.6,18.02155886223416,18.02155886223416,True
1466430734,17.6,14.685158054411357,14.685158054411357,True
1466430790,17.6,16.559941505392676,16.559941505392676,True
1466430815,17.6,13.18746515588753,13.18746515588753,True
1466430895,17.6,12.037096718688302,12.037096718688302,True
1466430916,17.6,17.6,15.92495816352739,False
1466430929,17.5,13.048151944683113,13.048151944683113,True
1466430936,17.5,17.586508854519113,17.586508854519113,True
1466431009,17.4,17.4,17.64135863642312,False
1466431036,17.4,17.4,19.671133776090954,False
1466431055,17.6,17.6,13.260833999589288,False
1466431145,17.6,15.39235252411018,15.39235252411018,True
1466431218,17.6,17.6,16.176843147612733,False
1466431290,17.5,13.443996421312491,13.443996421312491,True
1466431324,17.5,12.767682530393902,12.767682530393902,True
1466431400,17.4,17.4,17.568046570888406,False
1466431450,17.4,13.458353253467761,13.458353253467761,True
1466431526,17.3,17.3,17.022373065206217,False
1466431589,17.3,17.3,13.63941711212589,False
1466431661,17.3,19.9001003308079,19.9001003308079,True
1466431760,17.3,17.3,15.067771758940236,False
1466431796,17.5,17.90891044506804,17.90891044506804,True
1466431848,17.6,17.501524790724595,17.501524790724595,True
1466431879,17.6,17.6,16.140579801103232,False
1466431954,17.7,17.7,14.10652311094783,False
1466431958,17.7,17.7,15.823698241148113,False
1466432002,17.7,15.112879834877901,15.112879834877901,True
1466432101,17.6,17.6,12.495270968188386,False
1466432177,17.6,17.6,13.053148554230454,False
1466432194,17.6,17.67073032408526,17.67073032408526,True
1466432237,17.6,17.6,18.127645728920474,False
1466432280,17.6,19.627424537487478,19.627424537487478,True
1466432373,17.6,12.736386637628001,12.736386637628001,True
1466432389,17.6,17.6,17.921734280918834,False
1466432415,17.6,17.6,19.772517480423904,False
1466432417,17.6,17.757675402763184,17.757675402763184,True
1466432506,17.5,17.5,19.729171448805968,False
1466432569,17.5,17.5,14.59523148018134,False
1466432577,17.6,17.6,13.903967895922714,False
1466432670,17.6,17.916889549018325,17.916889549018325,True
1466432706,17.7,18.658801981922633,18.658801981922633,True
1466432804,17.7,17.7,17.826543256451693,False
1466432853,17.6,17.6,14.704945646877233,False
1466432947,17.6,17.6,17.93414538195375,False
1466433040,17.5,18.629976054947818,18.629976054947818,True
1466433128,17.5,17.5,19.689374070872876,False
1466433145,17.5,17.050755092339667,17.050755092339667,True
1466433195,17.5,18.36263398299034,18.36263398299034,True
1466433289,17.7,17.7,19.18952086339833,False
1466433375,17.7,19.672123744554405,19.672123744554405,True
1466433427,17.7,14.251004838824318,14.251004838824318,True
1466433478,17.7,12.790658499466069,12.790658499466069,True
1466433517,17.7,17.021904600891684,17.021904600891684,True
1466433615,17.7,14.169190753807168,14.169190753807168,True
1466433672,17.7,17.7,19.750281475402893,False
1466433762,17.7,17.7,14.852952857833927,False
1466433809,17.8,16.786632838572643,16.786632838572643,True
1466433873,17.8,17.8,15.363244569373109,False
1466433910,17.8,16.604019518508828,16.604019518508828,True
1466433994,17.8,16.42695835228464,16.42695835228464,True
1466434003,17.8,19.111741389273625,19.111741389273625,True
1466434045,17.8,13.072249915746951,13.072249915746951,True
1466434096,17.8,19.672948667696033,19.672948667696033,True
1466434173,17.8,18.55231652495177,18.55231652495177,True
1466434199,17.7,17.7,13.92790031965488,False
1466434224,17.7,17.7,13.404929727187119,False
1466434308,17.6,19.09729283517847,19.09729283517847,True
1466434359,17.5,17.5,19.77173525578504,False
1466434371,17.5,17.5,19.615909871760476,False
1466434457,17.5,17.5,18.175947814856055,False
1466434498,17.4,17.4,16.834002392156314,False
1466434552,17.4,17.4,16.66380274576087,False
1466434622,17.4,17.20437697952849,17.20437697952849,True
1466434691,17.3,17.3,19.425936916951386,False
1466434718,17.4,17.75304379033104,17.75304379033104,True
1466434727,17.4,17.4,15.88457659529971,False
1466434815,17.4,17.4,14.481736438776464,False
1466434892,17.4,17.4,18.72274328073149,False
1466434915,17.3,16.1653796259119,16.1653796259119,True
1466434946,17.4,12.7902136577572,12.7902136577572,True
1466434988,17.4,17.4,14.177568194129933,False
1466435020,17.4,17.4,12.456749798611256,False
1466435090,17.4,17.4,17.822963659409385,False
1466435099,17.4,19.117740045556566,19.117740045556566,True
1466435145,17.4,16.71955695302124,16.71955695302124,True
1466435186,17.5,17.5,18.098069765540888,False
1466435246,17.5,17.5,13.228111041414273,False
1466435284,17.6,17.6,16.766492222789537,False
1466435327,17.7,17.7,19.45153330253007,False
1466435369,17.7,17.7,16.37853894534884,False
1466435408,17.7,17.7,18.263226444968307,False
1466435468,17.6,13.22703031000805,13.22703031000805,True
1466435486,17.6,18.535959271648437,18.535959271648437,True
1466435555,17.6,17.6,18.82777638214931,False
1466435624,17.6,17.6,14.881604954848875,False
1466435659,17.6,17.6,19.39065085374238,False
1466435682,17.6,17.794257712862407,17.794257712862407,True
1466435712,17.6,14.967196827989909,14.967196827989909,True
1466435794,17.6,17.6,17.949264837792228,False
1466435878,17.6,17.6,13.064037892031322,False
1466435904,17.7,16.28846431290357,16.28846431290357,True
1466435971,17.7,13.377465364346623,13.377465364346623,True
1466436041,17.7,17.7,15.061904664293085,False
1466436059,17.6,18.6798761099981,18.6798761099981,True
1466436093,17.6,16.247587495231663,16.247587495231663,True
1466436178,17.6,13.91874943856278,13.91874943856278,True
1466436230,17.6,17.6,18.067692994840762,False
1466436280,17.6,16.24544665824796,16.24544665824796,True
1466436332,17.6,17.6,12.061928528255683,False
1466436333,17.6,17.6,14.214121624904205,False
1466436431,17.4,17.4,17.322751545946364,False
1466436520,17.4,17.4,19.52208309617124,False
1466436572,17.4,17.4,19.973502027771268,False
1466436647,17.4,17.4,13.551909618999094,False
1466436655,17.4,17.4,17.276065535102347,False
1466436727,17.4,18.109086438884184,18.109086438884184,True
1466436793,17.4,17.4,18.50069320775384,False
1466436879,17.4,17.4,17.249323388405077,False
1466436880,17.6,17.6,13.866793393691061,False
1466436939,17.6,17.6,14.855785622332673,False
1466437015,17.7,16.71201006175312,16.71201006175312,True
1466437048,17.7,16.17241515495262,16.17241515495262,True
1466437088,17.7,14.894478546066697,14.894478546066697,True
1466437105,17.6,17.6,17.40423721359399,False
1466437122,17.6,15.094458257798543,15.094458257798543,True
1466437160,17.6,12.568063420688084,12.568063420688084,True
1466437232,17.6,17.6,18.50053711760103,False
1466437321,17.7,17.7,17.938957110802725,False
1466437335,17.7,17.7,18.98805836219183,False
1466437358,17.7,13.027256272250908,13.027256272250908,True
1466437441,17.7,15.544632773417542,15.544632773417542,True
1466437480,17.7,16.31908008276734,16.31908008276734,True
1466437561,17.7,17.7,18.232429314711894,False
1466437653,17.7,17.206393456183964,17.206393456183964,True
1466437709,17.7,13.64898930372689,13.64898930372689,True
1466437798,17.7,16.366476482516326,16.366476482516326,True
1466437869,17.7,13.40118988181488,13.40118988181488,True
1466437952,17.7,17.7,13.618018556853858,False
1466438037,17.6,17.6,15.248017533015464,False
1466438054,17.6,17.6,18.348470478432485,False
1466438056,17.5,17.5,19.754753653291385,False
1466438136,17.5,17.5,13.285684180645914,False
1466438234,17.6,17.6,18.409109186615993,False
1466438261,17.6,17.66821205153086,17.66821205153086,True
1466438348,17.6,17.6,13.174822797766495,False
1466438407,17.7,17.7,12.043441848635979,False
1466438422,17.7,17.967065499472483,17.967065499472483,True
1466438476,17.6,18.56968523246348,18.56968523246348,True
1466438571,17.6,17.78355506196453,17.78355506196453,True
1466438612,17.6,17.6,12.55705200987338,False
1466438620,17.8,17.8,13.418448367007745,False
1466438698,17.8,17.67845960352614,17.67845960352614,True
1466438747,18.0,18.0,15.363935025817618,False
1466438795,18.0,13.969237937296334,13.969237937296334,True
1466438810,18.0,13.795953796292029,13.795953796292029,True
1466438888,18.1,18.1,16.892009839662066,False
1466438975,18.2,18.2,16.83937757867369,False
1466439000,18.3,16.718863963998068,16.718863963998068,True
1466439092,18.1,12.993946617636446,12.993946617636446,True
1466439150,18.1,15.85354791301246,15.85354791301246,True
1466439229,18.3,18.3,13.378924415754348,False
1466439279,18.3,13.055397611825573,13.055397611825573,True
1466439328,18.3,18.3,14.427940377484639,False
1466439351,18.3,18.3,19.556934893500394,False
1466439447,18.3,14.543490434967495,14.543490434967495,True
1466439466,18.3,18.3,14.868588665501363,False
1466439480,18.2,18.2,12.406360890585155,False
1466439560,18.1,18.57317911183397,18.57317911183397,True
1466439600,18.1,18.1,15.376964273012744,False
1466439645,18.1,15.934646728301033,15.934646728301033,True
1466439729,18.1,18.1,19.42773378715878,False
1466439772,18.1,19.362296504783657,19.362296504783657,True
1466439827,18.2,18.2,13.96835688933022,False
1466439849,18.1,14.735056142238047,14.735056142238047,True
1466439910,18.1,18.023919703015146,18.023919703015146,True
1466439990,18.1,19.16560009815123,19.16560009815123,True
1466440005,18.1,18.1,14.964871312697305,False
1466440006,18.2,18.2,13.771318067142936,False
1466440045,18.2,19.523556142054318,19.523556142054318,True
1466440066,18.2,18.2,16.11820827546803,False
1466440154,18.2,18.2,12.326579711173732,False
1466440214,18.2,18.802733419981145,18.802733419981145,True
1466440226,18.4,15.066058245229918,15.066058245229918,True
1466440304,18.4,18.69968614252751,18.69968614252751,True
1466440385,18.4,18.4,12.851365451061973,False
1466440451,18.5,17.008274312081465,17.008274312081465,True
1466440521,18.5,18.5,15.410523204491742,False
1466440581,18.5,17.724490039867334,17.724490039867334,True
1466440674,18.4,18.4,12.277630750691468,False
1466440727,18.3,17.47338743226213,17.47338743226213,True
1466440821,18.3,18.3,18.967827296285503,False
1466440827,18.3,13.314337974986582,13.314337974986582,True
1466440897,18.3,18.3,19.233633531463795,False
1466440923,18.3,18.3,13.044146552764285,False
1466441012,18.1,19.23417249717727,19.23417249717727,True
1466441049,18.1,18.1,14.591400299516899,False
1466441147,18.1,18.1,16.620403057573895,False
1466441213,18.1,18.1,16.83495859652171,False
1466441311,18.2,13.063675883022205,13.063675883022205,True
1466441318,18.2,13.602725944018928,13.602725944018928,True
1466441418,18.2,18.2,16.000557513157,False
1466441510,18.2,18.778207102432116,18.778207102432116,True
1466441541,18.2,18.2,12.68154014338553,False
1466441579,18.2,18.55612125395237,18.55612125395237,True
1466441630,18.2,12.261228378692827,12.261228378692827,True
1466441714,18.2,18.2,14.071793222447798,False
1466441724,18.2,18.2,18.715957804286226,False
1466441741,18.2,18.2,17.50178554741768,False
1466441822,18.2,16.3678341181999,16.3678341181999,True
1466441883,18.2,16.4165864272995,16.4165864272995,True
1466441934,18.0,19.139120967241656,19.139120967241656,True
1466441947,17.8,15.756853303689363,15.756853303689363,True
1466442046,17.8,18.856314912758535,18.856314912758535,True
1466442137,17.9,17.9,14.953989657303605,False
1466442175,17.7,13.946557885292991,13.946557885292991,True
1466442216,17.7,17.323089767647893,17.323089767647893,True
1466442284,17.7,19.97586697440847,19.97586697440847,True
1466442332,17.6,15.076810205866188,15.076810205866188,True
1466442358,17.6,17.6,18.984200391726368,False
1466442362,17.5,17.5,18.609698362987185,False
1466442439,17.5,17.5,12.295371827974439,False
1466442490,17.7,12.190999180589184,12.190999180589184,True
1466442498,17.7,17.18392012889246,17.18392012889246,True
1466442508,17.7,15.743381736754532,15.743381736754532,True
1466442518,17.8,17.8,18.157474543024463,False
1466442556,17.7,19.125590660204743,19.125590660204743,True
1466442656,17.8,17.8,16.28676792363937,False
1466442662,17.6,17.6,13.892966453568977,False
1466442703,17.5,17.5,16.26895421477385,False
1466442768,17.5,17.5,16.79021802046413,False
1466442788,17.5,15.089148824628381,15.089148824628381,True
1466442886,17.4,16.821759860813344,16.821759860813344,True
1466442980,17.4,12.77330734413194,12.77330734413194,True
1466443000,17.4,17.4,14.836705224087098,False
1466443029,17.6,17.6,16.60522135955045,False
1466443038,17.6,17.6,13.548680879897997,False
1466443089,17.6,16.346275017917478,16.346275017917478,True
1466443162,17.6,17.6,16.14903621338449,False
1466443201,17.6,17.6,18.25682854401172,False
1466443219,17.6,17.6,19.471739451036573,False
1466443263,17.6,17.6,17.910602058822686,False
1466443350,17.8,18.611047566344176,18.611047566344176,True
1466443373,17.8,18.493590470273986,18.493590470273986,True
1466443392,17.8,17.82430931485355,17.82430931485355,True
1466443402,17.8,13.432266422573111,13.432266422573111,True
1466443486,17.8,17.8,17.020270454151408,False
1466443511,17.8,17.8,14.91751218687475,False
1466443584,17.8,16.657553693210215,16.657553693210215,True
1466443677,17.9,12.0807179744173,12.0807179744173,True
1466443725,18.1,18.1,14.89573340863602,False
1466443727,18.3,18.3,13.982583174857362,False
1466443750,18.4,13.347200177724968,13.347200177724968,True
1466443761,18.4,17.722924259958965,17.722924259958965,True
1466443808,18.6,18.6,18.49300198090928,False
1466443861,18.7,19.7563255861856,19.7563255861856,True
1466443929,18.7,12.530571548680076,12.530571548680076,True
1466443986,18.7,18.7,16.960372115885647,False
1466444043,18.7,18.7,12.265887718219314,False
1466444110,18.5,13.370150859817304,13.370150859817304,True
1466444192,18.5,18.5,13.569524109877053,False
1466444287,18.3,14.928899035128357,14.928899035128357,True
1466444294,18.5,18.5,17.00700321726229,False
1466444366,18.5,18.5,13.759227573179583,False
1466444466,18.5,18.5,12.424736165224317,False
1466444505,18.5,18.83965230914963,18.83965230914963,True
1466444556,18.5,18.5,15.000479190172179,False
1466444624,18.5,13.184359738162012,13.184359738162012,True
1466444663,18.5,12.294014451856075,12.294014451856075,True
1466444685,18.6,13.67913043374396,13.67913043374396,True
1466444756,18.6,14.058405044185388,14.058405044185388,True
1466444781,18.5,18.15459770925996,18.15459770925996,True
1466444840,18.3,14.600351692980862,14.600351692980862,True
1466444854,18.3,18.3,17.38017257014284,False
1466444860,18.4,18.4,19.391085873718488,False
1466444959,18.4,16.466891001594725,16.466891001594725,True
1466445058,18.4,18.4,16.506309522261255,False
1466445107,18.4,18.4,13.696122598565946,False
1466445165,18.4,15.350213500268861,15.350213500268861,True
1466445170,18.4,18.4,17.103284055469274,False
1466445173,18.6,18.6,13.383262260384708,False
1466445247,18.6,18.6,19.055881583806226,False
1466445305,18.6,18.6,12.056828603589741,False
1466445333,18.7,18.7,18.04386664920433,False
1466445356,18.5,14.810098677524977,14.810098677524977,True
1466445430,18.5,18.5,16.10517838445589,False
1466445491,18.5,18.289012443344706,18.289012443344706,True
1466445497,18.6,18.6,13.534335057715367,False
1466445514,18.6,18.6,15.65382755300813,False
1466445549,18.4,12.665803756889048,12.665803756889048,True
1466445640,18.4,14.684930556289737,14.684930556289737,True
1466445648,18.4,18.610371168221576,18.610371168221576,True
1466445739,18.5,18.5,15.867142054808168,False
1466445814,18.4,15.640569158177257,15.640569158177257,True
1466445879,18.4,18.4,15.788107529580895,False
1466445909,18.4,17.71389056287114,17.71389056287114,True
1466445965,18.3,18.3,12.34792948795722,False
1466446021,18.5,13.703735654031972,13.703735654031972,True
1466446045,18.7,18.47545149149689,18.47545149149689,True
1466446071,18.7,18.7,14.785133206614372,False
1466446120,18.7,18.7,14.506492714714959,False
1466446168,18.8,18.8,13.818593030668703,False
1466446253,18.9,18.9,18.75456896443969,False
1466446302,18.9,18.9,18.35530473780794,False
1466446389,18.9,18.9,12.842761313948024,False
1466446404,18.9,14.059318027565226,14.059318027565226,True
1466446494,18.9,18.9,14.901735128294266,False
1466446594,18.9,17.565992083494766,17.565992083494766,True
1466446643,18.8,18.8,14.231937593960696,False
1466446669,19.0,19.0,16.765414873324417,False
1466446690,19.0,19.0,15.158132307549401,False
1466446735,19.0,18.54007793904995,18.54007793904995,True
1466446766,18.9,18.9,18.25344077026567,False
1466446852,18.9,16.528634185891317,16.528634185891317,True
1466446902,18.9,14.128222957591849,14.128222957591849,True
1466446945,18.9,18.9,13.799736784091108,False
1466446987,18.8,18.8,12.215333235779436,False
1466447036,18.9,18.9,15.998227827258418,False
1466447112,18.9,18.9,15.484841184815823,False
1466447129,18.9,18.9,14.002029669643589,False
1466447189,18.9,18.12297572536962,18.12297572536962,True
1466447224,18.9,18.9,13.094475296174728,False
1466447270,18.9,15.561898638220793,15.561898638220793,True
1466447272,18.9,18.9,12.670890969436318,False
1466447348,18.9,13.257898924269638,13.257898924269638,True
1466447359,19.0,17.337201166172242,17.337201166172242,True
1466447388,19.0,19.0,16.027915466261284,False
1466447390,19.1,14.483727707472054,14.483727707472054,True
1466447425,19.2,14.405214826165867,14.405214826165867,True
1466447463,19.2,17.442258389138498,17.442258389138498,True
1466447485,19.2,19.2,15.874860250139378,False
1466447545,19.2,19.2,15.75727362917883,False
1466447553,19.2,13.355452557685801,13.355452557685801,True
1466447554,19.2,19.2,18.480173412817955,False
1466447573,19.4,19.4,18.637443031088686,False
1466447634,19.4,17.685428420876313,17.685428420876313,True
1466447695,19.4,19.4,14.091894722330867,False
1466447762,19.2,16.2296003280353,16.2296003280353,True
1466447844,19.2,14.730172209380141,14.730172209380141,True
1466447885,19.2,19.2,16.094303536703173,False
1466447943,19.2,19.2,15.941355108054404,False
1466447956,19.2,16.183397211776448,16.183397211776448,True
1466448041,19.2,19.2,17.17750716734159,False
1466448140,19.0,14.258890059006266,14.258890059006266,True
1466448215,18.9,17.42835212165496,17.42835212165496,True
1466448270,18.8,15.306577124407578,15.306577124407578,True
1466448302,18.9,18.9,18.4323169410562,False
1466448368,18.8,18.8,18.508778696004306,False
1466448422,18.8,19.566418729508356,19.566418729508356,True
1466448517,18.8,14.900032103860683,14.900032103860683,True
1466448614,18.8,18.8,13.853567132840276,False
1466448701,18.8,18.64884706624038,18.64884706624038,True
1466448743,18.8,13.262980063701603,13.262980063701603,True
1466448805,18.8,17.24140824316553,17.24140824316553,True
1466448844,18.7,17.710315170496767,17.710315170496767,True
1466448896,18.7,18.976428620055774,18.976428620055774,True
1466448984,18.7,18.7,15.795172523315147,False
1466449031,18.7,18.24031020739708,18.24031020739708,True
1466449045,18.7,18.7,13.965837913135772,False
1466449099,18.7,16.49570896269833,16.49570896269833,True
1466449171,18.7,18.7,12.30533311966719,False
1466449261,18.9,18.9,15.818562026020647,False
1466449280,18.9,16.532902584152342,16.532902584152342,True
1466449359,18.9,15.477139323884352,15.477139323884352,True
1466449442,18.9,12.037829956456815,12.037829956456815,True
1466449496,18.9,18.9,18.985456097832135,False
1466449537,18.9,18.9,12.161037118308752,False
1466449555,18.9,18.9,18.27700365921891,False
1466449629,18.9,18.9,15.914402128802635,False
1466449635,18.8,14.714874654633535,14.714874654633535,True
1466449721,18.8,18.8,15.607869938376936,False
1466449772,18.9,18.9,14.970203992257941,False
1466449872,18.9,18.9,18.86391242295575,False
1466449873,18.9,18.9,12.43103983586666,False
1466449884,19.0,13.499690269070033,13.499690269070033,True
1466449937,19.0,15.618508158883252,15.618508158883252,True
1466449953,19.0,19.0,16.13349377415144,False
1466449959,19.2,19.30118563241039,19.30118563241039,True
1466449961,19.2,19.2,14.176771263501927,False
1466450018,19.2,19.2,18.002271430707978,False
1466450075,19.3,18.63764443943136,18.63764443943136,True
1466450150,19.3,12.44118553160148,12.44118553160148,True
1466450177,19.3,17.308358471244254,17.308358471244254,True
1466450255,19.1,17.91553607852389,17.91553607852389,True
1466450343,19.1,19.1,13.240551758475291,False
1466450348,19.1,19.1,17.772172109063003,False
1466450401,19.1,19.1,15.267373139318906,False
1466450433,19.3,19.3,19.41723498026217,False
1466450507,19.3,19.3,15.170624919656634,False
1466450536,19.3,19.3,18.294688121049393,False
1466450627,19.3,19.3,18.39566222004766,False
1466450723,19.3,19.3,16.39083173695891,False
1466450817,19.3,16.675545422232442,16.675545422232442,True
1466450900,19.2,19.2,17.327880428209287,False
1466450902,19.3,19.3,12.569840997640707,False
1466450971,19.3,15.37547121274568,15.37547121274568,True
1466451016,19.2,12.710679122678544,12.710679122678544,True
1466451023,19.2,19.2,17.94135756370151,False
1466451073,19.2,17.761283525179923,17.761283525179923,True
1466451166,19.1,19.1,19.563276899323245,False
1466451231,19.1,15.176619031585071,15.176619031585071,True
1466451245,19.1,19.1,13.43366733395983,False
1466451293,19.1,17.666080320834844,17.666080320834844,True
1466451295,19.2,19.2,15.84442616182763,False
1466451378,19.2,19.2,17.984474895477106,False
1466451445,19.2,19.2,18.932789755676595,False
1466451508,19.1,19.1,12.242512010349628,False
1466451599,19.1,19.1,12.96679027370875,False
1466451686,19.0,19.0,12.488190466629588,False
1466451761,19.0,19.0,18.292398738364852,False
1466451857,19.0,19.0,19.728216340726973,False
1466451909,19.0,19.0,18.54444296988718,False
1466451919,19.2,12.460074451062829,12.460074451062829,True
1466452006,19.2,15.5919199979369,15.5919199979369,True
1466452035,19.2,19.2,14.138351842269318,False
1466452039,19.3,13.390553314196179,13.390553314196179,True
1466452104,19.3,19.3,18.478604122759723,False
1466452167,19.2,16.907927044423158,16.907927044423158,True
1466452238,19.2,19.2,18.006221185900188,False
1466452313,19.3,19.3,13.973567657929333,False
1466452339,19.5,16.426242951080578,16.426242951080578,True
1466452419,19.5,19.5,16.876695617212828,False
1466452424,19.5,19.5,15.745024344881905,False
1466452435,19.5,19.5,12.063246490934407,False
1466452531,19.3,18.712343447800727,18.712343447800727,True
1466452584,19.3,14.945636945200865,14.945636945200865,True
1466452625,19.3,19.3,17.37184216840444,False
1466452676,19.4,12.036522767577871,12.036522767577871,True
1466452752,19.4,13.485102287719453,13.485102287719453,True
1466452796,19.4,17.207358938121722,17.207358938121722,True
1466452825,19.3,19.3,14.391437909721457,False
1466452860,19.3,19.3,12.740349608283434,False
1466452960,19.3,17.765165141092318,17.765165141092318,True
1466452979,19.3,19.369792365287772,19.369792365287772,True
1466453002,19.2,19.2,14.307234129593967,False
1466453016,19.2,18.191398894498523,18.191398894498523,True
1466453025,19.2,19.2,18.348304288011057,False
1466453089,19.2,19.2,17.841445677784705,False
1466453141,19.2,16.846851019342555,16.846851019342555,True
1466453154,19.3,19.3,17.928309804986334,False
1466453184,19.3,19.3,18.1011847866072,False
1466453202,19.3,16.69712763575888,16.69712763575888,True
1466453203,19.3,19.3,18.955148345529956,False
1466453222,19.2,14.95466759542523,14.95466759542523,True
1466453321,19.2,15.031829315693432,15.031829315693432,True
1466453379,19.1,19.1,16.137567178997923,False
1466453392,19.2,19.2,12.15832555376533,False
1466453422,19.2,17.13648778541006,17.13648778541006,True
1466453502,19.2,12.859092551390486,12.859092551390486,True
1466453518,19.2,19.2,12.990794547107598,False
1466453563,19.2,16.1477825319764,16.1477825319764,True
1466453604,19.1,18.645135045521307,18.645135045521307,True
1466453639,19.1,19.206346506240855,19.206346506240855,True
1466453705,19.2,15.667468562585274,15.667468562585274,True
1466453795,19.2,19.2,17.276524097825448,False
1466453816,19.3,16.67093658474252,16.67093658474252,True
1466453870,19.2,19.2,19.404347334610154,False
1466453910,19.2,19.2,17.086984165244843,False
1466454002,19.2,19.2,14.844519455866308,False
1466454051,19.4,17.290163782871122,17.290163782871122,True
1466454087,19.4,16.52262616805844,16.52262616805844,True
1466454129,19.3,13.364990368863403,13.364990368863403,True
1466454227,19.3,19.3,17.66564175802669,False
1466454259,19.3,13.950091783409679,13.950091783409679,True
1466454262,19.2,15.405608569465205,15.405608569465205,True
1466454298,19.2,16.355755295129704,16.355755295129704,True
1466454388,19.2,19.2,14.301473780455684,False
1466454399,19.2,19.2,12.275967739758363,False
1466454473,19.2,16.746672135887437,16.746672135887437,True
1466454529,19.2,19.2,16.109717249462822,False
1466454559,19.3,18.577893167604472,18.577893167604472,True
1466454648,19.3,19.3,12.555467620585127,False
1466454745,19.3,19.406001039586904,19.406001039586904,True
1466454763,19.3,19.3,16.285638194099654,False
1466454851,19.2,15.707295250822447,15.707295250822447,True
1466454936,19.1,19.1,16.012286351822922,False
1466454949,18.9,15.586122170208366,15.586122170208366,True
1466455032,19.0,19.0,14.104722533433133,False
1466455065,19.0,19.0,14.915346482504333,False
1466455119,19.1,19.1,14.219415138923786,False
1466455172,19.1,19.1,15.40635296729534,False
1466455196,18.9,12.002708689210138,12.002708689210138,True
1466455271,18.9,15.710576329133062,15.710576329133062,True
1466455357,18.9,18.9,19.86416473720801,False
1466455361,18.9,19.72754771475204,19.72754771475204,True
1466455394,18.9,14.57265153176446,14.57265153176446,True
1466455475,18.8,18.8,18.76560872854418,False
1466455497,18.8,18.8,19.064725379539375,False
1466455561,18.8,18.8,19.14870976248816,False
1466455575,18.8,18.8,17.968964199895904,False
1466455587,18.7,14.364694836046592,14.364694836046592,True
1466455651,18.9,17.398383107123273,17.398383107123273,True
1466455658,18.8,18.8,16.345328298098885,False
1466455732,18.8,18.8,15.290758781148003,False
1466455812,19.0,19.0,12.369449489688565,False
1466455910,19.1,13.894428390139403,13.894428390139403,True
1466455951,19.0,19.8177786267692,19.8177786267692,True
1466455999,19.0,19.0,15.513675392448137,False
1466456054,19.0,14.603152977690065,14.603152977690065,True
1466456058,19.0,16.86021946801796,16.86021946801796,True
1466456074,19.1,12.501182076166675,12.501182076166675,True
1466456088,19.1,19.1,18.567078297027646,False
1466456118,19.1,18.476666888047745,18.476666888047745,True
1466456218,19.1,19.1,14.507973906218561,False
1466456265,19.1,19.1,19.366288360636887,False
1466456270,19.0,17.233654273188037,17.233654273188037,True
1466456312,19.0,17.15789305505183,17.15789305505183,True
1466456346,19.0,19.0,14.493584440776331,False
1466456374,18.9,18.9,16.306850958530845,False
1466456406,19.0,18.126341394738347,18.126341394738347,True
1466456482,19.0,19.0,14.154048466547241,False
1466456512,19.2,12.091949878081643,12.091949878081643,True
1466456610,19.2,13.391295428646782,13.391295428646782,True
1466456683,19.1,19.1,18.27862545775692,False
1466456768,19.3,19.3,14.305415155320883,False
1466456856,19.2,14.683890910376617,14.683890910376617,True
1466456927,19.3,12.130760432990025,12.130760432990025,True
1466457014,19.4,19.4,13.604069750805959,False
1466457032,19.4,18.4121529678278,18.4121529678278,True
1466457067,19.4,16.223123149777727,16.223123149777727,True
1466457157,19.4,19.4,16.16191188134031,False
1466457215,19.4,17.300281298924492,17.300281298924492,True
1466457267,19.4,19.4,16.854113906812977,False
1466457357,19.6,19.6,12.298389216803816,False
1466457434,19.4,19.4,12.670751009817081,False
1466457487,19.4,15.973657353758345,15.973657353758345,True
1466457559,19.5,19.5,14.153922715301587,False
1466457603,19.7,17.713245579606554,17.713245579606554,True
1466457671,19.7,16.433007049681777,16.433007049681777,True
1466457713,19.7,14.834935527858676,14.834935527858676,True
1466457745,19.7,14.594583776101477,14.594583776101477,True
1466457782,19.8,19.8,19.500160247566956,False
1466457802,19.9,19.9,14.13137485114455,False
1466457817,19.7,19.7,19.61365037106287,False
1466457865,19.5,19.5,13.980499505498425,False
1466457884,19.5,17.30113376941038,17.30113376941038,True
1466457885,19.5,19.5,16.704163883059206,False
1466457917,19.6,16.92691593563644,16.92691593563644,True
1466457973,19.8,19.8,16.14472381945367,False
1466458045,19.8,19.8,15.306773545734634,False
1466458135,19.8,13.802959589996568,13.802959589996568,True
1466458151,19.8,12.01643514555651,12.01643514555651,True
1466458230,19.8,16.22675398112419,16.22675398112419,True
1466458324,19.9,13.3910106558352,13.3910106558352,True
1466458362,19.9,19.9,17.746131255027542,False
1466458438,19.8,19.8,18.56614190962133,False
1466458454,19.7,14.040418886904302,14.040418886904302,True
1466458496,19.5,17.823102877854872,17.823102877854872,True
1466458509,19.5,19.5,16.779765730650702,False
1466458580,19.5,18.86504770738513,18.86504770738513,True
1466458590,19.7,19.7,17.707541026237227,False
1466458626,19.7,19.726384798676975,19.726384798676975,True
1466458642,19.7,19.7,13.713258795729384,False
1466458665,19.5,19.5,19.432246895816096,False
1466458694,19.5,18.585607482196128,18.585607482196128,True
1466458762,19.5,16.36315358341131,16.36315358341131,True
1466458793,19.3,19.3,18.39219434855527,False
1466458824,19.5,19.5,18.309723766021033,False
1466458906,19.5,13.612517324448657,13.612517324448657,True
1466458982,19.5,15.612959526692535,15.612959526692535,True
1466459068,19.5,19.5,14.561541462921104,False
1466459159,19.5,19.5,13.220077131483329,False
1466459184,19.5,19.5,17.727605128086587,False
1466459273,19.5,19.5,19.781162117408247,False
1466459372,19.7,16.079006224236807,16.079006224236807,True
1466459415,19.8,19.8,12.228277514235007,False
1466459483,19.8,19.8,15.102137856594219,False
1466459504,19.8,16.103844825384268,16.103844825384268,True
1466459588,19.8,14.96723433131692,14.96723433131692,True
1466459595,19.9,17.07103465486248,17.07103465486248,True
1466459673,19.9,15.248145710125392,15.248145710125392,True
1466459726,19.9,16.751420147446858,16.751420147446858,True
1466459800,19.9,16.916815959529323,16.916815959529323,True
1466459857,19.8,14.458065863065375,14.458065863065375,True
1466459887,19.8,15.646542443034205,15.646542443034205,True
1466459913,20.0,19.787933559388318,19.787933559388318,True
1466459974,20.0,20.0,12.318620839093978,False
1466459995,20.0,17.70027033989671,17.70027033989671,True
1466460001,19.8,19.8,19.06169250544281,False
1466460054,19.8,14.818176691780954,14.818176691780954,True
1466460130,19.8,19.8,13.135775850647448,False
1466460215,19.7,19.7,17.820083123646743,False
1466460252,19.6,19.6,14.706521006022399,False
1466460272,19.6,17.576552155712996,17.576552155712996,True
1466460346,19.6,12.519334039708507,12.519334039708507,True
1466460440,19.6,19.6,17.11789757403379,False
1466460461,19.6,19.178965007347905,19.178965007347905,True
1466460528,19.6,15.936242053654029,15.936242053654029,True
1466460610,19.6,19.6,18.787095145105692,False
1466460630,19.5,14.520759792321062,14.520759792321062,True
1466460691,19.5,19.5,12.590086637414583,False
1466460706,19.4,17.392630423760426,17.392630423760426,True
1466460739,19.4,13.501012306271678,13.501012306271678,True
1466460765,19.6,16.098886136436043,16.098886136436043,True
1466460795,19.8,19.38180747371903,19.38180747371903,True
1466460877,19.9,17.834755577551334,17.834755577551334,True
1466460973,19.9,16.225808702233252,16.225808702233252,True
1466461009,19.9,19.761022731466284,19.761022731466284,True
1466461027,19.9,19.9,17.137248278764552,False
1466461032,19.9,17.36554780454331,17.36554780454331,True
1466461096,19.8,19.8,19.29857455181859,False
1466461169,19.6,17.849471315496615,17.849471315496615,True
1466461256,19.8,19.536527812775233,19.536527812775233,True
1466461351,19.8,19.8,18.146613613333894,False
1466461451,19.9,12.197250017697957,12.197250017697957,True
1466461531,19.8,19.8,18.507544894177677,False
1466461568,19.9,19.9,14.962865691936816,False
1466461583,20.0,20.0,19.16130434419577,False
1466461647,19.9,18.719575413997706,18.719575413997706,True
1466461703,19.8,14.786089600915568,14.786089600915568,True
1466461794,19.9,13.594873704863291,13.594873704863291,True
1466461813,19.8,12.292562343658151,12.292562343658151,True
1466461910,19.9,17.116103205377993,17.116103205377993,True
1466461988,19.7,19.7,19.88940850377326,False
1466462056,19.6,19.6,17.476468361889715,False
1466462101,19.6,19.6,14.784966756364508,False
1466462155,19.5,19.5,17.875138411557646,False
1466462215,19.5,19.5,15.331288264259264,False
1466462278,19.5,12.621579046107852,12.621579046107852,True
1466462368,19.4,19.4,14.484674451068184,False
1466462412,19.4,19.4,19.971433120900606,False
1466462512,19.4,17.778181843161725,17.778181843161725,True
1466462594,19.4,19.4,17.324125007244916,False
1466462671,19.4,13.457011663531294,13.457011663531294,True
1466462716,19.3,13.067071264592968,13.067071264592968,True
1466462746,19.4,15.198798434303935,15.198798434303935,True
1466462782,19.4,19.4,18.01264619222812,False
1466462820,19.3,19.3,12.798609012513412,False
1466462833,19.3,19.3,13.945001404954791,False
1466462842,19.2,19.2,12.468005030019777,False
1466462850,19.2,14.154193264251502,14.154193264251502,True
1466462941,19.1,12.811369336294707,12.811369336294707,True
1466463026,18.9,18.872653994476046,18.872653994476046,True
1466463117,18.8,18.8,18.74239252711253,False
1466463139,18.8,16.390106745408023,16.390106745408023,True
