1466410104,167.7,86.77345951604624,86.77345951604624,True
1466410114,167.7,167.7,2.8130582648630442,False
1466410130,167.7,13.999699237934248,13.999699237934248,True
1466410181,167.7,167.7,134.93552530667762,False
1466410203,167.7,194.46761611572538,194.46761611572538,True
1466410250,167.7,9.518807602403957,9.518807602403957,True
1466410309,167.7,186.04171126895434,186.04171126895434,True
1466410397,167.7,40.46838381677591,40.46838381677591,True
1466410430,167.7,167.7,175.7223326662652,False
1466410469,167.7,167.7,17.54530322182839,False
1466410483,167.7,162.64581743120752,162.64581743120752,True
1466410498,167.7,167.7486474658322,167.7486474658322,True
1466410502,167.7,167.7,49.97831320813506,False
1466410532,167.7,187.650858029736,187.650858029736,True
1466410541,167.7,167.7,149.15978411087792,False
1466410573,167.7,167.7,123.57353430201566,False
1466410630,167.7,177.92851635824843,177.92851635824843,True
1466410653,167.7,169.4313857468882,169.4313857468882,True
1466410746,167.7,167.7,50.43683212738068,False
1466410814,167.7,167.7,153.78196877310202,False
1466410890,167.7,130.94033468421208,130.94033468421208,True
1466410902,167.7,7.372678920870324,7.372678920870324,True
1466410978,167.7,167.7,183.70957091220612,False
1466411008,167.7,189.98584709283404,189.98584709283404,True
1466411066,167.7,15.725761515000913,15.725761515000913,True
1466411094,167.7,167.7,27.86223735047706,False
1466411157,167.7,102.58684363204198,102.58684363204198,True
1466411223,167.7,157.2670921770309,157.2670921770309,True
1466411226,167.7,167.7,30.223076072812137,False
1466411272,167.7,167.7,45.616629358623385,False
1466411303,167.7,167.7,104.08985248219749,False
1466411318,167.7,167.7,60.11104374652398,False
1466411396,167.7,167.7,9.266052544341207,False
1466411493,167.7,167.7,21.78283682832729,False
1466411549,167.7,167.7,37.12312617605449,False
1466411560,167.7,167.7,136.84660698741013,False
1466411626,167.7,167.7,45.10426387183073,False
1466411723,167.7,92.05885014622979,92.05885014622979,True
1466411763,167.7,167.7,46.751130806969776,False
1466411785,167.7,167.7,49.89198632858063,False
1466411854,167.7,167.7,189.3225165307977,False
1466411889,167.7,167.7,56.41939197439163,False
1466411988,167.7,167.7,51.93734260362908,False
1466412022,167.7,166.78129914063047,166.78129914063047,True
1466412046,167.7,167.7,31.154816799299347,False
1466412076,167.7,159.3003847488412,159.3003847488412,True
1466412152,167.7,167.7,95.51819108764157,False
1466412181,167.7,57.77124668710272,57.77124668710272,True
1466412201,167.7,167.7,146.96262769115262,False
1466412260,167.7,79.28727353402847,79.28727353402847,True
1466412347,167.7,199.43757885175106,199.43757885175106,True
1466412360,167.7,167.7,4.6653592358371965,False
1466412438,167.7,34.3686610906806,34.3686610906806,True
1466412521,167.7,167.7,22.03734823146668,False
1466412599,167.7,167.7,191.76475927978947,False
1466412639,167.7,154.48817894194303,154.48817894194303,True
1466412691,167.7,167.7,8.928761018333397,False
1466412747,167.7,139.78619404168663,139.78619404168663,True
1466412794,167.7,183.89213522774727,183.89213522774727,True
1466412819,167.7,167.7,89.26034835850798,False
1466412832,167.7,167.7,191.09770913370093,False
1466412874,167.7,114.64238234350739,114.64238234350739,True
1466412943,167.7,14.238310184773972,14.238310184773972,True
1466412971,167.7,24.91499660929284,24.91499660929284,True
1466412990,167.7,122.35471347800973,122.35471347800973,True
1466413028,167.7,167.7,100.7496868510343,False
1466413053,167.7,167.7,74.05744503791102,False
1466413125,167.7,171.32753608298003,171.32753608298003,True
1466413200,167.7,167.7,50.282927741566,False
1466413264,167.7,138.5667074991912,138.5667074991912,True
1466413311,167.7,165.59221108871586,165.59221108871586,True
1466413342,167.7,167.7,82.00186216802821,False
1466413440,167.7,167.7,5.8013923579504745,False
1466413458,167.7,140.0058816234254,140.0058816234254,True
1466413529,167.7,15.579992138120403,15.579992138120403,True
1466413542,167.7,141.4780618077615,141.4780618077615,True
1466413638,167.7,60.322409357770134,60.322409357770134,True
1466413672,167.7,167.7,184.29223613689066,False
1466413733,167.7,167.7,14.33450349727492,False
1466413779,167.7,104.73346021967677,104.73346021967677,True
1466413780,167.7,167.7,197.4139081035429,False
1466413864,167.7,167.7,199.94148891135924,False
1466413885,167.7,167.7,174.6379429586844,False
1466413946,167.7,167.7,74.83110895232892,False
1466414033,167.3,167.3,174.6907334549732,False
1466414071,167.3,167.3,118.7395114764175,False
1466414164,167.3,86.62745067948272,86.62745067948272,True
1466414225,167.3,104.0355092789427,104.0355092789427,True
1466414312,167.3,56.422628147162904,56.422628147162904,True
1466414325,167.1,106.02806702313788,106.02806702313788,True
1466414328,167.1,167.1,121.53917920013248,False
1466414329,167.1,167.1,144.30143453957837,False
1466414402,167.1,167.1,121.81906306135679,False
1466414407,167.1,167.1,161.85558529431634,False
1466414413,167.1,154.50104184959832,154.50104184959832,True
1466414460,167.1,21.396537555501638,21.396537555501638,True
1466414552,167.1,96.71962105644185,96.71962105644185,True
1466414602,167.1,162.84896398549137,162.84896398549137,True
1466414662,167.1,167.1,153.58038210402444,False
1466414746,167.1,99.96325837859116,99.96325837859116,True
1466414844,167.1,167.1,36.03800950942426,False
1466414943,167.1,167.1,38.74790204184988,False
1466414946,167.1,167.1,43.571207792379994,False
1466414966,167.1,167.1,154.94465632162115,False
1466415038,167.1,191.9763470587144,191.9763470587144,True
1466415106,167.1,167.1,156.42599655233906,False
1466415130,167.1,167.1,174.46731519897602,False
1466415145,167.1,192.86053154910434,192.86053154910434,True
1466415202,167.1,167.1,175.871081424241,False
1466415239,167.1,167.1,39.0053557356505,False
1466415249,167.1,106.2609653271692,106.2609653271692,True
1466415308,167.1,167.1,50.5844145958557,False
1466415357,167.1,167.1,72.93365235992862,False
1466415404,167.1,167.1,82.38521488283759,False
1466415469,167.1,134.18482258156536,134.18482258156536,True
1466415548,167.1,167.1,30.111287591275815,False
1466415588,167.1,167.1,94.07700225872955,False
1466415627,167.1,167.1,78.4499426295056,False
1466415719,167.1,167.1,73.75015965537375,False
1466415767,167.1,167.1,138.74192839227305,False
1466415860,167.1,167.1,78.80885358930256,False
1466415872,167.1,123.29803784559677,123.29803784559677,True
1466415914,167.1,155.9748297389273,155.9748297389273,True
1466415934,167.1,167.1,143.27914797461438,False
1466415988,167.1,4.533281795232846,4.533281795232846,True
1466416004,167.1,55.52963609103714,55.52963609103714,True
1466416050,167.1,167.1,138.15239056531541,False
1466416150,167.1,187.729369261207,187.729369261207,True
1466416161,167.1,167.1,176.21863235479003,False
1466416215,167.1,60.564244329127995,60.564244329127995,True
1466416315,167.1,167.1,40.61723056830846,False
1466416321,167.1,138.25635283274616,138.25635283274616,True
1466416393,167.1,152.39845275727123,152.39845275727123,True
1466416440,167.1,197.15801600376196,197.15801600376196,True
1466416510,167.1,167.1,131.1808660128637,False
1466416541,167.1,167.1,49.34042041669036,False
1466416631,167.1,167.1,73.52947387266752,False
1466416671,167.1,45.971135863320555,45.971135863320555,True
1466416725,167.1,167.1,23.58891213203107,False
1466416815,167.1,45.28113528630053,45.28113528630053,True
1466416867,167.1,167.1,87.92576181563132,False
1466416933,167.1,47.49725903984201,47.49725903984201,True
1466416963,167.1,167.1,85.32644765972736,False
1466417034,167.1,116.25734892249515,116.25734892249515,True
1466417069,167.1,91.68318983251902,91.68318983251902,True
1466417095,167.1,167.1,193.02100548859363,False
1466417123,167.1,53.28247384259039,53.28247384259039,True
1466417219,167.1,174.5986675400117,174.5986675400117,True
1466417228,167.1,167.1,112.06929835780298,False
1466417235,167.1,116.71468664464552,116.71468664464552,True
1466417266,167.1,96.80121266678499,96.80121266678499,True
1466417298,167.1,167.1,84.77966664131739,False
1466417382,167.1,167.1,9.395195590103288,False
1466417429,167.1,187.93350088577546,187.93350088577546,True
1466417434,167.1,167.1,101.29775671129175,False
1466417513,167.1,104.79013353971673,104.79013353971673,True
1466417598,167.1,142.34888077588778,142.34888077588778,True
1466417615,167.1,167.1,118.50857267775832,False
1466417654,167.1,118.21499253867277,118.21499253867277,True
1466417749,167.1,141.60988076395776,141.60988076395776,True
1466417763,167.1,167.1,85.90352282213576,False
1466417822,167.1,139.7672581099988,139.7672581099988,True
1466417851,167.1,54.72850213431799,54.72850213431799,True
1466417855,167.1,16.03453203842595,16.03453203842595,True
1466417879,167.1,165.0178583902682,165.0178583902682,True
1466417895,167.1,167.1,153.9835002979091,False
1466417969,167.1,163.2293558269197,163.2293558269197,True
1466418049,167.1,167.1,169.64376993524525,False
1466418118,167.1,167.1,10.538538180823132,False
1466418129,167.1,64.90811505113405,64.90811505113405,True
1466418179,167.1,167.1,120.75917287450719,False
1466418254,167.1,118.4230141892398,118.4230141892398,True
1466418332,167.1,167.1,163.4191324927544,False
1466418428,167.1,97.44787202502161,97.44787202502161,True
1466418494,167.1,167.1,196.87570315052764,False
1466418554,167.1,57.429181932273195,57.429181932273195,True
1466418563,167.1,167.1,164.73228656329363,False
1466418564,167.1,187.74488513865782,187.74488513865782,True
1466418594,167.1,32.76691553964899,32.76691553964899,True
1466418674,167.1,177.32024561527368,177.32024561527368,True
1466418748,167.1,167.1,63.39180843078731,False
1466418847,167.1,172.95191274943338,172.95191274943338,True
1466418877,167.1,167.1,174.03393023700505,False
1466418917,167.1,144.2499703955437,144.2499703955437,True
1466418938,167.1,47.37740789409046,47.37740789409046,True
1466419031,167.1,185.0822959675223,185.0822959675223,True
1466419058,167.1,167.1,175.38282580697552,False
1466419104,167.1,31.61213886442351,31.61213886442351,True
1466419166,167.1,125.9812512903862,125.9812512903862,True
1466419261,167.1,167.1,7.296508480862962,False
1466419349,167.1,167.1,125.24359768579147,False
1466419442,167.1,167.1,25.238923462190833,False
1466419530,167.1,8.742360915911629,8.742360915911629,True
1466419595,167.1,123.36551326797559,123.36551326797559,True
1466419646,167.1,107.58980294407922,107.58980294407922,True
1466419737,167.1,151.8438601770173,151.8438601770173,True
1466419826,167.1,167.1,53.714053605012865,False
1466419880,167.1,72.60021693623635,72.60021693623635,True
1466419911,167.1,4.5145023120922945,4.5145023120922945,True
1466419938,167.1,167.1,149.45109452360543,False
1466420016,167.1,167.1,27.125243997629834,False
1466420019,167.1,182.37840435246838,182.37840435246838,True
1466420108,167.1,141.97808583604655,141.97808583604655,True
1466420205,167.1,167.1,155.26976587407574,False
1466420228,167.1,167.1,83.36573234350678,False
1466420257,167.1,61.88192741112475,61.88192741112475,True
1466420270,167.1,167.1,192.0945762879414,False
1466420296,167.1,167.1,80.34238120400336,False
1466420331,167.1,167.1,191.53715818402077,False
1466420407,167.1,65.12785046212437,65.12785046212437,True
1466420430,167.1,167.1,148.25921223530534,False
1466420453,167.1,167.1,93.09661013226882,False
1466420474,167.1,167.1,181.52050496555333,False
1466420566,167.1,167.1,6.181386306976089,False
1466420579,167.1,67.74704102731211,67.74704102731211,True
1466420618,167.1,51.197284203137514,51.197284203137514,True
1466420624,167.1,167.1,192.95029443658663,False
1466420643,167.1,167.1,189.0641929643705,False
1466420695,167.1,167.1,80.87992853764914,False
1466420788,167.1,167.1,24.1660404832837,False
1466420863,167.1,49.950251408769965,49.950251408769965,True
1466420947,167.1,167.1,182.17221395461505,False
1466421003,167.1,70.2608263228049,70.2608263228049,True
1466421032,167.1,167.1,166.67339692736772,False
1466421050,167.1,36.30939952140584,36.30939952140584,True
1466421116,167.1,176.33874456238183,176.33874456238183,True
1466421208,167.1,167.1,53.890047612094236,False
1466421234,167.1,167.1,56.83583328872266,False
1466421262,167.1,128.74175338222548,128.74175338222548,True
1466421353,167.1,104.01266809688852,104.01266809688852,True
1466421360,167.1,67.89804725791615,67.89804725791615,True
1466421392,167.1,11.781821484535548,11.781821484535548,True
1466421480,167.1,70.86924925975357,70.86924925975357,True
1466421530,167.1,167.1,94.19002512064311,False
1466421547,167.1,167.1,29.98058152927601,False
1466421591,167.1,77.59325231622707,77.59325231622707,True
1466421633,167.1,7.6194733530974945,7.6194733530974945,True
1466421636,167.1,91.30673046691781,91.30673046691781,True
1466421670,167.1,77.67886947788318,77.67886947788318,True
1466421695,167.1,27.502961918883017,27.502961918883017,True
1466421721,167.1,167.1,162.592951225533,False
1466421804,167.1,185.1148490390185,185.1148490390185,True
1466421819,167.1,132.38950366262736,132.38950366262736,True
1466421862,167.1,159.5935285679659,159.5935285679659,True
1466421885,167.1,168.26042316358786,168.26042316358786,True
1466421936,167.1,172.59540111187565,172.59540111187565,True
1466422012,167.1,167.1,26.737788046984036,False
1466422044,167.1,167.1,56.10858460996877,False
1466422045,167.1,114.26206965158616,114.26206965158616,True
1466422137,167.1,167.1,78.13385065233318,False
1466422162,167.1,167.1,54.69078755782477,False
1466422189,167.1,193.7335136304511,193.7335136304511,True
1466422197,167.1,54.458672976695425,54.458672976695425,True
1466422264,167.1,152.17018775518804,152.17018775518804,True
1466422330,167.1,167.1,70.89169795304365,False
1466422378,167.1,167.1,187.04740220987745,False
1466422432,167.1,17.819918941502834,17.819918941502834,True
1466422488,167.1,40.8597837090553,40.8597837090553,True
1466422577,167.1,167.1,130.9092979976204,False
1466422628,167.1,167.1,91.09462380606126,False
1466422638,167.1,36.693119181360736,36.693119181360736,True
1466422666,167.1,167.1,72.1659180485396,False
1466422706,167.1,82.10987361591886,82.10987361591886,True
1466422731,167.1,71.69725757075165,71.69725757075165,True
1466422804,167.1,7.999844465504924,7.999844465504924,True
1466422866,167.1,167.1,145.695859013874,False
1466422873,167.1,167.1,171.83485340226554,False
1466422895,167.1,167.1,85.63112532213498,False
1466422953,167.1,146.18032889691705,146.18032889691705,True
1466422973,167.1,167.1,60.31423692482674,False
1466423017,167.1,167.1,130.50496583995064,False
1466423051,167.1,167.1,146.99060418395354,False
1466423099,167.1,167.1,181.52428474254106,False
1466423150,167.1,167.1,131.75901485514203,False
1466423155,167.1,167.1,125.31610975469683,False
1466423168,167.1,160.22397733741792,160.22397733741792,True
1466423205,167.1,103.22180484763818,103.22180484763818,True
1466423275,167.1,145.65485336052834,145.65485336052834,True
1466423287,167.1,167.1,98.76202843031115,False
1466423336,167.1,107.27388964997292,107.27388964997292,True
1466423340,167.1,167.1,81.54837618025475,False
1466423355,167.1,167.1,191.91681024930284,False
1466423443,167.1,167.1,144.34780792286966,False
1466423499,167.1,167.1,84.46570729236865,False
1466423585,167.1,1.502826937739865,1.502826937739865,True
1466423612,167.1,8.801490228878773,8.801490228878773,True
1466423669,167.1,167.1,60.89671645164814,False
1466423705,167.1,167.1,88.98678344635817,False
1466423770,167.1,167.1,113.29456127440099,False
1466423844,167.1,122.05879064530059,122.05879064530059,True
1466423902,167.1,167.1,168.4723540417071,False
1466423913,167.1,167.1,1.980086512980228,False
1466423972,167.1,59.710288695604554,59.710288695604554,True
1466424014,167.1,94.44641195610669,94.44641195610669,True
1466424069,167.1,65.28260182019858,65.28260182019858,True
1466424154,167.1,167.1,56.51894933545343,False
1466424155,167.1,167.1,182.36283076223404,False
1466424169,167.1,157.59683150075833,157.59683150075833,True
1466424262,167.1,167.1,101.13952115702416,False
1466424339,167.1,167.1,138.31610937404372,False
1466424398,167.1,3.667461117743964,3.667461117743964,True
1466424497,167.1,8.200319425552971,8.200319425552971,True
1466424558,167.1,195.4545468904231,195.4545468904231,True
1466424613,167.1,167.1,112.30214795273366,False
1466424713,167.1,101.52086087583037,101.52086087583037,True
1466424804,167.1,167.1,103.46838055385008,False
1466424878,167.1,17.326606883953133,17.326606883953133,True
1466424924,167.1,63.38156971736457,63.38156971736457,True
1466425009,167.1,139.49594439000904,139.49594439000904,True
1466425106,167.1,61.896884103773964,61.896884103773964,True
1466425129,167.1,125.56636509978189,125.56636509978189,True
1466425179,167.1,78.18043287969263,78.18043287969263,True
1466425257,167.1,19.949930084107017,19.949930084107017,True
1466425262,167.1,167.1,148.17142010030312,False
1466425305,167.1,93.64197171356889,93.64197171356889,True
1466425331,167.1,1.9546626090649388,1.9546626090649388,True
1466425338,167.1,167.1,81.69957311852268,False
1466425377,167.1,167.1,64.80154539103955,False
1466425380,167.1,148.4174260744609,148.4174260744609,True
1466425417,167.1,167.1,40.965476781168775,False
1466425484,167.1,46.87147204575848,46.87147204575848,True
1466425517,167.1,167.1,137.6321790762862,False
1466425553,167.1,104.85673321528472,104.85673321528472,True
1466425640,167.1,167.1,96.67433254580101,False
1466425687,167.1,167.1,62.25214205519898,False
1466425711,167.1,44.73609534563921,44.73609534563921,True
1466425768,167.2,78.14491338969842,78.14491338969842,True
1466425811,167.2,167.2,25.95921671036745,False
1466425856,167.2,104.21696525789956,104.21696525789956,True
1466425869,167.2,70.68853861772828,70.68853861772828,True
1466425884,167.2,114.81512117178335,114.81512117178335,True
1466425962,167.2,124.47592836192223,124.47592836192223,True
1466425974,167.2,167.2,70.95787978670404,False
1466426016,167.2,167.2,41.6983840691121,False
1466426024,167.2,167.2,127.1058807026387,False
1466426034,167.2,167.2,112.48778989066214,False
1466426130,167.2,145.26045388018042,145.26045388018042,True
1466426189,167.2,144.8578013553309,144.8578013553309,True
1466426198,167.2,167.2,150.28574328187855,False
1466426280,167.2,164.0811510121676,164.0811510121676,True
1466426298,167.2,112.47806682011385,112.47806682011385,True
1466426380,167.2,167.2,18.954528081708432,False
1466426420,167.2,138.88967836603013,138.88967836603013,True
1466426509,167.2,167.2,55.88246737433942,False
1466426521,167.2,182.44328813536248,182.44328813536248,True
1466426535,167.2,167.2,133.4125509064773,False
1466426563,167.2,145.16602910536173,145.16602910536173,True
1466426620,167.2,167.2,81.64737843429725,False
1466426694,167.2,120.2098243991034,120.2098243991034,True
1466426764,167.2,92.55205417828942,92.55205417828942,True
1466426778,167.2,47.59816907558581,47.59816907558581,True
1466426866,167.2,167.2,64.12322306579168,False
1466426938,167.2,167.2,178.1819704695314,False
1466427022,167.2,175.3367315874128,175.3367315874128,True
1466427059,167.2,58.30564386485404,58.30564386485404,True
1466427125,167.2,167.2,127.31247926330221,False
1466427204,167.2,144.86975649011785,144.86975649011785,True
1466427240,167.2,167.2,41.41391642748589,False
1466427317,167.2,167.2,113.7405660440681,False
1466427319,167.2,195.14664161465436,195.14664161465436,True
1466427331,167.2,46.89320135576149,46.89320135576149,True
1466427425,167.2,167.2,26.96410782975658,False
1466427458,167.2,73.71896043794268,73.71896043794268,True
1466427495,167.2,167.2,125.13357464576866,False
1466427543,167.2,16.142641345632256,16.142641345632256,True
1466427625,167.2,89.47481432984496,89.47481432984496,True
1466427663,167.2,76.54934009891186,76.54934009891186,True
1466427672,167.2,71.13720036256184,71.13720036256184,True
1466427684,167.2,167.2,84.58442978145429,False
1466427739,167.2,84.0038293692709,84.0038293692709,True
1466427769,167.2,189.42442665817046,189.42442665817046,True
1466427775,167.2,167.2,87.55225988066717,False
1466427820,167.2,167.2,31.674068470786978,False
1466427837,167.2,86.6216541820671,86.6216541820671,True
1466427846,167.2,167.2,7.937926132015538,False
1466427904,167.2,78.31848158217394,78.31848158217394,True
1466427997,167.2,127.4260090295049,127.4260090295049,True
1466428027,167.2,167.2,136.9684501930972,False
1466428114,167.2,167.2,132.54797487483162,False
1466428212,167.2,66.86333736108425,66.86333736108425,True
1466428294,167.2,167.2,162.61165952694634,False
1466428321,167.2,51.63083656569138,51.63083656569138,True
1466428340,167.2,153.58816996997143,153.58816996997143,True
1466428378,167.2,167.2,179.42030589643088,False
1466428463,167.2,167.2,3.7511247386780022,False
1466428551,167.2,172.16268561906173,172.16268561906173,True
1466428575,167.2,20.68413557405464,20.68413557405464,True
1466428593,167.2,167.2,102.06330540680327,False
1466428682,167.2,167.2,118.56961000632313,False
1466428699,167.2,167.2,140.4973740670382,False
1466428719,167.2,167.2,79.76934739081824,False
1466428819,167.2,28.658899531111025,28.658899531111025,True
1466428850,167.2,55.92123039440446,55.92123039440446,True
1466428884,167.2,167.2,174.21396905573147,False
1466428973,167.2,167.2,191.97861949010255,False
1466429006,167.2,57.01175754565948,57.01175754565948,True
1466429026,167.2,121.66675196055516,121.66675196055516,True
1466429066,167.2,167.2,46.34263449583247,False
1466429072,167.2,118.75683707838616,118.75683707838616,True
1466429103,167.2,195.99348448012685,195.99348448012685,True
1466429110,167.2,56.368612797756626,56.368612797756626,True
1466429123,167.2,167.2,117.92330903421808,False
1466429168,167.2,27.101120758614485,27.101120758614485,True
1466429182,167.2,153.0253979301037,153.0253979301037,True
1466429184,167.2,122.10472890063946,122.10472890063946,True
1466429197,167.2,125.62090134738962,125.62090134738962,True
1466429280,167.2,167.2,99.41983984966288,False
1466429378,167.2,156.91301516772472,156.91301516772472,True
1466429450,167.2,130.32558753768703,130.32558753768703,True
1466429455,167.2,167.2,117.32462790416245,False
1466429510,167.2,98.44630805380139,98.44630805380139,True
1466429565,167.2,101.96668983573869,101.96668983573869,True
1466429566,167.2,167.2,125.35962029963706,False
1466429592,167.2,167.2,87.9777014385304,False
1466429623,167.2,26.193775152341935,26.193775152341935,True
1466429691,167.2,151.15809873101827,151.15809873101827,True
1466429733,167.2,167.2,175.5665193342911,False
1466429803,167.2,22.403422921469286,22.403422921469286,True
1466429832,167.2,156.17206595711156,156.17206595711156,True
1466429905,167.2,167.2,65.45484965696397,False
1466429997,167.2,167.2,37.859044679097906,False
1466430050,167.2,168.5304422961696,168.5304422961696,True
1466430088,167.2,167.2,186.87526801821215,False
1466430174,167.2,109.27972949353646,109.27972949353646,True
1466430247,167.2,89.72069929614473,89.72069929614473,True
1466430344,167.2,32.716609339926976,32.716609339926976,True
1466430375,167.2,191.5319591759509,191.5319591759509,True
1466430400,167.2,106.56623976590775,106.56623976590775,True
1466430457,167.2,167.2,86.77802055441354,False
1466430483,167.2,167.2,91.96518348888969,False
1466430517,167.2,100.6501898780923,100.6501898780923,True
1466430524,167.2,167.2,184.1886852724013,False
1466430592,167.2,144.3110684720557,144.3110684720557,True
1466430616,167.2,103.28071018715865,103.28071018715865,True
1466430631,167.2,167.2,16.74151156746111,False
1466430680,167.2,151.32152445556758,151.32152445556758,True
1466430734,167.2,167.2,119.30043047312604,False
1466430790,167.2,112.93292807506907,112.93292807506907,True
1466430815,167.2,96.86280340908276,96.86280340908276,True
1466430895,167.2,167.2,94.35778879707004,False
1466430916,167.2,18.237949946582876,18.237949946582876,True
1466430929,167.2,167.2,125.40601742150184,False
1466430936,167.2,59.45387478067663,59.45387478067663,True
1466431009,167.2,93.72577986022053,93.72577986022053,True
1466431036,167.2,188.0295407085857,188.0295407085857,True
1466431055,167.2,55.71317385046666,55.71317385046666,True
1466431145,167.2,167.2,10.189233493201154,False
1466431218,167.2,167.2,198.30232245665985,False
1466431290,167.2,167.2,5.220615530863326,False
1466431324,167.2,34.01792291235894,34.01792291235894,True
1466431400,167.2,3.680060439382893,3.680060439382893,True
1466431450,167.2,167.2,172.50671406678498,False
1466431526,167.2,167.2,43.22488247925425,False
1466431589,167.2,167.2,74.55953975790797,False
1466431661,167.2,167.2,70.01488002755866,False
1466431760,167.2,43.81221814470033,43.81221814470033,True
1466431796,167.2,47.03496815198693,47.03496815198693,True
1466431848,167.2,167.2,79.99508761211627,False
1466431879,167.2,170.5355049753418,170.5355049753418,True
1466431954,167.2,167.2,51.14897474867573,False
1466431958,167.2,167.2,175.97259582578866,False
1466432002,167.2,167.2,62.372596049022924,False
1466432101,167.2,117.82087797008465,117.82087797008465,True
1466432177,167.2,121.97827232322591,121.97827232322591,True
1466432194,167.2,108.86257519681139,108.86257519681139,True
1466432237,167.2,167.2,22.268555851317707,False
1466432280,167.2,165.49271702351723,165.49271702351723,True
1466432373,167.2,97.37543081039644,97.37543081039644,True
1466432389,167.2,181.94758371822266,181.94758371822266,True
1466432415,167.2,105.27789578882137,105.27789578882137,True
1466432417,167.2,33.950902561609865,33.950902561609865,True
1466432506,167.2,70.43530378808268,70.43530378808268,True
1466432569,167.2,167.2,27.37630005877396,False
1466432577,167.2,169.57451402353348,169.57451402353348,True
1466432670,167.2,194.80804439811544,194.80804439811544,True
1466432706,167.2,167.2,174.6649550819219,False
1466432804,167.2,167.2,81.47140353212762,False
1466432853,167.2,167.2,31.8780875829203,False
1466432947,167.2,167.2,47.681142893886744,False
1466433040,167.2,167.2,85.45454983803162,False
1466433128,167.2,139.63700285843188,139.63700285843188,True
1466433145,167.2,167.2,85.809388754848,False
1466433195,167.2,119.77209616653293,119.77209616653293,True
1466433289,167.2,167.2,197.58473248600646,False
1466433375,167.2,167.2,55.48072828460131,False
1466433427,167.2,167.2,143.51792100388982,False
1466433478,167.2,167.2,111.11084966647869,False
1466433517,167.2,167.2,48.78352752454867,False
1466433615,167.2,167.2,20.474420220331346,False
1466433672,167.2,167.2,113.24925124557241,False
1466433762,167.2,41.23345544542518,41.23345544542518,True
1466433809,167.2,40.26920787927772,40.26920787927772,True
1466433873,167.2,2.189180729993656,2.189180729993656,True
1466433910,166.8,166.8,176.75921214771677,False
1466433994,166.8,166.8,58.98781630388128,False
1466434003,166.8,15.771480216030099,15.771480216030099,True
1466434045,166.8,166.8,82.08122290803605,False
1466434096,166.8,166.8,185.4377690021007,False
1466434173,166.8,166.8,98.50459104276274,False
1466434199,166.8,24.163095222083285,24.163095222083285,True
1466434224,166.8,2.7447237265746605,2.7447237265746605,True
1466434308,166.8,67.43033659786828,67.43033659786828,True
1466434359,166.8,166.8,135.91045427888412,False
1466434371,166.8,184.97806714490338,184.97806714490338,True
1466434457,166.8,69.16807659506654,69.16807659506654,True
1466434498,166.8,166.8,48.76889929030392,False
1466434552,166.8,40.45736104227431,40.45736104227431,True
1466434622,166.8,54.69795313699648,54.69795313699648,True
1466434691,166.8,166.8,160.73828519236338,False
1466434718,166.8,166.8,21.577821272965238,False
1466434727,166.8,166.8,21.25410579378706,False
1466434815,166.8,22.240040342197286,22.240040342197286,True
1466434892,166.8,175.2744021422479,175.2744021422479,True
1466434915,166.8,11.792239209614808,11.792239209614808,True
1466434946,166.8,166.8,59.550515141881746,False
1466434988,166.8,166.8,13.787088892379206,False
1466435020,166.8,117.74820767270032,117.74820767270032,True
1466435090,166.8,166.8,190.0278440003133,False
1466435099,166.8,110.02553021738792,110.02553021738792,True
1466435145,166.8,166.8,117.75336509478373,False
1466435186,166.8,176.9219238867697,176.9219238867697,True
1466435246,166.8,166.8,31.0624917748312,False
1466435284,166.8,70.88973998026344,70.88973998026344,True
1466435327,166.8,166.8,167.90451629773543,False
1466435369,166.8,27.204255375070474,27.204255375070474,True
1466435408,166.8,136.11126479862654,136.11126479862654,True
1466435468,166.8,51.97160101226752,51.97160101226752,True
1466435486,166.8,166.8,108.79901088621375,False
1466435555,166.8,2.6038845726109816,2.6038845726109816,True
1466435624,166.8,23.9323651351798,23.9323651351798,True
1466435659,166.8,105.72162398322365,105.72162398322365,True
1466435682,166.8,166.8,152.7262710421763,False
1466435712,166.8,105.16268621201164,105.16268621201164,True
1466435794,166.8,166.8,85.71711091207723,False
1466435878,166.8,81.18602573392528,81.18602573392528,True
1466435904,166.8,95.52474818274148,95.52474818274148,True
1466435971,166.8,19.4060931934273,19.4060931934273,True
1466436041,166.8,170.44307843792973,170.44307843792973,True
1466436059,166.8,166.8,7.058587657981308,False
1466436093,166.8,98.17026305315441,98.17026305315441,True
1466436178,166.8,166.8,159.11429059217244,False
1466436230,166.8,166.8,47.844883004547036,False
1466436280,166.8,146.78241918628487,146.78241918628487,True
1466436332,166.8,166.8,159.69254886828693,False
1466436333,166.8,185.81467067416798,185.81467067416798,True
1466436431,166.8,166.8,165.76053167385356,False
1466436520,166.8,66.62396498148486,66.62396498148486,True
1466436572,166.8,166.8,160.61259532939468,False
1466436647,166.8,166.8,118.84737697090564,False
1466436655,166.8,166.8,101.82576214489568,False
1466436727,166.8,166.17062925815816,166.17062925815816,True
1466436793,166.8,159.23837221691818,159.23837221691818,True
1466436879,166.8,87.32046097637789,87.32046097637789,True
1466436880,166.8,95.82018606435123,95.82018606435123,True
1466436939,166.8,166.8,136.38654695640864,False
1466437015,166.8,41.713706854734944,41.713706854734944,True
1466437048,166.8,129.02628576162778,129.02628576162778,True
1466437088,166.8,184.37050790665498,184.37050790665498,True
1466437105,166.8,166.8,27.041310439028756,False
1466437122,166.8,16.35116569032973,16.35116569032973,True
1466437160,166.8,166.8,175.9402792834514,False
1466437232,166.8,166.8,28.64162879520622,False
1466437321,166.8,166.8,162.89194636517402,False
1466437335,166.8,166.8,125.55149931317797,False
1466437358,166.8,70.67634100861204,70.67634100861204,True
1466437441,166.8,166.8,43.612700496839565,False
1466437480,166.8,166.8,175.61772912805827,False
1466437561,166.8,166.8,82.9340928450572,False
1466437653,166.8,76.79133811079866,76.79133811079866,True
1466437709,166.8,166.8,55.02056208969008,False
1466437798,166.8,166.8,42.95845038365273,False
1466437869,166.8,83.49545387126727,83.49545387126727,True
1466437952,166.8,90.5151879929341,90.5151879929341,True
1466438037,166.8,178.10062352605237,178.10062352605237,True
1466438054,166.8,166.8,132.96315516984072,False
1466438056,166.8,152.50675488340465,152.50675488340465,True
1466438136,166.8,166.8,46.50180867668341,False
1466438234,166.8,124.31931956197727,124.31931956197727,True
1466438261,166.8,166.8,101.34511367230013,False
1466438348,166.8,166.8,153.50535400843435,False
1466438407,166.8,166.8,123.35756494855032,False
1466438422,166.8,65.01278787933393,65.01278787933393,True
1466438476,166.8,166.8,20.90582829176202,False
1466438571,166.8,71.96490123292958,71.96490123292958,True
1466438612,166.8,78.94336196166574,78.94336196166574,True
1466438620,166.8,77.53434036819098,77.53434036819098,True
1466438698,166.8,166.8,50.49752800740326,False
1466438747,166.8,91.9908150169104,91.9908150169104,True
1466438795,166.8,166.8,5.350534667353779,False
1466438810,166.8,166.8,110.82726426536563,False
1466438888,166.8,166.8,40.138087931583556,False
1466438975,166.8,10.416630740623688,10.416630740623688,True
1466439000,166.8,146.11610938475656,146.11610938475656,True
1466439092,166.8,127.70431132629776,127.70431132629776,True
1466439150,166.8,166.8,131.70872241072578,False
1466439229,166.8,67.59359700373795,67.59359700373795,True
1466439279,166.8,2.8900572091775434,2.8900572091775434,True
1466439328,166.8,166.8,56.38374348100081,False
1466439351,166.8,166.8,96.07927409917912,False
1466439447,166.8,166.8,42.737058183435096,False
1466439466,166.8,175.7094955206766,175.7094955206766,True
1466439480,166.8,166.8,162.54354062447356,False
1466439560,166.8,178.85213433456678,178.85213433456678,True
1466439600,166.8,42.18956501786049,42.18956501786049,True
1466439645,166.8,37.80329495921555,37.80329495921555,True
1466439729,166.8,166.8,169.8288866199222,False
1466439772,166.8,166.8,144.4749694989099,False
1466439827,166.4,166.4,146.20676571810935,False
1466439849,166.4,166.4,97.37879323629272,False
1466439910,166.4,0.7194888910176278,0.7194888910176278,True
1466439990,166.4,166.4,59.98526970936402,False
1466440005,166.4,166.4,176.216010852685,False
1466440006,166.4,166.4,17.50938404063138,False
1466440045,166.4,28.130732397673206,28.130732397673206,True
1466440066,166.4,166.4,34.97882868424838,False
1466440154,166.4,22.814026914682195,22.814026914682195,True
1466440214,166.4,166.4,139.5524037593511,False
1466440226,166.4,166.4,58.998102810906715,False
1466440304,166.4,166.4,4.987737478783338,False
1466440385,166.4,142.9353799863436,142.9353799863436,True
1466440451,166.4,161.4008044534863,161.4008044534863,True
1466440521,166.4,166.4,15.403423748757739,False
1466440581,166.4,166.4,195.77713755581837,False
1466440674,166.4,166.4,152.5087884183416,False
1466440727,166.4,166.4,92.68211182982743,False
1466440821,166.4,187.9836043282868,187.9836043282868,True
1466440827,166.4,166.4,170.49763866090763,False
1466440897,166.5,33.36387793970097,33.36387793970097,True
1466440923,166.5,131.65875370085513,131.65875370085513,True
1466441012,166.5,166.5,67.23802961899035,False
1466441049,166.5,36.28931727170321,36.28931727170321,True
1466441147,166.5,159.44334703297966,159.44334703297966,True
1466441213,166.5,175.91959920747928,175.91959920747928,True
1466441311,166.5,166.5,130.8731955741955,False
1466441318,166.5,166.5,163.47736361720408,False
1466441418,166.5,174.8414678343248,174.8414678343248,True
1466441510,166.5,166.5,40.9872923423934,False
1466441541,166.5,135.76201111517457,135.76201111517457,True
1466441579,166.5,166.5,124.30292942102008,False
1466441630,166.5,166.5,124.75568600953505,False
1466441714,166.5,106.95450407128317,106.95450407128317,True
1466441724,166.5,72.11511776747533,72.11511776747533,True
1466441741,166.5,166.5,82.96154820624957,False
1466441822,166.5,157.01738548433408,157.01738548433408,True
1466441883,166.5,67.01225917459679,67.01225917459679,True
1466441934,166.5,9.402097151761613,9.402097151761613,True
1466441947,166.5,166.5,170.66221845937457,False
1466442046,166.5,146.4989721666245,146.4989721666245,True
1466442137,166.5,166.5,52.235636182384425,False
1466442175,166.5,131.03337276464845,131.03337276464845,True
1466442216,166.5,72.37205848395733,72.37205848395733,True
1466442284,166.5,141.53723672230043,141.53723672230043,True
1466442332,166.5,166.5,15.838124246314656,False
1466442358,166.5,10.243409672445193,10.243409672445193,True
1466442362,166.5,56.042163621627,56.042163621627,True
1466442439,166.5,166.5,90.25403788225653,False
1466442490,166.5,166.5,21.71082485434308,False
1466442498,166.5,63.56590367960011,63.56590367960011,True
1466442508,166.5,167.5205633424705,167.5205633424705,True
1466442518,166.5,166.5,7.771678125975745,False
1466442556,166.5,166.5,148.3488799438951,False
1466442656,166.5,166.5,136.63078618318576,False
1466442662,166.5,166.5,58.97408431292759,False
1466442703,166.5,166.5,84.42060296672484,False
1466442768,166.5,166.5,154.41089543971276,False
1466442788,166.5,166.5,127.2104598385486,False
1466442886,166.5,162.12366592058518,162.12366592058518,True
1466442980,166.5,166.5,62.347382265417586,False
1466443000,166.5,46.9886481065543,46.9886481065543,True
1466443029,166.5,14.860838963803547,14.860838963803547,True
1466443038,166.5,166.5,42.25065736063116,False
1466443089,166.5,166.5,32.32176496483934,False
1466443162,166.5,166.5,9.947086044078922,False
1466443201,166.5,133.17926229094724,133.17926229094724,True
1466443219,166.5,23.58647972385843,23.58647972385843,True
1466443263,166.5,92.2634126949912,92.2634126949912,True
1466443350,166.5,166.5,78.28116235261918,False
1466443373,166.5,166.5,35.95905705188205,False
1466443392,166.5,122.5396263152103,122.5396263152103,True
1466443402,166.5,2.310706977132604,2.310706977132604,True
1466443486,166.5,166.5,27.64447307200266,False
1466443511,166.5,174.0114906571184,174.0114906571184,True
1466443584,166.5,110.76495668971917,110.76495668971917,True
1466443677,166.5,9.263648252447743,9.263648252447743,True
1466443725,166.5,166.5,18.60479371644921,False
1466443727,166.5,49.441535015985714,49.441535015985714,True
1466443750,166.5,127.13460987536125,127.13460987536125,True
1466443761,166.5,4.734214591347574,4.734214591347574,True
1466443808,166.5,166.5,199.08455798370088,False
1466443861,166.5,30.781242880295913,30.781242880295913,True
1466443929,166.5,166.5,20.71265366163533,False
1466443986,166.5,144.84601603304176,144.84601603304176,True
1466444043,166.5,122.28557010431504,122.28557010431504,True
1466444110,166.5,2.928821307662699,2.928821307662699,True
1466444192,166.2,166.2,59.957285527341874,False
1466444287,166.2,166.2,1.3439743507687618,False
1466444294,166.2,166.2,115.31371584631015,False
1466444366,166.2,172.03246779858142,172.03246779858142,True
1466444466,166.2,166.2,147.95875143946168,False
1466444505,166.2,69.20171716513468,69.20171716513468,True
1466444556,166.2,166.2,21.168154387937687,False
1466444624,166.2,166.2,165.30022264125174,False
1466444663,166.2,166.2,31.71850006595931,False
1466444685,166.2,166.2,144.724260040549,False
1466444756,166.2,166.2,63.88699946960863,False
1466444781,166.2,166.2,184.26234026131112,False
1466444840,166.2,59.360202150664776,59.360202150664776,True
1466444854,166.2,166.2,74.74156551850297,False
1466444860,166.2,135.93648440443624,135.93648440443624,True
1466444959,166.2,79.96825244950365,79.96825244950365,True
1466445058,166.2,105.95958090812587,105.95958090812587,True
1466445107,166.2,146.40391728099874,146.40391728099874,True
1466445165,166.2,12.08236219738641,12.08236219738641,True
1466445170,166.2,166.2,1.9644086177085018,False
1466445173,166.2,33.300525228466626,33.300525228466626,True
1466445247,166.2,166.2,135.73590497380883,False
1466445305,166.2,125.73321986999781,125.73321986999781,True
1466445333,166.2,166.2,26.421013152113805,False
1466445356,166.2,166.2,16.355623173700362,False
1466445430,166.2,58.489909246256275,58.489909246256275,True
1466445491,166.2,166.2,156.63919878376018,False
1466445497,166.2,174.7236663628201,174.7236663628201,True
1466445514,166.2,37.28347531402436,37.28347531402436,True
1466445549,166.2,16.932857931018795,16.932857931018795,True
1466445640,166.2,177.15733839927879,177.15733839927879,True
1466445648,166.2,166.2,167.5566974607777,False
1466445739,166.0,166.0,153.7254863883553,False
1466445814,166.0,58.38554050787215,58.38554050787215,True
1466445879,166.0,166.0,154.68633871306815,False
1466445909,166.0,136.9927025032809,136.9927025032809,True
1466445965,166.0,166.0,179.87985415433877,False
1466446021,166.0,166.0,22.538126932401937,False
1466446045,166.0,56.26130563192564,56.26130563192564,True
1466446071,166.0,7.016987242023953,7.016987242023953,True
1466446120,166.0,8.889273257635688,8.889273257635688,True
1466446168,166.0,166.0,193.3820518645866,False
1466446253,166.0,119.28672488842398,119.28672488842398,True
1466446302,166.0,166.0,183.35138051555168,False
1466446389,166.0,166.0,181.15804561526735,False
1466446404,166.0,166.0,138.71188525434238,False
1466446494,166.0,166.0,34.883864703587086,False
1466446594,166.0,161.31965391091973,161.31965391091973,True
1466446643,166.0,117.09144905168496,117.09144905168496,True
1466446669,166.0,2.7227652984795903,2.7227652984795903,True
1466446690,166.0,166.0,39.798048417350664,False
1466446735,166.0,166.0,123.41042622369432,False
1466446766,166.0,0.8916780235771027,0.8916780235771027,True
1466446852,166.0,166.0,86.27495363372535,False
1466446902,166.0,88.9316126678792,88.9316126678792,True
1466446945,166.0,166.0,117.42831566762544,False
1466446987,166.0,132.78061479003523,132.78061479003523,True
1466447036,166.0,107.8520811819823,107.8520811819823,True
1466447112,166.0,85.11451058012318,85.11451058012318,True
1466447129,166.0,166.0,104.82270895452332,False
1466447189,166.0,117.8090475776546,117.8090475776546,True
1466447224,166.0,47.35376979028383,47.35376979028383,True
1466447270,166.0,65.90597156816062,65.90597156816062,True
1466447272,166.0,170.76067440259465,170.76067440259465,True
1466447348,166.0,4.983945108567855,4.983945108567855,True
1466447359,166.0,53.54649281319788,53.54649281319788,True
1466447388,166.0,116.63880242322635,116.63880242322635,True
1466447390,166.0,166.0,45.613261095770554,False
1466447425,166.0,166.0,148.62884035835353,False
1466447463,166.0,37.56654982165528,37.56654982165528,True
1466447485,166.0,58.0769980861934,58.0769980861934,True
1466447545,166.0,166.0,18.231377513283675,False
1466447553,166.0,11.852863118255197,11.852863118255197,True
1466447554,166.0,166.0,159.56211326829762,False
1466447573,166.0,166.0,39.527256973092406,False
1466447634,166.0,166.0,69.929027657465,False
1466447695,166.0,135.92972808739592,135.92972808739592,True
1466447762,166.0,98.61832204468067,98.61832204468067,True
1466447844,166.0,180.45300391901472,180.45300391901472,True
1466447885,166.0,169.15694755420364,169.15694755420364,True
1466447943,166.0,166.0,9.41775290754958,False
1466447956,166.0,166.0,188.95352629998877,False
1466448041,166.0,91.43470886741483,91.43470886741483,True
1466448140,166.0,152.6737257099875,152.6737257099875,True
1466448215,166.0,61.38368297526537,61.38368297526537,True
1466448270,166.0,166.0,35.60155481467644,False
1466448302,166.0,166.0,5.603275727004364,False
1466448368,166.0,166.0,130.71543775743206,False
1466448422,166.0,25.857306031563088,25.857306031563088,True
1466448517,166.0,3.670181075873069,3.670181075873069,True
1466448614,166.0,166.0,194.33196099139855,False
1466448701,166.0,58.18238550064814,58.18238550064814,True
1466448743,165.8,185.17490799923854,185.17490799923854,True
1466448805,165.8,165.8,21.649552714213538,False
1466448844,165.8,178.9530110266077,178.9530110266077,True
1466448896,165.8,165.8,51.00051202325739,False
1466448984,165.8,21.100893371262686,21.100893371262686,True
1466449031,165.8,165.8,188.4405277220899,False
1466449045,165.8,185.07527700254923,185.07527700254923,True
1466449099,165.8,165.8,105.29586943741775,False
1466449171,165.8,172.9187633425844,172.9187633425844,True
1466449261,165.8,165.8,59.566129886274766,False
1466449280,165.8,165.8,88.99794130844481,False
1466449359,165.8,158.92165089237233,158.92165089237233,True
1466449442,165.8,16.978576619476616,16.978576619476616,True
1466449496,165.8,192.14246749679137,192.14246749679137,True
1466449537,165.8,93.52198621332191,93.52198621332191,True
1466449555,165.8,160.21883804639515,160.21883804639515,True
1466449629,165.8,14.149361775700452,14.149361775700452,True
1466449635,165.8,165.8,181.0189228256028,False
1466449721,165.8,197.1661864536623,197.1661864536623,True
1466449772,165.8,187.26471124823735,187.26471124823735,True
1466449872,165.8,165.8,198.4400396906014,False
1466449873,165.8,86.25513371867098,86.25513371867098,True
1466449884,165.8,124.11737839810506,124.11737839810506,True
1466449937,165.8,91.27387660895727,91.27387660895727,True
1466449953,165.8,79.90297614553421,79.90297614553421,True
1466449959,165.8,165.8,144.75534573124412,False
1466449961,165.8,101.06286274752793,101.06286274752793,True
1466450018,165.8,165.8,191.2713720130842,False
1466450075,165.8,158.47190308831182,158.47190308831182,True
1466450150,165.8,45.58014190295017,45.58014190295017,True
1466450177,165.8,169.504951276333,169.504951276333,True
1466450255,165.8,52.882833294443834,52.882833294443834,True
1466450343,165.8,163.81790724168584,163.81790724168584,True
1466450348,165.8,165.8,72.04029585003506,False
1466450401,165.8,79.90427478740921,79.90427478740921,True
1466450433,165.8,165.8,22.99098629100802,False
1466450507,165.8,165.8,44.14908044154868,False
1466450536,165.8,165.8,195.31634284145042,False
1466450627,165.8,165.8,52.16558297146505,False
1466450723,165.8,12.773690144806892,12.773690144806892,True
1466450817,165.8,188.24255653459906,188.24255653459906,True
1466450900,165.8,59.24566572003216,59.24566572003216,True
1466450902,165.8,165.8,161.57461380684612,False
1466450971,165.8,54.0568189960023,54.0568189960023,True
1466451016,165.9,8.856734837853075,8.856734837853075,True
1466451023,165.9,4.549739301346234,4.549739301346234,True
1466451073,166.1,166.1,26.952197008370792,False
1466451166,166.1,166.1,111.30157233140369,False
1466451231,166.1,40.86051209881663,40.86051209881663,True
1466451245,166.1,166.1,3.948245621952551,False
1466451293,166.1,166.1,83.41592863469688,False
1466451295,166.1,59.66265668327841,59.66265668327841,True
1466451378,166.1,139.69278611721452,139.69278611721452,True
1466451445,166.1,37.06358503484892,37.06358503484892,True
1466451508,166.1,166.1,80.73473575540369,False
1466451599,166.1,166.1,7.320330708637579,False
1466451686,166.1,32.34651162027755,32.34651162027755,True
1466451761,166.1,29.53561281380761,29.53561281380761,True
1466451857,166.1,166.1,110.04529404458698,False
1466451909,166.1,23.338827965352294,23.338827965352294,True
1466451919,166.1,33.073160408703096,33.073160408703096,True
1466452006,166.1,166.1,64.6650092794411,False
1466452035,166.1,177.97064326033149,177.97064326033149,True
1466452039,166.1,166.1,104.24222207464504,False
1466452104,166.1,166.1,141.16127239493179,False
1466452167,166.1,166.1,124.53556799674416,False
1466452238,166.1,81.95289842845854,81.95289842845854,True
1466452313,166.1,156.30389222538406,156.30389222538406,True
1466452339,166.1,166.1,2.309676096304636,False
1466452419,166.1,59.01524650046368,59.01524650046368,True
1466452424,166.1,145.82775561546282,145.82775561546282,True
1466452435,166.1,166.1,63.485594877708486,False
1466452531,166.1,166.1,193.3524112216826,False
1466452584,166.1,166.1,192.8870407601363,False
1466452625,166.1,166.1,45.3576369963546,False
1466452676,166.0,166.0,128.15551552562573,False
1466452752,166.0,166.0,158.30034117514077,False
1466452796,166.0,136.73756470055858,136.73756470055858,True
1466452825,166.0,166.0,160.78328661428466,False
1466452860,166.0,166.0,98.21179103338994,False
1466452960,166.0,166.0,72.01102157562916,False
1466452979,166.0,2.6456305272198444,2.6456305272198444,True
1466453002,166.0,117.68364212862032,117.68364212862032,True
1466453016,166.0,166.0,16.885387386765636,False
1466453025,166.0,166.0,159.0754990779853,False
1466453089,166.0,145.2098592656327,145.2098592656327,True
1466453141,166.0,113.88952148706485,113.88952148706485,True
1466453154,166.0,37.38443898660966,37.38443898660966,True
1466453184,166.0,166.0,114.43745042417748,False
1466453202,166.0,166.0,142.9309546003143,False
1466453203,166.0,3.7745633564782777,3.7745633564782777,True
1466453222,166.0,166.0,64.80785267062134,False
1466453321,166.0,166.0,91.23814095734753,False
1466453379,166.0,166.0,149.33458357470585,False
1466453392,166.0,166.0,136.69508889762557,False
1466453422,166.0,166.0,41.84727504884713,False
1466453502,166.0,37.268300151618064,37.268300151618064,True
1466453518,166.0,166.0,82.84890070034356,False
1466453563,166.0,138.42952909365468,138.42952909365468,True
1466453604,166.0,166.0,63.05184397169339,False
1466453639,166.0,92.09075680713674,92.09075680713674,True
1466453705,166.0,166.0,87.65043005148495,False
1466453795,166.0,196.47620430366283,196.47620430366283,True
1466453816,166.0,33.16853752434752,33.16853752434752,True
1466453870,166.0,17.77858813737465,17.77858813737465,True
1466453910,166.0,166.0,8.048056190891062,False
1466454002,166.0,166.0,154.0985200783964,False
1466454051,166.0,129.92303934234337,129.92303934234337,True
1466454087,166.0,35.88053708372409,35.88053708372409,True
1466454129,166.0,166.0,27.647202309109442,False
1466454227,166.0,166.0,171.7542749446058,False
1466454259,166.0,166.0,78.85635020326316,False
1466454262,166.0,166.0,163.87947012949954,False
1466454298,166.0,109.4870095307748,109.4870095307748,True
1466454388,166.0,166.0,81.30412171768839,False
1466454399,166.0,161.33740862833847,161.33740862833847,True
1466454473,166.0,166.0,169.91619567727113,False
1466454529,166.0,29.913207507877203,29.913207507877203,True
1466454559,166.0,112.11105503002928,112.11105503002928,True
1466454648,166.0,41.693654812830985,41.693654812830985,True
1466454745,166.0,166.0,74.4404316006311,False
1466454763,166.0,166.0,27.133915533663043,False
1466454851,166.0,166.0,71.92964956669987,False
1466454936,166.0,166.0,164.32178026146696,False
1466454949,166.0,166.0,91.53149682461346,False
1466455032,166.0,166.0,164.50842730938172,False
1466455065,166.0,125.66257757382368,125.66257757382368,True
1466455119,166.0,166.0,56.4422166259593,False
1466455172,166.0,166.0,69.36411022735354,False
1466455196,166.0,166.0,115.5352526087977,False
1466455271,166.0,104.24288966365214,104.24288966365214,True
1466455357,166.0,166.0,72.06282761919786,False
1466455361,166.0,25.06222031034313,25.06222031034313,True
1466455394,166.0,166.0,164.65580491227644,False
1466455475,166.0,4.8070107128413975,4.8070107128413975,True
1466455497,166.0,157.10847903504748,157.10847903504748,True
1466455561,166.0,166.0,63.06938732214151,False
1466455575,166.0,45.47739385316676,45.47739385316676,True
1466455587,166.0,76.4210578927014,76.4210578927014,True
1466455651,166.0,166.0,169.0567914717443,False
1466455658,166.0,13.291407995256543,13.291407995256543,True
1466455732,166.0,181.68514774911725,181.68514774911725,True
1466455812,166.0,166.0,92.77162090174618,False
1466455910,166.0,55.712391666029504,55.712391666029504,True
1466455951,165.8,161.90774600122526,161.90774600122526,True
1466455999,165.8,148.34679463628046,148.34679463628046,True
1466456054,165.8,128.13553816156283,128.13553816156283,True
1466456058,165.8,165.8,135.64545725608522,False
1466456074,165.8,165.8,179.33063123076855,False
1466456088,165.8,165.8,22.33610860247872,False
1466456118,165.8,165.8,155.12560134408147,False
1466456218,165.8,164.11489617752082,164.11489617752082,True
1466456265,165.8,165.8,32.93863041258849,False
1466456270,165.8,129.0988515796337,129.0988515796337,True
1466456312,165.8,104.01539727074093,104.01539727074093,True
1466456346,165.8,165.8,101.93430058960348,False
1466456374,165.8,165.8,171.32608331959852,False
1466456406,165.8,165.8,155.38005434580646,False
1466456482,165.8,165.8,150.81657668309597,False
1466456512,165.8,165.8,33.760589326560094,False
1466456610,165.8,165.8,138.04272622547828,False
1466456683,165.8,165.8,111.25194124392364,False
1466456768,165.8,165.8,153.1696749966222,False
1466456856,165.8,80.09728484692067,80.09728484692067,True
1466456927,165.8,165.8,39.559333369340145,False
1466457014,165.8,165.8,156.8668844716598,False
1466457032,165.8,165.8,34.88189776436506,False
1466457067,165.8,164.17794193280827,164.17794193280827,True
1466457157,165.8,165.8,117.34049951568069,False
1466457215,165.8,165.8,66.43320952741188,False
1466457267,165.8,20.247994526007385,20.247994526007385,True
1466457357,165.8,30.614166163287713,30.614166163287713,True
1466457434,165.8,54.4451189683413,54.4451189683413,True
1466457487,165.8,165.8,112.18744709208677,False
1466457559,165.8,165.8,112.8519999128024,False
1466457603,165.8,105.85855802783432,105.85855802783432,True
1466457671,165.8,134.86153551733744,134.86153551733744,True
1466457713,165.8,165.8,78.26272933854712,False
1466457745,165.8,165.8,40.21330913237979,False
1466457782,165.8,165.8,86.59341299948615,False
1466457802,165.8,165.8,57.537659300876086,False
1466457817,165.8,184.10497020687106,184.10497020687106,True
1466457865,165.8,165.24643572689374,165.24643572689374,True
1466457884,165.8,165.8,70.26071536708545,False
1466457885,165.8,165.8,56.77391650809187,False
1466457917,165.8,84.44055460136025,84.44055460136025,True
1466457973,165.8,165.8,178.78163234475343,False
1466458045,165.8,81.76805733991512,81.76805733991512,True
1466458135,165.8,165.8,17.523136178707844,False
1466458151,165.8,61.931708595005695,61.931708595005695,True
1466458230,165.5,194.54756683212568,194.54756683212568,True
1466458324,165.5,165.5,52.59851493738768,False
1466458362,165.5,125.60891286585097,125.60891286585097,True
1466458438,165.5,165.5,39.341477293682715,False
1466458454,165.5,165.5,75.78906296608187,False
1466458496,165.5,165.5,167.96323645931136,False
1466458509,165.5,74.81218254384088,74.81218254384088,True
1466458580,165.5,165.5,4.409778594112979,False
1466458590,165.5,124.73170266623683,124.73170266623683,True
1466458626,165.5,165.5,127.34216344791508,False
1466458642,165.5,165.5,177.46553815557883,False
1466458665,165.5,179.00028439658473,179.00028439658473,True
1466458694,165.5,165.5,46.715710428187165,False
1466458762,165.5,165.5,114.28711951593789,False
1466458793,165.5,165.5,148.43842222054963,False
1466458824,165.5,165.5,122.51138688077334,False
1466458906,165.5,165.5,89.80131163009881,False
1466458982,165.5,131.0337906491547,131.0337906491547,True
1466459068,165.5,165.5,59.14278645971045,False
1466459159,165.5,115.05199690596488,115.05199690596488,True
1466459184,165.5,165.5,193.44537126327685,False
1466459273,165.5,55.34479218517181,55.34479218517181,True
1466459372,165.5,178.2025024639293,178.2025024639293,True
1466459415,165.5,169.17722320447376,169.17722320447376,True
1466459483,165.5,165.5,2.6348465161956325,False
1466459504,165.5,165.5,103.22284649039544,False
1466459588,165.5,58.486705866067744,58.486705866067744,True
1466459595,165.5,136.5782230906163,136.5782230906163,True
1466459673,165.5,191.8257344889652,191.8257344889652,True
1466459726,165.5,84.02045333243176,84.02045333243176,True
1466459800,165.5,16.191663990556027,16.191663990556027,True
1466459857,165.5,135.1440943427049,135.1440943427049,True
1466459887,165.5,165.5,93.81476936508386,False
1466459913,165.5,165.5,98.81722801542566,False
1466459974,165.5,165.5,31.47376436478431,False
1466459995,165.5,189.33833730244814,189.33833730244814,True
1466460001,165.5,165.5,107.72439175744171,False
1466460054,165.5,165.5,126.59090585953993,False
1466460130,165.5,165.5,101.02432203780407,False
1466460215,165.5,165.5,108.43192486039408,False
1466460252,165.5,33.35986524146912,33.35986524146912,True
1466460272,165.5,165.5,11.944790882368682,False
1466460346,165.5,165.5,147.86843514620497,False
1466460440,165.5,165.5,67.45609614455645,False
1466460461,165.5,52.3625325798309,52.3625325798309,True
1466460528,165.5,35.25523222080129,35.25523222080129,True
1466460610,165.5,85.20509670912655,85.20509670912655,True
1466460630,165.5,165.5,185.98026614628472,False
1466460691,165.5,165.5,140.8504407135149,False
1466460706,165.5,165.5,133.74579094102614,False
1466460739,165.5,165.5,60.239318960275966,False
1466460765,165.5,138.15312806675715,138.15312806675715,True
1466460795,165.5,171.31796369444592,171.31796369444592,True
1466460877,165.5,175.69452172594075,175.69452172594075,True
1466460973,165.5,165.5,149.26498759790408,False
1466461009,165.5,165.5,91.49469379076483,False
1466461027,165.5,165.5,41.67165462818232,False
1466461032,165.5,39.569026322348044,39.569026322348044,True
1466461096,165.5,165.5,118.97473309977826,False
1466461169,165.5,121.97079979818666,121.97079979818666,True
1466461256,165.5,118.14147752927624,118.14147752927624,True
1466461351,165.5,165.5,18.131103881718612,False
1466461451,165.5,64.5400901543895,64.5400901543895,True
1466461531,165.5,165.5,194.8130079301569,False
1466461568,165.5,165.5,35.73125398573962,False
1466461583,165.5,165.5,54.45069940618188,False
1466461647,165.5,165.5,78.3550189136819,False
1466461703,165.5,165.5,78.98322184252342,False
1466461794,165.5,172.32228044469346,172.32228044469346,True
1466461813,165.5,165.5,35.77217894358764,False
1466461910,165.5,184.45969779800365,184.45969779800365,True
1466461988,165.5,165.5,17.11298907643519,False
1466462056,165.5,176.8067735529004,176.8067735529004,True
1466462101,165.5,31.76031826027772,31.76031826027772,True
1466462155,165.5,167.18747985082862,167.18747985082862,True
1466462215,165.5,165.5,91.06970359636777,False
1466462278,165.5,165.5,96.65569227568692,False
1466462368,165.5,155.04524042646716,155.04524042646716,True
1466462412,165.5,159.02272104753388,159.02272104753388,True
1466462512,165.5,160.23275869553,160.23275869553,True
1466462594,165.5,165.5,153.08014290138792,False
1466462671,165.5,165.5,177.09458700808185,False
1466462716,165.5,165.5,16.83867096809837,False
1466462746,165.5,165.5,41.312578013239246,False
1466462782,165.5,10.399407457768195,10.399407457768195,True
1466462820,165.5,165.5,118.11077580956959,False
1466462833,165.5,165.5,126.24917661840212,False
1466462842,165.5,136.78959113762778,136.78959113762778,True
1466462850,165.5,165.5,9.503295220108022,False
1466462941,165.5,34.52309739519346,34.52309739519346,True
1466463026,165.5,158.72459761259591,158.72459761259591,True
1466463117,165.5,48.37627728785048,48.37627728785048,True
1466463139,165.5,141.49084492212768,141.49084492212768,True
