1466410104,69.2,46.51342384266608,46.51342384266608,True
1466410114,69.2,125.71296921351491,125.71296921351491,True
1466410130,69.2,133.238860554803,133.238860554803,True
1466410181,69.2,22.18285460633853,22.18285460633853,True
1466410203,69.2,12.21507072738477,12.21507072738477,True
1466410250,69.2,165.11804429761762,165.11804429761762,True
1466410309,69.2,69.2,50.30925973485068,False
1466410397,69.2,69.2,187.67018699003643,False
1466410430,69.2,136.48490160106115,136.48490160106115,True
1466410469,69.2,69.2,174.8547278482601,False
1466410483,69.2,68.07766565596096,68.07766565596096,True
1466410498,69.2,62.733434582765035,62.733434582765035,True
1466410502,69.2,69.2,195.61758439757963,False
1466410532,69.2,69.2,42.8637316527652,False
1466410541,69.2,69.2,26.44034125017245,False
1466410573,69.2,69.2,98.31571734545759,False
1466410630,69.2,158.21832170450506,158.21832170450506,True
1466410653,69.2,69.2,77.11060701113415,False
1466410746,69.2,69.2,48.56290860125934,False
1466410814,69.2,69.2,31.708834332314684,False
1466410890,69.2,69.2,153.23772482260182,False
1466410902,69.2,69.2,13.469646347558072,False
1466410978,69.2,69.2,124.42059668534323,False
1466411008,69.2,69.2,77.30412727340948,False
1466411066,69.2,66.41424382574439,66.41424382574439,True
1466411094,69.2,69.2,54.49187436034748,False
1466411157,69.2,158.04146145435894,158.04146145435894,True
1466411223,69.2,22.44949322770311,22.44949322770311,True
1466411226,69.2,76.92148249067313,76.92148249067313,True
1466411272,69.2,15.779824205644388,15.779824205644388,True
1466411303,69.2,29.2678580904969,29.2678580904969,True
1466411318,69.2,69.2,190.30288278644807,False
1466411396,69.2,69.2,3.2283462070400004,False
1466411493,69.2,54.951847836848366,54.951847836848366,True
1466411549,69.2,114.81256386131093,114.81256386131093,True
1466411560,69.2,176.0671622387332,176.0671622387332,True
1466411626,69.2,179.971263202071,179.971263202071,True
1466411723,69.2,167.18322426834678,167.18322426834678,True
1466411763,69.2,69.2,183.3834715652634,False
1466411785,69.2,69.2,18.758326754041143,False
1466411854,69.2,101.73136195689736,101.73136195689736,True
1466411889,69.2,172.67118141030522,172.67118141030522,True
1466411988,69.2,69.2,184.12717448480794,False
1466412022,69.2,198.78107874092132,198.78107874092132,True
1466412046,69.2,69.2,64.483236014654,False
1466412076,69.2,69.2,62.19214810357212,False
1466412152,69.2,85.21128412810566,85.21128412810566,True
1466412181,69.2,127.76447825445851,127.76447825445851,True
1466412201,69.2,101.16718166742183,101.16718166742183,True
1466412260,69.2,69.2,86.50343423998197,False
1466412347,69.2,69.2,104.4573434928216,False
1466412360,69.2,69.2,23.589438575210366,False
1466412438,69.2,69.2,94.71993568419812,False
1466412521,69.2,198.23034784158955,198.23034784158955,True
1466412599,69.2,22.341859131468777,22.341859131468777,True
1466412639,69.2,69.9608596435632,69.9608596435632,True
1466412691,69.2,69.2,52.22562231637087,False
1466412747,69.2,69.2,66.5701857730526,False
1466412794,69.2,69.2,64.47167243784158,False
1466412819,69.2,32.5695353157335,32.5695353157335,True
1466412832,69.2,193.77451285597914,193.77451285597914,True
1466412874,69.2,185.4780288134438,185.4780288134438,True
1466412943,69.2,110.63843246415202,110.63843246415202,True
1466412971,69.2,69.2,24.92919396048654,False
1466412990,69.2,145.47819931456687,145.47819931456687,True
1466413028,69.2,69.2,19.252372143656405,False
1466413053,69.2,69.2,71.65845064939809,False
1466413125,69.2,67.74511735550566,67.74511735550566,True
1466413200,69.2,69.2,5.434465362830609,False
1466413264,69.2,69.2,60.92993160416804,False
1466413311,69.2,147.38859408008028,147.38859408008028,True
1466413342,69.2,195.23952877128445,195.23952877128445,True
1466413440,69.2,69.2,43.940711940751086,False
1466413458,69.2,123.35289443371519,123.35289443371519,True
1466413529,69.2,195.52465685580373,195.52465685580373,True
1466413542,69.2,69.2,196.3810579453549,False
1466413638,69.2,69.2,39.50467031433307,False
1466413672,69.2,69.2,99.24281216360622,False
1466413733,69.2,116.86884304489571,116.86884304489571,True
1466413779,69.2,94.37519816438093,94.37519816438093,True
1466413780,69.2,69.2,78.75246903551268,False
1466413864,69.2,51.85043234432636,51.85043234432636,True
1466413885,69.2,3.4847461889023545,3.4847461889023545,True
1466413946,69.2,41.18019921188596,41.18019921188596,True
1466414033,69.2,69.2,117.75468183245957,False
1466414071,69.2,188.26657095238616,188.26657095238616,True
1466414164,69.2,67.0672337352626,67.0672337352626,True
1466414225,69.2,69.2,169.58463291834133,False
1466414312,69.2,9.147712043470001,9.147712043470001,True
1466414325,69.2,69.2,156.2116625610611,False
1466414328,69.2,79.1515533961161,79.1515533961161,True
1466414329,69.2,69.2,197.58610059318525,False
1466414402,69.2,69.2,199.38211474458402,False
1466414407,69.2,69.2,143.61021992256852,False
1466414413,69.2,53.0224576988785,53.0224576988785,True
1466414460,69.2,69.2,37.667048878033114,False
1466414552,69.2,69.2,105.68759901350684,False
1466414602,69.2,46.483580907870994,46.483580907870994,True
1466414662,69.2,125.9631235875759,125.9631235875759,True
1466414746,69.2,62.29500104909875,62.29500104909875,True
1466414844,69.2,69.2,151.60865641287288,False
1466414943,69.2,69.2,121.29533761662354,False
1466414946,69.2,69.2,169.83572346866856,False
1466414966,69.2,11.594786745174313,11.594786745174313,True
1466415038,69.2,120.7446388686825,120.7446388686825,True
1466415106,69.2,40.88009638979586,40.88009638979586,True
1466415130,69.3,69.3,199.68792365428777,False
1466415145,69.3,35.5889697597197,35.5889697597197,True
1466415202,69.3,156.10257332750368,156.10257332750368,True
1466415239,69.3,97.09376864076998,97.09376864076998,True
1466415249,69.3,87.31780707991479,87.31780707991479,True
1466415308,69.3,97.72998925127736,97.72998925127736,True
1466415357,69.3,69.3,47.963238556578666,False
1466415404,69.3,69.2438173299909,69.2438173299909,True
1466415469,69.3,106.95592804585516,106.95592804585516,True
1466415548,69.3,119.75828646513065,119.75828646513065,True
1466415588,69.3,69.3,71.70442320717696,False
1466415627,69.3,69.3,105.59537567292168,False
1466415719,69.3,130.6660158234964,130.6660158234964,True
1466415767,69.3,187.46713262586607,187.46713262586607,True
1466415860,69.3,28.07153165474403,28.07153165474403,True
1466415872,69.3,69.3,180.3451313889173,False
1466415914,69.3,100.85171094974912,100.85171094974912,True
1466415934,69.3,69.3,77.10033062560959,False
1466415988,69.3,8.754869706978209,8.754869706978209,True
1466416004,69.3,146.59940378234475,146.59940378234475,True
1466416050,69.3,69.3,32.90485560913916,False
1466416150,69.3,74.09559351626449,74.09559351626449,True
1466416161,69.3,174.9033147579772,174.9033147579772,True
1466416215,69.3,69.3,199.6709005669478,False
1466416315,69.3,69.3,162.9659723235729,False
1466416321,69.3,69.3,67.1767850111046,False
1466416393,69.3,16.604622657632362,16.604622657632362,True
1466416440,69.3,69.3,179.3358080404647,False
1466416510,69.3,141.13778437152834,141.13778437152834,True
1466416541,69.3,69.3,144.27343770966914,False
1466416631,69.3,116.64590296344595,116.64590296344595,True
1466416671,69.3,126.558218984657,126.558218984657,True
1466416725,69.3,69.3,160.83511131992205,False
1466416815,69.3,69.3,172.14811052664174,False
1466416867,69.3,165.01248809126596,165.01248809126596,True
1466416933,69.3,43.7009212644901,43.7009212644901,True
1466416963,69.3,18.49789927622043,18.49789927622043,True
1466417034,69.3,69.3,31.69534975057926,False
1466417069,69.3,65.75678008272207,65.75678008272207,True
1466417095,69.3,69.3,122.7893805509437,False
1466417123,69.3,55.312559966259414,55.312559966259414,True
1466417219,69.3,120.98870109807278,120.98870109807278,True
1466417228,69.3,170.12321317528088,170.12321317528088,True
1466417235,69.3,69.3,170.10974796634198,False
1466417266,69.3,69.3,169.4593907882412,False
1466417298,69.3,183.39181039852787,183.39181039852787,True
1466417382,69.3,29.96050275462028,29.96050275462028,True
1466417429,69.3,69.3,173.5895495818215,False
1466417434,69.3,110.46784718450327,110.46784718450327,True
1466417513,69.3,109.37739252449619,109.37739252449619,True
1466417598,69.3,5.529961874904887,5.529961874904887,True
1466417615,69.3,60.85747427081063,60.85747427081063,True
1466417654,69.3,23.98164445049733,23.98164445049733,True
1466417749,69.3,35.84202155391119,35.84202155391119,True
1466417763,69.3,140.48658675136568,140.48658675136568,True
1466417822,69.3,69.3,47.963868052257254,False
1466417851,69.3,143.7868127517126,143.7868127517126,True
1466417855,69.3,69.3,3.1079015495920626,False
1466417879,69.3,192.87307936397502,192.87307936397502,True
1466417895,69.3,157.44788622659613,157.44788622659613,True
1466417969,69.3,69.3,100.19303002139024,False
1466418049,69.3,5.8675812957663,5.8675812957663,True
1466418118,69.3,46.88097741226693,46.88097741226693,True
1466418129,69.3,69.3,135.1259463429642,False
1466418179,69.3,69.3,68.47327525099769,False
1466418254,69.3,69.3,125.81235358604026,False
1466418332,69.3,69.3,174.05868967083006,False
1466418428,69.3,69.3,79.62672483206221,False
1466418494,69.3,69.3,63.94739278745525,False
1466418554,69.3,69.3,105.5269560468892,False
1466418563,69.3,90.96460630361474,90.96460630361474,True
1466418564,69.3,14.651303499054968,14.651303499054968,True
1466418594,69.3,69.3,9.18718828253442,False
1466418674,69.3,4.856839011660674,4.856839011660674,True
1466418748,69.3,150.79412200704567,150.79412200704567,True
1466418847,69.3,69.3,182.14669155463744,False
1466418877,69.3,69.3,1.5159511459696517,False
1466418917,69.3,69.3,173.12083341890116,False
1466418938,69.3,141.55633682450204,141.55633682450204,True
1466419031,69.3,69.3,138.92062080326937,False
1466419058,69.3,69.3,157.03898162430428,False
1466419104,69.3,185.72168589268867,185.72168589268867,True
1466419166,69.3,69.3,13.834251204151826,False
1466419261,69.3,69.3,20.522928784355887,False
1466419349,69.3,176.35449014975802,176.35449014975802,True
1466419442,69.3,69.3,195.42129111155683,False
1466419530,69.3,69.3,167.1484533872112,False
1466419595,69.3,69.3,151.90071184325308,False
1466419646,69.3,81.64290735168483,81.64290735168483,True
1466419737,69.3,163.95247009683757,163.95247009683757,True
1466419826,69.3,69.3,117.49528392282107,False
1466419880,69.3,69.3,67.51225027811358,False
1466419911,69.3,56.278130063318635,56.278130063318635,True
1466419938,69.3,69.3,71.40839568479566,False
1466420016,69.3,69.3,172.97208487425812,False
1466420019,69.3,4.64241141344004,4.64241141344004,True
1466420108,69.3,166.90516406384845,166.90516406384845,True
1466420205,69.3,34.88547575268011,34.88547575268011,True
1466420228,69.3,69.3,170.96053313450162,False
1466420257,69.3,24.171896804616377,24.171896804616377,True
1466420270,69.3,69.3,144.9311202585695,False
1466420296,69.3,50.32302654321803,50.32302654321803,True
1466420331,69.3,132.01539363428986,132.01539363428986,True
1466420407,69.3,69.3,158.59356673012658,False
1466420430,69.3,7.39226435622875,7.39226435622875,True
1466420453,69.3,69.3,26.719490267503975,False
1466420474,69.3,78.5290509134686,78.5290509134686,True
1466420566,69.3,6.7927387835564845,6.7927387835564845,True
1466420579,69.3,67.06928331080297,67.06928331080297,True
1466420618,69.3,69.3,90.8057705306685,False
1466420624,69.3,69.3,90.34360615937322,False
1466420643,69.3,69.3,25.383231762892922,False
1466420695,69.3,187.82030681003943,187.82030681003943,True
1466420788,69.3,69.3,43.4440812497759,False
1466420863,69.3,69.3,181.70411269705136,False
1466420947,69.3,17.5443546547287,17.5443546547287,True
1466421003,69.3,95.93517354396548,95.93517354396548,True
1466421032,69.3,54.79462041079148,54.79462041079148,True
1466421050,69.3,69.3,103.76278153477611,False
1466421116,69.3,69.3,47.27611636041171,False
1466421208,69.3,69.3,186.5685015404439,False
1466421234,69.3,69.3,127.95425333024657,False
1466421262,69.3,7.515509911505314,7.515509911505314,True
1466421353,69.3,32.62414359046648,32.62414359046648,True
1466421360,69.3,120.59774760138961,120.59774760138961,True
1466421392,69.3,14.886378749876883,14.886378749876883,True
1466421480,69.3,190.1721945513661,190.1721945513661,True
1466421530,69.3,69.3,69.54152628199924,False
1466421547,69.3,69.3,90.3603436596458,False
1466421591,69.3,69.3,79.51938608334484,False
1466421633,69.3,112.17484257342247,112.17484257342247,True
1466421636,69.3,63.59885897616597,63.59885897616597,True
1466421670,69.3,188.50737771743132,188.50737771743132,True
1466421695,69.3,77.8755594640713,77.8755594640713,True
1466421721,69.3,69.3,21.656756798584297,False
1466421804,69.3,95.21965215668544,95.21965215668544,True
1466421819,69.3,11.450302381689381,11.450302381689381,True
1466421862,69.3,69.3,37.53556647396048,False
1466421885,69.3,56.7665978855248,56.7665978855248,True
1466421936,69.3,69.3,192.2393036562221,False
1466422012,69.3,174.62070843018378,174.62070843018378,True
1466422044,69.3,69.3,166.09447382876584,False
1466422045,69.3,182.0203757420761,182.0203757420761,True
1466422137,69.3,69.3,83.12669240352277,False
1466422162,69.3,48.462157115610836,48.462157115610836,True
1466422189,69.3,69.3,185.43672125057617,False
1466422197,69.3,69.3,17.881142796403893,False
1466422264,69.3,69.3,82.4646519286663,False
1466422330,69.3,25.536313821775238,25.536313821775238,True
1466422378,69.3,69.3,103.06515678768602,False
1466422432,69.3,69.3,89.5717038178705,False
1466422488,69.3,69.3,126.98057897148696,False
1466422577,69.3,183.6011935561875,183.6011935561875,True
1466422628,69.3,69.3,158.43671398396773,False
1466422638,69.3,69.3,62.049727146288866,False
1466422666,69.3,61.06347486948336,61.06347486948336,True
1466422706,69.3,65.01523964311109,65.01523964311109,True
1466422731,69.3,69.3,119.58953160901886,False
1466422804,69.3,69.3,192.86959334107038,False
1466422866,69.3,198.7886634080573,198.7886634080573,True
1466422873,69.3,69.3,110.38962005645712,False
1466422895,69.3,69.3,46.63782184717078,False
1466422953,69.3,8.039016721069858,8.039016721069858,True
1466422973,69.3,81.29742620068939,81.29742620068939,True
1466423017,69.3,69.3,121.13354729240113,False
1466423051,69.3,50.54110605804183,50.54110605804183,True
1466423099,69.3,23.355727280602533,23.355727280602533,True
1466423150,69.3,37.12400399506075,37.12400399506075,True
1466423155,69.3,69.3,97.46517449088614,False
1466423168,69.3,184.1977162568507,184.1977162568507,True
1466423205,69.3,69.3,71.96729221306558,False
1466423275,69.3,69.3,174.273856421565,False
1466423287,69.3,77.89135722022054,77.89135722022054,True
1466423336,69.3,69.3,128.43796741687035,False
1466423340,69.3,108.0295672285124,108.0295672285124,True
1466423355,69.3,69.3,117.87726939076886,False
1466423443,69.3,158.53540537163508,158.53540537163508,True
1466423499,69.3,69.3,161.98880209950065,False
1466423585,69.3,103.3347505625303,103.3347505625303,True
1466423612,69.3,169.7785648323403,169.7785648323403,True
1466423669,69.3,69.3,180.01139063419066,False
1466423705,69.3,52.75827298961659,52.75827298961659,True
1466423770,69.3,187.87649225028318,187.87649225028318,True
1466423844,69.3,86.01458710554202,86.01458710554202,True
1466423902,69.3,69.3,152.40601986832243,False
1466423913,69.3,93.93484884544283,93.93484884544283,True
1466423972,69.3,69.3,28.512277506071637,False
1466424014,69.3,69.3,173.1388485450408,False
1466424069,69.3,69.3,89.16742068347409,False
1466424154,69.3,69.3,167.56953110055977,False
1466424155,69.3,98.84663641976074,98.84663641976074,True
1466424169,69.3,69.3,77.7877043065728,False
1466424262,69.4,99.66276666084627,99.66276666084627,True
1466424339,69.4,69.4,84.7999356789598,False
1466424398,69.4,69.4,34.135915534282056,False
1466424497,69.4,69.4,176.06449445864396,False
1466424558,69.4,69.4,169.04126063747043,False
1466424613,69.4,69.4,127.39295759137936,False
1466424713,69.4,142.27189898641487,142.27189898641487,True
1466424804,69.4,84.56614499066197,84.56614499066197,True
1466424878,69.4,168.84972967237078,168.84972967237078,True
1466424924,69.4,156.34438968438062,156.34438968438062,True
1466425009,69.4,50.27058178834809,50.27058178834809,True
1466425106,69.4,154.1269155687101,154.1269155687101,True
1466425129,69.4,155.481856437039,155.481856437039,True
1466425179,69.4,59.07203703210644,59.07203703210644,True
1466425257,69.4,69.4,104.45207612983252,False
1466425262,69.4,102.5177160987812,102.5177160987812,True
1466425305,69.4,17.48059146404777,17.48059146404777,True
1466425331,69.4,3.5713009295964104,3.5713009295964104,True
1466425338,69.4,69.4,136.731324104097,False
1466425377,69.4,69.4,51.57994467943339,False
1466425380,69.4,69.4,69.0961486212732,False
1466425417,69.4,136.1400785225813,136.1400785225813,True
1466425484,69.4,102.40278228567843,102.40278228567843,True
1466425517,69.4,15.512633753499095,15.512633753499095,True
1466425553,69.4,44.311564944319606,44.311564944319606,True
1466425640,69.4,180.79707971609068,180.79707971609068,True
1466425687,69.4,2.5985835739313234,2.5985835739313234,True
1466425711,69.4,117.25490996815857,117.25490996815857,True
1466425768,69.4,137.3188371559798,137.3188371559798,True
1466425811,69.4,69.4,122.31059528517017,False
1466425856,69.4,69.4,37.195864523006826,False
1466425869,69.4,69.4,106.7919987671203,False
1466425884,69.5,69.5,146.70446092121156,False
1466425962,69.5,69.5,56.69153941605154,False
1466425974,69.5,69.5,130.16020491663008,False
1466426016,69.5,160.2520171025432,160.2520171025432,True
1466426024,69.5,69.5,78.40466334322625,False
1466426034,69.5,69.5,192.3614678492378,False
1466426130,69.5,69.5,118.84443864702554,False
1466426189,69.5,186.63409918524596,186.63409918524596,True
1466426198,69.5,59.628518946398465,59.628518946398465,True
1466426280,69.5,69.5,73.88613152367998,False
1466426298,69.5,69.5,52.72415561791104,False
1466426380,69.5,69.5,58.7574778783769,False
1466426420,69.5,90.35912279470509,90.35912279470509,True
1466426509,69.5,174.11263531004678,174.11263531004678,True
1466426521,69.5,69.5,56.523355915424276,False
1466426535,69.5,69.5,88.74779729164544,False
1466426563,69.5,69.5,150.30734111018623,False
1466426620,69.5,69.5,112.6719465362213,False
1466426694,69.5,69.5,57.607589302975384,False
1466426764,69.5,69.5,30.490682734667217,False
1466426778,69.5,69.5,49.52898618020867,False
1466426866,69.5,69.5,163.0397191343185,False
1466426938,69.5,122.89927976468609,122.89927976468609,True
1466427022,69.5,69.5,21.92345185041824,False
1466427059,69.5,72.72042603221837,72.72042603221837,True
1466427125,69.5,69.5,25.59884648988413,False
1466427204,69.5,69.5,135.23418463254586,False
1466427240,69.5,69.5,121.20455212706811,False
1466427317,69.5,69.5,54.3727155815297,False
1466427319,69.5,69.5,104.07735587023157,False
1466427331,69.5,69.5,188.289037487397,False
1466427425,69.5,69.5,20.232811775745695,False
1466427458,69.5,121.64186056365752,121.64186056365752,True
1466427495,69.5,13.995977040961272,13.995977040961272,True
1466427543,69.5,69.5,134.52215829327562,False
1466427625,69.5,69.5,7.554484224501179,False
1466427663,69.5,69.5,157.58908637895232,False
1466427672,69.5,134.54491305259916,134.54491305259916,True
1466427684,69.5,106.93415986855817,106.93415986855817,True
1466427739,69.5,84.19084253954824,84.19084253954824,True
1466427769,69.5,162.52728123256895,162.52728123256895,True
1466427775,69.5,69.5,163.8391301490333,False
1466427820,69.5,69.5,167.3317979567407,False
1466427837,69.5,7.874855946494508,7.874855946494508,True
1466427846,69.5,34.29856446900483,34.29856446900483,True
1466427904,69.5,69.5,184.7121692584106,False
1466427997,69.5,69.5,95.2496353336044,False
1466428027,69.5,118.1730385208637,118.1730385208637,True
1466428114,69.5,108.09759849648684,108.09759849648684,True
1466428212,69.5,104.93925701925777,104.93925701925777,True
1466428294,69.5,69.5,87.08859793082351,False
1466428321,69.5,79.98397925764044,79.98397925764044,True
1466428340,69.5,136.68683824149505,136.68683824149505,True
1466428378,69.5,69.5,151.97057526940597,False
1466428463,69.5,153.64841685298686,153.64841685298686,True
1466428551,69.5,69.5,170.99366088845395,False
1466428575,69.5,36.77968694520348,36.77968694520348,True
1466428593,69.5,69.5,39.53699188737922,False
1466428682,69.5,119.58036142454289,119.58036142454289,True
1466428699,69.5,69.5,116.96176249483969,False
1466428719,69.5,26.129957669994997,26.129957669994997,True
1466428819,69.5,154.11541883048477,154.11541883048477,True
1466428850,69.5,69.5,147.43534551696865,False
1466428884,69.5,92.01775601223115,92.01775601223115,True
1466428973,69.5,69.5,107.90676614970371,False
1466429006,69.5,61.831111956529504,61.831111956529504,True
1466429026,69.5,108.17598878088037,108.17598878088037,True
1466429066,69.5,69.5,107.05883726383232,False
1466429072,69.5,40.01782056014955,40.01782056014955,True
1466429103,69.5,69.5,9.296926851600528,False
1466429110,69.5,79.49714355202894,79.49714355202894,True
1466429123,69.5,49.742549546220104,49.742549546220104,True
1466429168,69.5,69.5,56.727524290499055,False
1466429182,69.5,69.5,87.73230746175145,False
1466429184,69.5,69.5,9.192644430886654,False
1466429197,69.5,69.5,82.87715845751784,False
1466429280,69.5,74.62173031199868,74.62173031199868,True
1466429378,69.5,69.5,73.51579863817774,False
1466429450,69.5,69.5,107.07947000334931,False
1466429455,69.5,69.5,120.78789717873795,False
1466429510,69.5,58.99371792446546,58.99371792446546,True
1466429565,69.5,146.61997980932512,146.61997980932512,True
1466429566,69.5,184.76989823749878,184.76989823749878,True
1466429592,69.5,69.5,21.26096591277995,False
1466429623,69.5,69.5,77.62012249378326,False
1466429691,69.5,69.5,70.83679743037578,False
1466429733,69.5,169.66368026194064,169.66368026194064,True
1466429803,69.5,69.5,72.49695977188422,False
1466429832,69.5,105.12029569650716,105.12029569650716,True
1466429905,69.5,119.18527336627768,119.18527336627768,True
1466429997,69.5,69.27352470124177,69.27352470124177,True
1466430050,69.5,80.05953858679734,80.05953858679734,True
1466430088,69.5,175.65824133056327,175.65824133056327,True
1466430174,69.5,69.5,59.46953705330276,False
1466430247,69.5,69.5,9.918181791038272,False
1466430344,69.5,42.03839993574867,42.03839993574867,True
1466430375,69.5,135.85933870465993,135.85933870465993,True
1466430400,69.5,90.5449855781568,90.5449855781568,True
1466430457,69.5,69.5,52.81459990033832,False
1466430483,69.5,151.29913964695103,151.29913964695103,True
1466430517,69.5,43.692830269858376,43.692830269858376,True
1466430524,69.5,69.5,94.29461439383104,False
1466430592,69.5,86.64476408498287,86.64476408498287,True
1466430616,69.5,42.23392036143163,42.23392036143163,True
1466430631,69.5,6.9854977915267735,6.9854977915267735,True
1466430680,69.5,69.5,40.69852200123481,False
1466430734,69.5,58.459564036103686,58.459564036103686,True
1466430790,69.5,69.5,181.68355447393512,False
1466430815,69.5,69.5,118.45084759234253,False
1466430895,69.5,69.5,123.04333915952283,False
1466430916,69.5,69.5,33.143323092668695,False
1466430929,69.5,69.5,155.09648828949832,False
1466430936,69.5,177.95431274176423,177.95431274176423,True
1466431009,69.5,48.839742013375265,48.839742013375265,True
1466431036,69.5,69.5,56.24823498500717,False
1466431055,69.5,138.44578713408885,138.44578713408885,True
1466431145,69.5,69.5,176.4557813764759,False
1466431218,69.5,69.5,155.69414050310314,False
1466431290,69.5,51.28183785045621,51.28183785045621,True
1466431324,69.5,69.5,47.26435901429578,False
1466431400,69.5,163.10470821697822,163.10470821697822,True
1466431450,69.5,96.20180526854543,96.20180526854543,True
1466431526,69.5,69.5,13.876837929651886,False
1466431589,69.5,104.17525756353803,104.17525756353803,True
1466431661,69.5,69.5,154.05471909721916,False
1466431760,69.5,57.311985477857895,57.311985477857895,True
1466431796,69.5,69.5,152.9297005219026,False
1466431848,69.5,113.71246337556735,113.71246337556735,True
1466431879,69.5,69.5,27.070693564507643,False
1466431954,69.5,69.5,168.4966381534593,False
1466431958,69.5,75.39984827570329,75.39984827570329,True
1466432002,69.5,198.17004762631066,198.17004762631066,True
1466432101,69.5,81.73335069094976,81.73335069094976,True
1466432177,69.5,53.163211925497514,53.163211925497514,True
1466432194,69.5,69.5,147.16616542788407,False
1466432237,69.5,69.5,80.1541960577434,False
1466432280,69.5,45.29531473070092,45.29531473070092,True
1466432373,69.5,25.863051111679457,25.863051111679457,True
1466432389,69.5,69.5,50.365410728962566,False
1466432415,69.5,69.5,104.8887628936525,False
1466432417,69.5,95.6741914041495,95.6741914041495,True
1466432506,69.5,38.99747537157441,38.99747537157441,True
1466432569,69.5,69.5,28.03630242726276,False
1466432577,69.5,69.5,104.53286405812517,False
1466432670,69.5,190.34065265145136,190.34065265145136,True
1466432706,69.5,69.5,18.526148074891147,False
1466432804,69.5,69.5,187.7107498237558,False
1466432853,69.5,69.5,31.989215035860163,False
1466432947,69.5,69.5,134.40305569455745,False
1466433040,69.5,69.5,194.74825382409978,False
1466433128,69.5,69.5,198.9938703652163,False
1466433145,69.5,101.4790387570276,101.4790387570276,True
1466433195,69.5,114.4054395878084,114.4054395878084,True
1466433289,69.5,1.5399674953086029,1.5399674953086029,True
1466433375,69.5,58.24822411585926,58.24822411585926,True
1466433427,69.5,69.5,30.964234358411446,False
1466433478,69.4,69.4,47.97053414904593,False
1466433517,69.4,180.30777521450986,180.30777521450986,True
1466433615,69.4,69.4,103.92223294977163,False
1466433672,69.4,69.4,191.95170505314135,False
1466433762,69.4,167.06971404229927,167.06971404229927,True
1466433809,69.4,113.8292361542072,113.8292361542072,True
1466433873,69.4,193.33327777904245,193.33327777904245,True
1466433910,69.4,138.18837251834591,138.18837251834591,True
1466433994,69.4,69.4,172.95751959122185,False
1466434003,69.4,69.4,152.4603201635798,False
1466434045,69.4,69.4,75.97956059152975,False
1466434096,69.4,175.22275688518306,175.22275688518306,True
1466434173,69.4,130.81463863273123,130.81463863273123,True
1466434199,69.4,69.4,165.14902487395088,False
1466434224,69.4,161.9837539428641,161.9837539428641,True
1466434308,69.4,122.51352293213074,122.51352293213074,True
1466434359,69.4,69.4,75.00590632486993,False
1466434371,69.4,69.4,139.815060615332,False
1466434457,69.4,83.09448727751531,83.09448727751531,True
1466434498,69.4,192.59671365846108,192.59671365846108,True
1466434552,69.4,68.52004034710946,68.52004034710946,True
1466434622,69.4,69.4,72.56391256413286,False
1466434691,69.4,69.4,46.87360524559183,False
1466434718,69.5,165.39999719097267,165.39999719097267,True
1466434727,69.5,67.22689699394762,67.22689699394762,True
1466434815,69.5,83.25089664960714,83.25089664960714,True
1466434892,69.5,80.65917172870502,80.65917172870502,True
1466434915,69.5,119.18984345803514,119.18984345803514,True
1466434946,69.5,72.2443487225451,72.2443487225451,True
1466434988,69.5,102.18642560280198,102.18642560280198,True
1466435020,69.5,149.71411072447992,149.71411072447992,True
1466435090,69.5,69.5,22.4014730721094,False
1466435099,69.5,20.809075763749885,20.809075763749885,True
1466435145,69.5,50.1241399407601,50.1241399407601,True
1466435186,69.5,69.5,97.61760790742133,False
1466435246,69.5,69.5,91.67994746858842,False
1466435284,69.5,50.29666134425608,50.29666134425608,True
1466435327,69.5,69.5,168.5727173099145,False
1466435369,69.5,129.85645622104602,129.85645622104602,True
1466435408,69.5,131.76779381144956,131.76779381144956,True
1466435468,69.5,69.5,137.62696124984046,False
1466435486,69.5,69.5,71.09160767159226,False
1466435555,69.5,57.53753525747236,57.53753525747236,True
1466435624,69.5,69.5,66.39583209461605,False
1466435659,69.5,69.5,70.27593747380423,False
1466435682,69.5,85.88860693000298,85.88860693000298,True
1466435712,69.5,171.85260690332981,171.85260690332981,True
1466435794,69.5,30.081953142270667,30.081953142270667,True
1466435878,69.5,191.98802005914968,191.98802005914968,True
1466435904,69.5,69.5,173.7705643041354,False
1466435971,69.5,69.5,164.88662938840866,False
1466436041,69.5,23.864525205461117,23.864525205461117,True
1466436059,69.5,69.5,170.34984280734997,False
1466436093,69.5,69.5,112.93684493742448,False
1466436178,69.5,86.29953089567015,86.29953089567015,True
1466436230,69.5,20.040495753417286,20.040495753417286,True
1466436280,69.5,69.5,17.72883125359197,False
1466436332,69.6,69.6,112.6778360817247,False
1466436333,69.6,69.6,188.02833922201282,False
1466436431,69.6,69.6,125.46522753266287,False
1466436520,69.6,69.6,51.922668197497465,False
1466436572,69.6,69.6,8.659141779933698,False
1466436647,69.6,69.6,9.370376870889663,False
1466436655,69.6,69.6,187.3246165418373,False
1466436727,69.6,130.07678192667288,130.07678192667288,True
1466436793,69.6,193.17969828693737,193.17969828693737,True
1466436879,69.6,69.6,0.4316507436227246,False
1466436880,69.6,69.6,63.963983050085595,False
1466436939,69.6,69.6,172.7239945677943,False
1466437015,69.6,120.98969988662269,120.98969988662269,True
1466437048,69.6,155.77806121668115,155.77806121668115,True
1466437088,69.6,69.6,174.08955541073271,False
1466437105,69.5,69.5,55.09430818074619,False
1466437122,69.5,69.5,61.15792723873517,False
1466437160,69.5,156.68654497571538,156.68654497571538,True
1466437232,69.5,184.7623090389987,184.7623090389987,True
1466437321,69.5,56.195263241382776,56.195263241382776,True
1466437335,69.5,69.5,198.13645672820633,False
1466437358,69.5,69.5,54.46828283131651,False
1466437441,69.5,89.67713169451845,89.67713169451845,True
1466437480,69.5,69.5,33.382829132379484,False
1466437561,69.5,92.90335829700331,92.90335829700331,True
1466437653,69.5,69.5,83.0793910032438,False
1466437709,69.5,88.91676086261806,88.91676086261806,True
1466437798,69.5,69.5,116.16379219182565,False
1466437869,69.5,69.5,149.01692417206002,False
1466437952,69.5,160.90598790424687,160.90598790424687,True
1466438037,69.5,69.5,88.70996323656574,False
1466438054,69.5,154.89346678486908,154.89346678486908,True
1466438056,69.5,54.421333476547716,54.421333476547716,True
1466438136,69.5,69.5,138.51607994500205,False
1466438234,69.5,29.179446204827265,29.179446204827265,True
1466438261,69.5,69.5,67.94748529416562,False
1466438348,69.5,170.9682983025167,170.9682983025167,True
1466438407,69.5,148.0000992832731,148.0000992832731,True
1466438422,69.5,164.48514419078,164.48514419078,True
1466438476,69.5,74.04352179765917,74.04352179765917,True
1466438571,69.5,189.7976874573287,189.7976874573287,True
1466438612,69.5,69.5,103.20784419286046,False
1466438620,69.5,69.5,58.231800755821304,False
1466438698,69.5,173.1780254690346,173.1780254690346,True
1466438747,69.5,69.5,114.96404160261339,False
1466438795,69.5,10.192342241182573,10.192342241182573,True
1466438810,69.5,69.5,52.387683287631724,False
1466438888,69.5,29.495161261585736,29.495161261585736,True
1466438975,69.5,69.5,11.799367968427,False
1466439000,69.5,69.5,115.22927254744599,False
1466439092,69.5,175.00668687168567,175.00668687168567,True
1466439150,69.5,69.5,102.28704244482402,False
1466439229,69.5,113.62579763712455,113.62579763712455,True
1466439279,69.5,172.728867615107,172.728867615107,True
1466439328,69.5,69.5,4.502821150210412,False
1466439351,69.5,69.10937100863552,69.10937100863552,True
1466439447,69.5,189.029715061671,189.029715061671,True
1466439466,69.5,150.5895905881222,150.5895905881222,True
1466439480,69.5,69.5,108.49724289146599,False
1466439560,69.5,163.35294708617846,163.35294708617846,True
1466439600,69.5,81.05954512545979,81.05954512545979,True
1466439645,69.5,82.8872789078899,82.8872789078899,True
1466439729,69.5,69.5,11.322303756585871,False
1466439772,69.5,198.7118252462644,198.7118252462644,True
1466439827,69.5,130.9311357878701,130.9311357878701,True
1466439849,69.5,69.5,172.05793171777947,False
1466439910,69.5,131.48896797191057,131.48896797191057,True
1466439990,69.5,69.5,176.4983608512327,False
1466440005,69.5,69.5,114.2294980215571,False
1466440006,69.5,80.5501801318957,80.5501801318957,True
1466440045,69.5,106.97613992879045,106.97613992879045,True
1466440066,69.5,28.968889252356476,28.968889252356476,True
1466440154,69.5,2.461712473663469,2.461712473663469,True
1466440214,69.5,108.1195394425516,108.1195394425516,True
1466440226,69.5,69.5,186.942967145604,False
1466440304,69.5,103.96392035887358,103.96392035887358,True
1466440385,69.5,69.5,185.53404243731418,False
1466440451,69.5,62.71820582919603,62.71820582919603,True
1466440521,69.5,110.94896622139439,110.94896622139439,True
1466440581,69.5,23.182625027674874,23.182625027674874,True
1466440674,69.5,31.060966753270858,31.060966753270858,True
1466440727,69.5,91.50991188170747,91.50991188170747,True
1466440821,69.5,69.5,0.3918729433693091,False
1466440827,69.5,35.28224268155957,35.28224268155957,True
1466440897,69.5,194.22518743592718,194.22518743592718,True
1466440923,69.5,5.378129760974826,5.378129760974826,True
1466441012,69.5,98.12813212392398,98.12813212392398,True
1466441049,69.5,69.5,176.24347710304815,False
1466441147,69.5,69.5,120.37658272804768,False
1466441213,69.4,72.67930865285899,72.67930865285899,True
1466441311,69.4,69.4,174.48595960358344,False
1466441318,69.4,69.4,169.1670574258308,False
1466441418,69.4,69.4,26.68299834635477,False
1466441510,69.4,14.991517280961663,14.991517280961663,True
1466441541,69.4,69.4,185.72166129658345,False
1466441579,69.4,32.9939114000366,32.9939114000366,True
1466441630,69.4,94.54734753943966,94.54734753943966,True
1466441714,69.4,85.117202100616,85.117202100616,True
1466441724,69.4,56.27231883429926,56.27231883429926,True
1466441741,69.4,69.4,7.559296125161574,False
1466441822,69.4,53.01112630073375,53.01112630073375,True
1466441883,69.4,69.4,163.16870771566693,False
1466441934,69.4,131.72680731950902,131.72680731950902,True
1466441947,69.4,35.13439280642814,35.13439280642814,True
1466442046,69.4,196.09488439034618,196.09488439034618,True
1466442137,69.4,51.92837234636889,51.92837234636889,True
1466442175,69.4,69.4,82.19036590316726,False
1466442216,69.4,35.233531612713406,35.233531612713406,True
1466442284,69.4,69.4,79.15023763155136,False
1466442332,69.4,126.4906180701849,126.4906180701849,True
1466442358,69.4,134.87775546016886,134.87775546016886,True
1466442362,69.4,69.4,138.75051558428567,False
1466442439,69.4,158.91491268181068,158.91491268181068,True
1466442490,69.4,69.4,71.95413054440749,False
1466442498,69.4,104.04614145364974,104.04614145364974,True
1466442508,69.4,69.4,35.8342202712244,False
1466442518,69.4,67.78318426040767,67.78318426040767,True
1466442556,69.4,69.4,133.15892186163333,False
1466442656,69.4,69.4,136.03764779315662,False
1466442662,69.4,109.75347257399359,109.75347257399359,True
1466442703,69.4,69.4,32.91108787322268,False
1466442768,69.4,94.17515708574051,94.17515708574051,True
1466442788,69.4,69.4,162.79532855296765,False
1466442886,69.4,69.4,88.4760677398198,False
1466442980,69.4,140.40468187043774,140.40468187043774,True
1466443000,69.4,148.61225926394076,148.61225926394076,True
1466443029,69.4,69.4,185.4088617356977,False
1466443038,69.4,69.4,113.2904153462536,False
1466443089,69.4,69.4,199.1266695298901,False
1466443162,69.4,69.4,193.21690427881308,False
1466443201,69.4,136.23246038254186,136.23246038254186,True
1466443219,69.4,77.20416793562195,77.20416793562195,True
1466443263,69.4,56.09120259428324,56.09120259428324,True
1466443350,69.4,69.4,160.28405085948745,False
1466443373,69.4,6.495914523180146,6.495914523180146,True
1466443392,69.4,69.4,185.69022274109153,False
1466443402,69.4,69.4,108.73790333158497,False
1466443486,69.4,69.4,70.3961283695786,False
1466443511,69.4,138.38018868992305,138.38018868992305,True
1466443584,69.4,67.61919406819928,67.61919406819928,True
1466443677,69.4,78.02712587287593,78.02712587287593,True
1466443725,69.4,137.94999279501766,137.94999279501766,True
1466443727,69.4,113.42395609906961,113.42395609906961,True
1466443750,69.4,184.61341903614695,184.61341903614695,True
1466443761,69.4,69.4,17.972657693989568,False
1466443808,69.4,69.4,89.07441708335217,False
1466443861,69.4,17.43933442232153,17.43933442232153,True
1466443929,69.4,69.4,80.57474344066911,False
1466443986,69.4,69.4,192.2401495086348,False
1466444043,69.4,107.30276048755427,107.30276048755427,True
1466444110,69.4,166.32498617904693,166.32498617904693,True
1466444192,69.4,167.36383050536588,167.36383050536588,True
1466444287,69.4,13.986881231305404,13.986881231305404,True
1466444294,69.4,69.4,41.98657159081976,False
1466444366,69.4,77.73719894418159,77.73719894418159,True
1466444466,69.4,69.4,110.75280473816964,False
1466444505,69.4,129.15652819753583,129.15652819753583,True
1466444556,69.4,69.4,46.13915506063477,False
1466444624,69.4,112.58061196493483,112.58061196493483,True
1466444663,69.4,69.4,87.75682598608464,False
1466444685,69.4,122.89575589970036,122.89575589970036,True
1466444756,69.4,69.4,99.68818570067775,False
1466444781,69.4,65.76681076113265,65.76681076113265,True
1466444840,69.4,69.4,149.29950981327784,False
1466444854,69.4,69.4,106.3647472402074,False
1466444860,69.4,46.14199146609632,46.14199146609632,True
1466444959,69.4,78.52447213738807,78.52447213738807,True
1466445058,69.4,69.4,54.161350734621735,False
1466445107,69.4,149.3887723157368,149.3887723157368,True
1466445165,69.4,63.20032997104725,63.20032997104725,True
1466445170,69.4,135.7975094322639,135.7975094322639,True
1466445173,69.4,69.4,77.63585236325746,False
1466445247,69.4,69.4,44.663435202588445,False
1466445305,69.4,69.4,195.06417385532075,False
1466445333,69.4,169.1695621574345,169.1695621574345,True
1466445356,69.4,69.4,156.03237478322117,False
1466445430,69.4,69.4,87.16352126158398,False
1466445491,69.4,69.4,96.58304209722151,False
1466445497,69.4,134.8804488219003,134.8804488219003,True
1466445514,69.4,188.0633176430702,188.0633176430702,True
1466445549,69.4,185.88099959741,185.88099959741,True
1466445640,69.4,69.4,102.54075430862078,False
1466445648,69.4,69.4,188.41930682908117,False
1466445739,69.4,27.70696040001519,27.70696040001519,True
1466445814,69.4,69.4,52.218363340741504,False
1466445879,69.4,69.4,48.22033542465347,False
1466445909,69.4,69.4,97.00917210620324,False
1466445965,69.4,44.09174057782288,44.09174057782288,True
1466446021,69.4,72.77987946499296,72.77987946499296,True
1466446045,69.4,69.4,125.87689840639965,False
1466446071,69.4,69.4,21.507761667892545,False
1466446120,69.4,69.4,82.51302408487815,False
1466446168,69.4,69.4,56.85436077703903,False
1466446253,69.4,69.4,95.7580922867775,False
1466446302,69.5,25.337517760307172,25.337517760307172,True
1466446389,69.5,69.5,163.0905419476311,False
1466446404,69.5,69.5,153.71709530525774,False
1466446494,69.5,69.5,61.36246048700471,False
1466446594,69.5,14.908338638990127,14.908338638990127,True
1466446643,69.5,69.5,114.54729130404931,False
1466446669,69.5,69.5,109.82123654367317,False
1466446690,69.5,69.5,53.66869805155143,False
1466446735,69.5,69.5,83.52396728820233,False
1466446766,69.5,120.49159795734363,120.49159795734363,True
1466446852,69.5,34.49793454816654,34.49793454816654,True
1466446902,69.5,69.5,10.980666688019646,False
1466446945,69.5,66.89474108501969,66.89474108501969,True
1466446987,69.5,69.5,125.96528221135792,False
1466447036,69.5,69.5,179.51236197168018,False
1466447112,69.5,31.14299063190231,31.14299063190231,True
1466447129,69.5,61.997986198771486,61.997986198771486,True
1466447189,69.5,69.5,160.55770749153376,False
1466447224,69.5,69.5,61.94859629098293,False
1466447270,69.5,10.6107055225797,10.6107055225797,True
1466447272,69.5,185.00581464177537,185.00581464177537,True
1466447348,69.5,69.5,89.74430099968416,False
1466447359,69.5,154.4794098779218,154.4794098779218,True
1466447388,69.5,95.58570085394817,95.58570085394817,True
1466447390,69.5,69.5,164.84705628587676,False
1466447425,69.5,69.5,130.740969823418,False
1466447463,69.5,133.91615010822218,133.91615010822218,True
1466447485,69.5,26.10307263457441,26.10307263457441,True
1466447545,69.5,69.5,38.30223796639658,False
1466447553,69.5,69.5,54.60234965173463,False
1466447554,69.6,106.54289579724778,106.54289579724778,True
1466447573,69.6,131.7464497555266,131.7464497555266,True
1466447634,69.6,155.55540499162765,155.55540499162765,True
1466447695,69.6,0.8037631058397388,0.8037631058397388,True
1466447762,69.6,69.6,169.71171352068802,False
1466447844,69.6,100.84092114835153,100.84092114835153,True
1466447885,69.6,69.6,86.0248009967201,False
1466447943,69.6,69.6,66.36922914693011,False
1466447956,69.6,73.66983982540518,73.66983982540518,True
1466448041,69.6,9.43202137753505,9.43202137753505,True
1466448140,69.6,69.6,136.52788996573335,False
1466448215,69.6,69.6,166.36228991196361,False
1466448270,69.6,45.471885133906675,45.471885133906675,True
1466448302,69.6,69.6,38.66168347953207,False
1466448368,69.6,69.6,110.98861630058224,False
1466448422,69.6,69.6,113.06617102222066,False
1466448517,69.6,69.6,5.3269083162980735,False
1466448614,69.6,48.74525207163203,48.74525207163203,True
1466448701,69.6,78.43827613079304,78.43827613079304,True
1466448743,69.6,52.758219764202984,52.758219764202984,True
1466448805,69.6,69.6,49.9166270595597,False
1466448844,69.6,61.212169951715346,61.212169951715346,True
1466448896,69.6,14.971271085075678,14.971271085075678,True
1466448984,69.6,69.6,48.391779806541436,False
1466449031,69.6,101.6010474805166,101.6010474805166,True
1466449045,69.6,69.6,197.67291293463586,False
1466449099,69.6,139.11706529473443,139.11706529473443,True
1466449171,69.6,192.02884940747694,192.02884940747694,True
1466449261,69.6,68.09652425595476,68.09652425595476,True
1466449280,69.6,160.91235607218672,160.91235607218672,True
1466449359,69.6,30.753004759617887,30.753004759617887,True
1466449442,69.6,182.99979546856625,182.99979546856625,True
1466449496,69.6,69.6,111.9525299417744,False
1466449537,69.6,86.17997687671131,86.17997687671131,True
1466449555,69.6,69.6,135.8424863279715,False
1466449629,69.6,69.6,162.62971884334897,False
1466449635,69.6,69.6,6.680626702352965,False
1466449721,69.6,177.5050067760607,177.5050067760607,True
1466449772,69.6,49.97282502623934,49.97282502623934,True
1466449872,69.6,132.71729164206155,132.71729164206155,True
1466449873,69.6,69.6,60.828371853978005,False
1466449884,69.6,69.6,175.93204243063397,False
1466449937,69.6,163.93751745690793,163.93751745690793,True
1466449953,69.6,93.57705275584216,93.57705275584216,True
1466449959,69.6,52.039199120571666,52.039199120571666,True
1466449961,69.6,69.6,25.311110849719263,False
1466450018,69.6,9.92690163715415,9.92690163715415,True
1466450075,69.6,127.1154497337881,127.1154497337881,True
1466450150,69.6,28.724879644304522,28.724879644304522,True
1466450177,69.6,69.6,152.81626166581418,False
1466450255,69.6,98.50133203551059,98.50133203551059,True
1466450343,69.6,69.6,148.63630383922265,False
1466450348,69.6,69.6,51.03196304463407,False
1466450401,69.6,69.6,140.46507088518635,False
1466450433,69.6,69.6,14.503176069507816,False
1466450507,69.6,69.6,76.23073870902131,False
1466450536,69.6,69.6,62.93804124047229,False
1466450627,69.6,69.6,73.86425388668275,False
1466450723,69.6,69.6,18.88920717770923,False
1466450817,69.6,69.6,116.44083056737438,False
1466450900,69.6,69.6,122.66208508945675,False
1466450902,69.6,69.6,17.540891578756913,False
1466450971,69.6,69.6,179.84986321207614,False
1466451016,69.6,69.6,122.56994817837403,False
1466451023,69.6,69.6,75.63503488878838,False
1466451073,69.6,69.6,24.654798223110852,False
1466451166,69.6,57.44945723322208,57.44945723322208,True
1466451231,69.6,69.6,16.020478593385135,False
1466451245,69.6,69.6,91.12914801600806,False
1466451293,69.6,69.6,135.24696105093795,False
1466451295,69.6,48.20935323339262,48.20935323339262,True
1466451378,69.6,69.6,119.26014823511544,False
1466451445,69.6,69.6,50.74263749290804,False
1466451508,69.6,89.38795886851953,89.38795886851953,True
1466451599,69.6,69.6,105.30016065373944,False
1466451686,69.6,42.193964575019514,42.193964575019514,True
1466451761,69.6,117.97070985248679,117.97070985248679,True
1466451857,69.6,95.70435941393404,95.70435941393404,True
1466451909,69.6,75.22245705316564,75.22245705316564,True
1466451919,69.6,161.85683585877973,161.85683585877973,True
1466452006,69.6,69.6,133.91594063287624,False
1466452035,69.6,69.6,38.42000859540053,False
1466452039,69.6,7.224004024437147,7.224004024437147,True
1466452104,69.6,69.6,63.481977410284564,False
1466452167,69.6,69.6,24.896559282039576,False
1466452238,69.6,68.05686629811021,68.05686629811021,True
1466452313,69.6,69.6,149.10286307872607,False
1466452339,69.6,69.6,55.1436497974656,False
1466452419,69.6,133.8318648964016,133.8318648964016,True
1466452424,69.6,69.6,79.52599834597403,False
1466452435,69.6,64.27206323993435,64.27206323993435,True
1466452531,69.6,69.6,13.019827207684953,False
1466452584,69.6,69.6,88.96738632728696,False
1466452625,69.6,135.9271241269793,135.9271241269793,True
1466452676,69.6,159.48768332664304,159.48768332664304,True
1466452752,69.6,31.996689993813444,31.996689993813444,True
1466452796,69.6,49.46190671961435,49.46190671961435,True
1466452825,69.6,153.9213113418383,153.9213113418383,True
1466452860,69.6,91.51439937990973,91.51439937990973,True
1466452960,69.6,22.180726990731614,22.180726990731614,True
1466452979,69.6,157.5696672750443,157.5696672750443,True
1466453002,69.6,69.6,97.40960595431704,False
1466453016,69.6,8.140972008912705,8.140972008912705,True
1466453025,69.6,69.6,157.639753707812,False
1466453089,69.6,112.81612921952528,112.81612921952528,True
1466453141,69.6,153.5174021577824,153.5174021577824,True
1466453154,69.6,69.6,197.78828892658478,False
1466453184,69.6,69.6,75.76166733444549,False
1466453202,69.6,69.6,47.21011463618397,False
1466453203,69.6,180.4938884012127,180.4938884012127,True
1466453222,69.6,74.11114705679587,74.11114705679587,True
1466453321,69.6,69.6,180.28304357530257,False
1466453379,69.6,0.6532408246110677,0.6532408246110677,True
1466453392,69.6,119.3697660191229,119.3697660191229,True
1466453422,69.6,158.44944771740518,158.44944771740518,True
1466453502,69.6,103.53988109770103,103.53988109770103,True
1466453518,69.6,37.599490271346724,37.599490271346724,True
1466453563,69.6,146.3967192615937,146.3967192615937,True
1466453604,69.6,69.6,24.246198352291227,False
1466453639,69.6,69.6,71.10371210675982,False
1466453705,69.6,69.6,133.66335078504116,False
1466453795,69.6,69.6,41.85255985403382,False
1466453816,69.6,69.6,178.7945957984619,False
1466453870,69.6,72.76256737075555,72.76256737075555,True
1466453910,69.6,99.55803952233728,99.55803952233728,True
1466454002,69.6,46.821268469276674,46.821268469276674,True
1466454051,69.6,69.6,76.37023080504335,False
1466454087,69.6,69.6,130.67685286655902,False
1466454129,69.6,54.21260964683545,54.21260964683545,True
1466454227,69.6,69.6,45.60541562838372,False
1466454259,69.6,109.22757729571235,109.22757729571235,True
1466454262,69.6,69.6,52.6420878795262,False
1466454298,69.6,69.6,59.41117371554956,False
1466454388,69.6,187.84224843855642,187.84224843855642,True
1466454399,69.6,133.2396171349164,133.2396171349164,True
1466454473,69.6,69.6,121.68338481859182,False
1466454529,69.6,69.6,142.6141781713671,False
1466454559,69.6,69.6,156.4524292137677,False
1466454648,69.6,69.6,114.19293000380506,False
1466454745,69.6,83.17858012724298,83.17858012724298,True
1466454763,69.6,69.6,147.3301320586768,False
1466454851,69.6,94.36845885259142,94.36845885259142,True
1466454936,69.6,69.6,70.4590308658945,False
1466454949,69.6,69.6,8.236568360091523,False
1466455032,69.6,35.68364630179743,35.68364630179743,True
1466455065,69.6,194.31662629033207,194.31662629033207,True
1466455119,69.6,69.6,14.170571019975986,False
1466455172,69.6,72.44976297455653,72.44976297455653,True
1466455196,69.6,69.6,25.988830543344065,False
1466455271,69.6,69.6,182.05166143708277,False
1466455357,69.6,69.6,37.975579205759004,False
1466455361,69.6,69.6,22.756290064457584,False
1466455394,69.6,120.05112032374805,120.05112032374805,True
1466455475,69.6,69.6,110.8295302356227,False
1466455497,69.6,69.6,73.78817509048659,False
1466455561,69.6,61.11732479627763,61.11732479627763,True
1466455575,69.6,69.6,17.353367375202122,False
1466455587,69.6,152.22444457022692,152.22444457022692,True
1466455651,69.6,74.88753791897595,74.88753791897595,True
1466455658,69.6,52.53729468456321,52.53729468456321,True
1466455732,69.6,64.34455548458575,64.34455548458575,True
1466455812,69.6,69.6,63.34546346989376,False
1466455910,69.6,110.02096782120748,110.02096782120748,True
1466455951,69.6,69.6,149.5495561554808,False
1466455999,69.6,125.8703502875379,125.8703502875379,True
1466456054,69.6,24.94152369435141,24.94152369435141,True
1466456058,69.6,24.571615218892262,24.571615218892262,True
1466456074,69.6,69.6,45.14383200878911,False
1466456088,69.6,144.23223781482852,144.23223781482852,True
1466456118,69.6,136.76828344315516,136.76828344315516,True
1466456218,69.6,64.90585030393481,64.90585030393481,True
1466456265,69.6,125.94038365189422,125.94038365189422,True
1466456270,69.6,155.89772634700927,155.89772634700927,True
1466456312,69.6,69.6,102.01925660206304,False
1466456346,69.6,154.37454516660117,154.37454516660117,True
1466456374,69.6,69.6,7.282172677349785,False
1466456406,69.6,90.66847592573706,90.66847592573706,True
1466456482,69.6,138.64487797810492,138.64487797810492,True
1466456512,69.6,69.6,76.719512000919,False
1466456610,69.6,118.67597682738852,118.67597682738852,True
1466456683,69.6,69.6,67.68231083695954,False
1466456768,69.6,69.6,2.010276181491344,False
1466456856,69.6,69.6,72.95679136055098,False
1466456927,69.6,69.6,147.5196422172884,False
1466457014,69.6,69.6,75.55914191394773,False
1466457032,69.6,69.6,34.10436263907257,False
1466457067,69.6,8.973254774202921,8.973254774202921,True
1466457157,69.6,33.92990103167233,33.92990103167233,True
1466457215,69.6,132.0697986645819,132.0697986645819,True
1466457267,69.6,75.16405845722002,75.16405845722002,True
1466457357,69.6,69.6,186.7667689435235,False
1466457434,69.6,69.6,190.94768303516773,False
1466457487,69.6,69.6,84.00130941810214,False
1466457559,69.6,31.93969865365891,31.93969865365891,True
1466457603,69.6,140.89312769333006,140.89312769333006,True
1466457671,69.6,110.44695445265629,110.44695445265629,True
1466457713,69.6,174.40909299048323,174.40909299048323,True
1466457745,69.6,69.6,174.5356583464266,False
1466457782,69.6,64.7888186478567,64.7888186478567,True
1466457802,69.6,69.6,22.945093464863,False
1466457817,69.6,69.6,173.69596746142,False
1466457865,69.6,9.834392378140432,9.834392378140432,True
1466457884,69.6,134.3934060123084,134.3934060123084,True
1466457885,69.6,47.365217955785695,47.365217955785695,True
1466457917,69.6,136.83206551052655,136.83206551052655,True
1466457973,69.6,95.0419887544886,95.0419887544886,True
1466458045,69.6,69.6,51.49682745928166,False
1466458135,69.6,69.6,108.75466642833327,False
1466458151,69.6,85.37422471805947,85.37422471805947,True
1466458230,69.6,156.08459270499208,156.08459270499208,True
1466458324,69.6,50.90480452061723,50.90480452061723,True
1466458362,69.6,69.6,27.95489780434657,False
1466458438,69.6,69.6,188.40996612014547,False
1466458454,69.6,177.8775541736323,177.8775541736323,True
1466458496,69.6,196.07047193117145,196.07047193117145,True
1466458509,69.6,69.6,20.674282817431934,False
1466458580,69.6,69.6,126.31315036092958,False
1466458590,69.6,89.65955472099776,89.65955472099776,True
1466458626,69.6,69.6,34.47433823283741,False
1466458642,69.6,118.90245968826396,118.90245968826396,True
1466458665,69.6,140.41654037340027,140.41654037340027,True
1466458694,69.6,9.326226509934688,9.326226509934688,True
1466458762,69.6,69.6,118.5318616265798,False
1466458793,69.6,69.6,42.019667525014846,False
1466458824,69.6,90.56437548118717,90.56437548118717,True
1466458906,69.6,69.6,108.09696553897655,False
1466458982,69.6,69.6,57.2911881834318,False
1466459068,69.6,69.6,118.1183755044711,False
1466459159,69.6,147.1505946462604,147.1505946462604,True
1466459184,69.6,69.6,147.18570827462602,False
1466459273,69.6,81.32910189981534,81.32910189981534,True
1466459372,69.6,69.6,176.5404528655273,False
1466459415,69.6,178.28374164281885,178.28374164281885,True
1466459483,69.6,69.6,165.06856786950615,False
1466459504,69.6,57.73933096130322,57.73933096130322,True
1466459588,69.6,69.6,31.06707610046733,False
1466459595,69.6,133.2412615036225,133.2412615036225,True
1466459673,69.6,69.6,193.59914692944136,False
1466459726,69.6,69.6,114.83025140950183,False
1466459800,69.6,69.6,59.917676098802254,False
1466459857,69.6,69.6,146.61568402488749,False
1466459887,69.6,69.6,149.88664481539368,False
1466459913,69.6,69.6,6.698992973262796,False
1466459974,69.6,151.95377151494714,151.95377151494714,True
1466459995,69.6,128.65758862904067,128.65758862904067,True
1466460001,69.6,69.6,44.3683433256904,False
1466460054,69.6,34.58880104488698,34.58880104488698,True
1466460130,69.6,14.953989050290662,14.953989050290662,True
1466460215,69.6,30.50061341742434,30.50061341742434,True
1466460252,69.6,69.6,120.8813963656204,False
1466460272,69.6,127.88744947067457,127.88744947067457,True
1466460346,69.6,69.6,51.905288603812764,False
1466460440,69.6,149.5959743884427,149.5959743884427,True
1466460461,69.6,69.6,21.54014645664151,False
1466460528,69.6,69.6,197.66828764838834,False
1466460610,69.6,69.6,12.290871900011812,False
1466460630,69.6,28.097704812199666,28.097704812199666,True
1466460691,69.6,69.6,10.248410408734344,False
1466460706,69.6,69.6,107.51778298650932,False
1466460739,69.6,69.6,76.54228855204954,False
1466460765,69.6,69.6,6.698335665829114,False
1466460795,69.6,199.71505321580943,199.71505321580943,True
1466460877,69.6,29.45372124284742,29.45372124284742,True
1466460973,69.6,118.73062241618855,118.73062241618855,True
1466461009,69.6,69.6,91.33891826172014,False
1466461027,69.6,127.9077008636313,127.9077008636313,True
1466461032,69.6,72.05799075508148,72.05799075508148,True
1466461096,69.6,69.6,144.29995076142637,False
1466461169,69.6,69.6,160.17382964597437,False
1466461256,69.6,69.6,62.41015269002348,False
1466461351,69.6,69.6,193.22020685591954,False
1466461451,69.6,69.6,0.5042269601714944,False
1466461531,69.6,68.77340912853907,68.77340912853907,True
1466461568,69.6,29.656466378444257,29.656466378444257,True
1466461583,69.6,31.35620018660381,31.35620018660381,True
1466461647,69.6,69.6,76.46568317706081,False
1466461703,69.5,69.5,142.86641475785518,False
1466461794,69.5,5.176839020691237,5.176839020691237,True
1466461813,69.5,195.48537280456168,195.48537280456168,True
1466461910,69.5,43.22843413996591,43.22843413996591,True
1466461988,69.5,69.5,90.06113080343434,False
1466462056,69.5,198.93381127845012,198.93381127845012,True
1466462101,69.5,103.0152190061637,103.0152190061637,True
1466462155,69.5,69.5,66.20460218539195,False
1466462215,69.5,40.60273218355776,40.60273218355776,True
1466462278,69.5,10.02756176658166,10.02756176658166,True
1466462368,69.5,69.5,4.135695464871336,False
1466462412,69.5,69.5,57.247965467332484,False
1466462512,69.5,102.57537001332837,102.57537001332837,True
1466462594,69.5,164.71773164945756,164.71773164945756,True
1466462671,69.5,145.97402974960553,145.97402974960553,True
1466462716,69.5,69.5,181.870083807713,False
1466462746,69.5,123.58669336779688,123.58669336779688,True
1466462782,69.5,69.5,147.11858685262172,False
1466462820,69.5,97.30811439483568,97.30811439483568,True
1466462833,69.5,40.160643997178404,40.160643997178404,True
1466462842,69.5,69.5,170.95400346533046,False
1466462850,69.5,69.5,98.75137212403192,False
1466462941,69.5,79.84475298831133,79.84475298831133,True
1466463026,69.5,69.5,187.68144918516538,False
1466463117,69.5,69.5,16.188126723286665,False
1466463139,69.5,69.5,176.67272259205203,False
