1466410104,0.15,0.6548183247237906,0.6548183247237906,True
1466410114,0.15,0.15,0.2981355879347394,False
1466410130,0.15,0.15,0.31272878089121725,False
1466410181,0.15,0.5868530068523969,0.5868530068523969,True
1466410203,0.15,0.15,0.5429845837796051,False
1466410250,0.15,0.15,0.3052067438101499,False
1466410309,0.15,0.15,0.8459545525864944,False
1466410397,0.14,0.6875825613398382,0.6875825613398382,True
1466410430,0.14,0.14,0.31651080644443286,False
1466410469,0.14,0.12326787242629744,0.12326787242629744,True
1466410483,0.14,0.14,0.810975136020646,False
1466410498,0.14,0.5271683671026351,0.5271683671026351,True
1466410502,0.15,0.15,0.32840559377606093,False
1466410532,0.15,0.06489504021474979,0.06489504021474979,True
1466410541,0.15,0.15,0.9898265822702411,False
1466410573,0.14,0.14,0.16439136957615808,False
1466410630,0.13,0.7441757221863545,0.7441757221863545,True
1466410653,0.13,0.13,0.49597586244980285,False
1466410746,0.13,0.8039459800945811,0.8039459800945811,True
1466410814,0.13,0.13,0.9410085236657891,False
1466410890,0.13,0.07902107076752396,0.07902107076752396,True
1466410902,0.13,0.13,0.32447517359363165,False
1466410978,0.14,0.14,0.9942368375680491,False
1466411008,0.14,0.4563544724726175,0.4563544724726175,True
1466411066,0.14,0.9778534618318369,0.9778534618318369,True
1466411094,0.14,0.34761424880711433,0.34761424880711433,True
1466411157,0.13,0.5169757502290213,0.5169757502290213,True
1466411223,0.13,0.13,0.6598487223986085,False
1466411226,0.12,0.40006484556190636,0.40006484556190636,True
1466411272,0.12,0.49345952611091226,0.49345952611091226,True
1466411303,0.13,0.13,0.3185634203173757,False
1466411318,0.14,0.3824002361050114,0.3824002361050114,True
1466411396,0.14,0.14,0.5087477248830943,False
1466411493,0.14,0.14,0.5256039130564613,False
1466411549,0.14,0.4368580876730296,0.4368580876730296,True
1466411560,0.14,0.14,0.7117541685844226,False
1466411626,0.14,0.14,0.6690150467935918,False
1466411723,0.14,0.14,0.9525422396749688,False
1466411763,0.14,0.6830447733346843,0.6830447733346843,True
1466411785,0.15,0.15,0.5849023451812991,False
1466411854,0.14,0.10759626239548525,0.10759626239548525,True
1466411889,0.14,0.14,0.09383870850187592,False
1466411988,0.14,0.14,0.6968851639836523,False
1466412022,0.15,0.49317891786837353,0.49317891786837353,True
1466412046,0.15,0.056644405267680664,0.056644405267680664,True
1466412076,0.16,0.16,0.33356733417084694,False
1466412152,0.16,0.8270409320495841,0.8270409320495841,True
1466412181,0.16,0.22216143380204667,0.22216143380204667,True
1466412201,0.15,0.800723664165787,0.800723664165787,True
1466412260,0.16,0.16,0.5971981689415081,False
1466412347,0.16,0.9261924821440785,0.9261924821440785,True
1466412360,0.17,0.17,0.991588805123673,False
1466412438,0.18,0.722135085649969,0.722135085649969,True
1466412521,0.18,0.6041527522300564,0.6041527522300564,True
1466412599,0.17,0.9904839577199587,0.9904839577199587,True
1466412639,0.17,0.9887157609726582,0.9887157609726582,True
1466412691,0.17,0.5711182110679242,0.5711182110679242,True
1466412747,0.17,0.17,0.42274221495491904,False
1466412794,0.17,0.9946497616267911,0.9946497616267911,True
1466412819,0.17,0.17,0.7137719096036548,False
1466412832,0.17,0.17,0.8536678871985081,False
1466412874,0.18,0.8961005927496657,0.8961005927496657,True
1466412943,0.18,0.7679149984247448,0.7679149984247448,True
1466412971,0.18,0.18,0.14485311294824388,False
1466412990,0.18,0.39141884939642324,0.39141884939642324,True
1466413028,0.18,0.7832851694064907,0.7832851694064907,True
1466413053,0.18,0.18,0.24650848627296784,False
1466413125,0.18,0.18,0.1903347532296521,False
1466413200,0.18,0.1971583023201261,0.1971583023201261,True
1466413264,0.17,0.21792245278928157,0.21792245278928157,True
1466413311,0.16,0.7509701111995961,0.7509701111995961,True
1466413342,0.15,0.15,0.3016376391891341,False
1466413440,0.15,0.6176214487207018,0.6176214487207018,True
1466413458,0.15,0.15,0.11583912833322285,False
1466413529,0.14,0.14,0.2769380603641012,False
1466413542,0.14,0.14,0.7352913377592782,False
1466413638,0.14,0.14,0.6963118556414679,False
1466413672,0.14,0.8312470806643667,0.8312470806643667,True
1466413733,0.15,0.15,0.9640428832153635,False
1466413779,0.14,0.7427430417744414,0.7427430417744414,True
1466413780,0.15,0.15,0.24994532320510454,False
1466413864,0.14,0.40631831964183807,0.40631831964183807,True
1466413885,0.14,0.6153761733974928,0.6153761733974928,True
1466413946,0.15,0.7011722157848516,0.7011722157848516,True
1466414033,0.15,0.15,0.6149776082577604,False
1466414071,0.15,0.25529217353263234,0.25529217353263234,True
1466414164,0.15,0.45381261286468144,0.45381261286468144,True
1466414225,0.15,0.09988872275185601,0.09988872275185601,True
1466414312,0.15,0.6844913256308375,0.6844913256308375,True
1466414325,0.14,0.1136049630068603,0.1136049630068603,True
1466414328,0.13,0.8054435403048985,0.8054435403048985,True
1466414329,0.13,0.13,0.2516764875235161,False
1466414402,0.13,0.12583011836295166,0.12583011836295166,True
1466414407,0.14,0.3009705600521785,0.3009705600521785,True
1466414413,0.14,0.15810503706184853,0.15810503706184853,True
1466414460,0.14,0.14,0.24540856003335254,False
1466414552,0.15,0.15,0.3310170115638683,False
1466414602,0.15,0.15,0.9250382157086846,False
1466414662,0.14,0.7888810762692993,0.7888810762692993,True
1466414746,0.14,0.6006009034021236,0.6006009034021236,True
1466414844,0.14,0.14,0.46632839722318875,False
1466414943,0.14,0.14,0.3925803075385358,False
1466414946,0.14,0.1182455218573143,0.1182455218573143,True
1466414966,0.14,0.27098074966180696,0.27098074966180696,True
1466415038,0.15,0.15,0.11446508094289709,False
1466415106,0.14,0.7327359434667633,0.7327359434667633,True
1466415130,0.14,0.8902436694488255,0.8902436694488255,True
1466415145,0.14,0.36341954686041045,0.36341954686041045,True
1466415202,0.14,0.7263378296960632,0.7263378296960632,True
1466415239,0.14,0.14,0.9793002308892469,False
1466415249,0.14,0.14,0.5296335635660594,False
1466415308,0.14,0.3251876560542133,0.3251876560542133,True
1466415357,0.14,0.5520334991416029,0.5520334991416029,True
1466415404,0.14,0.14,0.28628845552057613,False
1466415469,0.14,0.8151714151669117,0.8151714151669117,True
1466415548,0.15,0.15,0.7465312027228088,False
1466415588,0.16,0.16,0.4806780066273344,False
1466415627,0.17,0.28238632808862196,0.28238632808862196,True
1466415719,0.17,0.17,0.14897103260089717,False
1466415767,0.16,0.16,0.1563430533570609,False
1466415860,0.16,0.16,0.7701632679903682,False
1466415872,0.15,0.21080289472678992,0.21080289472678992,True
1466415914,0.15,0.15,0.24433143265111557,False
1466415934,0.15,0.8953392660062828,0.8953392660062828,True
1466415988,0.15,0.15,0.5741109229589243,False
1466416004,0.15,0.659263843498713,0.659263843498713,True
1466416050,0.14,0.14,0.7261460376021948,False
1466416150,0.14,0.14,0.46376895474647006,False
1466416161,0.14,0.14,0.32834482307450874,False
1466416215,0.14,0.14,0.8610452311069557,False
1466416315,0.14,0.1879679553040835,0.1879679553040835,True
1466416321,0.13,0.13,0.7332426387863806,False
1466416393,0.13,0.685866810306814,0.685866810306814,True
1466416440,0.12,0.43619981486616055,0.43619981486616055,True
1466416510,0.13,0.5449774562105922,0.5449774562105922,True
1466416541,0.14,0.09292019630817083,0.09292019630817083,True
1466416631,0.14,0.14,0.2632160049215485,False
1466416671,0.14,0.467243122722796,0.467243122722796,True
1466416725,0.15,0.4481720830262593,0.4481720830262593,True
1466416815,0.15,0.15,0.5601485611845631,False
1466416867,0.15,0.15,0.6338248410405534,False
1466416933,0.15,0.15,0.8643716328006513,False
1466416963,0.15,0.15,0.7546045008166583,False
1466417034,0.16,0.8836847699076489,0.8836847699076489,True
1466417069,0.16,0.939207508428402,0.939207508428402,True
1466417095,0.17,0.189168319160679,0.189168319160679,True
1466417123,0.17,0.17,0.5436889961219545,False
1466417219,0.18,0.18,0.6986692764505338,False
1466417228,0.17,0.17,0.13485029186730269,False
1466417235,0.17,0.17,0.46349650966230693,False
1466417266,0.18,0.5786218677102057,0.5786218677102057,True
1466417298,0.18,0.18,0.9224670741688233,False
1466417382,0.18,0.18,0.2961019367948673,False
1466417429,0.18,0.4691734016821614,0.4691734016821614,True
1466417434,0.18,0.18,0.8064916582358539,False
1466417513,0.18,0.41853779894723486,0.41853779894723486,True
1466417598,0.18,0.7264530045537889,0.7264530045537889,True
1466417615,0.19,0.19,0.18475579245592,False
1466417654,0.2,0.708977418451874,0.708977418451874,True
1466417749,0.21,0.7514775916243532,0.7514775916243532,True
1466417763,0.21,0.21,0.12034512569752032,False
1466417822,0.22,0.22,0.7314488927610827,False
1466417851,0.22,0.22,0.17539615961440613,False
1466417855,0.21,0.21,0.9060678423645226,False
1466417879,0.21,0.21,0.011285769415266156,False
1466417895,0.22,0.22,0.7643568453437332,False
1466417969,0.22,0.22,0.15745472471938304,False
1466418049,0.22,0.22,0.03412267253527701,False
1466418118,0.22,0.22,0.3845553349221783,False
1466418129,0.22,0.22,0.29770094199880426,False
1466418179,0.21,0.21,0.30697482100255824,False
1466418254,0.22,0.05678886054160226,0.05678886054160226,True
1466418332,0.22,0.22,0.7110290005505124,False
1466418428,0.23,0.3539800801087929,0.3539800801087929,True
1466418494,0.24,0.24,0.05119862626247962,False
1466418554,0.24,0.29394424753417536,0.29394424753417536,True
1466418563,0.24,0.24,0.6430702130022157,False
1466418564,0.24,0.6938493808241637,0.6938493808241637,True
1466418594,0.23,0.23,0.5656459572174799,False
1466418674,0.23,0.23,0.014535199551040212,False
1466418748,0.23,0.23,0.6358900199679253,False
1466418847,0.23,0.23,0.2054381300500785,False
1466418877,0.23,0.7166812400634706,0.7166812400634706,True
1466418917,0.23,0.23,0.016928830302349707,False
1466418938,0.23,0.5967993044384695,0.5967993044384695,True
1466419031,0.23,0.01785555730779609,0.01785555730779609,True
1466419058,0.23,0.23,0.40788550335394025,False
1466419104,0.23,0.23,0.13977149127924582,False
1466419166,0.24,0.24,0.7171460492896063,False
1466419261,0.23,0.014287040394231676,0.014287040394231676,True
1466419349,0.22,0.6865914412366734,0.6865914412366734,True
1466419442,0.22,0.22,0.1691000137350701,False
1466419530,0.23,0.30395495767689196,0.30395495767689196,True
1466419595,0.23,0.17142317056849687,0.17142317056849687,True
1466419646,0.23,0.5370457486584642,0.5370457486584642,True
1466419737,0.23,0.23,0.12137825733917584,False
1466419826,0.23,0.23,0.18925400663938252,False
1466419880,0.23,0.1908818848478,0.1908818848478,True
1466419911,0.22,0.22,0.4319269158930764,False
1466419938,0.22,0.5725745464137658,0.5725745464137658,True
1466420016,0.23,0.45849752906938723,0.45849752906938723,True
1466420019,0.22,0.22,0.9389315011284064,False
1466420108,0.23,0.7591995824613232,0.7591995824613232,True
1466420205,0.22,0.22,0.2629837646373713,False
1466420228,0.21,0.23168898373919933,0.23168898373919933,True
1466420257,0.21,0.21,0.862788891157188,False
1466420270,0.22,0.22,0.9612656543434276,False
1466420296,0.23,0.3682550836106553,0.3682550836106553,True
1466420331,0.23,0.7899061152996875,0.7899061152996875,True
1466420407,0.24,0.24,0.25924956842904157,False
1466420430,0.24,0.24,0.5481252271017997,False
1466420453,0.25,0.25,0.7724414113392708,False
1466420474,0.25,0.25,0.25717906911427924,False
1466420566,0.25,0.25,0.9787741773681998,False
1466420579,0.25,0.25,0.7628014491391008,False
1466420618,0.26,0.26,0.7899350539698926,False
1466420624,0.26,0.6565398845046964,0.6565398845046964,True
1466420643,0.26,0.9180866224132869,0.9180866224132869,True
1466420695,0.26,0.26,0.014256254650213407,False
1466420788,0.27,0.27,0.28182591930585177,False
1466420863,0.28,0.4884999848363294,0.4884999848363294,True
1466420947,0.29,0.7349651092706162,0.7349651092706162,True
1466421003,0.28,0.28,0.37362916823959935,False
1466421032,0.29,0.7693407960860241,0.7693407960860241,True
1466421050,0.3,0.3,0.4138660513711644,False
1466421116,0.3,0.39718350128184154,0.39718350128184154,True
1466421208,0.29,0.3651425294912196,0.3651425294912196,True
1466421234,0.3,0.3,0.8361868863928142,False
1466421262,0.3,0.9586695294361773,0.9586695294361773,True
1466421353,0.29,0.8757400984293549,0.8757400984293549,True
1466421360,0.29,0.08340916447578728,0.08340916447578728,True
1466421392,0.28,0.6171376408513306,0.6171376408513306,True
1466421480,0.27,0.33268911429591175,0.33268911429591175,True
1466421530,0.27,0.27,0.5398487844402726,False
1466421547,0.27,0.27,0.7633559337111588,False
1466421591,0.27,0.27,0.04220468152990631,False
1466421633,0.27,0.7955511173306715,0.7955511173306715,True
1466421636,0.27,0.9402287342244432,0.9402287342244432,True
1466421670,0.27,0.27,0.6657143168881796,False
1466421695,0.27,0.27,0.9714860255465956,False
1466421721,0.27,0.27,0.3338374132970846,False
1466421804,0.27,0.27270452463843486,0.27270452463843486,True
1466421819,0.27,0.27,0.5285948569164087,False
1466421862,0.26,0.26,0.27829319820703013,False
1466421885,0.26,0.26,0.2838151455957608,False
1466421936,0.26,0.023685549824687735,0.023685549824687735,True
1466422012,0.26,0.24367216783160683,0.24367216783160683,True
1466422044,0.25,0.5724189522600308,0.5724189522600308,True
1466422045,0.25,0.25,0.8133467413256251,False
1466422137,0.25,0.25,0.14351885343177362,False
1466422162,0.24,0.24,0.46372868376280907,False
1466422189,0.24,0.24,0.1632708008105761,False
1466422197,0.24,0.24,0.22631056367425084,False
1466422264,0.25,0.48476304549014926,0.48476304549014926,True
1466422330,0.25,0.19895662395554758,0.19895662395554758,True
1466422378,0.25,0.25,0.5725991753408005,False
1466422432,0.25,0.585501869314755,0.585501869314755,True
1466422488,0.25,0.25,0.2673157059417677,False
1466422577,0.25,0.7713220112620307,0.7713220112620307,True
1466422628,0.24,0.9331111038836254,0.9331111038836254,True
1466422638,0.25,0.033413896510807395,0.033413896510807395,True
1466422666,0.25,0.25,0.4500834352678599,False
1466422706,0.24,0.3383071134547244,0.3383071134547244,True
1466422731,0.24,0.24,0.9365452631894939,False
1466422804,0.24,0.7214402297869259,0.7214402297869259,True
1466422866,0.24,0.0968394171275363,0.0968394171275363,True
1466422873,0.23,0.23,0.2563262599116152,False
1466422895,0.23,0.16049736906992884,0.16049736906992884,True
1466422953,0.24,0.696163166055907,0.696163166055907,True
1466422973,0.24,0.9424078630749481,0.9424078630749481,True
1466423017,0.23,0.23,0.556467147227283,False
1466423051,0.23,0.9125788741398373,0.9125788741398373,True
1466423099,0.23,0.8629356894867423,0.8629356894867423,True
1466423150,0.23,0.23,0.6885112493812322,False
1466423155,0.23,0.5020266365843972,0.5020266365843972,True
1466423168,0.24,0.24,0.9014685516803387,False
1466423205,0.24,0.41921633553330795,0.41921633553330795,True
1466423275,0.25,0.25,0.12970588810370065,False
1466423287,0.25,0.25,0.8347151415005053,False
1466423336,0.24,0.24,0.3139608395869731,False
1466423340,0.23,0.23,0.43281326914199936,False
1466423355,0.23,0.17900383321934477,0.17900383321934477,True
1466423443,0.23,0.54986041377208,0.54986041377208,True
1466423499,0.24,0.9226942578249562,0.9226942578249562,True
1466423585,0.23,0.23,0.6282607743413224,False
1466423612,0.23,0.23,0.5783431619469382,False
1466423669,0.22,0.8418687528788914,0.8418687528788914,True
1466423705,0.22,0.22,0.43054800462622533,False
1466423770,0.22,0.3929061503219604,0.3929061503219604,True
1466423844,0.22,0.22,0.4607101034064143,False
1466423902,0.22,0.867984324062537,0.867984324062537,True
1466423913,0.22,0.22,0.9202874726223786,False
1466423972,0.22,0.22,0.3710869145951148,False
1466424014,0.22,0.37980728263139485,0.37980728263139485,True
1466424069,0.21,0.46224708540578974,0.46224708540578974,True
1466424154,0.22,0.7878392037994988,0.7878392037994988,True
1466424155,0.22,0.22,0.4861173464295868,False
1466424169,0.22,0.2366560245332816,0.2366560245332816,True
1466424262,0.22,0.22,0.513274205429934,False
1466424339,0.22,0.22,0.9018087785013081,False
1466424398,0.21,0.21,0.7003649033814106,False
1466424497,0.21,0.002036325305472375,0.002036325305472375,True
1466424558,0.22,0.22,0.09676844021873987,False
1466424613,0.23,0.23,0.49242979956835164,False
1466424713,0.24,0.5691769359549287,0.5691769359549287,True
1466424804,0.24,0.24,0.4992206503629717,False
1466424878,0.24,0.1498997398538765,0.1498997398538765,True
1466424924,0.24,0.6355932438748755,0.6355932438748755,True
1466425009,0.25,0.25,0.82929132940253,False
1466425106,0.25,0.25,0.5446240859652746,False
1466425129,0.24,0.33120853368277026,0.33120853368277026,True
1466425179,0.24,0.5487002399542977,0.5487002399542977,True
1466425257,0.23,0.23,0.8869918043423073,False
1466425262,0.23,0.21604904672205938,0.21604904672205938,True
1466425305,0.23,0.23,0.7192806084295155,False
1466425331,0.23,0.23,0.04192332177886471,False
1466425338,0.23,0.23,0.8823291109958918,False
1466425377,0.23,0.3242633453201116,0.3242633453201116,True
1466425380,0.23,0.23,0.23695331434904987,False
1466425417,0.22,0.22,0.42962019213680946,False
1466425484,0.23,0.9876958744027341,0.9876958744027341,True
1466425517,0.23,0.8131632005896906,0.8131632005896906,True
1466425553,0.24,0.24,0.8547433162586675,False
1466425640,0.23,0.23,0.8563670877386819,False
1466425687,0.23,0.5880312052526181,0.5880312052526181,True
1466425711,0.23,0.39818237596418016,0.39818237596418016,True
1466425768,0.23,0.23,0.22045693778521802,False
1466425811,0.24,0.24,0.2535656818335148,False
1466425856,0.24,0.24,0.5875824799054296,False
1466425869,0.24,0.24,0.7870561946444414,False
1466425884,0.24,0.24,0.871652081133216,False
1466425962,0.24,0.481235268183385,0.481235268183385,True
1466425974,0.23,0.23,0.3663313311293781,False
1466426016,0.23,0.5165747235215485,0.5165747235215485,True
1466426024,0.22,0.22,0.7548743887744335,False
1466426034,0.23,0.23,0.5651417726596645,False
1466426130,0.23,0.23,0.7235510093871458,False
1466426189,0.23,0.23,0.4870946986932333,False
1466426198,0.22,0.8571110267635887,0.8571110267635887,True
1466426280,0.22,0.7854324362748404,0.7854324362748404,True
1466426298,0.22,0.22,0.7254382441206515,False
1466426380,0.21,0.21,0.41436992141571705,False
1466426420,0.2,0.2,0.26235581405441144,False
1466426509,0.2,0.9454317292636664,0.9454317292636664,True
1466426521,0.21,0.7175051488652834,0.7175051488652834,True
1466426535,0.21,0.2823790984780076,0.2823790984780076,True
1466426563,0.21,0.35856872244890603,0.35856872244890603,True
1466426620,0.21,0.21,0.7467060926122597,False
1466426694,0.21,0.12526690393369388,0.12526690393369388,True
1466426764,0.2,0.2,0.02865506882893676,False
1466426778,0.2,0.6567461788334584,0.6567461788334584,True
1466426866,0.2,0.6208583159018687,0.6208583159018687,True
1466426938,0.2,0.2,0.9806682545646047,False
1466427022,0.2,0.7737532007858305,0.7737532007858305,True
1466427059,0.19,0.25091170840815924,0.25091170840815924,True
1466427125,0.19,0.44494326313124655,0.44494326313124655,True
1466427204,0.19,0.19,0.285025771579004,False
1466427240,0.19,0.9155835582270587,0.9155835582270587,True
1466427317,0.2,0.2,0.5466642720181002,False
1466427319,0.21,0.19965502518745715,0.19965502518745715,True
1466427331,0.21,0.21,0.5547173227822843,False
1466427425,0.21,0.7488027371571141,0.7488027371571141,True
1466427458,0.2,0.051562691432426866,0.051562691432426866,True
1466427495,0.2,0.6995697723795293,0.6995697723795293,True
1466427543,0.2,0.6965679774875038,0.6965679774875038,True
1466427625,0.2,0.2,0.7160403088379937,False
1466427663,0.2,0.2,0.29677194436075827,False
1466427672,0.21,0.21,0.903812695484188,False
1466427684,0.22,0.8652099131082427,0.8652099131082427,True
1466427739,0.22,0.22,0.22076904836099953,False
1466427769,0.23,0.23,0.672174112385596,False
1466427775,0.23,0.23,0.5445702943719243,False
1466427820,0.24,0.24,0.17950723274919433,False
1466427837,0.24,0.24,0.2275969456270006,False
1466427846,0.23,0.23,0.7885383993988948,False
1466427904,0.23,0.7852233331900882,0.7852233331900882,True
1466427997,0.23,0.23,0.8801234632705855,False
1466428027,0.23,0.17098722625435414,0.17098722625435414,True
1466428114,0.23,0.23,0.9712509081296298,False
1466428212,0.23,0.8604306034769809,0.8604306034769809,True
1466428294,0.23,0.23,0.43444746565845527,False
1466428321,0.23,0.08917500511059351,0.08917500511059351,True
1466428340,0.23,0.6686969924290401,0.6686969924290401,True
1466428378,0.24,0.1425896502495837,0.1425896502495837,True
1466428463,0.25,0.25,0.7274193845159316,False
1466428551,0.25,0.25,0.4207703485560115,False
1466428575,0.25,0.25,0.29176609012577304,False
1466428593,0.25,0.5838715240882879,0.5838715240882879,True
1466428682,0.25,0.25,0.59053430815533,False
1466428699,0.26,0.26,0.557421134632493,False
1466428719,0.26,0.26,0.5052525773771,False
1466428819,0.26,0.26,0.4601782204398027,False
1466428850,0.26,0.26,0.9625956208169651,False
1466428884,0.26,0.5611771620119638,0.5611771620119638,True
1466428973,0.26,0.5389593342892002,0.5389593342892002,True
1466429006,0.26,0.1036463535236749,0.1036463535236749,True
1466429026,0.26,0.3898507093329213,0.3898507093329213,True
1466429066,0.27,0.05584758596827055,0.05584758596827055,True
1466429072,0.27,0.27,0.2840103596932333,False
1466429103,0.28,0.28,0.38081295196939324,False
1466429110,0.28,0.4280920292214173,0.4280920292214173,True
1466429123,0.29,0.9742287523783352,0.9742287523783352,True
1466429168,0.3,0.0840480185828415,0.0840480185828415,True
1466429182,0.31,0.31,0.5008202024963814,False
1466429184,0.3,0.7575074146739122,0.7575074146739122,True
1466429197,0.3,0.19709029688821755,0.19709029688821755,True
1466429280,0.29,0.5481395302887936,0.5481395302887936,True
1466429378,0.29,0.0945605858148666,0.0945605858148666,True
1466429450,0.29,0.1695554206891393,0.1695554206891393,True
1466429455,0.28,0.8131948611368762,0.8131948611368762,True
1466429510,0.28,0.7345839144962555,0.7345839144962555,True
1466429565,0.28,0.28,0.9397977134962598,False
1466429566,0.28,0.28,0.554392178233046,False
1466429592,0.27,0.27,0.4006491499134702,False
1466429623,0.27,0.27,0.6685256234563575,False
1466429691,0.27,0.6202454385994259,0.6202454385994259,True
1466429733,0.28,0.28,0.13733722281830907,False
1466429803,0.27,0.03496591042699626,0.03496591042699626,True
1466429832,0.28,0.4328184801322208,0.4328184801322208,True
1466429905,0.28,0.2607401392621793,0.2607401392621793,True
1466429997,0.28,0.28,0.16842265617554042,False
1466430050,0.28,0.28,0.38232261371372,False
1466430088,0.29,0.772341456296758,0.772341456296758,True
1466430174,0.29,0.8973950536308584,0.8973950536308584,True
1466430247,0.29,0.9919589665143475,0.9919589665143475,True
1466430344,0.29,0.4443954439334066,0.4443954439334066,True
1466430375,0.3,0.35234437823100073,0.35234437823100073,True
1466430400,0.3,0.9588094369739862,0.9588094369739862,True
1466430457,0.29,0.5388462984914272,0.5388462984914272,True
1466430483,0.28,0.8556570868454623,0.8556570868454623,True
1466430517,0.28,0.28,0.6931839626056732,False
1466430524,0.28,0.28,0.9680107323497817,False
1466430592,0.29,0.29,0.39424640631832164,False
1466430616,0.3,0.3,0.5045508276818343,False
1466430631,0.31,0.31,0.27428243210174463,False
1466430680,0.31,0.6831238173520265,0.6831238173520265,True
1466430734,0.31,0.31,0.6496242458528915,False
1466430790,0.31,0.31,0.7682534874253164,False
1466430815,0.31,0.31,0.9388800358479743,False
1466430895,0.32,0.32,0.08536829672345492,False
1466430916,0.31,0.31,0.8630523263063129,False
1466430929,0.31,0.46377924197477527,0.46377924197477527,True
1466430936,0.3,0.5880418096919265,0.5880418096919265,True
1466431009,0.3,0.3,0.9156638358489646,False
1466431036,0.3,0.3,0.7918847911794901,False
1466431055,0.3,0.0068374614805134515,0.0068374614805134515,True
1466431145,0.3,0.3,0.8076777601572399,False
1466431218,0.3,0.3,0.948086079795422,False
1466431290,0.3,0.8468834893990923,0.8468834893990923,True
1466431324,0.3,0.7710838203338998,0.7710838203338998,True
1466431400,0.31,0.31,0.42190106181200193,False
1466431450,0.31,0.31,0.4313148404954309,False
1466431526,0.31,0.10823944288478382,0.10823944288478382,True
1466431589,0.32,0.6016623617933904,0.6016623617933904,True
1466431661,0.32,0.4811181832387751,0.4811181832387751,True
1466431760,0.33,0.33,0.636648852898995,False
1466431796,0.33,0.9983436384382683,0.9983436384382683,True
1466431848,0.33,0.881733822690853,0.881733822690853,True
1466431879,0.33,0.333432123089197,0.333432123089197,True
1466431954,0.34,0.456747722702615,0.456747722702615,True
1466431958,0.33,0.7264651081749345,0.7264651081749345,True
1466432002,0.33,0.33,0.296564825636463,False
1466432101,0.33,0.9100387842623229,0.9100387842623229,True
1466432177,0.33,0.33,0.7678994547674296,False
1466432194,0.34,0.5388518600167695,0.5388518600167695,True
1466432237,0.34,0.34,0.36419773641204034,False
1466432280,0.34,0.34,0.6297574469380287,False
1466432373,0.35,0.32563208914526454,0.32563208914526454,True
1466432389,0.35,0.35,0.22197782969104674,False
1466432415,0.34,0.251397109799427,0.251397109799427,True
1466432417,0.34,0.5926468288378484,0.5926468288378484,True
1466432506,0.33,0.5170570954192073,0.5170570954192073,True
1466432569,0.33,0.33,0.8293714686236828,False
1466432577,0.34,0.34,0.34758668891041056,False
1466432670,0.35,0.35,0.9609518684936225,False
1466432706,0.35,0.11489703702545428,0.11489703702545428,True
1466432804,0.35,0.35,0.8177628564145416,False
1466432853,0.35,0.35,0.5894556780109684,False
1466432947,0.36,0.7694028214158949,0.7694028214158949,True
1466433040,0.35,0.8270691687901576,0.8270691687901576,True
1466433128,0.34,0.34,0.2590663059175802,False
1466433145,0.33,0.26422175233175904,0.26422175233175904,True
1466433195,0.33,0.13193879543618536,0.13193879543618536,True
1466433289,0.33,0.6638879351856204,0.6638879351856204,True
1466433375,0.33,0.33,0.9559038550101363,False
1466433427,0.33,0.33,0.8742587216379918,False
1466433478,0.33,0.33,0.25152173286830615,False
1466433517,0.33,0.33,0.9923746268775041,False
1466433615,0.34,0.7921607219006759,0.7921607219006759,True
1466433672,0.35,0.802378097503098,0.802378097503098,True
1466433762,0.35,0.35,0.23036602483234458,False
1466433809,0.35,0.1831541717148918,0.1831541717148918,True
1466433873,0.35,0.010271034062561468,0.010271034062561468,True
1466433910,0.34,0.34,0.9511120938812649,False
1466433994,0.34,0.34,0.38123795339068944,False
1466434003,0.34,0.1224775309879641,0.1224775309879641,True
1466434045,0.34,0.47209796017611994,0.47209796017611994,True
1466434096,0.35,0.20966331279174244,0.20966331279174244,True
1466434173,0.35,0.35,0.4689458749914096,False
1466434199,0.35,0.473923090570205,0.473923090570205,True
1466434224,0.34,0.9307639498765322,0.9307639498765322,True
1466434308,0.34,0.34,0.6109220974366318,False
1466434359,0.34,0.5555506838446672,0.5555506838446672,True
1466434371,0.33,0.6356778196998449,0.6356778196998449,True
1466434457,0.33,0.8229969448128853,0.8229969448128853,True
1466434498,0.33,0.362013059731223,0.362013059731223,True
1466434552,0.33,0.6260090796631897,0.6260090796631897,True
1466434622,0.34,0.34,0.8708012889983339,False
1466434691,0.34,0.5575706933178405,0.5575706933178405,True
1466434718,0.34,0.7826487260928355,0.7826487260928355,True
1466434727,0.34,0.34,0.1707227882352298,False
1466434815,0.34,0.28957210546555234,0.28957210546555234,True
1466434892,0.34,0.34,0.5193670517738647,False
1466434915,0.34,0.34,0.07805898752917562,False
1466434946,0.34,0.34,0.3086624826799914,False
1466434988,0.34,0.34,0.7473953211685891,False
1466435020,0.34,0.34,0.01037707038928759,False
1466435090,0.34,0.6810781627958966,0.6810781627958966,True
1466435099,0.34,0.9568915195261435,0.9568915195261435,True
1466435145,0.35,0.03563538400554522,0.03563538400554522,True
1466435186,0.35,0.5518966574509933,0.5518966574509933,True
1466435246,0.35,0.35,0.3847730508402961,False
1466435284,0.34,0.34,0.5803931561885588,False
1466435327,0.34,0.7794269694612707,0.7794269694612707,True
1466435369,0.35,0.45542439540313595,0.45542439540313595,True
1466435408,0.35,0.8434346120781018,0.8434346120781018,True
1466435468,0.34,0.12194885913876352,0.12194885913876352,True
1466435486,0.34,0.9273201794795521,0.9273201794795521,True
1466435555,0.34,0.34,0.04579445833000384,False
1466435624,0.34,0.34,0.7660396507990765,False
1466435659,0.34,0.6882374488511338,0.6882374488511338,True
1466435682,0.34,0.4664094396785947,0.4664094396785947,True
1466435712,0.34,0.2653563166504507,0.2653563166504507,True
1466435794,0.34,0.14190020713408824,0.14190020713408824,True
1466435878,0.34,0.5733485071670762,0.5733485071670762,True
1466435904,0.34,0.18955622538657846,0.18955622538657846,True
1466435971,0.34,0.34,0.7547402209945462,False
1466436041,0.34,0.9844357799604836,0.9844357799604836,True
1466436059,0.33,0.8819532506617378,0.8819532506617378,True
1466436093,0.33,0.9113584712697832,0.9113584712697832,True
1466436178,0.32,0.32,0.8776824905782452,False
1466436230,0.32,0.9651418242436774,0.9651418242436774,True
1466436280,0.32,0.47089724254794596,0.47089724254794596,True
1466436332,0.32,0.32,0.7561085260294655,False
1466436333,0.32,0.32,0.3604664643970539,False
1466436431,0.32,0.9027858061393542,0.9027858061393542,True
1466436520,0.32,0.36110397051335674,0.36110397051335674,True
1466436572,0.32,0.6673511667530475,0.6673511667530475,True
1466436647,0.32,0.32,0.5410776939427715,False
1466436655,0.32,0.32,0.20455260552347732,False
1466436727,0.32,0.5972100937476021,0.5972100937476021,True
1466436793,0.32,0.7655088411396721,0.7655088411396721,True
1466436879,0.32,0.39081645465849213,0.39081645465849213,True
1466436880,0.32,0.47295987247583726,0.47295987247583726,True
1466436939,0.31,0.31,0.3524877849598431,False
1466437015,0.3,0.3,0.9121182148979978,False
1466437048,0.29,0.29,0.44609337214139055,False
1466437088,0.28,0.28,0.9399933550960125,False
1466437105,0.28,0.28,0.5835278642358039,False
1466437122,0.29,0.4675830460662429,0.4675830460662429,True
1466437160,0.29,0.8837620118442981,0.8837620118442981,True
1466437232,0.28,0.3288415435878034,0.3288415435878034,True
1466437321,0.28,0.5502386261858029,0.5502386261858029,True
1466437335,0.29,0.12045715984699945,0.12045715984699945,True
1466437358,0.29,0.4675027446607972,0.4675027446607972,True
1466437441,0.28,0.28,0.5399226407466383,False
1466437480,0.28,0.28,0.5607718440389694,False
1466437561,0.29,0.2732739374690445,0.2732739374690445,True
1466437653,0.28,0.4628345825864717,0.4628345825864717,True
1466437709,0.28,0.28,0.32245093497006894,False
1466437798,0.28,0.28,0.12174109975400504,False
1466437869,0.28,0.032914746036068254,0.032914746036068254,True
1466437952,0.28,0.28,0.8266370543335654,False
1466438037,0.28,0.5109243124380658,0.5109243124380658,True
1466438054,0.28,0.4002324977798055,0.4002324977798055,True
1466438056,0.28,0.28,0.21420780581379117,False
1466438136,0.29,0.29,0.39186928275958866,False
1466438234,0.29,0.29,0.9946392474713037,False
1466438261,0.29,0.8610725028228982,0.8610725028228982,True
1466438348,0.28,0.09412778271677413,0.09412778271677413,True
1466438407,0.28,0.9116420441873643,0.9116420441873643,True
1466438422,0.28,0.13901812705872973,0.13901812705872973,True
1466438476,0.29,0.23150738049916253,0.23150738049916253,True
1466438571,0.29,0.4915024007861143,0.4915024007861143,True
1466438612,0.28,0.28,0.16621523056062903,False
1466438620,0.28,0.8059146315309522,0.8059146315309522,True
1466438698,0.28,0.3476216115539058,0.3476216115539058,True
1466438747,0.28,0.28,0.49799405615387016,False
1466438795,0.28,0.28,0.6339198610578062,False
1466438810,0.27,0.27,0.5910310838314229,False
1466438888,0.27,0.27,0.8104942260741714,False
1466438975,0.27,0.7817121550699025,0.7817121550699025,True
1466439000,0.27,0.12165891464686962,0.12165891464686962,True
1466439092,0.27,0.27,0.1960351941911449,False
1466439150,0.27,0.27,0.6641793344264734,False
1466439229,0.26,0.26,0.4853626265844394,False
1466439279,0.26,0.7543350640606549,0.7543350640606549,True
1466439328,0.26,0.26,0.47574448500921485,False
1466439351,0.26,0.8059394603650897,0.8059394603650897,True
1466439447,0.27,0.8623127827712361,0.8623127827712361,True
1466439466,0.28,0.06585052510732126,0.06585052510732126,True
1466439480,0.29,0.12475589977394319,0.12475589977394319,True
1466439560,0.29,0.29,0.9798850155188918,False
1466439600,0.29,0.7757726199708647,0.7757726199708647,True
1466439645,0.29,0.6751625455480529,0.6751625455480529,True
1466439729,0.29,0.1839736665363837,0.1839736665363837,True
1466439772,0.3,0.9109462110718999,0.9109462110718999,True
1466439827,0.3,0.8356313497097148,0.8356313497097148,True
1466439849,0.3,0.6121071880166572,0.6121071880166572,True
1466439910,0.31,0.3249675492955114,0.3249675492955114,True
1466439990,0.31,0.31,0.4540869965301775,False
1466440005,0.3,0.7262562334595122,0.7262562334595122,True
1466440006,0.3,0.5192838572674477,0.5192838572674477,True
1466440045,0.3,0.3,0.2604995897225937,False
1466440066,0.29,0.732772321104128,0.732772321104128,True
1466440154,0.28,0.28,0.7889773251971347,False
1466440214,0.28,0.28,0.37593531312979445,False
1466440226,0.28,0.28,0.28576938661662443,False
1466440304,0.28,0.28,0.7253308979827618,False
1466440385,0.28,0.48707920013219885,0.48707920013219885,True
1466440451,0.28,0.7764500058610742,0.7764500058610742,True
1466440521,0.28,0.0905650763084418,0.0905650763084418,True
1466440581,0.29,0.25703767946313283,0.25703767946313283,True
1466440674,0.3,0.3,0.7381317110162318,False
1466440727,0.3,0.263686290150838,0.263686290150838,True
1466440821,0.3,0.3,0.4875222437391461,False
1466440827,0.3,0.3,0.45797765442991345,False
1466440897,0.3,0.9180908123700582,0.9180908123700582,True
1466440923,0.3,0.3,0.910234597754894,False
1466441012,0.3,0.5171805641546245,0.5171805641546245,True
1466441049,0.29,0.29,0.05631707463969249,False
1466441147,0.29,0.8201147577695914,0.8201147577695914,True
1466441213,0.29,0.2595221757811619,0.2595221757811619,True
1466441311,0.29,0.28090693754852525,0.28090693754852525,True
1466441318,0.29,0.039706200708023665,0.039706200708023665,True
1466441418,0.28,0.28,0.5756694133721814,False
1466441510,0.28,0.4774177732818825,0.4774177732818825,True
1466441541,0.28,0.28,0.44230875627875677,False
1466441579,0.27,0.27,0.8898493783940525,False
1466441630,0.27,0.2613547547042795,0.2613547547042795,True
1466441714,0.27,0.27,0.06742847440509803,False
1466441724,0.27,0.9178038019723375,0.9178038019723375,True
1466441741,0.28,0.1024073292801686,0.1024073292801686,True
1466441822,0.28,0.28,0.8741354167139836,False
1466441883,0.28,0.28,0.12457965001943438,False
1466441934,0.28,0.28,0.20912933590587202,False
1466441947,0.28,0.6300092733689702,0.6300092733689702,True
1466442046,0.28,0.3522520626184942,0.3522520626184942,True
1466442137,0.28,0.09843638656717757,0.09843638656717757,True
1466442175,0.28,0.28,0.21504028022835275,False
1466442216,0.28,0.3891884530373718,0.3891884530373718,True
1466442284,0.29,0.29,0.4255827948858737,False
1466442332,0.3,0.9219134024943644,0.9219134024943644,True
1466442358,0.3,0.3,0.40495609286651724,False
1466442362,0.3,0.3,0.9084207777723341,False
1466442439,0.3,0.5902723720918315,0.5902723720918315,True
1466442490,0.3,0.14274793849639833,0.14274793849639833,True
1466442498,0.3,0.3,0.8434528162485306,False
1466442508,0.3,0.6560513387369012,0.6560513387369012,True
1466442518,0.3,0.5050792011568171,0.5050792011568171,True
1466442556,0.29,0.29,0.14186639193698958,False
1466442656,0.29,0.29,0.5649157637000852,False
1466442662,0.29,0.36770988207327704,0.36770988207327704,True
1466442703,0.29,0.29,0.19521753508993955,False
1466442768,0.29,0.8974628355560167,0.8974628355560167,True
1466442788,0.29,0.29,0.5344895618429218,False
1466442886,0.29,0.29,0.5252415205752519,False
1466442980,0.28,0.28,0.4430119979542537,False
1466443000,0.29,0.29,0.011321217778310966,False
1466443029,0.28,0.28,0.39462661030144996,False
1466443038,0.28,0.28,0.7383950952767648,False
1466443089,0.28,0.28,0.5968842517152241,False
1466443162,0.28,0.28,0.04898141805798295,False
1466443201,0.28,0.28,0.5479558813363189,False
1466443219,0.27,0.27,0.4567228675156827,False
1466443263,0.28,0.5774307269262023,0.5774307269262023,True
1466443350,0.27,0.27,0.0649424821804564,False
1466443373,0.28,0.34555832149403076,0.34555832149403076,True
1466443392,0.29,0.5299175511849589,0.5299175511849589,True
1466443402,0.28,0.6642288214331921,0.6642288214331921,True
1466443486,0.28,0.28,0.8326704548561703,False
1466443511,0.28,0.28,0.2780921302627609,False
1466443584,0.28,0.28,0.5067237607658436,False
1466443677,0.29,0.6323808860569134,0.6323808860569134,True
1466443725,0.29,0.29,0.9779987555913295,False
1466443727,0.29,0.29,0.7756584350024908,False
1466443750,0.29,0.2517046883709705,0.2517046883709705,True
1466443761,0.29,0.6555469107233577,0.6555469107233577,True
1466443808,0.29,0.29,0.3179504208839603,False
1466443861,0.29,0.20312149118301392,0.20312149118301392,True
1466443929,0.29,0.29,0.9648692515657509,False
1466443986,0.29,0.9248263239269906,0.9248263239269906,True
1466444043,0.28,0.28,0.6924225155071517,False
1466444110,0.29,0.29,0.4781730809277882,False
1466444192,0.29,0.35476199883692017,0.35476199883692017,True
1466444287,0.28,0.5079622527950867,0.5079622527950867,True
1466444294,0.28,0.6834013661085322,0.6834013661085322,True
1466444366,0.29,0.29,0.19941125399962023,False
1466444466,0.29,0.30457618129937347,0.30457618129937347,True
1466444505,0.29,0.9582857102235133,0.9582857102235133,True
1466444556,0.29,0.8958541831232562,0.8958541831232562,True
1466444624,0.29,0.29,0.6204964283086358,False
1466444663,0.29,0.29,0.6657377145370684,False
1466444685,0.29,0.29,0.19949725898572823,False
1466444756,0.29,0.26043997465184043,0.26043997465184043,True
1466444781,0.29,0.8023325276781654,0.8023325276781654,True
1466444840,0.29,0.29,0.7087279200222522,False
1466444854,0.29,0.29,0.853794468428349,False
1466444860,0.3,0.3,0.24948646434542332,False
1466444959,0.3,0.3,0.20105277434613722,False
1466445058,0.3,0.4789458797821823,0.4789458797821823,True
1466445107,0.29,0.7870505816752825,0.7870505816752825,True
1466445165,0.28,0.8702449620242804,0.8702449620242804,True
1466445170,0.28,0.28,0.06653133275136103,False
1466445173,0.29,0.29,0.827417121725313,False
1466445247,0.29,0.8580145941072257,0.8580145941072257,True
1466445305,0.29,0.22615825003762524,0.22615825003762524,True
1466445333,0.29,0.9077040709094915,0.9077040709094915,True
1466445356,0.29,0.29,0.8904503617521615,False
1466445430,0.29,0.894463774139094,0.894463774139094,True
1466445491,0.29,0.5894489804873954,0.5894489804873954,True
1466445497,0.29,0.20390390731140628,0.20390390731140628,True
1466445514,0.29,0.9546594685270294,0.9546594685270294,True
1466445549,0.28,0.28,0.17476376695462137,False
1466445640,0.28,0.5683126720824528,0.5683126720824528,True
1466445648,0.29,0.6934141791147732,0.6934141791147732,True
1466445739,0.29,0.29,0.8351263632519876,False
1466445814,0.3,0.3,0.385198415826445,False
1466445879,0.29,0.29,0.025435911257505994,False
1466445909,0.29,0.29,0.15507783122925312,False
1466445965,0.29,0.07737575044630829,0.07737575044630829,True
1466446021,0.28,0.28,0.6090742010898593,False
1466446045,0.29,0.36140502018840903,0.36140502018840903,True
1466446071,0.28,0.8936116115170833,0.8936116115170833,True
1466446120,0.28,0.28,0.9691434448873519,False
1466446168,0.28,0.24652740193918354,0.24652740193918354,True
1466446253,0.28,0.14889054889264142,0.14889054889264142,True
1466446302,0.28,0.02601394922374245,0.02601394922374245,True
1466446389,0.28,0.228757407823161,0.228757407823161,True
1466446404,0.28,0.878006771054656,0.878006771054656,True
1466446494,0.28,0.28,0.4667079228695793,False
1466446594,0.28,0.2812604611319306,0.2812604611319306,True
1466446643,0.27,0.27,0.6533685846622895,False
1466446669,0.27,0.27,0.007621917536654199,False
1466446690,0.28,0.28,0.314327534757495,False
1466446735,0.28,0.28,0.5245843922914329,False
1466446766,0.28,0.28,0.7082350794134863,False
1466446852,0.28,0.2774277188595081,0.2774277188595081,True
1466446902,0.28,0.38815850058016754,0.38815850058016754,True
1466446945,0.28,0.19293268443454636,0.19293268443454636,True
1466446987,0.29,0.14361367878635656,0.14361367878635656,True
1466447036,0.28,0.9739606837282367,0.9739606837282367,True
1466447112,0.28,0.28,0.048876536802613724,False
1466447129,0.29,0.29,0.4650216754553227,False
1466447189,0.28,0.28,0.6000559583311686,False
1466447224,0.28,0.28,0.4398261407772095,False
1466447270,0.28,0.28,0.4029894163855329,False
1466447272,0.28,0.28,0.21048868980881497,False
1466447348,0.28,0.28,0.8602709527444318,False
1466447359,0.29,0.29,0.23356285303535707,False
1466447388,0.29,0.29,0.7401874535558449,False
1466447390,0.28,0.06845831850890216,0.06845831850890216,True
1466447425,0.28,0.12725526602137693,0.12725526602137693,True
1466447463,0.28,0.4111739651742169,0.4111739651742169,True
1466447485,0.28,0.680158857219741,0.680158857219741,True
1466447545,0.28,0.04646399836185555,0.04646399836185555,True
1466447553,0.28,0.28,0.6790923675148987,False
1466447554,0.28,0.6232234883179989,0.6232234883179989,True
1466447573,0.28,0.5355464625737686,0.5355464625737686,True
1466447634,0.28,0.28,0.26349519480215,False
1466447695,0.28,0.206174384636985,0.206174384636985,True
1466447762,0.28,0.28,0.7242211708973778,False
1466447844,0.28,0.28,0.23613527890568897,False
1466447885,0.29,0.29,0.467043580757038,False
1466447943,0.29,0.1984198157870719,0.1984198157870719,True
1466447956,0.29,0.18360987960379704,0.18360987960379704,True
1466448041,0.28,0.33124985638034576,0.33124985638034576,True
1466448140,0.28,0.7708436837299297,0.7708436837299297,True
1466448215,0.28,0.4825663442956585,0.4825663442956585,True
1466448270,0.27,0.27,0.8056294305859121,False
1466448302,0.27,0.6524519627585866,0.6524519627585866,True
1466448368,0.28,0.28,0.34233754570259056,False
1466448422,0.28,0.24036007170872342,0.24036007170872342,True
1466448517,0.28,0.3805957583547711,0.3805957583547711,True
1466448614,0.28,0.28,0.7076421071486751,False
1466448701,0.28,0.7317098843710905,0.7317098843710905,True
1466448743,0.29,0.6921401457390426,0.6921401457390426,True
1466448805,0.29,0.3546843665534055,0.3546843665534055,True
1466448844,0.28,0.3247607218248312,0.3247607218248312,True
1466448896,0.28,0.28,0.2932665457689836,False
1466448984,0.28,0.1555791748692108,0.1555791748692108,True
1466449031,0.28,0.030432055884020537,0.030432055884020537,True
1466449045,0.28,0.8830750408726512,0.8830750408726512,True
1466449099,0.28,0.28,0.49725963308289334,False
1466449171,0.27,0.035868858497096534,0.035868858497096534,True
1466449261,0.28,0.28,0.9323146138209416,False
1466449280,0.29,0.29,0.2787722145373849,False
1466449359,0.3,0.3,0.2017608683720773,False
1466449442,0.29,0.29,0.8925615313805638,False
1466449496,0.3,0.3,0.7485024793838599,False
1466449537,0.3,0.3,0.6582014245640257,False
1466449555,0.31,0.3933473682820732,0.3933473682820732,True
1466449629,0.3,0.15723078415573988,0.15723078415573988,True
1466449635,0.3,0.049087409159862094,0.049087409159862094,True
1466449721,0.3,0.7367560826154188,0.7367560826154188,True
1466449772,0.3,0.3,0.8489445744892195,False
1466449872,0.3,0.3,0.40813256804283327,False
1466449873,0.3,0.3,0.45381769317442966,False
1466449884,0.3,0.3,0.18655303972609316,False
1466449937,0.3,0.3,0.079972642693514,False
1466449953,0.29,0.6971494543526618,0.6971494543526618,True
1466449959,0.29,0.939828087436938,0.939828087436938,True
1466449961,0.29,0.8965305593062264,0.8965305593062264,True
1466450018,0.29,0.7800932802021517,0.7800932802021517,True
1466450075,0.29,0.29,0.3103528314601758,False
1466450150,0.29,0.9741125315848121,0.9741125315848121,True
1466450177,0.29,0.29,0.22175803245711323,False
1466450255,0.29,0.05231877465527113,0.05231877465527113,True
1466450343,0.29,0.29,0.24164800276054055,False
1466450348,0.29,0.29,0.4696721601732414,False
1466450401,0.29,0.2708681275850249,0.2708681275850249,True
1466450433,0.28,0.28,0.9841281648094835,False
1466450507,0.28,0.28,0.004736001578231064,False
1466450536,0.28,0.03115896867471135,0.03115896867471135,True
1466450627,0.28,0.96821446994432,0.96821446994432,True
1466450723,0.28,0.28,0.8168015635654655,False
1466450817,0.29,0.29,0.22097262758941305,False
1466450900,0.28,0.18120843727558944,0.18120843727558944,True
1466450902,0.29,0.29,0.26607274619425336,False
1466450971,0.3,0.6040218369468248,0.6040218369468248,True
1466451016,0.31,0.31,0.4752900943329543,False
1466451023,0.31,0.31,0.30012824384754333,False
1466451073,0.31,0.31,0.7320314616058324,False
1466451166,0.3,0.3,0.41495199890003087,False
1466451231,0.29,0.29,0.4762442412778213,False
1466451245,0.29,0.3175840851465178,0.3175840851465178,True
1466451293,0.3,0.9899543919045897,0.9899543919045897,True
1466451295,0.3,0.441986824979116,0.441986824979116,True
1466451378,0.3,0.3,0.2783303903661919,False
1466451445,0.29,0.9329469380350529,0.9329469380350529,True
1466451508,0.28,0.6993731496654343,0.6993731496654343,True
1466451599,0.28,0.28,0.07925788221095242,False
1466451686,0.28,0.28,0.8339205464822861,False
1466451761,0.28,0.28,0.022267707963280037,False
1466451857,0.29,0.23877566379680237,0.23877566379680237,True
1466451909,0.29,0.5141822412069399,0.5141822412069399,True
1466451919,0.29,0.29,0.6442751506689732,False
1466452006,0.29,0.29,0.8713632685055464,False
1466452035,0.29,0.6715996231685656,0.6715996231685656,True
1466452039,0.29,0.05274137659939204,0.05274137659939204,True
1466452104,0.28,0.8397625074334573,0.8397625074334573,True
1466452167,0.28,0.6419249395450656,0.6419249395450656,True
1466452238,0.28,0.28,0.6078213584037636,False
1466452313,0.28,0.7608637030913272,0.7608637030913272,True
1466452339,0.28,0.5614173262006645,0.5614173262006645,True
1466452419,0.28,0.49581972062903923,0.49581972062903923,True
1466452424,0.29,0.29,0.900448718687199,False
1466452435,0.29,0.02399340573803377,0.02399340573803377,True
1466452531,0.28,0.7590749736458656,0.7590749736458656,True
1466452584,0.29,0.5142770388490018,0.5142770388490018,True
1466452625,0.29,0.29,0.6021933983220891,False
1466452676,0.29,0.334158570572614,0.334158570572614,True
1466452752,0.29,0.29,0.06991397612129202,False
1466452796,0.29,0.29,0.36229016235127876,False
1466452825,0.29,0.8535779501703088,0.8535779501703088,True
1466452860,0.29,0.29,0.7694871303150422,False
1466452960,0.29,0.9842431176704335,0.9842431176704335,True
1466452979,0.29,0.9379629189229896,0.9379629189229896,True
1466453002,0.29,0.49039019743152557,0.49039019743152557,True
1466453016,0.29,0.29,0.6120526882521761,False
1466453025,0.29,0.29,0.09476906623922632,False
1466453089,0.29,0.4092595842699748,0.4092595842699748,True
1466453141,0.29,0.29,0.30915538393159625,False
1466453154,0.29,0.29,0.21048043789425086,False
1466453184,0.29,0.29,0.006991325295870987,False
1466453202,0.29,0.904598853604473,0.904598853604473,True
1466453203,0.28,0.28,0.28303026239864304,False
1466453222,0.28,0.49187758664479597,0.49187758664479597,True
1466453321,0.29,0.5972919845840083,0.5972919845840083,True
1466453379,0.3,0.3,0.1301219978581909,False
1466453392,0.3,0.19830479555394342,0.19830479555394342,True
1466453422,0.3,0.3,0.7302261925361211,False
1466453502,0.3,0.943621937417227,0.943621937417227,True
1466453518,0.29,0.29,0.25137416373426213,False
1466453563,0.29,0.23701258504360567,0.23701258504360567,True
1466453604,0.28,0.06566763662138131,0.06566763662138131,True
1466453639,0.28,0.28,0.6278050295774277,False
1466453705,0.28,0.9555148026707473,0.9555148026707473,True
1466453795,0.28,0.28,0.8048987743974404,False
1466453816,0.29,0.29,0.08632687965607755,False
1466453870,0.28,0.34845501616903474,0.34845501616903474,True
1466453910,0.27,0.265317507698439,0.265317507698439,True
1466454002,0.27,0.27,0.9146362967175126,False
1466454051,0.27,0.27,0.821983674679253,False
1466454087,0.27,0.27,0.32573524939811394,False
1466454129,0.27,0.27,0.205658975945043,False
1466454227,0.27,0.7592704811842215,0.7592704811842215,True
1466454259,0.27,0.27,0.6269869199184052,False
1466454262,0.28,0.5518522865295037,0.5518522865295037,True
1466454298,0.28,0.4574915072685942,0.4574915072685942,True
1466454388,0.29,0.29,0.35442692717544266,False
1466454399,0.28,0.5683842149103201,0.5683842149103201,True
1466454473,0.28,0.28,0.9588965826478192,False
1466454529,0.28,0.28,0.4372791525503721,False
1466454559,0.28,0.28,0.46254906507593463,False
1466454648,0.28,0.28,0.9560878859365388,False
1466454745,0.28,0.3723324202707111,0.3723324202707111,True
1466454763,0.28,0.006243127047904307,0.006243127047904307,True
1466454851,0.28,0.7304041642503832,0.7304041642503832,True
1466454936,0.28,0.28,0.7161417841175509,False
1466454949,0.28,0.38730006236362435,0.38730006236362435,True
1466455032,0.28,0.47084870223383724,0.47084870223383724,True
1466455065,0.28,0.28,0.2254639969964095,False
1466455119,0.29,0.6443276982549749,0.6443276982549749,True
1466455172,0.29,0.29,0.24843857827645832,False
1466455196,0.29,0.1276576917010913,0.1276576917010913,True
1466455271,0.28,0.28,0.7035881638434455,False
1466455357,0.27,0.27,0.019678659326553327,False
1466455361,0.27,0.27,0.4075806708031774,False
1466455394,0.27,0.11540514275243363,0.11540514275243363,True
1466455475,0.27,0.27,0.26964056938577197,False
1466455497,0.27,0.591529699175078,0.591529699175078,True
1466455561,0.28,0.8798804790124639,0.8798804790124639,True
1466455575,0.28,0.5638860482037555,0.5638860482037555,True
1466455587,0.28,0.28,0.4443904579147757,False
1466455651,0.28,0.28,0.9842547836394896,False
1466455658,0.28,0.09026075310834925,0.09026075310834925,True
1466455732,0.28,0.28,0.24332172610831548,False
1466455812,0.28,0.4761998791554325,0.4761998791554325,True
1466455910,0.28,0.28,0.6676922308565478,False
1466455951,0.27,0.9917069131007131,0.9917069131007131,True
1466455999,0.27,0.27,0.9255864751697753,False
1466456054,0.27,0.27,0.8684485310041037,False
1466456058,0.27,0.27,0.6055249977304014,False
1466456074,0.27,0.4256402889251246,0.4256402889251246,True
1466456088,0.27,0.27,0.7857348295943324,False
1466456118,0.27,0.27,0.45043684203390133,False
1466456218,0.28,0.28,0.19453391957738675,False
1466456265,0.28,0.6791437005070884,0.6791437005070884,True
1466456270,0.29,0.9636463419079614,0.9636463419079614,True
1466456312,0.29,0.29,0.6222072288715038,False
1466456346,0.3,0.6201633497154422,0.6201633497154422,True
1466456374,0.3,0.45782025455089537,0.45782025455089537,True
1466456406,0.31,0.31,0.6983012204668827,False
1466456482,0.31,0.31,0.02907792002236409,False
1466456512,0.31,0.31,0.5398242698587173,False
1466456610,0.31,0.31,0.8085124497261533,False
1466456683,0.31,0.31,0.2165372613218992,False
1466456768,0.32,0.32,0.6559782169734408,False
1466456856,0.32,0.32,0.9269155354319759,False
1466456927,0.33,0.4597887540190705,0.4597887540190705,True
1466457014,0.33,0.33,0.7834799051429702,False
1466457032,0.33,0.376804094070209,0.376804094070209,True
1466457067,0.33,0.4074657803318237,0.4074657803318237,True
1466457157,0.34,0.9869258015200408,0.9869258015200408,True
1466457215,0.34,0.8677930734659146,0.8677930734659146,True
1466457267,0.34,0.9094497915252889,0.9094497915252889,True
1466457357,0.34,0.34,0.34488966545076793,False
1466457434,0.34,0.34,0.8393559680230765,False
1466457487,0.33,0.33,0.21065255393930848,False
1466457559,0.33,0.33,0.11841726490515925,False
1466457603,0.33,0.9884306888469971,0.9884306888469971,True
1466457671,0.33,0.33,0.19798453540538163,False
1466457713,0.34,0.34,0.13819806982665794,False
1466457745,0.35,0.35,0.9192026541213234,False
1466457782,0.35,0.35,0.20673428868663435,False
1466457802,0.35,0.6941377892651925,0.6941377892651925,True
1466457817,0.34,0.18483906084446178,0.18483906084446178,True
1466457865,0.34,0.34,0.1247364832640181,False
1466457884,0.35,0.5720420304678396,0.5720420304678396,True
1466457885,0.36,0.22336436129000536,0.22336436129000536,True
1466457917,0.36,0.36,0.9308713621133632,False
1466457973,0.36,0.10864701518368158,0.10864701518368158,True
1466458045,0.36,0.36,0.03760155770836615,False
1466458135,0.36,0.8395201701293362,0.8395201701293362,True
1466458151,0.36,0.36,0.8994400947495842,False
1466458230,0.36,0.6929440613383449,0.6929440613383449,True
1466458324,0.35,0.3347551903182796,0.3347551903182796,True
1466458362,0.35,0.8778515037746756,0.8778515037746756,True
1466458438,0.35,0.35,0.17839450649156208,False
1466458454,0.35,0.35,0.37312541915113007,False
1466458496,0.35,0.35,0.9488481692211427,False
1466458509,0.35,0.35,0.6950659185839014,False
1466458580,0.35,0.9599713644094676,0.9599713644094676,True
1466458590,0.34,0.9580608565053519,0.9580608565053519,True
1466458626,0.34,0.44310311450912243,0.44310311450912243,True
1466458642,0.35,0.35,0.6811829439331263,False
1466458665,0.34,0.9279165330389427,0.9279165330389427,True
1466458694,0.35,0.15738123889853262,0.15738123889853262,True
1466458762,0.35,0.7566092884672883,0.7566092884672883,True
1466458793,0.35,0.2590516023095797,0.2590516023095797,True
1466458824,0.35,0.5778729205000027,0.5778729205000027,True
1466458906,0.35,0.35,0.29048800582558887,False
1466458982,0.34,0.34,0.8710396043264295,False
1466459068,0.34,0.34,0.46792124198230756,False
1466459159,0.34,0.34,0.5108341472286689,False
1466459184,0.34,0.34,0.41567615131865077,False
1466459273,0.34,0.34,0.35576213865753503,False
1466459372,0.35,0.2632810930677617,0.2632810930677617,True
1466459415,0.35,0.6804743309517871,0.6804743309517871,True
1466459483,0.34,0.34,0.7961468969937894,False
1466459504,0.34,0.6286055854953917,0.6286055854953917,True
1466459588,0.34,0.25022996263176545,0.25022996263176545,True
1466459595,0.34,0.10168411624710705,0.10168411624710705,True
1466459673,0.34,0.34,0.2173534294214432,False
1466459726,0.34,0.34,0.3309669489897922,False
1466459800,0.33,0.33,0.4959243560575316,False
1466459857,0.33,0.33,0.49212408372697447,False
1466459887,0.32,0.15462407987769144,0.15462407987769144,True
1466459913,0.32,0.32,0.19653953002620617,False
1466459974,0.31,0.14524955882740975,0.14524955882740975,True
1466459995,0.31,0.8869774077844175,0.8869774077844175,True
1466460001,0.32,0.720749868126525,0.720749868126525,True
1466460054,0.33,0.33,0.48735811369987647,False
1466460130,0.33,0.5032628011399672,0.5032628011399672,True
1466460215,0.34,0.3947318744061137,0.3947318744061137,True
1466460252,0.34,0.8070576562483005,0.8070576562483005,True
1466460272,0.33,0.2742692399264729,0.2742692399264729,True
1466460346,0.33,0.6560307672580322,0.6560307672580322,True
1466460440,0.33,0.33,0.10807552682170074,False
1466460461,0.33,0.3224434831925401,0.3224434831925401,True
1466460528,0.33,0.33,0.5734556410699686,False
1466460610,0.33,0.33,0.7947607897153901,False
1466460630,0.33,0.6848815141437437,0.6848815141437437,True
1466460691,0.34,0.34,0.19742501386289868,False
1466460706,0.34,0.16514793096750424,0.16514793096750424,True
1466460739,0.34,0.34,0.34485754864968865,False
1466460765,0.34,0.20542134966639858,0.20542134966639858,True
1466460795,0.34,0.34,0.9052363646001691,False
1466460877,0.34,0.34,0.5418198538272262,False
1466460973,0.34,0.34,0.5431924254254247,False
1466461009,0.34,0.18430782528360123,0.18430782528360123,True
1466461027,0.34,0.8325086819355043,0.8325086819355043,True
1466461032,0.33,0.3103033572587829,0.3103033572587829,True
1466461096,0.33,0.18770338653945196,0.18770338653945196,True
1466461169,0.33,0.3994646029696831,0.3994646029696831,True
1466461256,0.34,0.34,0.8815630291442689,False
1466461351,0.35,0.8757808087744225,0.8757808087744225,True
1466461451,0.35,0.35,0.9796201253897554,False
1466461531,0.35,0.601097285595321,0.601097285595321,True
1466461568,0.36,0.5251524220459547,0.5251524220459547,True
1466461583,0.36,0.09833568680547844,0.09833568680547844,True
1466461647,0.37,0.37,0.45232156871886975,False
1466461703,0.37,0.37,0.5198845809603436,False
1466461794,0.37,0.747967633617374,0.747967633617374,True
1466461813,0.38,0.38,0.21494196542020128,False
1466461910,0.38,0.38,0.10263675352107593,False
1466461988,0.38,0.38,0.7935037961901864,False
1466462056,0.39,0.39,0.5810894610177819,False
1466462101,0.39,0.39,0.20714472111228666,False
1466462155,0.39,0.39,0.7847936667538978,False
1466462215,0.39,0.883027035665845,0.883027035665845,True
1466462278,0.39,0.39,0.6814775925691984,False
1466462368,0.4,0.9026651687035152,0.9026651687035152,True
1466462412,0.41,0.5657986421810314,0.5657986421810314,True
1466462512,0.41,0.4948869793698166,0.4948869793698166,True
1466462594,0.4,0.4,0.24202803602219292,False
1466462671,0.39,0.39,0.7769429627560345,False
1466462716,0.4,0.4,0.9095230862528902,False
1466462746,0.4,0.4,0.06007187154828331,False
1466462782,0.41,0.41,0.744935191016571,False
1466462820,0.41,0.34392117918253406,0.34392117918253406,True
1466462833,0.41,0.7703058985871722,0.7703058985871722,True
1466462842,0.41,0.004588817983062432,0.004588817983062432,True
1466462850,0.41,0.09719411136512202,0.09719411136512202,True
1466462941,0.41,0.41,0.07830355111010723,False
1466463026,0.4,0.5591236788499229,0.5591236788499229,True
1466463117,0.41,0.41,0.735786086922575,False
1466463139,0.42,0.9085247773116988,0.9085247773116988,True
