1466410104,98.9,95.93467333908704,95.93467333908704,True
1466410114,98.3,98.99672500047038,98.99672500047038,True
1466410130,99.0,98.13495717898113,98.13495717898113,True
1466410181,99.0,99.0,98.1287785213569,False
1466410203,98.5,98.5,94.69582859810718,False
1466410250,98.6,95.39676708377515,95.39676708377515,True
1466410309,98.8,95.6017143129443,95.6017143129443,True
1466410397,98.5,98.5,98.67782833220122,False
1466410430,99.8,99.8,98.44204811659499,False
1466410469,98.5,98.5,95.00493888531913,False
1466410483,96.8,96.8,95.42801878413205,False
1466410498,96.8,96.8,98.61981243239721,False
1466410502,98.3,98.3,94.03603686356381,False
1466410532,98.8,98.8,99.08754842228737,False
1466410541,99.7,99.7,96.00140253151012,False
1466410573,99.5,99.5,95.03202550890111,False
1466410630,99.5,98.6413504363226,98.6413504363226,True
1466410653,99.5,99.5,94.33369570243306,False
1466410746,99.5,99.5,98.46148040830298,False
1466410814,99.1,99.1,96.85624226228859,False
1466410890,99.1,99.1,94.7738294957751,False
1466410902,97.7,97.7,97.71191456622736,False
1466410978,96.8,95.21441019020547,95.21441019020547,True
1466411008,95.0,98.41689317662228,98.41689317662228,True
1466411066,95.5,99.45515630358713,99.45515630358713,True
1466411094,95.5,95.5,95.04502134446467,False
1466411157,96.3,99.52368789889778,99.52368789889778,True
1466411223,96.3,97.50319987449448,97.50319987449448,True
1466411226,97.3,97.3,94.71832625513731,False
1466411272,98.3,96.00904871628839,96.00904871628839,True
1466411303,99.0,99.95661760088022,99.95661760088022,True
1466411318,99.3,96.36761003290492,96.36761003290492,True
1466411396,98.6,99.57763631175948,99.57763631175948,True
1466411493,98.0,98.0,95.94040809225034,False
1466411549,97.8,95.5801096125289,95.5801096125289,True
1466411560,97.8,94.73010063797022,94.73010063797022,True
1466411626,97.8,97.8,99.56388395824675,False
1466411723,97.8,99.82728230282575,99.82728230282575,True
1466411763,97.1,97.1,97.36138941875937,False
1466411785,97.8,97.8,94.31557826917417,False
1466411854,97.7,98.56425449452983,98.56425449452983,True
1466411889,97.7,97.7,94.34911845267541,False
1466411988,97.8,99.22158264836943,99.22158264836943,True
1466412022,98.4,98.86014979730334,98.86014979730334,True
1466412046,97.5,95.34679347492755,95.34679347492755,True
1466412076,96.4,98.65408492470492,98.65408492470492,True
1466412152,96.4,96.0862098030568,96.0862098030568,True
1466412181,96.4,94.93294067884686,94.93294067884686,True
1466412201,97.2,97.2,96.65180128401653,False
1466412260,95.5,96.5364188219052,96.5364188219052,True
1466412347,95.5,97.66646273988518,97.66646273988518,True
1466412360,94.8,98.60807184118624,98.60807184118624,True
1466412438,94.8,94.8,98.04847981928292,False
1466412521,95.5,95.08244051479167,95.08244051479167,True
1466412599,96.8,96.8,99.5663962899214,False
1466412639,96.8,94.36494079404635,94.36494079404635,True
1466412691,96.7,99.81001458439157,99.81001458439157,True
1466412747,98.4,97.39995083352771,97.39995083352771,True
1466412794,98.2,98.2,99.78774623263413,False
1466412819,98.2,98.01537118613143,98.01537118613143,True
1466412832,96.6,96.6,96.38355880264459,False
1466412874,96.6,96.6,97.7885526499972,False
1466412943,96.6,96.6,97.13932299547584,False
1466412971,96.5,96.10287237010273,96.10287237010273,True
1466412990,96.6,95.7725503846511,95.7725503846511,True
1466413028,97.9,97.9,99.72690651935983,False
1466413053,99.2,99.2,98.31510516986849,False
1466413125,97.8,99.10576618795903,99.10576618795903,True
1466413200,99.4,94.20249771348718,94.20249771348718,True
1466413264,98.7,98.7,97.88593179089884,False
1466413311,99.9,99.9,99.82708909100661,False
1466413342,99.9,96.48346879527385,96.48346879527385,True
1466413440,99.9,95.08534231069946,95.08534231069946,True
1466413458,99.9,99.9,95.9066037201151,False
1466413529,98.6,97.70849539445234,97.70849539445234,True
1466413542,98.6,98.6,99.5387860633601,False
1466413638,98.6,98.6,95.20159533827724,False
1466413672,98.9,98.9,98.41371150600826,False
1466413733,98.9,99.24462719412519,99.24462719412519,True
1466413779,97.1,95.0006052283172,95.0006052283172,True
1466413780,97.7,97.7,94.4875327101722,False
1466413864,96.8,98.69632591328843,98.69632591328843,True
1466413885,95.9,95.9,94.25680272886271,False
1466413946,94.2,94.2,99.17684651620272,False
1466414033,95.8,99.96033241377896,99.96033241377896,True
1466414071,97.1,97.1,96.91176750685587,False
1466414164,97.1,97.1,98.63305216477764,False
1466414225,97.1,94.21787566749235,94.21787566749235,True
1466414312,97.1,97.1,99.80694632110415,False
1466414325,97.1,94.54677297367334,94.54677297367334,True
1466414328,97.1,97.1,94.9493130174467,False
1466414329,96.3,95.68268312179843,95.68268312179843,True
1466414402,96.3,96.3,94.16054027317821,False
1466414407,96.3,99.51148631324207,99.51148631324207,True
1466414413,96.2,95.1335567061618,95.1335567061618,True
1466414460,95.9,98.52968247442887,98.52968247442887,True
1466414552,95.9,97.65188283497257,97.65188283497257,True
1466414602,94.8,97.32421680607563,97.32421680607563,True
1466414662,94.8,94.6553708422753,94.6553708422753,True
1466414746,95.6,95.6,99.60081416470874,False
1466414844,95.6,95.6,96.95648325209514,False
1466414943,94.8,94.8,95.59690879626842,False
1466414946,96.7,96.7,94.7401017587654,False
1466414966,96.7,96.7,98.22982188683311,False
1466415038,96.7,95.2168990383454,95.2168990383454,True
1466415106,97.1,99.06023846643131,99.06023846643131,True
1466415130,97.1,98.2210913956454,98.2210913956454,True
1466415145,97.1,94.91055125081066,94.91055125081066,True
1466415202,97.3,97.3,95.10342904175363,False
1466415239,96.5,96.83061964705412,96.83061964705412,True
1466415249,96.5,96.5,97.66284757754818,False
1466415308,96.7,94.34232926459912,94.34232926459912,True
1466415357,96.7,96.08136958303244,96.08136958303244,True
1466415404,95.3,95.3,98.22347356717519,False
1466415469,96.6,96.6,98.17054718370264,False
1466415548,97.5,94.48545658096619,94.48545658096619,True
1466415588,97.5,94.15075139614383,94.15075139614383,True
1466415627,97.5,97.5,98.60346111814037,False
1466415719,96.2,94.63842873708843,94.63842873708843,True
1466415767,95.0,98.90537982997431,98.90537982997431,True
1466415860,95.0,99.80052563860644,99.80052563860644,True
1466415872,95.0,97.45274817720946,97.45274817720946,True
1466415914,95.6,95.3971699453653,95.3971699453653,True
1466415934,95.6,95.6,99.62631748691203,False
1466415988,95.6,95.6,98.48187417013717,False
1466416004,96.4,96.5209249989271,96.5209249989271,True
1466416050,97.4,97.4,97.02982996703389,False
1466416150,97.4,97.4,98.14763005570039,False
1466416161,96.4,99.38622112469912,99.38622112469912,True
1466416215,96.4,96.405566270726,96.405566270726,True
1466416315,96.4,97.4078997504513,97.4078997504513,True
1466416321,95.8,95.8,95.18594499418889,False
1466416393,95.8,95.8,95.27206006054334,False
1466416440,95.8,97.79079417018049,97.79079417018049,True
1466416510,95.8,94.8745160711331,94.8745160711331,True
1466416541,94.9,99.63162591523994,99.63162591523994,True
1466416631,94.4,95.72474232013084,95.72474232013084,True
1466416671,95.9,97.59977341001165,97.59977341001165,True
1466416725,95.9,98.70230861742333,98.70230861742333,True
1466416815,95.8,96.48976756966412,96.48976756966412,True
1466416867,95.2,95.2,98.60689843693861,False
1466416933,95.2,95.2,95.13641674736914,False
1466416963,94.1,96.2374789304445,96.2374789304445,True
1466417034,95.6,95.6,99.87668166288285,False
1466417069,97.3,97.3,99.05976377176415,False
1466417095,97.3,97.3,94.90662806736897,False
1466417123,96.1,95.76213032349281,95.76213032349281,True
1466417219,94.7,94.7,99.98363227461817,False
1466417228,95.8,95.8,96.80265620194407,False
1466417235,97.0,94.99451941433333,94.99451941433333,True
1466417266,95.5,98.9550868503451,98.9550868503451,True
1466417298,95.5,95.52731754874048,95.52731754874048,True
1466417382,96.4,98.00452196064508,98.00452196064508,True
1466417429,97.9,97.9,98.24321934402826,False
1466417434,97.6,98.49196367634902,98.49196367634902,True
1466417513,97.6,97.6,94.42128844537143,False
1466417598,97.6,96.2929586429217,96.2929586429217,True
1466417615,97.1,98.25862163970488,98.25862163970488,True
1466417654,97.5,97.5,96.92913893757246,False
1466417749,97.3,97.3,99.43603307718308,False
1466417763,98.3,97.33144082808316,97.33144082808316,True
1466417822,98.3,98.3,95.03683309088323,False
1466417851,98.3,94.94511929953205,94.94511929953205,True
1466417855,98.3,98.3,96.30335241078923,False
1466417879,99.0,99.0,96.54705559613119,False
1466417895,97.8,97.8,96.16723819813589,False
1466417969,97.5,97.5,94.47754699502548,False
1466418049,97.5,97.5,94.67617953759972,False
1466418118,98.5,98.5,99.20412561854745,False
1466418129,98.4,97.43917306904974,97.43917306904974,True
1466418179,98.4,98.4,94.240625606895,False
1466418254,98.2,98.98330607204632,98.98330607204632,True
1466418332,96.8,96.8,95.40713583309393,False
1466418428,96.7,96.7,97.15673675252735,False
1466418494,96.7,94.46496810407568,94.46496810407568,True
1466418554,95.6,95.6,98.55425895287257,False
1466418563,94.6,94.6,97.72145178096162,False
1466418564,96.0,96.0,95.46668045311628,False
1466418594,97.6,97.6,98.30346671308202,False
1466418674,99.4,99.4,99.96695450670813,False
1466418748,99.0,99.22463673695358,99.22463673695358,True
1466418847,99.9,99.9,99.21159119230416,False
1466418877,99.7,97.56741570031959,97.56741570031959,True
1466418917,99.7,97.78835693127716,97.78835693127716,True
1466418938,99.8,95.36454395230525,95.36454395230525,True
1466419031,99.8,99.8,97.07819843052688,False
1466419058,98.8,98.8,97.67770764472236,False
1466419104,98.0,98.0,94.0166623823177,False
1466419166,98.0,95.09104223208094,95.09104223208094,True
1466419261,98.0,98.0,98.93245501358217,False
1466419349,98.0,98.0,96.1126071977031,False
1466419442,98.0,94.73330286464795,94.73330286464795,True
1466419530,98.5,97.93890241952182,97.93890241952182,True
1466419595,99.2,99.2,99.89261065885414,False
1466419646,97.7,97.7,98.37513720002525,False
1466419737,98.1,96.86212296596904,96.86212296596904,True
1466419826,99.6,99.6,99.13361040911786,False
1466419880,99.2,95.61622009206721,95.61622009206721,True
1466419911,99.4,99.4,94.3506268568995,False
1466419938,100.0,100.0,97.91294613654163,False
1466420016,99.8,98.09569412826673,98.09569412826673,True
1466420019,98.6,98.6,97.11800499479551,False
1466420108,98.6,98.6,97.32666099571435,False
1466420205,98.6,98.6,98.39308057199489,False
1466420228,98.6,94.16555419330085,94.16555419330085,True
1466420257,98.6,97.29424979153481,97.29424979153481,True
1466420270,99.5,97.17733334132095,97.17733334132095,True
1466420296,99.5,95.68449518915253,95.68449518915253,True
1466420331,99.5,99.32281214441376,99.32281214441376,True
1466420407,98.0,94.45397785026309,94.45397785026309,True
1466420430,98.0,97.55365207288321,97.55365207288321,True
1466420453,98.0,98.0,99.56037008905675,False
1466420474,99.5,98.25843284047966,98.25843284047966,True
1466420566,99.5,98.39133419464748,98.39133419464748,True
1466420579,99.5,99.5,94.95658401600058,False
1466420618,99.5,97.13154990257553,97.13154990257553,True
1466420624,98.9,98.9,98.86794548439813,False
1466420643,98.9,98.9,97.41969625483905,False
1466420695,98.9,98.9,96.0595935776814,False
1466420788,98.9,98.9,96.62516675618758,False
1466420863,97.7,97.7,98.9857796385782,False
1466420947,98.5,97.8898247557768,97.8898247557768,True
1466421003,99.3,99.62831050574619,99.62831050574619,True
1466421032,98.9,98.9,98.3983361671229,False
1466421050,99.8,99.62536077381428,99.62536077381428,True
1466421116,98.6,99.05240855336852,99.05240855336852,True
1466421208,98.6,95.59951580539067,95.59951580539067,True
1466421234,98.5,98.5,94.6806546072981,False
1466421262,98.5,98.5,95.68985773733633,False
1466421353,99.3,99.3,98.88358132052778,False
1466421360,99.3,99.3,98.54870368354827,False
1466421392,99.3,96.16828044297723,96.16828044297723,True
1466421480,99.3,99.3,98.48538336974165,False
1466421530,100.0,98.82208426184111,98.82208426184111,True
1466421547,100.0,94.08810454557036,94.08810454557036,True
1466421591,99.3,99.0098591805688,99.0098591805688,True
1466421633,98.4,97.8567723269048,97.8567723269048,True
1466421636,98.4,94.25032995988653,94.25032995988653,True
1466421670,98.4,94.3101712456723,94.3101712456723,True
1466421695,98.4,98.4,98.69821763666103,False
1466421721,98.5,95.15653127364935,95.15653127364935,True
1466421804,98.5,98.55278507697217,98.55278507697217,True
1466421819,98.5,98.5,95.06929124700795,False
1466421862,98.5,94.83867654125848,94.83867654125848,True
1466421885,99.4,99.4,95.37433705828273,False
1466421936,99.5,94.71961179001063,94.71961179001063,True
1466422012,98.3,96.55890743602131,96.55890743602131,True
1466422044,99.8,99.8,96.5676779653107,False
1466422045,99.8,99.8,99.55870992608182,False
1466422137,98.4,96.58705701139372,96.58705701139372,True
1466422162,97.0,97.0,95.99285177180151,False
1466422189,98.6,99.65042666084416,99.65042666084416,True
1466422197,99.2,99.5864325809814,99.5864325809814,True
1466422264,99.2,99.2,96.4322728019101,False
1466422330,97.4,97.4,94.65210598048174,False
1466422378,98.9,97.35568637620163,97.35568637620163,True
1466422432,98.9,96.73973987807847,96.73973987807847,True
1466422488,97.5,97.5,94.29827562139366,False
1466422577,96.2,96.2,99.74508913822842,False
1466422628,96.2,98.36045474119096,98.36045474119096,True
1466422638,96.2,98.3063683656136,98.3063683656136,True
1466422666,96.1,99.8518310539271,99.8518310539271,True
1466422706,96.1,96.1,98.85357323828629,False
1466422731,96.0,96.0,96.88887877983767,False
1466422804,96.0,99.48920052976513,99.48920052976513,True
1466422866,94.1,99.44937673249291,99.44937673249291,True
1466422873,95.7,95.7,96.95835170729906,False
1466422895,95.0,95.40363398515778,95.40363398515778,True
1466422953,95.5,95.5,99.18927318636639,False
1466422973,95.7,98.98724619248148,98.98724619248148,True
1466423017,97.2,97.2,96.01801859854093,False
1466423051,97.2,98.79352951573456,98.79352951573456,True
1466423099,96.0,95.71200821790596,95.71200821790596,True
1466423150,94.5,99.39303538780705,99.39303538780705,True
1466423155,94.7,97.27433198995772,97.27433198995772,True
1466423168,96.4,99.62322183773038,99.62322183773038,True
1466423205,96.4,95.2550018637858,95.2550018637858,True
1466423275,96.4,96.4,99.24307617912716,False
1466423287,96.7,98.07728475584713,98.07728475584713,True
1466423336,96.7,96.7,99.682854151208,False
1466423340,95.1,97.61405564087381,97.61405564087381,True
1466423355,95.4,95.4,95.56484863939667,False
1466423443,97.1,99.45918029505849,99.45918029505849,True
1466423499,97.1,97.1,94.9848601322626,False
1466423585,96.4,99.39870928830493,99.39870928830493,True
1466423612,96.4,96.17566888492927,96.17566888492927,True
1466423669,95.4,95.4,95.80892883910681,False
1466423705,95.1,95.1,95.21150865413789,False
1466423770,95.1,95.77608631852843,95.77608631852843,True
1466423844,95.1,95.1,97.01615892509808,False
1466423902,95.6,95.6,95.07701509699945,False
1466423913,97.4,95.92798035892936,95.92798035892936,True
1466423972,97.5,94.13959799581808,94.13959799581808,True
1466424014,95.8,96.65001097681001,96.65001097681001,True
1466424069,97.0,98.7671919703504,98.7671919703504,True
1466424154,97.0,97.0,96.55010495259484,False
1466424155,97.0,97.0,99.757058802338,False
1466424169,98.8,98.42487935138959,98.42487935138959,True
1466424262,100.0,97.15336177535988,97.15336177535988,True
1466424339,98.7,98.7,97.65444480039174,False
1466424398,98.7,98.7,98.39182151259403,False
1466424497,97.3,97.3,99.99712367074427,False
1466424558,98.0,98.0,97.45030481806276,False
1466424613,97.6,97.6,94.8701927150201,False
1466424713,96.8,96.8,98.78098177110046,False
1466424804,96.8,95.6672434687373,95.6672434687373,True
1466424878,98.3,98.19336477860229,98.19336477860229,True
1466424924,98.3,98.3,94.74198581245643,False
1466425009,99.5,99.5,96.7306656143202,False
1466425106,99.2,97.2433028341471,97.2433028341471,True
1466425129,99.2,99.2,96.1037173832294,False
1466425179,99.2,99.2,99.67197863282902,False
1466425257,98.2,98.2,98.10920874566698,False
1466425262,98.2,98.2,96.19571953572914,False
1466425305,98.2,98.2,98.64224412976148,False
1466425331,96.4,98.42242389085003,98.42242389085003,True
1466425338,96.4,96.4,99.20938313226726,False
1466425377,96.4,97.12713156627197,97.12713156627197,True
1466425380,97.4,97.4,98.20798491318368,False
1466425417,97.1,96.44734941289161,96.44734941289161,True
1466425484,98.5,98.5,98.6634301401368,False
1466425517,98.5,98.63588149532843,98.63588149532843,True
1466425553,98.7,98.7,98.38303542999061,False
1466425640,97.9,97.9,96.99975499209461,False
1466425687,99.6,99.6,96.65772408489937,False
1466425711,99.6,99.6,94.28854919640257,False
1466425768,99.0,94.5593903967767,94.5593903967767,True
1466425811,97.9,97.9,96.59324054299671,False
1466425856,99.2,99.2,95.2125251214857,False
1466425869,99.4,97.42210129358631,97.42210129358631,True
1466425884,97.8,97.8,94.04288510890355,False
1466425962,97.8,97.8,94.0051043656445,False
1466425974,96.6,96.6,99.13910413354128,False
1466426016,97.0,99.453728634929,99.453728634929,True
1466426024,97.0,98.04670875052199,98.04670875052199,True
1466426034,97.0,97.0,95.15374953996226,False
1466426130,97.0,97.42014985554584,97.42014985554584,True
1466426189,96.0,95.11768622289273,95.11768622289273,True
1466426198,94.4,94.4,97.97089967797012,False
1466426280,95.2,95.2,99.521659874486,False
1466426298,94.5,99.61650549187553,99.61650549187553,True
1466426380,94.5,97.02088788302382,97.02088788302382,True
1466426420,94.8,97.17572097722764,97.17572097722764,True
1466426509,94.8,94.8,95.87730322035439,False
1466426521,94.8,94.8,99.35667119065553,False
1466426535,94.8,94.8,97.41812367113603,False
1466426563,94.8,96.57016398400975,96.57016398400975,True
1466426620,94.8,98.55554347024375,98.55554347024375,True
1466426694,95.3,98.08568553705831,98.08568553705831,True
1466426764,95.3,98.88258263062939,98.88258263062939,True
1466426778,95.3,95.3,96.26757235993709,False
1466426866,94.5,94.5,99.19836745955936,False
1466426938,96.2,96.4338061196108,96.4338061196108,True
1466427022,96.2,99.1079526433699,99.1079526433699,True
1466427059,96.2,94.31558994769767,94.31558994769767,True
1466427125,96.2,96.2,97.93814722050566,False
1466427204,94.8,94.8,96.92165018145286,False
1466427240,94.8,97.73228948446075,97.73228948446075,True
1466427317,95.4,95.4,94.87196788228894,False
1466427319,94.4,95.62530700389871,95.62530700389871,True
1466427331,94.1,97.71192970760916,97.71192970760916,True
1466427425,94.7,94.7,99.88308679098853,False
1466427458,96.5,96.5,95.45199792209847,False
1466427495,96.5,96.5,96.05552226978901,False
1466427543,96.5,97.5019087390622,97.5019087390622,True
1466427625,96.5,97.35636680262722,97.35636680262722,True
1466427663,96.5,96.5,96.72579733568699,False
1466427672,95.8,95.8,98.94746201713656,False
1466427684,96.0,96.0,95.99221686928259,False
1466427739,97.8,98.41177699060574,98.41177699060574,True
1466427769,97.8,97.8,97.15027290963019,False
1466427775,96.8,97.42901299490165,97.42901299490165,True
1466427820,97.3,97.3,99.62838329026542,False
1466427837,98.2,98.2,97.68612911057987,False
1466427846,98.9,95.61447184860603,95.61447184860603,True
1466427904,98.9,98.9,95.78368512463351,False
1466427997,99.8,99.8,96.2936484397281,False
1466428027,99.3,96.8920102227069,96.8920102227069,True
1466428114,99.2,95.31237169881969,95.31237169881969,True
1466428212,97.7,97.7,98.84160507867482,False
1466428294,98.9,94.89892128452018,94.89892128452018,True
1466428321,98.9,98.9,96.49385620496562,False
1466428340,99.4,99.4,98.25521779223082,False
1466428378,98.9,98.50800460791449,98.50800460791449,True
1466428463,97.0,96.02494091424177,96.02494091424177,True
1466428551,98.8,96.36990090476188,96.36990090476188,True
1466428575,99.2,94.94624998200734,94.94624998200734,True
1466428593,99.2,99.2,97.01023685820581,False
1466428682,99.2,98.16901028144203,98.16901028144203,True
1466428699,98.8,98.8,97.27106758018428,False
1466428719,98.5,98.77432947453231,98.77432947453231,True
1466428819,98.5,98.5,99.00410740682358,False
1466428850,96.7,96.7,95.27282692478515,False
1466428884,96.7,97.50943490964707,97.50943490964707,True
1466428973,96.9,96.9,99.97261594262787,False
1466429006,96.0,94.94531783586746,94.94531783586746,True
1466429026,94.6,94.6,96.79860646292667,False
1466429066,94.6,96.63122859704744,96.63122859704744,True
1466429072,95.5,95.28787969246852,95.28787969246852,True
1466429103,96.1,96.1,96.03637546388765,False
1466429110,95.9,94.22550696540827,94.22550696540827,True
1466429123,95.9,95.9,99.78965120267092,False
1466429168,95.9,99.83968194951694,99.83968194951694,True
1466429182,95.9,95.9,98.81170145830798,False
1466429184,94.6,94.6,98.38586376440989,False
1466429197,94.6,94.6,97.20010537622188,False
1466429280,94.6,94.6,98.37244895635162,False
1466429378,95.2,97.70229197897893,97.70229197897893,True
1466429450,96.9,96.9,98.65720252069043,False
1466429455,96.9,96.79547093679963,96.79547093679963,True
1466429510,96.1,95.19208597647747,95.19208597647747,True
1466429565,96.1,96.1,96.38284274975554,False
1466429566,96.3,96.3,95.11663483777,False
1466429592,94.7,98.80480648716406,98.80480648716406,True
1466429623,94.7,94.7,97.86167483184566,False
1466429691,94.7,95.28046251421321,95.28046251421321,True
1466429733,96.1,99.75778426075362,99.75778426075362,True
1466429803,95.6,97.01986408144492,97.01986408144492,True
1466429832,95.5,95.5,97.5239973209783,False
1466429905,96.9,96.9,97.02620311834048,False
1466429997,96.9,96.9,97.53975430343692,False
1466430050,96.0,99.53902928110577,99.53902928110577,True
1466430088,96.0,99.88624934115006,99.88624934115006,True
1466430174,96.0,96.0,95.91073332667979,False
1466430247,95.7,95.7,98.58433866588653,False
1466430344,95.9,97.37545331012429,97.37545331012429,True
1466430375,95.9,95.9,96.10124685751556,False
1466430400,96.5,96.5,97.82917250739952,False
1466430457,95.8,95.13934653290518,95.13934653290518,True
1466430483,94.1,94.1,95.3483980599611,False
1466430517,95.6,95.6,94.66754364328064,False
1466430524,96.8,96.8,99.20235283332033,False
1466430592,96.5,96.81911239342395,96.81911239342395,True
1466430616,98.3,96.12534433641557,96.12534433641557,True
1466430631,96.5,96.5,96.8729115641315,False
1466430680,96.5,95.83211391453007,95.83211391453007,True
1466430734,95.9,95.9,96.25862944180672,False
1466430790,95.9,99.15707858370746,99.15707858370746,True
1466430815,95.9,95.9,97.78193043816873,False
1466430895,95.2,98.83396143488098,98.83396143488098,True
1466430916,95.2,99.14757416357165,99.14757416357165,True
1466430929,96.9,96.69106254315423,96.69106254315423,True
1466430936,96.9,96.9,96.09304078451949,False
1466431009,96.2,96.49551120673782,96.49551120673782,True
1466431036,96.2,96.5566610587465,96.5566610587465,True
1466431055,97.5,97.5,94.60559678192104,False
1466431145,97.5,98.38453629482785,98.38453629482785,True
1466431218,97.3,97.3,98.93783178334408,False
1466431290,95.9,94.02373883016585,94.02373883016585,True
1466431324,95.9,98.8514990957486,98.8514990957486,True
1466431400,96.5,96.5,94.0355768744484,False
1466431450,96.6,96.86278573410885,96.86278573410885,True
1466431526,98.1,98.1,96.20998540989663,False
1466431589,99.4,99.4,98.07873046656606,False
1466431661,99.9,99.9,94.65579401963552,False
1466431760,98.1,98.1,96.26329983855686,False
1466431796,98.2,98.2,97.18373587520098,False
1466431848,99.1,99.1,99.88556149173635,False
1466431879,99.2,99.2,94.1868042762533,False
1466431954,97.7,97.7,97.7786277153676,False
1466431958,98.7,98.7,96.84297097538557,False
1466432002,97.1,98.93942296146489,98.93942296146489,True
1466432101,96.6,96.6,97.18487780502683,False
1466432177,94.8,94.8,95.43544502732577,False
1466432194,94.2,94.51370162034225,94.51370162034225,True
1466432237,94.2,94.2,96.67262731766874,False
1466432280,95.7,98.92170081659512,98.92170081659512,True
1466432373,95.7,98.08294915031821,98.08294915031821,True
1466432389,96.8,96.8,99.82916155689193,False
1466432415,96.8,99.77708112193272,99.77708112193272,True
1466432417,96.2,98.07165780342525,98.07165780342525,True
1466432506,97.7,98.62657619492732,98.62657619492732,True
1466432569,97.7,94.54656234481071,94.54656234481071,True
1466432577,97.7,96.5745234837212,96.5745234837212,True
1466432670,97.7,94.97985603189454,94.97985603189454,True
1466432706,96.5,99.77851806751289,99.77851806751289,True
1466432804,96.5,96.49266732304407,96.49266732304407,True
1466432853,96.5,97.98819688688525,97.98819688688525,True
1466432947,96.5,99.04853325473971,99.04853325473971,True
1466433040,95.0,95.0,95.08945511061565,False
1466433128,95.0,95.0,94.29521473662939,False
1466433145,95.0,95.0,99.46754924185566,False
1466433195,95.0,94.45987139418925,94.45987139418925,True
1466433289,95.0,96.61298666401521,96.61298666401521,True
1466433375,94.6,94.6,95.87840042587207,False
1466433427,94.6,94.6,98.78056910524356,False
1466433478,94.6,97.68737053943447,97.68737053943447,True
1466433517,94.7,98.30060015427658,98.30060015427658,True
1466433615,94.7,94.7,94.92600501278594,False
1466433672,95.5,99.20830521368985,99.20830521368985,True
1466433762,96.4,96.93813931691683,96.93813931691683,True
1466433809,96.4,97.59083522565096,97.59083522565096,True
1466433873,96.4,96.4,94.64429616713802,False
1466433910,96.9,96.9,99.49709167225896,False
1466433994,98.3,96.88199672741833,96.88199672741833,True
1466434003,98.1,98.1,95.64347414637705,False
1466434045,99.5,99.5,98.55370343554131,False
1466434096,98.6,98.6,99.53304964796351,False
1466434173,98.7,98.7,95.44003949781978,False
1466434199,98.7,96.20473273547387,96.20473273547387,True
1466434224,98.7,97.23569097714272,97.23569097714272,True
1466434308,98.1,96.2138505928962,96.2138505928962,True
1466434359,97.7,96.4011470545319,96.4011470545319,True
1466434371,97.7,97.7,95.77090361965818,False
1466434457,97.7,97.7,97.94257780221062,False
1466434498,97.7,97.7,97.00916724045949,False
1466434552,97.3,97.3,96.90592459948957,False
1466434622,97.3,97.3,99.97698576953584,False
1466434691,97.9,98.12749121116966,98.12749121116966,True
1466434718,98.8,98.8,96.7134635453813,False
1466434727,98.8,98.52039720428053,98.52039720428053,True
1466434815,98.2,98.2,95.78324505234725,False
1466434892,98.2,97.14081987461775,97.14081987461775,True
1466434915,98.2,98.2,97.83510247831386,False
1466434946,96.6,96.54750484628184,96.54750484628184,True
1466434988,97.7,97.7,94.12329449829187,False
1466435020,97.5,97.5,95.00416912441469,False
1466435090,97.5,97.5,99.74104613347325,False
1466435099,95.9,95.9,98.57799176231312,False
1466435145,95.9,95.9,96.02497680798976,False
1466435186,95.9,97.42981186721411,97.42981186721411,True
1466435246,97.1,99.80453788673864,99.80453788673864,True
1466435284,97.1,94.27208984512357,94.27208984512357,True
1466435327,97.1,97.34452535466639,97.34452535466639,True
1466435369,96.2,96.2,99.09295662123775,False
1466435408,97.9,97.9,95.71640840837671,False
1466435468,96.1,99.88876541840506,99.88876541840506,True
1466435486,96.1,96.1,95.87878668477403,False
1466435555,97.2,97.2,98.91443316989229,False
1466435624,97.2,99.97351953519689,99.97351953519689,True
1466435659,96.3,99.26576814009427,99.26576814009427,True
1466435682,94.5,96.76218353365151,96.76218353365151,True
1466435712,95.4,96.40237359588909,96.40237359588909,True
1466435794,96.6,96.6,98.3354855356211,False
1466435878,95.0,95.0,98.33451366201768,False
1466435904,96.3,96.3,96.12947719960894,False
1466435971,95.8,95.8,94.66033076432916,False
1466436041,95.8,95.8,94.84132449068788,False
1466436059,96.5,98.20646006283324,98.20646006283324,True
1466436093,97.1,97.1,97.617104847397,False
1466436178,96.2,96.2,97.28899542921201,False
1466436230,95.9,99.78020979145315,99.78020979145315,True
1466436280,95.9,94.6708379492544,94.6708379492544,True
1466436332,94.1,94.1,99.77383929120245,False
1466436333,95.9,95.82985718867869,95.82985718867869,True
1466436431,94.4,97.26763807555638,97.26763807555638,True
1466436520,95.8,95.8,99.68606627641132,False
1466436572,96.2,96.2,97.59512376049925,False
1466436647,95.1,95.1,95.34613746960454,False
1466436655,95.1,95.1,96.14747019087756,False
1466436727,94.8,97.6176770360649,97.6176770360649,True
1466436793,94.8,98.36606687514653,98.36606687514653,True
1466436879,95.7,97.57576843360803,97.57576843360803,True
1466436880,95.9,95.2879061824776,95.2879061824776,True
1466436939,97.7,99.01648985223824,99.01648985223824,True
1466437015,95.8,99.58118197667677,99.58118197667677,True
1466437048,95.5,95.86732161666957,95.86732161666957,True
1466437088,95.5,95.5,94.96466042314279,False
1466437105,96.9,99.26311907178336,99.26311907178336,True
1466437122,98.4,98.82168532207032,98.82168532207032,True
1466437160,98.3,94.61792524220782,94.61792524220782,True
1466437232,98.3,97.97499547380124,97.97499547380124,True
1466437321,98.3,98.3,99.69266900061135,False
1466437335,97.3,97.3,94.14079018768726,False
1466437358,97.3,97.3,97.7353678876902,False
1466437441,96.9,96.98548171775413,96.98548171775413,True
1466437480,97.1,98.81070420444033,98.81070420444033,True
1466437561,96.4,98.0863617868495,98.0863617868495,True
1466437653,98.3,98.3,95.99800184366289,False
1466437709,96.5,95.26560422378815,95.26560422378815,True
1466437798,96.1,98.38028107212634,98.38028107212634,True
1466437869,97.1,97.1,95.13598954686405,False
1466437952,97.1,97.1,98.655384886111,False
1466438037,97.1,96.59978039635278,96.59978039635278,True
1466438054,97.1,95.86266537238099,95.86266537238099,True
1466438056,97.1,97.1,97.4229714967318,False
1466438136,98.1,98.1,97.64886127896496,False
1466438234,98.9,98.9,94.90084166654523,False
1466438261,98.9,98.9,94.81936862757223,False
1466438348,98.0,97.13289946520226,97.13289946520226,True
1466438407,98.0,95.21878656366617,95.21878656366617,True
1466438422,99.6,99.6,94.48025555814128,False
1466438476,99.6,99.6,96.80105297540172,False
1466438571,99.7,99.7,94.6054802484944,False
1466438612,99.7,95.38487572352751,95.38487572352751,True
1466438620,99.7,95.77850912634933,95.77850912634933,True
1466438698,99.7,99.7024203981629,99.7024203981629,True
1466438747,98.1,96.00550449674074,96.00550449674074,True
1466438795,98.1,99.28248786862586,99.28248786862586,True
1466438810,98.2,94.95504550375766,94.95504550375766,True
1466438888,98.6,98.6,95.38610962583975,False
1466438975,98.5,98.5,98.76333607734573,False
1466439000,96.9,96.9,96.55387164763971,False
1466439092,98.6,98.6,99.15695562209646,False
1466439150,98.9,98.9,97.43930443201138,False
1466439229,99.8,98.34884917446313,98.34884917446313,True
1466439279,98.5,97.77071529550373,97.77071529550373,True
1466439328,98.5,98.22369184234395,98.22369184234395,True
1466439351,98.8,94.11910711971467,94.11910711971467,True
1466439447,97.2,97.2,99.4565224848446,False
1466439466,97.2,94.31862468200234,94.31862468200234,True
1466439480,97.2,97.2,95.92374754382114,False
1466439560,98.2,98.2,94.2275278046669,False
1466439600,97.7,94.09246813607785,94.09246813607785,True
1466439645,97.7,94.01060493494145,94.01060493494145,True
1466439729,99.2,99.2,99.0993257784427,False
1466439772,99.2,94.233731545298,94.233731545298,True
1466439827,98.9,98.9,97.4019999922769,False
1466439849,99.1,96.85458233869977,96.85458233869977,True
1466439910,98.6,94.42034418290785,94.42034418290785,True
1466439990,98.0,98.0,98.94742422889469,False
1466440005,98.0,98.0,94.4775514319693,False
1466440006,99.6,96.22028418203065,96.22028418203065,True
1466440045,99.6,98.60175408793177,98.60175408793177,True
1466440066,99.6,98.47069473931529,98.47069473931529,True
1466440154,99.6,99.6,96.73847709306696,False
1466440214,99.6,99.14007523578067,99.14007523578067,True
1466440226,99.5,99.5,97.07809247210953,False
1466440304,99.5,99.5,98.23446257526628,False
1466440385,98.9,98.9,96.11171880997723,False
1466440451,100.0,100.0,99.96673953523468,False
1466440521,100.0,96.91298970113853,96.91298970113853,True
1466440581,98.7,99.2052048549718,99.2052048549718,True
1466440674,99.9,96.04780492508158,96.04780492508158,True
1466440727,99.9,99.9,95.35077915292388,False
1466440821,98.2,94.1406788775451,94.1406788775451,True
1466440827,98.2,96.90600043913493,96.90600043913493,True
1466440897,98.9,98.31982260683675,98.31982260683675,True
1466440923,98.9,98.66949233212692,98.66949233212692,True
1466441012,99.1,99.1,94.67673853521778,False
1466441049,97.9,95.0446487277552,95.0446487277552,True
1466441147,96.5,95.33602416726647,95.33602416726647,True
1466441213,97.1,97.1,94.11997600167744,False
1466441311,96.1,96.1,99.18079143882875,False
1466441318,96.1,96.1,97.396056320643,False
1466441418,97.9,94.19235186532906,94.19235186532906,True
1466441510,98.5,98.52304141075146,98.52304141075146,True
1466441541,98.0,98.0,97.78784671771629,False
1466441579,96.6,97.1815193623589,97.1815193623589,True
1466441630,96.6,99.91675300674773,99.91675300674773,True
1466441714,96.6,98.98546576052279,98.98546576052279,True
1466441724,96.6,95.89389210540563,95.89389210540563,True
1466441741,95.4,98.8662185325587,98.8662185325587,True
1466441822,96.8,98.46382756801032,98.46382756801032,True
1466441883,96.8,96.8,96.23289582111389,False
1466441934,98.1,98.1,96.00370260225324,False
1466441947,98.4,99.2806582908336,99.2806582908336,True
1466442046,98.4,96.1558620376468,96.1558620376468,True
1466442137,98.4,98.4,98.25745309568687,False
1466442175,98.6,94.36679199972481,94.36679199972481,True
1466442216,98.6,95.67189724869132,95.67189724869132,True
1466442284,98.0,99.10953728647053,99.10953728647053,True
1466442332,98.0,98.0,99.02866185765669,False
1466442358,98.0,98.0,96.32248166935406,False
1466442362,98.0,99.10346111457108,99.10346111457108,True
1466442439,98.0,98.0,99.26958012512708,False
1466442490,96.5,99.82300562966417,99.82300562966417,True
1466442498,97.2,97.2,98.63276929193466,False
1466442508,97.7,97.7,94.89915274052085,False
1466442518,96.3,96.3,97.33450070465494,False
1466442556,95.8,94.87151660634571,94.87151660634571,True
1466442656,97.7,97.7,96.66107124531649,False
1466442662,97.7,96.72993916816372,96.72993916816372,True
1466442703,97.7,97.7,95.12799484407738,False
1466442768,97.0,97.0,99.70707564267917,False
1466442788,96.5,94.33334629124843,94.33334629124843,True
1466442886,96.4,96.4,96.41646949675557,False
1466442980,96.4,97.59337684592182,97.59337684592182,True
1466443000,96.4,96.4,95.11485112554966,False
1466443029,97.0,99.10400866058656,99.10400866058656,True
1466443038,97.0,97.0,95.28546399576727,False
1466443089,97.0,95.72566286978441,95.72566286978441,True
1466443162,97.0,97.0,96.59788176786786,False
1466443201,96.1,95.16117992965795,95.16117992965795,True
1466443219,96.1,96.1,96.02295986776676,False
1466443263,96.1,94.55175615782132,94.55175615782132,True
1466443350,96.7,96.7,95.93230097661741,False
1466443373,96.7,98.70389630022737,98.70389630022737,True
1466443392,96.7,96.7,99.10457186893944,False
1466443402,97.7,97.7,98.25479219519333,False
1466443486,97.0,98.12947844915232,98.12947844915232,True
1466443511,97.5,97.76064529662622,97.76064529662622,True
1466443584,98.6,94.67949655525912,94.67949655525912,True
1466443677,99.4,99.10340158909406,99.10340158909406,True
1466443725,98.2,98.2,98.6215466325965,False
1466443727,99.5,97.76042075550069,97.76042075550069,True
1466443750,99.1,99.1,99.14645878194128,False
1466443761,99.1,99.1,97.48190693389591,False
1466443808,99.1,96.88591621773858,96.88591621773858,True
1466443861,99.1,96.91010989071717,96.91010989071717,True
1466443929,98.6,98.68015337358884,98.68015337358884,True
1466443986,99.6,99.60319742529057,99.60319742529057,True
1466444043,99.0,99.0,95.9792897606964,False
1466444110,99.0,99.0,96.02656173930322,False
1466444192,99.0,95.79420201937054,95.79420201937054,True
1466444287,97.6,96.62048444608874,96.62048444608874,True
1466444294,99.0,98.81683587736549,98.81683587736549,True
1466444366,99.0,94.24734474712368,94.24734474712368,True
1466444466,99.0,99.0,96.96662367642985,False
1466444505,98.8,98.8,96.5720508181894,False
1466444556,99.3,94.55963331373158,94.55963331373158,True
1466444624,99.6,99.6,99.64466248970511,False
1466444663,98.4,98.4,95.219532812526,False
1466444685,99.6,99.6,94.92266926230361,False
1466444756,99.6,99.6,96.3849299965842,False
1466444781,99.2,99.2,97.20836696573988,False
1466444840,99.2,98.96436452685622,98.96436452685622,True
1466444854,98.0,98.0,98.98440041916064,False
1466444860,98.0,98.0,95.97193468105674,False
1466444959,97.6,94.24574671533668,94.24574671533668,True
1466445058,97.6,97.91381769999073,97.91381769999073,True
1466445107,96.6,99.05008428808175,99.05008428808175,True
1466445165,96.6,96.6,96.96332472440665,False
1466445170,96.6,96.6,95.46698578410674,False
1466445173,96.6,96.15029131680427,96.15029131680427,True
1466445247,94.8,94.8,97.8448574842247,False
1466445305,94.8,98.20812595900321,98.20812595900321,True
1466445333,96.1,97.00612156299233,97.00612156299233,True
1466445356,96.1,96.43946314649429,96.43946314649429,True
1466445430,96.1,96.1,95.35125466397052,False
1466445491,96.1,96.1,94.97378593629249,False
1466445497,96.1,96.1,94.84149878324453,False
1466445514,97.0,97.8283640843635,97.8283640843635,True
1466445549,97.0,99.1362377116547,99.1362377116547,True
1466445640,97.4,97.4,97.64561082606036,False
1466445648,97.4,94.1241056276089,94.1241056276089,True
1466445739,97.4,97.4,97.2593509198082,False
1466445814,98.7,96.9527037351981,96.9527037351981,True
1466445879,98.5,94.44924923067488,94.44924923067488,True
1466445909,98.5,98.5,97.44971318853499,False
1466445965,98.8,98.8,98.84987468444723,False
1466446021,97.7,97.68809886145465,97.68809886145465,True
1466446045,97.7,97.7,99.83908251399667,False
1466446071,97.1,99.40805751692793,99.40805751692793,True
1466446120,97.1,97.1,97.97620693220395,False
1466446168,97.1,97.1,96.5097035220819,False
1466446253,96.5,97.73957295214274,97.73957295214274,True
1466446302,96.0,96.85552992609405,96.85552992609405,True
1466446389,96.0,99.37401047756528,99.37401047756528,True
1466446404,96.0,96.0,94.1246439834244,False
1466446494,96.0,95.04764929270446,95.04764929270446,True
1466446594,94.5,96.10190874899112,96.10190874899112,True
1466446643,94.5,94.1038457536239,94.1038457536239,True
1466446669,94.5,98.96014434131615,98.96014434131615,True
1466446690,96.4,99.16368691647673,99.16368691647673,True
1466446735,95.8,99.61134372298899,99.61134372298899,True
1466446766,95.9,95.9,99.23663082662215,False
1466446852,95.9,95.9,98.62904974987897,False
1466446902,94.5,94.75929755619572,94.75929755619572,True
1466446945,94.5,94.5,98.59887338577927,False
1466446987,95.0,95.23207475891296,95.23207475891296,True
1466447036,95.0,95.25009746624453,95.25009746624453,True
1466447112,95.1,95.1,97.63559690831376,False
1466447129,94.5,94.5,98.4633179951976,False
1466447189,94.5,98.2704578403232,98.2704578403232,True
1466447224,94.5,95.80033146174364,95.80033146174364,True
1466447270,96.0,98.59996287496853,98.59996287496853,True
1466447272,95.9,95.9,94.52550638781861,False
1466447348,95.9,98.92252127128009,98.92252127128009,True
1466447359,95.3,99.91086456172226,99.91086456172226,True
1466447388,97.1,97.1,98.11015619645832,False
1466447390,97.2,98.79913483521821,98.79913483521821,True
1466447425,97.2,97.48337854873382,97.48337854873382,True
1466447463,98.1,98.06488712248628,98.06488712248628,True
1466447485,99.7,99.7,97.97790145448275,False
1466447545,99.7,99.7,97.6803858859271,False
1466447553,99.7,99.0143133850972,99.0143133850972,True
1466447554,99.1,99.1,98.2146789726043,False
1466447573,98.7,99.76335089339452,99.76335089339452,True
1466447634,97.8,95.34214826081539,95.34214826081539,True
1466447695,99.6,99.6,97.27390485556869,False
1466447762,98.4,98.91999570537939,98.91999570537939,True
1466447844,97.1,97.1,96.7527089060717,False
1466447885,95.8,99.02261758318002,99.02261758318002,True
1466447943,95.8,98.27324773641776,98.27324773641776,True
1466447956,96.4,96.23615580085139,96.23615580085139,True
1466448041,96.6,96.6,98.18537264968798,False
1466448140,96.3,96.38188902281263,96.38188902281263,True
1466448215,96.3,94.79857583206349,94.79857583206349,True
1466448270,96.3,96.3,95.58610966046881,False
1466448302,95.6,95.6,99.75217182069568,False
1466448368,96.9,96.9,97.4690127169848,False
1466448422,96.9,99.43591263916888,99.43591263916888,True
1466448517,98.1,95.98466617200522,95.98466617200522,True
1466448614,99.1,99.87805298861338,99.87805298861338,True
1466448701,98.0,97.19575845589866,97.19575845589866,True
1466448743,97.7,97.7,94.9397991626143,False
1466448805,97.8,95.76043494431461,95.76043494431461,True
1466448844,99.0,99.0,95.6850354694927,False
1466448896,98.6,98.60316243186152,98.60316243186152,True
1466448984,98.6,98.6,96.00713413766323,False
1466449031,98.6,95.45962356646822,95.45962356646822,True
1466449045,98.1,98.1,97.2151476627886,False
1466449099,97.2,97.2,98.00346075462424,False
1466449171,97.2,97.73881288026442,97.73881288026442,True
1466449261,96.1,96.1,99.63743144681065,False
1466449280,94.5,94.5,95.87801014176527,False
1466449359,94.2,94.2,99.7119404789499,False
1466449442,94.5,94.5,99.3757400437905,False
1466449496,96.0,96.91800946868302,96.91800946868302,True
1466449537,94.3,98.90887269090952,98.90887269090952,True
1466449555,94.4,94.4,94.76984215240947,False
1466449629,94.1,98.30271870446535,98.30271870446535,True
1466449635,94.2,99.14349714769742,99.14349714769742,True
1466449721,94.6,94.6,99.78823591123489,False
1466449772,94.3,94.3,95.440106676224,False
1466449872,94.3,94.3,97.57659256907078,False
1466449873,94.3,94.18544827438315,94.18544827438315,True
1466449884,94.1,94.1,99.32674920660877,False
1466449937,94.5,97.15745386469995,97.15745386469995,True
1466449953,96.0,96.91538251515621,96.91538251515621,True
1466449959,94.9,94.50176516313311,94.50176516313311,True
1466449961,96.5,96.5,98.06270032489257,False
1466450018,96.5,98.266051477516,98.266051477516,True
1466450075,96.5,99.23645557928103,99.23645557928103,True
1466450150,96.5,95.5157118460734,95.5157118460734,True
1466450177,95.1,98.36107089222389,98.36107089222389,True
1466450255,95.1,95.58351505910201,95.58351505910201,True
1466450343,94.8,94.04060420669158,94.04060420669158,True
1466450348,94.2,94.2,98.93397606265229,False
1466450401,94.2,94.2,96.64564469535313,False
1466450433,94.2,97.34368156123223,97.34368156123223,True
1466450507,94.2,97.90588013553202,97.90588013553202,True
1466450536,94.9,95.54912270836732,95.54912270836732,True
1466450627,94.5,97.65552515491039,97.65552515491039,True
1466450723,94.5,94.5,98.31240941477697,False
1466450817,95.5,95.5,98.30035764882474,False
1466450900,94.0,94.0,99.08916817767508,False
1466450902,94.2,95.00562756509072,95.00562756509072,True
1466450971,94.2,99.92574863494104,99.92574863494104,True
1466451016,95.1,97.97988432868713,97.97988432868713,True
1466451023,95.1,94.25076064167558,94.25076064167558,True
1466451073,95.1,95.1,96.74437429087298,False
1466451166,95.1,95.1,96.9771388313283,False
1466451231,96.7,96.06470505772737,96.06470505772737,True
1466451245,96.7,98.56370016305122,98.56370016305122,True
1466451293,98.5,98.5,99.02575392675284,False
1466451295,98.5,98.16910165274147,98.16910165274147,True
1466451378,98.5,99.47135560305709,99.47135560305709,True
1466451445,97.0,98.99051111791682,98.99051111791682,True
1466451508,95.8,95.8,95.91960209673191,False
1466451599,95.0,98.87864220318957,98.87864220318957,True
1466451686,95.0,95.0,99.18372325416311,False
1466451761,95.7,98.44552798846415,98.44552798846415,True
1466451857,95.7,95.7,97.5551942536035,False
1466451909,96.0,96.0,95.57483775155497,False
1466451919,96.0,96.0,94.54393119558196,False
1466452006,96.0,99.93680439667023,99.93680439667023,True
1466452035,96.0,98.55060516340673,98.55060516340673,True
1466452039,96.0,95.99256445042532,95.99256445042532,True
1466452104,95.5,95.5,97.73734969345058,False
1466452167,95.7,97.34634540588561,97.34634540588561,True
1466452238,97.5,96.84860251620503,96.84860251620503,True
1466452313,95.6,97.57806375397188,97.57806375397188,True
1466452339,94.4,97.89924810986226,97.89924810986226,True
1466452419,94.4,99.19661829357831,99.19661829357831,True
1466452424,95.9,95.9,96.05775238811063,False
1466452435,94.2,95.6995041604368,95.6995041604368,True
1466452531,94.2,98.81494610018227,98.81494610018227,True
1466452584,94.6,97.0219230419386,97.0219230419386,True
1466452625,94.8,96.76917339239867,96.76917339239867,True
1466452676,95.8,95.8,97.7241237842569,False
1466452752,95.8,95.8,94.1883633424531,False
1466452796,95.8,95.8,98.55282739393999,False
1466452825,96.0,99.10759622043122,99.10759622043122,True
1466452860,96.0,94.89694432263269,94.89694432263269,True
1466452960,96.9,96.9,95.92905576975443,False
1466452979,96.9,96.07474698585553,96.07474698585553,True
1466453002,95.5,95.5,95.35059125193247,False
1466453016,95.5,95.46091257017444,95.46091257017444,True
1466453025,96.4,96.4,96.65259412329573,False
1466453089,96.0,94.90559336694398,94.90559336694398,True
1466453141,96.6,96.6,94.84104132326951,False
1466453154,95.3,95.3,96.20142922499726,False
1466453184,95.3,99.73448253142516,99.73448253142516,True
1466453202,94.5,94.5,96.39282083584514,False
1466453203,95.0,98.48457524247375,98.48457524247375,True
1466453222,95.0,97.8111853835196,97.8111853835196,True
1466453321,96.3,96.3,97.65807694002633,False
1466453379,97.9,97.9,99.75413820009892,False
1466453392,98.9,99.14570405924314,99.14570405924314,True
1466453422,99.9,99.9,96.10748135698637,False
1466453502,98.9,98.9,94.18048340099,False
1466453518,97.2,97.2,94.04572187012045,False
1466453563,97.2,97.2,97.28485611833656,False
1466453604,97.7,97.5199294255298,97.5199294255298,True
1466453639,97.7,97.7,94.2011007166947,False
1466453705,97.7,97.06539820148667,97.06539820148667,True
1466453795,96.3,96.62258264270943,96.62258264270943,True
1466453816,96.4,97.2014365639759,97.2014365639759,True
1466453870,96.4,96.4,97.12806798705003,False
1466453910,94.6,94.60235914223269,94.60235914223269,True
1466454002,94.6,94.6,98.77812526635175,False
1466454051,94.1,96.3949298075404,96.3949298075404,True
1466454087,94.6,95.31024509361616,95.31024509361616,True
1466454129,94.6,94.6,99.59132204534362,False
1466454227,96.4,96.4,94.1827909506943,False
1466454259,95.5,95.21599284093627,95.21599284093627,True
1466454262,96.1,96.1,95.13579908207522,False
1466454298,96.1,96.1,96.01720576556713,False
1466454388,96.1,96.1,95.4635057510906,False
1466454399,96.1,96.1,97.67449164686624,False
1466454473,95.6,98.85881481941918,98.85881481941918,True
1466454529,96.4,95.11160544018374,95.11160544018374,True
1466454559,96.4,96.4,98.8885266696103,False
1466454648,96.5,94.4068583677954,94.4068583677954,True
1466454745,97.7,94.05303903829272,94.05303903829272,True
1466454763,97.4,97.4,98.92019863931108,False
1466454851,96.2,96.2,98.44999910260918,False
1466454936,96.2,95.070397671791,95.070397671791,True
1466454949,96.4,96.09135172547943,96.09135172547943,True
1466455032,96.5,96.5,94.99077210446207,False
1466455065,97.2,97.3315905855268,97.3315905855268,True
1466455119,97.4,97.4,95.8930081036729,False
1466455172,97.4,97.4,96.74355705729823,False
1466455196,96.4,96.4,94.43865042553665,False
1466455271,95.8,95.81258365943644,95.81258365943644,True
1466455357,94.5,94.5,98.98168735690905,False
1466455361,96.0,96.0,98.84323743039431,False
1466455394,97.2,97.2,96.30342304130566,False
1466455475,97.2,97.2,95.92624222850185,False
1466455497,97.2,99.5893338651837,99.5893338651837,True
1466455561,98.5,96.08058043570453,96.08058043570453,True
1466455575,99.1,98.92768158285234,98.92768158285234,True
1466455587,99.1,94.03571952984053,94.03571952984053,True
1466455651,97.7,97.7,94.9901982932253,False
1466455658,98.8,94.36970839046062,94.36970839046062,True
1466455732,98.8,98.8,94.98963778542888,False
1466455812,98.8,98.8,95.39726924502298,False
1466455910,98.4,98.4,95.17082958663718,False
1466455951,98.4,98.4,98.51555993998916,False
1466455999,97.4,97.4,98.26914293731157,False
1466456054,99.2,99.2,99.02748987608851,False
1466456058,99.2,96.93528597635107,96.93528597635107,True
1466456074,99.4,97.36002306117851,97.36002306117851,True
1466456088,99.4,97.42592910734464,97.42592910734464,True
1466456118,99.4,95.1716744454023,95.1716744454023,True
1466456218,98.1,98.1,96.36271510878765,False
1466456265,99.4,99.4,96.50369010996187,False
1466456270,99.4,99.4,96.81174005205864,False
1466456312,98.9,95.47285620319957,95.47285620319957,True
1466456346,99.1,99.1,94.39669797269596,False
1466456374,98.2,98.2,98.15752846715371,False
1466456406,98.2,98.2,99.60402848152893,False
1466456482,96.3,98.71760425737345,98.71760425737345,True
1466456512,96.3,96.3,99.28162341243788,False
1466456610,96.8,96.8,99.13804414640806,False
1466456683,96.8,95.68311047922471,95.68311047922471,True
1466456768,96.8,99.32394030091783,99.32394030091783,True
1466456856,97.4,97.4,94.76448327829767,False
1466456927,97.4,97.4,97.07350576754575,False
1466457014,96.6,98.92448040035796,98.92448040035796,True
1466457032,98.3,95.77252001761357,95.77252001761357,True
1466457067,98.3,98.3,96.10598807216964,False
1466457157,98.7,95.41255386882422,95.41255386882422,True
1466457215,98.7,98.7,96.74957266834515,False
1466457267,98.7,98.7,95.75081252528429,False
1466457357,98.7,98.7,97.37522628387349,False
1466457434,97.5,97.5,98.35959081133859,False
1466457487,96.7,96.7,98.61022155666197,False
1466457559,96.1,97.67784359558925,97.67784359558925,True
1466457603,96.2,96.05085499116308,96.05085499116308,True
1466457671,96.2,96.2,94.69806797774305,False
1466457713,96.2,99.73288712368505,99.73288712368505,True
1466457745,96.4,96.4,98.10624177219627,False
1466457782,96.9,96.9,98.21672257175682,False
1466457802,95.4,95.4,98.70447261200403,False
1466457817,95.4,94.91509783315067,94.91509783315067,True
1466457865,95.6,95.6,99.42994654162767,False
1466457884,95.6,95.35745714295095,95.35745714295095,True
1466457885,95.0,95.0,95.7260302135365,False
1466457917,95.0,95.33290659838889,95.33290659838889,True
1466457973,95.2,95.2,98.21667327011814,False
1466458045,95.6,95.6,94.32126419717997,False
1466458135,95.6,98.68411291408886,98.68411291408886,True
1466458151,95.1,99.69228953248434,99.69228953248434,True
1466458230,94.0,94.0,95.69609677478414,False
1466458324,94.2,94.2,97.69485854701435,False
1466458362,94.3,94.3,94.33093639394647,False
1466458438,95.0,95.0,98.58903508580431,False
1466458454,96.1,97.82069808130478,97.82069808130478,True
1466458496,96.9,98.32057300032119,98.32057300032119,True
1466458509,97.5,97.5,96.84356052051052,False
1466458580,98.6,98.86707939551795,98.86707939551795,True
1466458590,99.6,99.6,98.59930006248321,False
1466458626,98.2,98.2,99.87316440084109,False
1466458642,97.9,96.00687589703864,96.00687589703864,True
1466458665,99.3,99.3,98.69242783767909,False
1466458694,99.3,99.3,97.01660780629534,False
1466458762,99.1,97.92203557946077,97.92203557946077,True
1466458793,97.9,97.9,96.84315629805609,False
1466458824,97.9,97.9,95.85255105793242,False
1466458906,97.9,97.9,94.75800636922652,False
1466458982,99.0,99.0,98.94405404799825,False
1466459068,99.0,99.0,96.76728549168327,False
1466459159,97.3,97.3,96.30959241984719,False
1466459184,97.4,97.4,94.47753888440357,False
1466459273,97.4,95.39340980202024,95.39340980202024,True
1466459372,97.4,97.4,97.23699463361926,False
1466459415,97.4,95.36960413142245,95.36960413142245,True
1466459483,97.4,94.58236902842732,94.58236902842732,True
1466459504,97.4,97.4,96.7084805102245,False
1466459588,97.4,94.52815460602876,94.52815460602876,True
1466459595,96.6,97.13659656489072,97.13659656489072,True
1466459673,96.3,98.98504159569758,98.98504159569758,True
1466459726,94.8,94.8,97.48965704840937,False
1466459800,94.8,96.77984215151793,96.77984215151793,True
1466459857,94.8,94.8,99.07191166726523,False
1466459887,95.2,95.2,99.56918198318183,False
1466459913,95.2,99.0131008984977,99.0131008984977,True
1466459974,95.5,95.5,96.13123949748021,False
1466459995,97.1,99.42390056114114,99.42390056114114,True
1466460001,97.1,97.1,99.19752967572406,False
1466460054,97.1,97.1,97.37112696740157,False
1466460130,98.9,97.85091666635003,97.85091666635003,True
1466460215,98.6,98.6,98.99861006122855,False
1466460252,98.6,98.09183768470488,98.09183768470488,True
1466460272,98.6,98.6,94.05151107175439,False
1466460346,99.7,96.41683869148693,96.41683869148693,True
1466460440,98.3,95.40618566980466,95.40618566980466,True
1466460461,98.3,96.12163511809145,96.12163511809145,True
1466460528,99.3,99.3,98.40296196685209,False
1466460610,97.6,97.6,95.46900806659423,False
1466460630,98.2,98.2,94.77580751078871,False
1466460691,98.2,99.31390375478274,99.31390375478274,True
1466460706,97.4,97.4,99.37504409795868,False
1466460739,97.4,97.4,98.28050940949423,False
1466460765,98.0,98.0,99.62140373755365,False
1466460795,97.7,97.7,98.0090449808422,False
1466460877,95.9,94.45709470866996,94.45709470866996,True
1466460973,95.8,94.1242338257994,94.1242338257994,True
1466461009,95.8,95.8,96.49646982486843,False
1466461027,95.4,98.77104601212231,98.77104601212231,True
1466461032,94.2,94.2,99.31255962436819,False
1466461096,95.3,95.3,98.99763995531,False
1466461169,95.3,95.3,97.89956907043464,False
1466461256,95.3,95.3,99.36799715205485,False
1466461351,94.7,97.40422800223126,97.40422800223126,True
1466461451,94.7,94.7,99.68445641839818,False
1466461531,94.7,94.09340646893307,94.09340646893307,True
1466461568,94.2,96.25665903885694,96.25665903885694,True
1466461583,94.4,99.57952623774051,99.57952623774051,True
1466461647,96.1,96.1,96.90156415530782,False
1466461703,96.1,94.89184256464112,94.89184256464112,True
1466461794,96.1,95.51833578484774,95.51833578484774,True
1466461813,96.1,96.1,96.7750370590038,False
1466461910,96.1,94.71438865896688,94.71438865896688,True
1466461988,95.7,95.7,98.44398860029972,False
1466462056,95.7,95.7,99.30914118542005,False
1466462101,95.7,95.7,98.6900460935588,False
1466462155,95.7,95.7,96.13141348691794,False
1466462215,94.1,99.6194672615094,99.6194672615094,True
1466462278,94.1,94.1,97.5795731313475,False
1466462368,94.1,95.05000191249916,95.05000191249916,True
1466462412,95.3,95.3,95.12400463442846,False
1466462512,94.4,96.13816863167467,96.13816863167467,True
1466462594,94.6,94.6,99.31198007861914,False
1466462671,94.6,97.37612428620449,97.37612428620449,True
1466462716,96.4,96.3897600460858,96.3897600460858,True
1466462746,95.0,98.33423447855724,98.33423447855724,True
1466462782,96.1,94.61083426846002,94.61083426846002,True
1466462820,96.1,95.74349662954324,95.74349662954324,True
1466462833,96.1,95.54431037798696,95.54431037798696,True
1466462842,97.9,97.1982647950765,97.1982647950765,True
1466462850,97.9,97.9,94.69111375167905,False
1466462941,99.3,94.19435002557614,94.19435002557614,True
1466463026,97.6,97.6,96.8705903333282,False
1466463117,97.3,97.3,95.93776913797134,False
1466463139,96.5,96.5,99.68196937688734,False
