1466410104,3.7,4.796494076847625,4.796494076847625,True
1466410114,4.8,5.429365878891369,5.429365878891369,True
1466410130,4.7,0.233985504115642,0.233985504115642,True
1466410181,4.7,1.2706939049247374,1.2706939049247374,True
1466410203,4.7,4.7,2.1755890714005535,False
1466410250,3.0,1.8420990894927454,1.8420990894927454,True
1466410309,3.0,3.0,2.536695297674981,False
1466410397,3.0,5.787006648874553,5.787006648874553,True
1466410430,3.0,3.0,2.8404338108042047,False
1466410469,2.8,2.8,4.799629902954106,False
1466410483,0.2,4.046199247518782,4.046199247518782,True
1466410498,0.2,0.2,1.7585972336629307,False
1466410502,0.2,0.2,3.773604892788405,False
1466410532,0.2,0.2,3.799010888608275,False
1466410541,0.2,0.2,4.88247937568172,False
1466410573,0.2,0.2,5.445387939881687,False
1466410630,0.2,0.2,5.207784089642056,False
1466410653,3.8,5.5407805037982865,5.5407805037982865,True
1466410746,3.8,3.8,2.045969339618641,False
1466410814,3.8,3.8,4.3438674501604115,False
1466410890,3.8,3.8,0.47060274381116973,False
1466410902,3.8,3.8,4.422438745699744,False
1466410978,6.0,1.7238811963590777,1.7238811963590777,True
1466411008,0.3,0.3,3.303162728982389,False
1466411066,0.3,3.099947523618998,3.099947523618998,True
1466411094,2.1,3.4685058692055577,3.4685058692055577,True
1466411157,2.1,2.1,3.554902620512686,False
1466411223,1.3,3.6769440440444736,3.6769440440444736,True
1466411226,1.3,1.3,2.23008549793402,False
1466411272,1.3,4.544499319111319,4.544499319111319,True
1466411303,1.3,0.10884909931927633,0.10884909931927633,True
1466411318,1.3,1.7487145858220268,1.7487145858220268,True
1466411396,5.4,4.949677403270554,4.949677403270554,True
1466411493,5.4,4.268455378148136,4.268455378148136,True
1466411549,5.4,0.41042672509765366,0.41042672509765366,True
1466411560,5.4,5.4,4.200407504141369,False
1466411626,3.2,1.7442610738706212,1.7442610738706212,True
1466411723,3.2,3.2,3.827859331884285,False
1466411763,3.2,3.2,1.5994243134180306,False
1466411785,3.2,0.85677965476433,0.85677965476433,True
1466411854,3.2,2.901632980861465,2.901632980861465,True
1466411889,3.2,3.2,5.273391373264725,False
1466411988,2.1,2.1,4.447585534159689,False
1466412022,2.1,2.1,1.6253642196299907,False
1466412046,2.1,2.1,5.42868983928599,False
1466412076,2.1,2.1,2.957444022569256,False
1466412152,1.4,1.4,4.605762744222976,False
1466412181,1.9,1.5796650944280084,1.5796650944280084,True
1466412201,1.9,4.838037301705456,4.838037301705456,True
1466412260,0.5,3.9264802998534574,3.9264802998534574,True
1466412347,4.1,4.1,3.8446261038968244,False
1466412360,4.1,4.1,4.634585110386953,False
1466412438,4.7,3.4509010967556093,3.4509010967556093,True
1466412521,3.3,5.587742602499192,5.587742602499192,True
1466412599,3.3,5.567126556699661,5.567126556699661,True
1466412639,3.3,2.8074842727779394,2.8074842727779394,True
1466412691,3.3,3.3,1.1474863649311422,False
1466412747,2.1,4.99790185664566,4.99790185664566,True
1466412794,2.1,0.2948568571385861,0.2948568571385861,True
1466412819,2.1,2.1,3.9141077151434223,False
1466412832,2.1,3.9251896121493832,3.9251896121493832,True
1466412874,2.1,0.22688689541699625,0.22688689541699625,True
1466412943,5.4,5.4,3.5728536700698834,False
1466412971,5.4,3.3025271519874098,3.3025271519874098,True
1466412990,5.4,5.4,2.0314658074748433,False
1466413028,5.4,5.4,5.349169897921092,False
1466413053,2.9,1.2533967678704299,1.2533967678704299,True
1466413125,1.6,2.380374841249979,2.380374841249979,True
1466413200,4.1,3.5910642719451755,3.5910642719451755,True
1466413264,4.1,3.626754915472986,3.626754915472986,True
1466413311,5.1,1.3246350068665176,1.3246350068665176,True
1466413342,5.1,5.1,1.2975093420742132,False
1466413440,1.8,1.8,2.441044964528289,False
1466413458,1.8,5.528495184526186,5.528495184526186,True
1466413529,3.7,5.001874379521248,5.001874379521248,True
1466413542,3.7,0.4317285400871027,0.4317285400871027,True
1466413638,3.7,3.7,3.762670191659451,False
1466413672,3.7,3.7,1.7316142660781466,False
1466413733,3.7,4.328271247190419,4.328271247190419,True
1466413779,1.8,2.2081366427669122,2.2081366427669122,True
1466413780,1.8,1.8,2.469808300343436,False
1466413864,4.8,5.215923806110076,5.215923806110076,True
1466413885,4.8,2.842315073030518,2.842315073030518,True
1466413946,2.0,2.2345426080679305,2.2345426080679305,True
1466414033,2.0,2.0,0.2543923312522265,False
1466414071,2.0,2.091766213649556,2.091766213649556,True
1466414164,1.8,1.8,1.581959178056089,False
1466414225,1.8,1.8,0.27328487770644316,False
1466414312,1.8,1.8,3.8924732688430073,False
1466414325,1.8,0.3477248760759575,0.3477248760759575,True
1466414328,5.1,5.1,5.8369144157607264,False
1466414329,0.8,0.8,2.503458751373972,False
1466414402,0.8,0.8,1.4665312058703535,False
1466414407,0.8,2.9466725666736755,2.9466725666736755,True
1466414413,0.8,0.8,0.6480958119190012,False
1466414460,5.1,3.1315519581271234,3.1315519581271234,True
1466414552,5.1,4.978608751197879,4.978608751197879,True
1466414602,5.1,5.1,4.491845943186091,False
1466414662,2.4,3.733450285142018,3.733450285142018,True
1466414746,2.4,2.7894124967111766,2.7894124967111766,True
1466414844,2.4,1.818639521693039,1.818639521693039,True
1466414943,2.5,0.7636189219801479,0.7636189219801479,True
1466414946,6.0,6.0,1.7160526531307776,False
1466414966,6.0,3.255197742674901,3.255197742674901,True
1466415038,1.5,1.5,3.19790540181861,False
1466415106,5.5,5.5,1.7546785484106158,False
1466415130,5.5,5.5,0.8452486300036635,False
1466415145,5.5,4.1489682839181885,4.1489682839181885,True
1466415202,5.5,3.2715864196698616,3.2715864196698616,True
1466415239,5.5,5.5,5.085827890398283,False
1466415249,5.5,5.5,5.827204890561398,False
1466415308,3.3,3.3,5.815554090165312,False
1466415357,1.6,4.556266077481329,4.556266077481329,True
1466415404,1.6,4.6374955813733365,4.6374955813733365,True
1466415469,1.6,4.003874508146139,4.003874508146139,True
1466415548,1.6,4.638381276860401,4.638381276860401,True
1466415588,1.6,3.647674345098334,3.647674345098334,True
1466415627,1.3,1.3,4.13951990557678,False
1466415719,1.3,1.3,3.7774158925075882,False
1466415767,1.3,3.216292555283749,3.216292555283749,True
1466415860,0.9,0.9,4.3114566587924195,False
1466415872,0.9,2.069160854576549,2.069160854576549,True
1466415914,0.9,0.9,5.518147233795724,False
1466415934,0.8,0.5084752846672056,0.5084752846672056,True
1466415988,0.9,0.9,5.462318908275389,False
1466416004,0.9,3.443762066400367,3.443762066400367,True
1466416050,0.9,1.059526264496397,1.059526264496397,True
1466416150,0.9,0.9,1.7158945313711877,False
1466416161,0.9,3.1521968296930063,3.1521968296930063,True
1466416215,0.9,0.9,0.8767931483326838,False
1466416315,1.5,1.5,2.13587048510393,False
1466416321,1.5,1.5,5.433620611542038,False
1466416393,1.5,1.27157279888253,1.27157279888253,True
1466416440,1.5,1.5,3.3192543150472154,False
1466416510,2.7,2.7,5.006138154567792,False
1466416541,2.7,2.7,5.630291199831623,False
1466416631,4.7,5.532177618217098,5.532177618217098,True
1466416671,2.7,2.360406351579049,2.360406351579049,True
1466416725,2.7,2.7,0.7959917313395946,False
1466416815,2.7,5.018362744910127,5.018362744910127,True
1466416867,2.7,2.7,0.6315313578344368,False
1466416933,0.8,0.8,4.431987276418569,False
1466416963,3.8,3.1894179007730665,3.1894179007730665,True
1466417034,3.8,4.8675903774240465,4.8675903774240465,True
1466417069,1.2,1.2,2.693774846288744,False
1466417095,1.6,1.6,5.764608672788053,False
1466417123,1.6,1.6,1.0947319874920391,False
1466417219,1.6,0.7840564567288035,0.7840564567288035,True
1466417228,1.6,3.735386889730411,3.735386889730411,True
1466417235,1.6,4.016566032173044,4.016566032173044,True
1466417266,1.6,1.6,0.16914998170905626,False
1466417298,1.6,1.6,2.7050036454222095,False
1466417382,1.6,4.436104575599741,4.436104575599741,True
1466417429,1.6,4.552253266959771,4.552253266959771,True
1466417434,1.6,5.658043236512784,5.658043236512784,True
1466417513,1.6,5.65828826468011,5.65828826468011,True
1466417598,2.2,5.661233324859664,5.661233324859664,True
1466417615,0.8,5.600569794692797,5.600569794692797,True
1466417654,3.8,0.7293393821938543,0.7293393821938543,True
1466417749,3.8,3.8,4.801020072261154,False
1466417763,3.8,0.8085331470795287,0.8085331470795287,True
1466417822,3.8,3.9757100220722963,3.9757100220722963,True
1466417851,0.2,0.2,3.5963624380039043,False
1466417855,3.5,5.3257777939249085,5.3257777939249085,True
1466417879,3.5,3.5,4.531987798550143,False
1466417895,3.5,3.5,2.2953167810631667,False
1466417969,3.5,5.235235281054488,5.235235281054488,True
1466418049,3.5,3.5,0.34208189223316565,False
1466418118,3.5,3.5642056393998445,3.5642056393998445,True
1466418129,3.5,4.318593148616912,4.318593148616912,True
1466418179,0.4,3.885796873753633,3.885796873753633,True
1466418254,0.4,0.7175253844924803,0.7175253844924803,True
1466418332,0.4,3.4795207191775264,3.4795207191775264,True
1466418428,0.4,2.9729191333082436,2.9729191333082436,True
1466418494,0.4,5.684236887470933,5.684236887470933,True
1466418554,4.6,4.6,1.6013820927092586,False
1466418563,4.9,2.0168537328766902,2.0168537328766902,True
1466418564,4.9,4.9,2.6784789836258307,False
1466418594,1.4,4.582481000978795,4.582481000978795,True
1466418674,1.4,4.205724672898205,4.205724672898205,True
1466418748,1.4,1.4,3.026993502403976,False
1466418847,1.4,1.4,4.424410382022469,False
1466418877,1.4,0.2826295701260826,0.2826295701260826,True
1466418917,4.1,2.7947197893573414,2.7947197893573414,True
1466418938,4.1,4.1,3.3461236149827833,False
1466419031,4.1,5.101939040807345,5.101939040807345,True
1466419058,4.1,1.52539440010348,1.52539440010348,True
1466419104,4.1,4.1,3.6646380895284234,False
1466419166,0.4,0.9315939379804323,0.9315939379804323,True
1466419261,0.4,2.4609983466678784,2.4609983466678784,True
1466419349,5.7,5.721912765545342,5.721912765545342,True
1466419442,3.5,5.976016198187097,5.976016198187097,True
1466419530,3.5,3.5,2.6352334253076033,False
1466419595,3.5,3.5,0.3676074226159194,False
1466419646,3.5,5.5718662365021006,5.5718662365021006,True
1466419737,6.0,6.0,5.414815473974532,False
1466419826,6.0,6.0,1.722867555628434,False
1466419880,2.4,2.4,2.8738967301199025,False
1466419911,2.4,2.4,3.7747796040900004,False
1466419938,2.4,2.4,5.121564664847652,False
1466420016,3.6,3.6,2.632347721929226,False
1466420019,1.1,1.1,0.4503068275620581,False
1466420108,1.1,0.6666870747668654,0.6666870747668654,True
1466420205,1.1,1.3561962412530981,1.3561962412530981,True
1466420228,1.1,0.29008253057689193,0.29008253057689193,True
1466420257,5.1,5.1,1.7494774851377113,False
1466420270,5.1,5.1,3.0739657547128436,False
1466420296,5.1,5.1,4.935176604683544,False
1466420331,2.4,2.803898669219598,2.803898669219598,True
1466420407,2.4,4.3043351844240725,4.3043351844240725,True
1466420430,2.4,2.4,5.739103296554674,False
1466420453,3.9,3.9,4.736459483376257,False
1466420474,1.5,1.5,0.23039228677838786,False
1466420566,1.5,4.62597049775275,4.62597049775275,True
1466420579,1.5,1.5,0.4950542692639288,False
1466420618,1.5,4.9926171213550115,4.9926171213550115,True
1466420624,1.5,3.407905225889916,3.407905225889916,True
1466420643,1.5,2.046958763093629,2.046958763093629,True
1466420695,2.5,2.085828042532759,2.085828042532759,True
1466420788,5.3,5.3,1.818532265490557,False
1466420863,5.3,5.3,2.5847891703770154,False
1466420947,5.3,5.3,2.215839247890748,False
1466421003,5.3,5.3,4.786001851065117,False
1466421032,5.3,5.3,0.6909625154439121,False
1466421050,5.3,1.4948306011933918,1.4948306011933918,True
1466421116,3.5,4.321055020704618,4.321055020704618,True
1466421208,4.7,2.623460622624691,2.623460622624691,True
1466421234,4.7,1.2662795881223803,1.2662795881223803,True
1466421262,4.7,4.7,0.8732931186218704,False
1466421353,4.7,3.710868577397041,3.710868577397041,True
1466421360,2.2,5.148077530169809,5.148077530169809,True
1466421392,2.2,2.2,4.194521245522768,False
1466421480,3.1,3.1,3.3091823108450527,False
1466421530,3.1,5.1777005050064915,5.1777005050064915,True
1466421547,3.1,3.1,3.498973043893854,False
1466421591,3.1,3.1,5.2535018111245755,False
1466421633,4.3,4.3,2.3068785190316663,False
1466421636,2.8,5.2613392881226115,5.2613392881226115,True
1466421670,2.8,3.1038620024705463,3.1038620024705463,True
1466421695,2.2,3.2346979959571485,3.2346979959571485,True
1466421721,2.2,1.0716558574298,1.0716558574298,True
1466421804,4.4,4.4,3.576884366349862,False
1466421819,4.4,4.4,2.478951175782713,False
1466421862,4.4,5.867115767498315,5.867115767498315,True
1466421885,4.4,4.4,0.008303724714667116,False
1466421936,4.4,3.8334156696070627,3.8334156696070627,True
1466422012,4.4,4.4,2.636070234274851,False
1466422044,4.4,4.4,0.32406520945506667,False
1466422045,4.4,0.6956537921406045,0.6956537921406045,True
1466422137,4.4,5.314016846839333,5.314016846839333,True
1466422162,4.4,4.4,1.1234334634887015,False
1466422189,4.4,4.4,3.4512638824283464,False
1466422197,4.4,4.4,1.6377207852675593,False
1466422264,4.4,4.243220366833658,4.243220366833658,True
1466422330,4.4,3.7397221726763066,3.7397221726763066,True
1466422378,4.4,4.4,2.3815280394349227,False
1466422432,4.4,4.4,1.6945126935251862,False
1466422488,4.8,2.79251736303024,2.79251736303024,True
1466422577,2.6,2.6,0.13866211753386204,False
1466422628,2.6,2.6,3.0488828954942138,False
1466422638,2.6,1.786536177508031,1.786536177508031,True
1466422666,2.6,2.6,5.664926491287084,False
1466422706,2.6,2.6,1.2695958868445392,False
1466422731,0.2,0.2,4.246551077812277,False
1466422804,0.2,0.2,4.342757082993225,False
1466422866,0.2,0.2,3.1912069684582374,False
1466422873,0.2,0.2,0.32846993519810974,False
1466422895,0.2,0.2,2.5758277475663034,False
1466422953,4.6,4.6,4.750484641742805,False
1466422973,4.6,1.7835657820419477,1.7835657820419477,True
1466423017,4.6,4.6,1.22986433015502,False
1466423051,4.6,4.6,4.271704236906574,False
1466423099,4.6,4.6,4.899884328834954,False
1466423150,4.6,4.6,4.203119821781017,False
1466423155,4.6,1.685849500058497,1.685849500058497,True
1466423168,4.6,1.6686071820020345,1.6686071820020345,True
1466423205,4.6,4.6,0.8986649104829496,False
1466423275,4.6,0.08533017030605206,0.08533017030605206,True
1466423287,1.8,3.626136380295488,3.626136380295488,True
1466423336,1.8,4.772374009150242,4.772374009150242,True
1466423340,1.8,5.748042723665028,5.748042723665028,True
1466423355,1.8,1.8,2.692485016837492,False
1466423443,2.0,2.0,5.78287034903739,False
1466423499,3.7,5.110789509946855,5.110789509946855,True
1466423585,3.7,3.7,1.0298701803726737,False
1466423612,3.1,3.1,2.4972422110504198,False
1466423669,3.1,3.1,1.6146992136356004,False
1466423705,0.9,0.9,0.28141682583451866,False
1466423770,0.9,3.1227381796177482,3.1227381796177482,True
1466423844,0.9,2.3434882082662964,2.3434882082662964,True
1466423902,0.9,4.645516961370857,4.645516961370857,True
1466423913,0.9,0.9,5.840173905584678,False
1466423972,0.9,0.9,0.09329342519770711,False
1466424014,0.9,0.9,2.9066576534427027,False
1466424069,0.9,5.625033804338051,5.625033804338051,True
1466424154,0.9,0.9,4.815033374935498,False
1466424155,0.9,3.875593070188293,3.875593070188293,True
1466424169,0.9,0.9,1.4892248240518513,False
1466424262,0.9,3.523089496637723,3.523089496637723,True
1466424339,5.8,4.23874870101407,4.23874870101407,True
1466424398,5.8,4.034763134015255,4.034763134015255,True
1466424497,5.8,5.8,3.966787862161254,False
1466424558,5.8,5.8,4.944017728799466,False
1466424613,5.8,5.8,2.5435401294525373,False
1466424713,2.8,2.8,5.169782469948929,False
1466424804,2.8,0.6618516741721303,0.6618516741721303,True
1466424878,2.8,0.6131370171993862,0.6131370171993862,True
1466424924,2.8,4.129305181537627,4.129305181537627,True
1466425009,2.8,1.6653762642277707,1.6653762642277707,True
1466425106,5.4,5.985928664885285,5.985928664885285,True
1466425129,2.0,2.0,0.2519647714389266,False
1466425179,2.0,1.4717329697681834,1.4717329697681834,True
1466425257,2.0,2.0,1.7785731465272472,False
1466425262,2.5,2.377860572654109,2.377860572654109,True
1466425305,2.5,5.239701730549984,5.239701730549984,True
1466425331,2.5,3.143750570360208,3.143750570360208,True
1466425338,2.5,2.5,2.4980657033460387,False
1466425377,4.4,4.4,2.936968092261175,False
1466425380,4.4,4.4,4.921391652216318,False
1466425417,4.4,4.4,3.4867979996132084,False
1466425484,2.7,3.923568498837019,3.923568498837019,True
1466425517,2.7,2.7,0.29665009671871667,False
1466425553,3.3,4.027412578068301,4.027412578068301,True
1466425640,1.5,1.5,5.463197783763705,False
1466425687,3.2,3.2816183425556393,3.2816183425556393,True
1466425711,3.2,3.2,0.8177190257515601,False
1466425768,3.2,3.2,0.7724709809677064,False
1466425811,3.3,0.6965268787885028,0.6965268787885028,True
1466425856,3.3,2.4224654006864217,2.4224654006864217,True
1466425869,0.9,0.9,5.33525722848429,False
1466425884,0.9,0.9,1.8216152886556913,False
1466425962,3.3,0.432312124410017,0.432312124410017,True
1466425974,0.7,4.031469691791161,4.031469691791161,True
1466426016,0.7,0.7,5.534602188775686,False
1466426024,3.0,3.0,1.386769409818829,False
1466426034,1.7,0.46219184787685785,0.46219184787685785,True
1466426130,1.7,1.7,2.8504431593656405,False
1466426189,1.7,1.7,1.70773511160392,False
1466426198,1.7,1.7,3.186209161245102,False
1466426280,1.7,2.8639224643515573,2.8639224643515573,True
1466426298,1.7,3.615158534326185,3.615158534326185,True
1466426380,1.7,4.96046369970969,4.96046369970969,True
1466426420,1.7,5.155099875516323,5.155099875516323,True
1466426509,1.7,2.3008746136353246,2.3008746136353246,True
1466426521,4.2,2.383584255556838,2.383584255556838,True
1466426535,4.2,4.727339824678516,4.727339824678516,True
1466426563,0.9,0.9,0.03853136086459097,False
1466426620,0.9,2.7217989321499862,2.7217989321499862,True
1466426694,0.9,0.9,4.459011445421899,False
1466426764,0.9,0.9,1.1958256197754686,False
1466426778,4.1,4.1,4.456391261849786,False
1466426866,3.3,3.279010059082904,3.279010059082904,True
1466426938,3.3,4.234305405764982,4.234305405764982,True
1466427022,3.3,3.3,3.6494621009318458,False
1466427059,3.7,4.357563719318776,4.357563719318776,True
1466427125,3.7,3.7,5.215692060644924,False
1466427204,5.6,5.6,0.18281910877658358,False
1466427240,5.6,2.9438180846376603,2.9438180846376603,True
1466427317,5.6,0.23006208691222008,0.23006208691222008,True
1466427319,2.7,5.0108904529466916,5.0108904529466916,True
1466427331,4.0,2.5127063560155123,2.5127063560155123,True
1466427425,4.0,4.0,3.7291289800709992,False
1466427458,4.0,4.030663732442682,4.030663732442682,True
1466427495,4.0,5.655361280021977,5.655361280021977,True
1466427543,2.7,2.7,5.1574487234263255,False
1466427625,2.7,0.5259745424651532,0.5259745424651532,True
1466427663,2.7,2.445936822907057,2.445936822907057,True
1466427672,2.7,2.7,2.0854774669329053,False
1466427684,2.7,4.107747032899638,4.107747032899638,True
1466427739,2.7,2.7,0.9200593177331533,False
1466427769,2.7,4.181884177170326,4.181884177170326,True
1466427775,2.7,4.118391955982642,4.118391955982642,True
1466427820,2.7,3.2929778637446567,3.2929778637446567,True
1466427837,2.7,2.6967222259577106,2.6967222259577106,True
1466427846,2.9,2.9,0.7216533510146659,False
1466427904,2.9,0.7464841230290225,0.7464841230290225,True
1466427997,2.9,2.9,3.997572197984786,False
1466428027,2.9,4.5596057852927405,4.5596057852927405,True
1466428114,2.9,2.1116061698626027,2.1116061698626027,True
1466428212,2.8,2.5565385175737507,2.5565385175737507,True
1466428294,2.8,1.4724984533746812,1.4724984533746812,True
1466428321,2.8,2.8,0.3528629512763002,False
1466428340,2.8,5.077085769516564,5.077085769516564,True
1466428378,2.8,1.4777518818857727,1.4777518818857727,True
1466428463,2.7,3.8834015690263954,3.8834015690263954,True
1466428551,2.7,5.971148625924369,5.971148625924369,True
1466428575,2.7,2.7,4.082303726250413,False
1466428593,2.7,2.7,4.594448753327609,False
1466428682,0.8,0.8,5.6066825120669295,False
1466428699,0.8,2.9662280973655317,2.9662280973655317,True
1466428719,0.8,0.8,0.02265777122770385,False
1466428819,5.8,5.8,3.8062973660956545,False
1466428850,5.8,5.148058346570663,5.148058346570663,True
1466428884,5.8,5.8,2.5084463622513495,False
1466428973,5.8,1.146866648952456,1.146866648952456,True
1466429006,5.8,5.8,2.1562253264866866,False
1466429026,0.3,0.3,3.580819473851812,False
1466429066,0.3,0.3,2.3839700253326064,False
1466429072,0.3,0.3,4.122732341019523,False
1466429103,5.3,3.1804115011819167,3.1804115011819167,True
1466429110,5.3,5.3,5.760824692145674,False
1466429123,1.9,4.1414156997829386,4.1414156997829386,True
1466429168,1.9,0.9723464335594709,0.9723464335594709,True
1466429182,1.9,1.9,1.672661631905187,False
1466429184,6.0,1.5294933752980124,1.5294933752980124,True
1466429197,6.0,1.0737403443729554,1.0737403443729554,True
1466429280,6.0,6.0,0.7882744987829438,False
1466429378,4.4,4.4,5.709631302038648,False
1466429450,4.4,4.4,3.103719471537021,False
1466429455,4.4,4.4,2.199901216853376,False
1466429510,4.4,4.4,5.402927829259283,False
1466429565,4.4,4.4,1.9995835444858516,False
1466429566,4.4,4.4,5.2323935318042984,False
1466429592,1.0,5.525973771521444,5.525973771521444,True
1466429623,0.8,0.8,4.6566940348121015,False
1466429691,1.0,5.9361199912034,5.9361199912034,True
1466429733,2.9,5.078442901526843,5.078442901526843,True
1466429803,2.9,4.667714567389723,4.667714567389723,True
1466429832,2.9,4.947796288009917,4.947796288009917,True
1466429905,2.9,2.9,1.418872243715375,False
1466429997,2.9,0.44141342000130024,0.44141342000130024,True
1466430050,2.9,5.120347428722292,5.120347428722292,True
1466430088,4.1,4.1,4.69150548381108,False
1466430174,4.1,1.8992993863627037,1.8992993863627037,True
1466430247,4.1,3.9165555836110117,3.9165555836110117,True
1466430344,1.5,1.5,3.3681656481046307,False
1466430375,4.8,0.2948676912957542,0.2948676912957542,True
1466430400,3.2,0.5796744467378339,0.5796744467378339,True
1466430457,3.2,3.2,3.138401929631001,False
1466430483,3.2,3.2,4.746905263688655,False
1466430517,1.8,1.8,2.852076212524107,False
1466430524,1.8,1.2126195012889314,1.2126195012889314,True
1466430592,1.8,1.9400377624909784,1.9400377624909784,True
1466430616,1.8,1.8,1.7699043104987422,False
1466430631,1.8,1.8,2.2340930581729945,False
1466430680,1.8,1.7392324186529644,1.7392324186529644,True
1466430734,1.8,1.8,4.070559075034121,False
1466430790,1.8,1.8,4.927825189241301,False
1466430815,3.9,3.9,1.4249071533359485,False
1466430895,3.9,0.4298688168002289,0.4298688168002289,True
1466430916,3.9,2.0198666451383085,2.0198666451383085,True
1466430929,3.9,3.9,1.1644358010079432,False
1466430936,3.9,4.4676182391118235,4.4676182391118235,True
1466431009,3.9,2.5217579109854613,2.5217579109854613,True
1466431036,3.9,3.9,1.1160319645833472,False
1466431055,4.2,2.87605944914228,2.87605944914228,True
1466431145,3.5,3.5,1.6269677173499042,False
1466431218,3.5,1.2634586644897674,1.2634586644897674,True
1466431290,5.7,5.7,2.384327387245314,False
1466431324,5.7,5.7,4.155875500000361,False
1466431400,2.6,2.6,4.162851062994182,False
1466431450,2.6,2.6,3.600607395883874,False
1466431526,2.6,2.6,5.271350760046413,False
1466431589,2.6,3.945714249100398,3.945714249100398,True
1466431661,4.1,2.152268844556778,2.152268844556778,True
1466431760,4.1,0.9176938793750173,0.9176938793750173,True
1466431796,4.1,5.778193514911695,5.778193514911695,True
1466431848,4.1,4.1,2.2370168240241917,False
1466431879,4.1,3.054602880566393,3.054602880566393,True
1466431954,4.6,4.6,4.82595577730006,False
1466431958,4.6,4.6,0.7074337286459602,False
1466432002,4.6,0.6762959606372432,0.6762959606372432,True
1466432101,4.6,4.6,2.5724384633901805,False
1466432177,4.6,1.0909790255031377,1.0909790255031377,True
1466432194,2.8,1.1073541187914142,1.1073541187914142,True
1466432237,2.8,1.299422782778701,1.299422782778701,True
1466432280,2.8,2.8,3.972677294398247,False
1466432373,2.8,5.887337320736376,5.887337320736376,True
1466432389,5.0,5.0,4.07631063224194,False
1466432415,5.0,1.2343370022041626,1.2343370022041626,True
1466432417,5.0,2.890086169964812,2.890086169964812,True
1466432506,5.0,5.129267232004418,5.129267232004418,True
1466432569,5.0,2.5470845212614357,2.5470845212614357,True
1466432577,2.1,3.519270166784023,3.519270166784023,True
1466432670,2.1,2.1,3.250803686748326,False
1466432706,2.1,1.4231140210899829,1.4231140210899829,True
1466432804,2.1,2.386025884265603,2.386025884265603,True
1466432853,1.0,1.0,0.5700316761656996,False
1466432947,1.0,4.497479576694068,4.497479576694068,True
1466433040,1.0,1.0,5.680512543736169,False
1466433128,1.0,5.457520310069243,5.457520310069243,True
1466433145,1.0,3.4301600121925127,3.4301600121925127,True
1466433195,1.0,1.0,5.47944142469839,False
1466433289,1.0,0.10448855346399277,0.10448855346399277,True
1466433375,2.3,2.3,4.061921902084271,False
1466433427,2.3,2.3,4.781203775564656,False
1466433478,3.5,1.6971132647206109,1.6971132647206109,True
1466433517,3.5,3.5,2.4177270066819023,False
1466433615,3.5,4.789049762898207,4.789049762898207,True
1466433672,3.5,2.239796701541099,2.239796701541099,True
1466433762,3.5,3.5,3.975190916616915,False
1466433809,3.5,5.401384540807583,5.401384540807583,True
1466433873,3.5,2.465751232005073,2.465751232005073,True
1466433910,5.3,5.415570344764053,5.415570344764053,True
1466433994,5.3,5.319219061270061,5.319219061270061,True
1466434003,5.3,4.715085653426179,4.715085653426179,True
1466434045,5.3,5.3,1.9325237887709514,False
1466434096,5.3,4.618643518034057,4.618643518034057,True
1466434173,5.3,4.7392147758139425,4.7392147758139425,True
1466434199,5.3,5.3,2.9127401456208486,False
1466434224,5.3,5.3,2.1460811243956006,False
1466434308,2.0,2.0,0.8067781495826569,False
1466434359,1.5,0.7188047277959249,0.7188047277959249,True
1466434371,1.5,0.9321951937039021,0.9321951937039021,True
1466434457,1.5,0.12202865667166218,0.12202865667166218,True
1466434498,4.3,2.792355822000302,2.792355822000302,True
1466434552,5.9,5.9,3.486748834922526,False
1466434622,5.9,5.623866651686779,5.623866651686779,True
1466434691,5.9,5.9,4.800451959006054,False
1466434718,5.9,5.9,4.072057524576245,False
1466434727,5.9,2.7221453575540107,2.7221453575540107,True
1466434815,5.9,5.9,5.943864377995022,False
1466434892,4.4,3.7334472089552904,3.7334472089552904,True
1466434915,3.2,4.520219562397806,4.520219562397806,True
1466434946,3.2,3.2,3.4525689779587263,False
1466434988,0.5,1.242949907429536,1.242949907429536,True
1466435020,0.5,0.7913710123557545,0.7913710123557545,True
1466435090,0.5,1.8488789440327098,1.8488789440327098,True
1466435099,3.9,5.955765422050335,5.955765422050335,True
1466435145,3.9,0.48268138645513936,0.48268138645513936,True
1466435186,3.9,1.676311530823957,1.676311530823957,True
1466435246,3.9,3.199982706574871,3.199982706574871,True
1466435284,1.4,1.4,4.804856245556165,False
1466435327,1.4,1.4,5.2500659671102365,False
1466435369,1.4,4.361182015959334,4.361182015959334,True
1466435408,1.4,2.259859523536352,2.259859523536352,True
1466435468,1.4,1.4,1.8482624823447997,False
1466435486,1.4,0.18298505966716028,0.18298505966716028,True
1466435555,1.4,3.7741388762026293,3.7741388762026293,True
1466435624,1.0,1.0,1.2690137911447723,False
1466435659,1.2,0.4885595343470257,0.4885595343470257,True
1466435682,1.2,1.2,1.1762787057839172,False
1466435712,1.5,1.5,1.2273127693173076,False
1466435794,1.6,5.600829928221627,5.600829928221627,True
1466435878,1.6,3.8552974162955485,3.8552974162955485,True
1466435904,1.6,1.6,4.671099035952973,False
1466435971,1.6,3.586532152660765,3.586532152660765,True
1466436041,1.6,1.6,0.5840811602576321,False
1466436059,1.9,1.9,3.6835607354096482,False
1466436093,1.9,1.9,0.0353624436954898,False
1466436178,1.9,5.719204108665901,5.719204108665901,True
1466436230,1.9,1.9,5.0463409923107,False
1466436280,1.9,5.368554765930245,5.368554765930245,True
1466436332,2.6,2.6,3.111801128003803,False
1466436333,2.6,0.21736175934699586,0.21736175934699586,True
1466436431,2.6,2.6995069707728754,2.6995069707728754,True
1466436520,3.9,3.2345744380208643,3.2345744380208643,True
1466436572,3.9,3.6805167189244594,3.6805167189244594,True
1466436647,3.9,5.885601834402404,5.885601834402404,True
1466436655,3.9,1.2267583903297887,1.2267583903297887,True
1466436727,3.9,3.9,1.2453413847813206,False
1466436793,5.6,5.6,4.846182102634938,False
1466436879,0.6,0.6,2.2294681687539226,False
1466436880,0.6,0.6,0.49393170742140136,False
1466436939,0.6,0.15673414526470109,0.15673414526470109,True
1466437015,3.8,1.5855419115106166,1.5855419115106166,True
1466437048,3.0,5.9084400114516695,5.9084400114516695,True
1466437088,3.0,3.0,2.838278343845149,False
1466437105,2.5,1.276434754781043,1.276434754781043,True
1466437122,4.5,1.7948181122375952,1.7948181122375952,True
1466437160,4.5,5.053284851546238,5.053284851546238,True
1466437232,0.8,0.8,0.15944476942019148,False
1466437321,0.8,1.497454494592347,1.497454494592347,True
1466437335,3.3,3.3,0.8933665106724558,False
1466437358,3.3,3.738970848368819,3.738970848368819,True
1466437441,3.3,3.3,1.0308987250537858,False
1466437480,3.3,5.376406311731493,5.376406311731493,True
1466437561,3.3,3.3,1.9550639936092156,False
1466437653,3.3,4.230232396832373,4.230232396832373,True
1466437709,3.3,3.3,2.5440638256292507,False
1466437798,3.3,3.3,4.192371286907046,False
1466437869,3.3,3.3,3.2641633604532783,False
1466437952,2.0,2.0,5.590962695150254,False
1466438037,2.0,5.370266762028994,5.370266762028994,True
1466438054,2.0,4.269084148937147,4.269084148937147,True
1466438056,2.0,0.2686381643069564,0.2686381643069564,True
1466438136,2.0,2.0,5.97074703057114,False
1466438234,2.0,2.0,1.1480655471394203,False
1466438261,4.0,2.067797495938038,2.067797495938038,True
1466438348,4.0,4.0,3.1460662845897063,False
1466438407,1.9,2.416224768298539,2.416224768298539,True
1466438422,5.3,5.3,1.0835350717557382,False
1466438476,5.3,5.3,1.4315148467401355,False
1466438571,1.4,4.746549820315007,4.746549820315007,True
1466438612,1.4,2.854490475986661,2.854490475986661,True
1466438620,1.4,2.2440209555813118,2.2440209555813118,True
1466438698,1.4,1.622838555379199,1.622838555379199,True
1466438747,1.4,1.4,5.614374696272219,False
1466438795,1.4,1.4,2.9816198466417063,False
1466438810,1.4,1.1603225782811974,1.1603225782811974,True
1466438888,1.4,1.4,5.369238078894652,False
1466438975,1.4,1.4,4.456214586031407,False
1466439000,1.4,1.4,3.3110035742341597,False
1466439092,1.4,1.4,1.5009505578614133,False
1466439150,1.4,2.6372196286709313,2.6372196286709313,True
1466439229,0.9,1.6977141899194923,1.6977141899194923,True
1466439279,0.9,0.9,3.247704991617308,False
1466439328,0.6,3.294713758263301,3.294713758263301,True
1466439351,0.6,0.30740448282978683,0.30740448282978683,True
1466439447,0.6,2.275527421481707,2.275527421481707,True
1466439466,0.6,2.5565813663115717,2.5565813663115717,True
1466439480,0.6,0.6,3.5184112807382544,False
1466439560,0.6,0.6,1.3737321972945964,False
1466439600,0.6,2.1870993554989013,2.1870993554989013,True
1466439645,5.4,5.4,0.6346001836991253,False
1466439729,5.4,5.750679316464577,5.750679316464577,True
1466439772,6.0,6.0,0.9717373199702057,False
1466439827,1.2,5.714291327547391,5.714291327547391,True
1466439849,1.2,1.2,0.6680057742428229,False
1466439910,4.1,4.76378805711083,4.76378805711083,True
1466439990,3.5,4.221672997306277,4.221672997306277,True
1466440005,0.7,0.7,1.794942837161197,False
1466440006,0.7,0.7,3.1610518393751104,False
1466440045,0.7,1.5567562704577338,1.5567562704577338,True
1466440066,0.7,0.7,4.9612720714305105,False
1466440154,0.7,0.7,1.035023715184979,False
1466440214,0.7,0.19033165856433643,0.19033165856433643,True
1466440226,0.7,0.7,1.3610581850596877,False
1466440304,0.2,4.480807324301367,4.480807324301367,True
1466440385,5.9,5.9,5.294334822930852,False
1466440451,5.9,5.9,4.4810433184343434,False
1466440521,5.9,5.9,5.473471829995935,False
1466440581,5.9,5.9,0.7992132671307892,False
1466440674,5.9,3.1726513989682372,3.1726513989682372,True
1466440727,5.9,5.9,4.281874579544972,False
1466440821,5.9,4.151880986614293,4.151880986614293,True
1466440827,5.9,5.113590588559253,5.113590588559253,True
1466440897,5.9,3.170934702509766,3.170934702509766,True
1466440923,5.9,5.398298731198355,5.398298731198355,True
1466441012,5.9,5.9,3.7485372131147923,False
1466441049,5.9,0.5595646087607904,0.5595646087607904,True
1466441147,5.7,5.7,1.8572548767060992,False
1466441213,5.7,2.5278039723756724,2.5278039723756724,True
1466441311,5.7,5.7,4.093370887006789,False
1466441318,1.6,0.6055630047521281,0.6055630047521281,True
1466441418,1.6,1.6,2.5898008391870535,False
1466441510,1.6,4.554826363531051,4.554826363531051,True
1466441541,1.6,2.2712356101525737,2.2712356101525737,True
1466441579,1.6,1.7315447507705137,1.7315447507705137,True
1466441630,1.6,1.6,5.056498697669916,False
1466441714,1.6,1.6,5.870747786776688,False
1466441724,1.6,1.6,1.3694448663985082,False
1466441741,1.6,1.6,5.651344948478123,False
1466441822,1.2,1.2,1.4092448110928677,False
1466441883,4.1,0.8937900539384078,0.8937900539384078,True
1466441934,4.1,4.1,0.6577539287032779,False
1466441947,4.1,4.1,5.776903999763458,False
1466442046,4.1,4.1,3.3930342940414944,False
1466442137,4.1,5.421831282203617,5.421831282203617,True
1466442175,4.1,4.1,4.778227862280854,False
1466442216,4.2,2.7235717777629436,2.7235717777629436,True
1466442284,4.2,4.339137443673344,4.339137443673344,True
1466442332,4.2,0.34482448073060934,0.34482448073060934,True
1466442358,4.2,4.2,5.552953685049373,False
1466442362,3.3,3.3,1.7341279515679997,False
1466442439,1.6,1.3274158803435891,1.3274158803435891,True
1466442490,3.0,3.4462072331924065,3.4462072331924065,True
1466442498,3.0,2.7384778234623286,2.7384778234623286,True
1466442508,3.0,3.0,5.366486871683701,False
1466442518,3.0,5.127542137962989,5.127542137962989,True
1466442556,1.3,1.3,2.0288348261250935,False
1466442656,2.0,2.074542738008419,2.074542738008419,True
1466442662,2.0,2.0,1.9973918995570075,False
1466442703,2.0,1.8335990591529703,1.8335990591529703,True
1466442768,2.0,2.0,4.9944885317527845,False
1466442788,3.4,3.4,2.3878520495850273,False
1466442886,3.4,3.4,0.4173394542289186,False
1466442980,3.4,1.50486863904899,1.50486863904899,True
1466443000,3.4,3.4,2.087939649573146,False
1466443029,3.4,3.7214375120454237,3.7214375120454237,True
1466443038,3.4,3.4,5.1283514562157695,False
1466443089,3.4,5.457386684595702,5.457386684595702,True
1466443162,3.4,3.4,2.385930685166655,False
1466443201,2.0,3.8047400810062477,3.8047400810062477,True
1466443219,2.0,3.9782919894596267,3.9782919894596267,True
1466443263,0.4,1.413046657038353,1.413046657038353,True
1466443350,0.4,0.4,4.899514717201948,False
1466443373,0.4,0.4,0.2798494642296767,False
1466443392,5.9,3.246553911642936,3.246553911642936,True
1466443402,5.9,0.980254144155525,0.980254144155525,True
1466443486,5.9,5.9,3.2618358087782844,False
1466443511,5.9,5.9,4.230366412086183,False
1466443584,5.9,5.9,3.3507904172005265,False
1466443677,5.9,5.9,1.4812462066358383,False
1466443725,5.9,3.245925011548027,3.245925011548027,True
1466443727,5.9,4.812076961769252,4.812076961769252,True
1466443750,5.9,5.9,3.7787760597600126,False
1466443761,1.2,2.2384327560429744,2.2384327560429744,True
1466443808,2.0,2.0,5.054684351511777,False
1466443861,2.0,2.0,2.915570700913876,False
1466443929,1.9,1.9,3.9896090571505045,False
1466443986,1.9,3.165411591753224,3.165411591753224,True
1466444043,1.9,1.9,3.4631001833185446,False
1466444110,1.9,5.379944529887186,5.379944529887186,True
1466444192,1.9,1.812681336642564,1.812681336642564,True
1466444287,1.9,5.355228114331647,5.355228114331647,True
1466444294,1.9,5.108857372296229,5.108857372296229,True
1466444366,1.9,1.9,2.2022960519314063,False
1466444466,0.9,0.9,5.9481009547512524,False
1466444505,0.9,0.9,2.125458509470066,False
1466444556,0.9,0.9,5.403669615738462,False
1466444624,0.9,0.9,2.3080948154507936,False
1466444663,2.5,2.5,1.126410471284909,False
1466444685,2.2,5.115399173348372,5.115399173348372,True
1466444756,2.2,2.2,4.94431602458923,False
1466444781,2.2,2.2,0.1665872958212753,False
1466444840,2.2,2.2,3.6430324450293243,False
1466444854,2.2,2.2,4.1831900687917365,False
1466444860,2.9,3.3311551413453606,3.3311551413453606,True
1466444959,2.9,0.4837463333364156,0.4837463333364156,True
1466445058,2.9,2.9,5.406752100100622,False
1466445107,2.9,2.7979567139048993,2.7979567139048993,True
1466445165,2.9,4.413335936592135,4.413335936592135,True
1466445170,2.9,2.9,3.6651275232873233,False
1466445173,4.3,2.992785996080973,2.992785996080973,True
1466445247,0.2,0.2,4.2935579010544656,False
1466445305,5.1,5.1,3.0119735781812063,False
1466445333,5.1,1.21502047695128,1.21502047695128,True
1466445356,5.1,5.1,2.3776140279364695,False
1466445430,0.7,1.2827574639031285,1.2827574639031285,True
1466445491,5.0,3.473054947971161,3.473054947971161,True
1466445497,4.2,4.170596145852424,4.170596145852424,True
1466445514,4.2,4.2,5.220373156974204,False
1466445549,4.4,4.4,1.3934325539590156,False
1466445640,3.4,3.4,0.05491234704841963,False
1466445648,3.0,3.0,2.283414191497424,False
1466445739,3.0,2.9330326952597847,2.9330326952597847,True
1466445814,3.0,5.158783835940185,5.158783835940185,True
1466445879,3.0,4.785435107433569,4.785435107433569,True
1466445909,3.0,3.0,4.476512957888324,False
1466445965,3.0,3.0,3.8033150816557546,False
1466446021,3.0,3.0,0.9717420746888985,False
1466446045,3.0,3.0,1.895556755138065,False
1466446071,3.0,3.0,3.6461983577103734,False
1466446120,3.0,2.7658447064414142,2.7658447064414142,True
1466446168,3.0,3.0,5.327760211944291,False
1466446253,1.9,1.9,3.2769517377439765,False
1466446302,1.9,5.180930936460551,5.180930936460551,True
1466446389,1.9,3.9740641104676806,3.9740641104676806,True
1466446404,1.9,2.4697239987547395,2.4697239987547395,True
1466446494,1.9,0.7446709505266298,0.7446709505266298,True
1466446594,4.2,4.2,0.28895533817494923,False
1466446643,1.1,1.1,4.858642087509937,False
1466446669,1.1,2.321491269402471,2.321491269402471,True
1466446690,0.6,0.6,1.2943443043588496,False
1466446735,0.6,2.206335760979891,2.206335760979891,True
1466446766,0.6,0.6,2.881151413505664,False
1466446852,2.9,2.9,5.568767577328568,False
1466446902,2.9,2.8378772642323664,2.8378772642323664,True
1466446945,2.9,2.9,3.5965017663696965,False
1466446987,2.9,2.406524015899129,2.406524015899129,True
1466447036,1.6,1.6,2.4072524798293067,False
1466447112,1.6,0.24013742575066477,0.24013742575066477,True
1466447129,2.1,3.5016011534003058,3.5016011534003058,True
1466447189,2.1,2.1,2.576794989989031,False
1466447224,2.1,4.7241199484969165,4.7241199484969165,True
1466447270,2.1,2.1,5.3085291514637385,False
1466447272,1.3,5.035193646662683,5.035193646662683,True
1466447348,1.3,1.3,0.8134175993177588,False
1466447359,1.3,3.9177565954579485,3.9177565954579485,True
1466447388,1.3,1.3,1.209047240178162,False
1466447390,0.3,4.3894648597099915,4.3894648597099915,True
1466447425,0.3,0.3,0.3857377089375653,False
1466447463,0.3,0.3,2.804449976102731,False
1466447485,0.3,0.3,1.7808794599573476,False
1466447545,1.5,4.300909656588353,4.300909656588353,True
1466447553,1.5,1.5,5.768976033819529,False
1466447554,1.5,1.5,2.226351820307323,False
1466447573,3.5,3.5,4.3182554855307345,False
1466447634,3.5,3.5,2.882277624867374,False
1466447695,3.5,0.5033478129708744,0.5033478129708744,True
1466447762,3.5,2.374546675291098,2.374546675291098,True
1466447844,5.1,0.06375992637481676,0.06375992637481676,True
1466447885,5.1,1.712925181599748,1.712925181599748,True
1466447943,5.1,2.50450598399255,2.50450598399255,True
1466447956,5.1,1.8241074924141807,1.8241074924141807,True
1466448041,5.1,5.1,5.566896850367545,False
1466448140,5.1,5.1,0.6686015735592652,False
1466448215,5.1,5.1,3.1530500694123544,False
1466448270,5.1,5.1,1.6093751441210016,False
1466448302,6.0,1.838005986935091,1.838005986935091,True
1466448368,2.3,2.3,4.645861544766109,False
1466448422,2.3,4.9840911380743105,4.9840911380743105,True
1466448517,2.3,5.534979697883114,5.534979697883114,True
1466448614,2.3,1.827050126454649,1.827050126454649,True
1466448701,2.3,3.0786872788941277,3.0786872788941277,True
1466448743,2.3,2.3,0.4052471368879469,False
1466448805,2.3,2.3,4.8244531606369145,False
1466448844,2.3,3.334684434585398,3.334684434585398,True
1466448896,2.3,5.654811487282226,5.654811487282226,True
1466448984,2.3,5.722139887564975,5.722139887564975,True
1466449031,2.3,2.2475378189149606,2.2475378189149606,True
1466449045,2.3,4.661661305268101,4.661661305268101,True
1466449099,1.4,1.4,2.8340990977854377,False
1466449171,1.4,2.4091377078713254,2.4091377078713254,True
1466449261,1.4,5.69746963975545,5.69746963975545,True
1466449280,1.4,5.437835290826405,5.437835290826405,True
1466449359,1.4,3.4086582673043013,3.4086582673043013,True
1466449442,1.4,1.4,4.639557098286527,False
1466449496,1.4,1.4,1.3878992405070358,False
1466449537,1.4,1.4,5.507301373242903,False
1466449555,1.4,1.4,2.4236731826262075,False
1466449629,1.4,2.883638096667095,2.883638096667095,True
1466449635,4.3,1.7083675591170364,1.7083675591170364,True
1466449721,4.7,4.7,3.998128995793361,False
1466449772,4.7,4.7,2.258635348412311,False
1466449872,4.7,4.7,1.145919952600179,False
1466449873,4.7,3.682130170053611,3.682130170053611,True
1466449884,4.7,4.7,0.2842708850433717,False
1466449937,4.7,3.2508420131616385,3.2508420131616385,True
1466449953,3.8,3.8,3.6883298500196595,False
1466449959,3.8,3.8,5.765519384840234,False
1466449961,4.7,5.695544246579802,5.695544246579802,True
1466450018,4.7,4.7,0.46455774444046805,False
1466450075,4.7,2.609032977893415,2.609032977893415,True
1466450150,4.7,4.7,0.3175826667656372,False
1466450177,4.7,4.7,1.746391885654885,False
1466450255,4.7,4.7,0.2641518105573659,False
1466450343,4.7,4.7,4.54406109840514,False
1466450348,4.7,4.7,5.076810327122217,False
1466450401,1.4,4.366098375763099,4.366098375763099,True
1466450433,1.4,1.3989864379810846,1.3989864379810846,True
1466450507,1.4,4.5219663875659615,4.5219663875659615,True
1466450536,1.4,1.4,1.9523519688039996,False
1466450627,1.4,1.4,1.3239847433348935,False
1466450723,1.4,1.1455588938054515,1.1455588938054515,True
1466450817,1.4,1.4,5.450049469435588,False
1466450900,0.6,0.6,2.8632381867637617,False
1466450902,0.6,0.6,3.4612521615746044,False
1466450971,0.6,1.9830038710556048,1.9830038710556048,True
1466451016,0.6,0.6,2.5558233715225156,False
1466451023,5.7,5.7,4.1678748176267675,False
1466451073,2.7,2.476581153595935,2.476581153595935,True
1466451166,2.7,2.7,1.4186561896425625,False
1466451231,4.3,0.3344876016416205,0.3344876016416205,True
1466451245,4.3,3.72913823786158,3.72913823786158,True
1466451293,2.1,3.7206201347332746,3.7206201347332746,True
1466451295,2.1,4.775137250772989,4.775137250772989,True
1466451378,2.1,3.223189125881044,3.223189125881044,True
1466451445,2.1,2.1,3.8483864835913315,False
1466451508,2.1,2.1,0.37636864755507227,False
1466451599,2.1,1.1570417414616103,1.1570417414616103,True
1466451686,2.1,2.1,0.5887736144593767,False
1466451761,2.1,2.1,5.490042429484975,False
1466451857,2.1,2.1,0.6927596271360623,False
1466451909,2.1,5.5224636720794935,5.5224636720794935,True
1466451919,2.1,2.8534223129035636,2.8534223129035636,True
1466452006,3.2,1.3068639869884244,1.3068639869884244,True
1466452035,3.2,3.2,3.370812186499915,False
1466452039,3.2,3.2,3.3212715621486177,False
1466452104,3.2,3.2,2.3351590873569332,False
1466452167,3.2,3.2,4.377628744585109,False
1466452238,3.2,3.2,3.1123721885038935,False
1466452313,3.2,3.2,1.7871846689771658,False
1466452339,3.0,3.0,2.7510567323823127,False
1466452419,3.0,3.0,1.9906901573254832,False
1466452424,3.0,2.565067335965792,2.565067335965792,True
1466452435,3.0,3.0,2.109987814710668,False
1466452531,3.0,1.4240413808104326,1.4240413808104326,True
1466452584,3.0,3.0,4.815299406132532,False
1466452625,3.0,2.3656003480921877,2.3656003480921877,True
1466452676,3.0,0.9227541489978566,0.9227541489978566,True
1466452752,3.0,3.0,0.8821311323914742,False
1466452796,3.0,3.0,5.26888188935551,False
1466452825,4.4,4.4,2.0147490431140285,False
1466452860,4.4,4.007795401445313,4.007795401445313,True
1466452960,4.4,4.4,5.748540306481601,False
1466452979,4.4,4.4,1.3984584886686195,False
1466453002,4.4,4.4,0.7905338969452835,False
1466453016,2.3,2.3,4.1457831407620604,False
1466453025,2.3,3.09151244720484,3.09151244720484,True
1466453089,2.3,5.576542689764,5.576542689764,True
1466453141,2.3,2.3,1.7945133324729032,False
1466453154,2.3,2.3,4.375880479419983,False
1466453184,2.3,2.3,0.7133522454363912,False
1466453202,2.3,2.3,3.631569930357667,False
1466453203,2.6,2.6,4.154167792996276,False
1466453222,2.6,2.1237482325995387,2.1237482325995387,True
1466453321,2.6,2.6,0.3695191833457352,False
1466453379,2.6,1.8463704310121816,1.8463704310121816,True
1466453392,2.6,1.9288381939907249,1.9288381939907249,True
1466453422,2.6,1.9792607906754673,1.9792607906754673,True
1466453502,2.6,3.15835394892685,3.15835394892685,True
1466453518,2.6,2.6,3.3935244733088297,False
1466453563,2.6,2.6,2.2921751957630105,False
1466453604,2.6,2.6,3.461845298361016,False
1466453639,2.6,2.4976742427352585,2.4976742427352585,True
1466453705,1.8,1.4127343793913314,1.4127343793913314,True
1466453795,3.0,0.7241817231066494,0.7241817231066494,True
1466453816,0.5,0.5,2.279161699150597,False
1466453870,0.5,0.5,5.584467532909487,False
1466453910,0.5,0.5,5.0142859434549445,False
1466454002,4.1,4.214093933176281,4.214093933176281,True
1466454051,1.1,1.1,3.317284187366372,False
1466454087,1.1,0.8715642508894688,0.8715642508894688,True
1466454129,1.1,3.971336393430665,3.971336393430665,True
1466454227,1.1,1.1,5.9886516973572945,False
1466454259,1.1,1.1405550092888177,1.1405550092888177,True
1466454262,1.1,5.833877376643616,5.833877376643616,True
1466454298,1.1,2.718741061573043,2.718741061573043,True
1466454388,1.1,3.829810639001799,3.829810639001799,True
1466454399,0.3,3.6130660063902993,3.6130660063902993,True
1466454473,0.3,0.32496822036775974,0.32496822036775974,True
1466454529,0.3,0.3,1.2833237158388286,False
1466454559,0.3,0.3,1.0303135628958282,False
1466454648,0.3,0.3,2.817384148037366,False
1466454745,0.3,0.3,1.1921224990644441,False
1466454763,4.4,4.4,5.632881219247157,False
1466454851,4.4,4.4,3.938949587228695,False
1466454936,4.4,4.4,2.668416996561155,False
1466454949,2.7,0.13482428227415388,0.13482428227415388,True
1466455032,2.7,2.7,1.292846601490809,False
1466455065,2.7,2.7,1.5514308701505695,False
1466455119,2.7,2.7,0.3939402207479068,False
1466455172,2.7,5.5576393983300205,5.5576393983300205,True
1466455196,2.7,2.7,4.149036174740762,False
1466455271,4.8,4.8,5.3373161059270195,False
1466455357,4.8,2.5757791518180957,2.5757791518180957,True
1466455361,2.1,5.696528705769716,5.696528705769716,True
1466455394,0.3,1.7590217228619813,1.7590217228619813,True
1466455475,0.3,4.07282010249702,4.07282010249702,True
1466455497,0.3,4.865059874234509,4.865059874234509,True
1466455561,3.3,5.48434858014504,5.48434858014504,True
1466455575,3.5,3.5,4.4199969101691945,False
1466455587,3.5,2.998792888867488,2.998792888867488,True
1466455651,3.5,0.038530545562572405,0.038530545562572405,True
1466455658,3.5,3.5,4.0024505420469945,False
1466455732,3.5,3.5,2.6734323219062155,False
1466455812,3.5,3.5,2.1161501377961685,False
1466455910,3.5,3.5,5.744048310089461,False
1466455951,3.5,3.5,2.4867467985718026,False
1466455999,3.5,4.029969382198363,4.029969382198363,True
1466456054,3.5,3.384555930897726,3.384555930897726,True
1466456058,3.5,0.8988770339264733,0.8988770339264733,True
1466456074,3.5,3.5,1.7395521478741598,False
1466456088,3.5,0.9125141948184534,0.9125141948184534,True
1466456118,3.5,1.180343312903046,1.180343312903046,True
1466456218,1.5,1.5,0.7602725024659918,False
1466456265,1.5,1.5,5.254988982254939,False
1466456270,1.5,1.5,5.404269008067515,False
1466456312,1.5,1.5,5.243407748035617,False
1466456346,1.5,4.401759076902881,4.401759076902881,True
1466456374,3.8,5.1817477220517985,5.1817477220517985,True
1466456406,4.0,3.1904364392806013,3.1904364392806013,True
1466456482,1.5,1.5,5.468397747468977,False
1466456512,2.7,0.13652738169450607,0.13652738169450607,True
1466456610,2.7,2.7,5.010627849292001,False
1466456683,1.9,1.9,5.125609476432949,False
1466456768,1.9,0.8585305837621502,0.8585305837621502,True
1466456856,1.9,5.192373046153193,5.192373046153193,True
1466456927,1.9,1.9,0.9424300156502607,False
1466457014,3.5,3.5,1.0890551665695292,False
1466457032,4.3,4.3,4.660560798807258,False
1466457067,1.0,0.820257659690627,0.820257659690627,True
1466457157,4.9,4.9,4.2826546125708,False
1466457215,4.9,4.4485419603530705,4.4485419603530705,True
1466457267,1.7,1.7,2.6784741652845465,False
1466457357,1.7,2.8619116322751936,2.8619116322751936,True
1466457434,4.4,4.4,3.628007520990767,False
1466457487,4.4,4.4,5.7838564184979955,False
1466457559,4.4,2.0108074925446235,2.0108074925446235,True
1466457603,2.9,2.9,3.744514999925415,False
1466457671,2.9,2.682988109062949,2.682988109062949,True
1466457713,2.9,1.9882278658902102,1.9882278658902102,True
1466457745,2.9,2.9,5.46202510705921,False
1466457782,2.9,1.0639069612126504,1.0639069612126504,True
1466457802,4.7,4.7,5.6234431729847305,False
1466457817,3.4,3.4,0.5403857776548928,False
1466457865,1.1,1.1,4.069100601209987,False
1466457884,1.1,0.7685857303081218,0.7685857303081218,True
1466457885,1.1,1.1,0.4327406987332918,False
1466457917,1.1,1.1,5.102861127401539,False
1466457973,1.1,5.717683792839843,5.717683792839843,True
1466458045,1.1,1.1,4.2679918526053005,False
1466458135,1.9,5.517001998695589,5.517001998695589,True
1466458151,1.9,1.1446203622992,1.1446203622992,True
1466458230,1.9,1.9,3.918225090556161,False
1466458324,1.9,5.660244477972062,5.660244477972062,True
1466458362,5.4,5.4,0.16090846577095053,False
1466458438,3.1,0.3030342995441848,0.3030342995441848,True
1466458454,3.1,3.1,4.941076078224196,False
1466458496,3.1,3.1,2.4438297420428343,False
1466458509,3.1,0.3612011473562442,0.3612011473562442,True
1466458580,3.1,0.9843748456216552,0.9843748456216552,True
1466458590,3.8,3.8,1.8579933195170983,False
1466458626,3.7,3.7,4.781138144942462,False
1466458642,3.7,3.7,4.948048974403745,False
1466458665,1.7,1.7,5.464500184320712,False
1466458694,1.7,1.7,1.8709590449484463,False
1466458762,1.7,1.7,0.9251319666850264,False
1466458793,0.7,0.7,4.6858083735200085,False
1466458824,0.7,0.9620453682399588,0.9620453682399588,True
1466458906,0.7,0.7,4.112241444072205,False
1466458982,0.7,0.18971306936962695,0.18971306936962695,True
1466459068,0.7,0.7,2.107682936708651,False
1466459159,4.7,4.7,3.5800725141914516,False
1466459184,4.7,4.7,4.2962996032223275,False
1466459273,4.7,5.731435013581954,5.731435013581954,True
1466459372,0.7,5.466917811697369,5.466917811697369,True
1466459415,0.7,3.272029519475213,3.272029519475213,True
1466459483,0.7,0.7,3.4643835051038696,False
1466459504,0.7,3.717616134881653,3.717616134881653,True
1466459588,0.7,0.7,0.9319332180835445,False
1466459595,0.7,2.4833365996398156,2.4833365996398156,True
1466459673,0.7,3.9738646128285104,3.9738646128285104,True
1466459726,0.7,0.7,3.720148770103172,False
1466459800,0.7,5.3858324623551095,5.3858324623551095,True
1466459857,0.7,0.7,1.9890345325909782,False
1466459887,0.7,0.851567728137302,0.851567728137302,True
1466459913,0.7,0.7,3.276040616236405,False
1466459974,0.7,4.062066500359645,4.062066500359645,True
1466459995,0.7,5.123383346208618,5.123383346208618,True
1466460001,1.5,1.5,1.771390241458366,False
1466460054,1.5,1.668080246987519,1.668080246987519,True
1466460130,1.5,1.5,1.3803438926879494,False
1466460215,1.5,0.24090957468553253,0.24090957468553253,True
1466460252,1.5,1.5,5.844929459569137,False
1466460272,1.5,0.9750452421236093,0.9750452421236093,True
1466460346,1.5,2.591185153554768,2.591185153554768,True
1466460440,2.6,2.6,3.3600422148916733,False
1466460461,1.7,2.407092160419529,2.407092160419529,True
1466460528,1.7,1.7,4.5933224551131,False
1466460610,1.7,2.4369762525005916,2.4369762525005916,True
1466460630,1.7,1.7,1.0451223452651937,False
1466460691,1.7,2.562242111705603,2.562242111705603,True
1466460706,5.7,5.7,0.18055884204557549,False
1466460739,5.7,5.7,0.4079189553704117,False
1466460765,5.7,5.7,0.569348963284315,False
1466460795,5.7,0.19026783302787376,0.19026783302787376,True
1466460877,5.7,3.5901399430669354,3.5901399430669354,True
1466460973,5.7,3.634240421554005,3.634240421554005,True
1466461009,5.7,5.7,4.4501903377419785,False
1466461027,3.0,1.3502701197257676,1.3502701197257676,True
1466461032,3.0,0.862888112102743,0.862888112102743,True
1466461096,5.1,5.1,5.604165019229933,False
1466461169,5.8,5.8,5.674540563484515,False
1466461256,5.8,5.406419001262461,5.406419001262461,True
1466461351,5.8,5.8,5.38135118927582,False
1466461451,5.8,1.5657675837284764,1.5657675837284764,True
1466461531,5.8,1.7241696569105922,1.7241696569105922,True
1466461568,5.8,5.8,2.8271494765942733,False
1466461583,5.8,5.8,0.44360393401879517,False
1466461647,2.3,4.726032373569572,4.726032373569572,True
1466461703,2.3,2.3,2.1466728405178834,False
1466461794,2.3,0.40371859820163825,0.40371859820163825,True
1466461813,2.3,0.09683325515136332,0.09683325515136332,True
1466461910,2.3,1.5666807709957564,1.5666807709957564,True
1466461988,4.5,4.5,4.000407072593661,False
1466462056,4.5,4.5,1.3757365511831672,False
1466462101,5.5,5.5,2.715567570922068,False
1466462155,5.5,5.5,3.504220936128719,False
1466462215,3.2,1.6212832635039836,1.6212832635039836,True
1466462278,3.2,3.2,5.630592090515339,False
1466462368,2.6,2.6,1.787746424401149,False
1466462412,1.8,5.1012211261120415,5.1012211261120415,True
1466462512,1.2,1.2,5.597500980564456,False
1466462594,1.2,1.2,3.0763494975170387,False
1466462671,1.2,1.2,4.045878187884843,False
1466462716,1.2,1.2,4.710626027725764,False
1466462746,1.2,0.08710263614882896,0.08710263614882896,True
1466462782,1.2,3.7001033090744215,3.7001033090744215,True
1466462820,1.2,1.2,1.3654766950944008,False
1466462833,1.2,5.364426525220297,5.364426525220297,True
1466462842,1.2,1.5451532608522822,1.5451532608522822,True
1466462850,0.9,1.3442010694866005,1.3442010694866005,True
1466462941,0.9,0.35174555122288287,0.35174555122288287,True
1466463026,4.2,2.2664314124519405,2.2664314124519405,True
1466463117,1.3,1.0154742741539966,1.0154742741539966,True
1466463139,3.6,2.3140051724516004,2.3140051724516004,True
