1466410104,18.5,17.40146623079547,17.40146623079547,True
1466410114,18.1,18.1,14.120564610123848,False
1466410130,18.4,17.91683026129705,17.91683026129705,True
1466410181,18.0,13.029628477163431,13.029628477163431,True
1466410203,18.5,18.5,17.690014482778196,False
1466410250,19.0,13.794754875638125,13.794754875638125,True
1466410309,19.0,16.147289386796746,16.147289386796746,True
1466410397,19.1,19.480621025690848,19.480621025690848,True
1466410430,19.1,19.05411024731925,19.05411024731925,True
1466410469,19.1,19.1,16.96315942806781,False
1466410483,19.1,12.053400578147109,12.053400578147109,True
1466410498,19.1,19.1,15.8129556076727,False
1466410502,19.4,17.235968581609285,17.235968581609285,True
1466410532,19.4,18.382132774050667,18.382132774050667,True
1466410541,19.4,19.4,16.968156995382675,False
1466410573,19.0,19.0,17.181813167006162,False
1466410630,18.7,19.495471251377253,19.495471251377253,True
1466410653,18.6,18.6,17.825276604106893,False
1466410746,18.6,18.6,18.341686091833765,False
1466410814,19.0,19.0,18.890725065739353,False
1466410890,19.0,15.904572751552466,15.904572751552466,True
1466410902,19.0,19.0,12.68219457567938,False
1466410978,19.0,16.482731491665167,16.482731491665167,True
1466411008,18.7,18.7,15.332676825751406,False
1466411066,18.7,16.62175776189827,16.62175776189827,True
1466411094,18.7,16.809456404504306,16.809456404504306,True
1466411157,18.7,18.7,17.44170899947352,False
1466411223,18.7,15.020513079104013,15.020513079104013,True
1466411226,18.7,18.7,19.263157426375894,False
1466411272,18.3,17.613149491700774,17.613149491700774,True
1466411303,18.3,12.594940306657229,12.594940306657229,True
1466411318,18.9,18.9,19.41442361545187,False
1466411396,18.9,12.287813148308638,12.287813148308638,True
1466411493,19.5,15.979468917377694,15.979468917377694,True
1466411549,19.5,12.643156853694988,12.643156853694988,True
1466411560,19.9,14.589510133955077,14.589510133955077,True
1466411626,19.9,13.848710230321023,13.848710230321023,True
1466411723,19.9,19.9,19.09205536097401,False
1466411763,19.3,19.3,16.948829783977292,False
1466411785,19.3,14.422178612536731,14.422178612536731,True
1466411854,19.3,18.56686564388701,18.56686564388701,True
1466411889,20.0,20.0,18.128351089501926,False
1466411988,20.0,17.77042828549164,17.77042828549164,True
1466412022,19.8,19.361528959694617,19.361528959694617,True
1466412046,19.1,17.972122645698857,17.972122645698857,True
1466412076,19.5,18.5875383549313,18.5875383549313,True
1466412152,19.1,19.1,17.7184328482684,False
1466412181,19.1,13.695092883132688,13.695092883132688,True
1466412201,19.1,19.1,13.960995924247271,False
1466412260,19.1,19.762191596868334,19.762191596868334,True
1466412347,19.1,14.01506282435939,14.01506282435939,True
1466412360,19.1,16.866201978238795,16.866201978238795,True
1466412438,18.4,18.4,16.980459277927423,False
1466412521,18.4,18.4,12.613966471293828,False
1466412599,18.4,18.4,15.49994013201636,False
1466412639,17.8,18.22396992469816,18.22396992469816,True
1466412691,17.8,13.59211967000233,13.59211967000233,True
1466412747,17.8,17.8,17.156970951426082,False
1466412794,17.4,15.304835319210301,15.304835319210301,True
1466412819,17.8,13.494972630076731,13.494972630076731,True
1466412832,17.8,17.8,13.799051589258646,False
1466412874,17.2,12.760329959845073,12.760329959845073,True
1466412943,17.2,14.258922302962286,14.258922302962286,True
1466412971,17.5,17.5,19.023332500803956,False
1466412990,17.2,17.2,15.20316208836028,False
1466413028,17.2,12.484428730551365,12.484428730551365,True
1466413053,17.5,12.288552475620577,12.288552475620577,True
1466413125,18.1,14.011267750658646,14.011267750658646,True
1466413200,18.6,16.358783665151513,16.358783665151513,True
1466413264,18.7,18.7,16.00040973609268,False
1466413311,18.7,18.7,16.84721627192343,False
1466413342,19.1,19.1,19.178497123837786,False
1466413440,19.1,12.1689768561255,12.1689768561255,True
1466413458,19.1,19.1,17.332995493274197,False
1466413529,19.3,19.3,17.5157544098682,False
1466413542,19.3,19.3,19.307784679328314,False
1466413638,19.8,19.8,19.72553342463891,False
1466413672,19.8,19.8,17.444501354140392,False
1466413733,19.4,16.067177852277784,16.067177852277784,True
1466413779,19.4,16.162407876766856,16.162407876766856,True
1466413780,19.4,12.087707323102972,12.087707323102972,True
1466413864,19.4,19.4,17.690501956421585,False
1466413885,19.4,17.799287974507692,17.799287974507692,True
1466413946,19.4,18.903554230069865,18.903554230069865,True
1466414033,19.4,18.032915485380716,18.032915485380716,True
1466414071,19.4,19.4,15.757779677325017,False
1466414164,19.4,19.4,12.18595307796442,False
1466414225,19.4,19.4,12.258257821616631,False
1466414312,19.4,19.4,15.112869829915073,False
1466414325,19.4,19.33078211767756,19.33078211767756,True
1466414328,19.8,19.8,16.9248638933709,False
1466414329,19.4,12.961388190263769,12.961388190263769,True
1466414402,19.4,13.105560381494724,13.105560381494724,True
1466414407,19.3,18.98291530139697,18.98291530139697,True
1466414413,19.9,19.9,15.890043138617358,False
1466414460,19.9,19.9,12.47872699085783,False
1466414552,19.3,16.10574001576324,16.10574001576324,True
1466414602,19.3,17.181526125827464,17.181526125827464,True
1466414662,19.3,19.3,14.737098268222393,False
1466414746,19.3,19.3,19.41857218790944,False
1466414844,19.2,12.38147189231535,12.38147189231535,True
1466414943,19.2,19.2,19.357234026917144,False
1466414946,19.5,15.735787766784066,15.735787766784066,True
1466414966,19.5,14.856908831451673,14.856908831451673,True
1466415038,19.5,19.5,16.155352568450922,False
1466415106,19.5,17.00241200778909,17.00241200778909,True
1466415130,19.7,19.260040036200493,19.260040036200493,True
1466415145,19.7,19.7,16.841724550728618,False
1466415202,19.7,19.7,13.706301071789841,False
1466415239,19.2,19.2,18.641310096618014,False
1466415249,19.2,19.2,19.78608150382635,False
1466415308,19.2,19.2,17.1063462387443,False
1466415357,19.2,19.2,17.924710295037055,False
1466415404,19.0,19.0,14.478208270809759,False
1466415469,18.9,18.9,15.600719287723603,False
1466415548,18.9,18.9,19.20517003468798,False
1466415588,18.9,18.9,15.06155226369595,False
1466415627,18.9,17.82012880965525,17.82012880965525,True
1466415719,18.9,14.4816618096695,14.4816618096695,True
1466415767,18.9,16.71781908285015,16.71781908285015,True
1466415860,18.8,18.8,13.084660837613658,False
1466415872,18.4,18.4,14.32779545450663,False
1466415914,18.4,18.4,17.94354875141788,False
1466415934,18.7,18.7,17.155054300586897,False
1466415988,18.7,18.7,12.292264387022684,False
1466416004,18.7,18.659002103111284,18.659002103111284,True
1466416050,18.2,18.2,12.325779704312215,False
1466416150,18.2,18.2,12.582575556878774,False
1466416161,18.2,18.2,19.417164414295193,False
1466416215,18.4,19.889500403569752,19.889500403569752,True
1466416315,18.4,16.540446323890833,16.540446323890833,True
1466416321,18.4,18.4,19.997149635824982,False
1466416393,19.1,19.1,12.417778076745297,False
1466416440,19.1,18.98127196188109,18.98127196188109,True
1466416510,19.1,19.1,16.411138897797645,False
1466416541,19.1,18.278445310971033,18.278445310971033,True
1466416631,19.1,15.752993098223456,15.752993098223456,True
1466416671,19.1,19.1,13.162280366364424,False
1466416725,19.1,15.306096318157877,15.306096318157877,True
1466416815,19.1,19.1,14.73452908324765,False
1466416867,19.5,19.5,13.689235412362418,False
1466416933,19.5,12.905950113138186,12.905950113138186,True
1466416963,19.5,19.5,19.036037535560695,False
1466417034,19.5,19.798335380263513,19.798335380263513,True
1466417069,19.4,19.4,16.426297524688035,False
1466417095,19.4,16.184973140909456,16.184973140909456,True
1466417123,19.4,12.089087036608639,12.089087036608639,True
1466417219,19.4,19.4,13.57759213864788,False
1466417228,19.4,17.98119754897072,17.98119754897072,True
1466417235,19.4,13.583303049601733,13.583303049601733,True
1466417266,19.8,19.8,19.511205098800815,False
1466417298,19.2,16.995571137846017,16.995571137846017,True
1466417382,19.2,19.2,13.464174510526925,False
1466417429,19.2,19.2,13.169190627418919,False
1466417434,19.2,16.10138537746538,16.10138537746538,True
1466417513,19.3,18.434188858860537,18.434188858860537,True
1466417598,19.3,19.3,19.397662279365505,False
1466417615,19.5,15.656962558019766,15.656962558019766,True
1466417654,19.5,17.589991702417553,17.589991702417553,True
1466417749,19.5,14.459560487492624,14.459560487492624,True
1466417763,19.1,16.701811299229714,16.701811299229714,True
1466417822,18.7,14.124370832341315,14.124370832341315,True
1466417851,19.2,13.779093009153673,13.779093009153673,True
1466417855,19.2,19.2,15.811129052058146,False
1466417879,18.9,16.42280799901922,16.42280799901922,True
1466417895,18.9,18.245214850280206,18.245214850280206,True
1466417969,18.8,18.8,14.311723212457766,False
1466418049,18.8,13.111650875330136,13.111650875330136,True
1466418118,18.8,18.8,16.583192974582808,False
1466418129,18.8,16.009327135815248,16.009327135815248,True
1466418179,18.8,18.8,16.99415007590621,False
1466418254,18.8,18.8,12.09039363056467,False
1466418332,18.8,18.8,17.03984208076445,False
1466418428,18.8,16.11249895867841,16.11249895867841,True
1466418494,18.8,18.8,15.986318789645528,False
1466418554,18.8,16.43519178536391,16.43519178536391,True
1466418563,18.8,18.8,19.837526930573937,False
1466418564,18.8,19.87197475089552,19.87197475089552,True
1466418594,18.8,14.888134243577571,14.888134243577571,True
1466418674,18.8,18.8,13.120926754134159,False
1466418748,18.3,15.722109719980208,15.722109719980208,True
1466418847,18.3,15.113300486442169,15.113300486442169,True
1466418877,17.9,17.9,16.17052563151365,False
1466418917,17.9,17.9,14.849366012923715,False
1466418938,17.4,15.003225822793542,15.003225822793542,True
1466419031,17.4,12.85346473921149,12.85346473921149,True
1466419058,18.0,18.0,19.016973089904376,False
1466419104,18.0,14.004231688588213,14.004231688588213,True
1466419166,18.1,14.030980638844929,14.030980638844929,True
1466419261,17.8,14.093656302163787,14.093656302163787,True
1466419349,17.8,18.760078700581204,18.760078700581204,True
1466419442,18.3,18.3,17.524532576392065,False
1466419530,18.3,12.86575427667808,12.86575427667808,True
1466419595,18.3,13.300626091335864,13.300626091335864,True
1466419646,18.3,18.3,14.093929326472011,False
1466419737,18.3,18.3,17.12235794357988,False
1466419826,18.3,13.124820815236955,13.124820815236955,True
1466419880,18.1,18.1,14.18989137647593,False
1466419911,18.1,12.049598655742324,12.049598655742324,True
1466419938,18.1,18.433675391216163,18.433675391216163,True
1466420016,18.1,18.1,19.409995344525864,False
1466420019,18.1,18.1,19.21983439844177,False
1466420108,18.1,18.1,19.500512297630202,False
1466420205,18.1,18.965250459013262,18.965250459013262,True
1466420228,18.1,14.095804915957999,14.095804915957999,True
1466420257,18.1,18.286136446244516,18.286136446244516,True
1466420270,17.6,17.6,17.801398984044518,False
1466420296,17.6,17.6,14.87990629814995,False
1466420331,17.6,12.727515736500228,12.727515736500228,True
1466420407,17.6,18.61338398431287,18.61338398431287,True
1466420430,17.6,17.6,19.000888237778597,False
1466420453,18.0,14.026261143597914,14.026261143597914,True
1466420474,18.0,18.0,19.275725379747197,False
1466420566,18.0,18.0,13.847474825996976,False
1466420579,17.5,17.5,19.449081059878853,False
1466420618,17.5,17.5,16.19427455347502,False
1466420624,17.5,14.73777112821352,14.73777112821352,True
1466420643,17.5,17.5,17.9418650081881,False
1466420695,17.4,13.97265965112813,13.97265965112813,True
1466420788,17.4,18.7154346264585,18.7154346264585,True
1466420863,17.4,17.4,16.56958051368322,False
1466420947,18.0,16.70220673103171,16.70220673103171,True
1466421003,18.0,18.0,15.038101167531565,False
1466421032,18.0,18.0,13.817298798782193,False
1466421050,17.4,17.4,19.565369891469608,False
1466421116,17.4,17.4,14.483766032731205,False
1466421208,16.7,17.530521765879204,17.530521765879204,True
1466421234,17.1,17.1,16.307906308742147,False
1466421262,17.1,14.10683683900321,14.10683683900321,True
1466421353,17.1,16.83740088467718,16.83740088467718,True
1466421360,17.1,17.457801524002576,17.457801524002576,True
1466421392,17.1,16.439975420408977,16.439975420408977,True
1466421480,17.5,17.399783802568294,17.399783802568294,True
1466421530,17.3,17.3,19.293366682404148,False
1466421547,17.3,17.3,15.701992802837065,False
1466421591,16.9,16.9,14.685769471471911,False
1466421633,16.9,16.9,16.636920951870724,False
1466421636,16.5,16.5,13.684839906168932,False
1466421670,16.8,16.30075627628513,16.30075627628513,True
1466421695,16.8,15.416222447534995,15.416222447534995,True
1466421721,16.8,16.093063409057088,16.093063409057088,True
1466421804,17.1,13.42800462265714,13.42800462265714,True
1466421819,17.1,18.126103049388032,18.126103049388032,True
1466421862,17.1,18.162510895853163,18.162510895853163,True
1466421885,17.7,17.7,14.982973847699572,False
1466421936,17.8,14.091533618010814,14.091533618010814,True
1466422012,17.8,17.8,17.319975631955824,False
1466422044,17.8,16.58915790987561,16.58915790987561,True
1466422045,17.4,17.4,12.122485212850478,False
1466422137,17.4,17.4,13.035705503113718,False
1466422162,17.7,17.7,14.159805952103692,False
1466422189,17.5,17.5,13.177188090745226,False
1466422197,17.3,17.3,18.954468805635283,False
1466422264,17.7,17.7,17.016684477303343,False
1466422330,17.7,18.987246255260604,18.987246255260604,True
1466422378,17.9,17.9,19.558446716962848,False
1466422432,17.9,17.9,15.214102501558193,False
1466422488,18.3,12.480094145144225,12.480094145144225,True
1466422577,18.3,18.3,13.970802197975747,False
1466422628,18.9,17.95492580842115,17.95492580842115,True
1466422638,19.0,19.0,16.265203242388665,False
1466422666,19.6,14.736949555297265,14.736949555297265,True
1466422706,19.5,19.5,18.617507781650552,False
1466422731,19.5,12.56326600882381,12.56326600882381,True
1466422804,19.5,19.39063450692707,19.39063450692707,True
1466422866,19.6,18.99682858072364,18.99682858072364,True
1466422873,19.7,17.994036084417363,17.994036084417363,True
1466422895,19.7,12.145403691803853,12.145403691803853,True
1466422953,19.7,15.791631245910683,15.791631245910683,True
1466422973,19.9,15.587247379643282,15.587247379643282,True
1466423017,19.9,12.401769503544172,12.401769503544172,True
1466423051,19.9,19.9,17.642273098551485,False
1466423099,19.8,18.905703271678355,18.905703271678355,True
1466423150,19.7,12.392753647683262,12.392753647683262,True
1466423155,19.7,13.466991148814394,13.466991148814394,True
1466423168,19.4,19.4,16.864481762701985,False
1466423205,19.2,19.2,17.98104270477546,False
1466423275,19.2,12.215548485250338,12.215548485250338,True
1466423287,19.2,19.2,13.885882707561812,False
1466423336,19.2,19.2,12.89031805563874,False
1466423340,19.9,19.541798094293927,19.541798094293927,True
1466423355,19.6,19.6,12.073377730164818,False
1466423443,19.3,19.3,18.849427443763375,False
1466423499,19.5,19.5,18.31329247497402,False
1466423585,19.9,19.9,17.73790449240559,False
1466423612,19.9,19.9,12.506013366239074,False
1466423669,19.8,19.8,15.54561663325359,False
1466423705,19.8,19.69658852272536,19.69658852272536,True
1466423770,19.8,19.653269511566698,19.653269511566698,True
1466423844,19.8,19.8,13.5099051549659,False
1466423902,19.5,14.537524603517301,14.537524603517301,True
1466423913,19.4,19.4,17.354136895123844,False
1466423972,19.4,19.4,14.269080280847154,False
1466424014,19.4,19.35435354037279,19.35435354037279,True
1466424069,19.5,19.5,15.471646023251658,False
1466424154,19.5,16.729352716789826,16.729352716789826,True
1466424155,19.5,19.5,15.394319731747121,False
1466424169,19.5,19.5,13.35829704064541,False
1466424262,19.5,15.834696207731353,15.834696207731353,True
1466424339,19.5,19.5,15.780905131434087,False
1466424398,19.5,19.5,17.720172897873475,False
1466424497,19.5,14.13021700235337,14.13021700235337,True
1466424558,19.5,14.949578456859289,14.949578456859289,True
1466424613,19.5,19.5,12.568233691369361,False
1466424713,19.5,19.5,17.042828243458214,False
1466424804,19.5,19.5,19.764744961251846,False
1466424878,20.0,20.0,18.326692060241527,False
1466424924,20.0,15.695952292746746,15.695952292746746,True
1466425009,19.5,19.5,16.70858725451711,False
1466425106,19.5,15.280487130963369,15.280487130963369,True
1466425129,19.5,18.321993390368185,18.321993390368185,True
1466425179,19.6,19.6,16.423873318639323,False
1466425257,19.6,18.905539495127854,18.905539495127854,True
1466425262,19.7,16.65588031687232,16.65588031687232,True
1466425305,19.7,16.719757406821262,16.719757406821262,True
1466425331,19.7,12.086769130131668,12.086769130131668,True
1466425338,19.7,19.7,14.013661296334613,False
1466425377,19.6,19.6,12.054560059286676,False
1466425380,19.6,19.6,12.812158843139363,False
1466425417,19.6,19.6,14.969896935419653,False
1466425484,19.6,19.6,17.600716852340156,False
1466425517,19.0,16.50392917483316,16.50392917483316,True
1466425553,19.0,15.98964727286534,15.98964727286534,True
1466425640,18.8,18.430763444638785,18.430763444638785,True
1466425687,18.8,16.34195525088846,16.34195525088846,True
1466425711,19.1,14.350215893217372,14.350215893217372,True
1466425768,19.1,19.1,16.579522300242374,False
1466425811,19.1,19.1,18.3019416574164,False
1466425856,19.6,16.45115842896559,16.45115842896559,True
1466425869,19.6,14.354050268881377,14.354050268881377,True
1466425884,19.4,18.521748985047328,18.521748985047328,True
1466425962,19.4,18.5068832462767,18.5068832462767,True
1466425974,19.3,19.659908949908655,19.659908949908655,True
1466426016,19.3,19.3,15.965841303383574,False
1466426024,19.3,12.516647334948603,12.516647334948603,True
1466426034,19.8,19.8,17.272734462578597,False
1466426130,19.8,12.681601800458711,12.681601800458711,True
1466426189,19.8,15.457926463184336,15.457926463184336,True
1466426198,19.7,19.7,12.8150696130676,False
1466426280,19.7,13.133279972666589,13.133279972666589,True
1466426298,19.7,18.353825907804428,18.353825907804428,True
1466426380,19.7,19.7,19.137126786416903,False
1466426420,19.7,14.525951471977823,14.525951471977823,True
1466426509,19.7,19.7,14.289862314047898,False
1466426521,19.7,19.7,15.696030610900193,False
1466426535,19.6,19.6,15.192004185450116,False
1466426563,19.6,12.947982134804285,12.947982134804285,True
1466426620,19.1,19.1,13.867178297860164,False
1466426694,19.1,19.1,18.9611244160567,False
1466426764,19.1,18.21345082951243,18.21345082951243,True
1466426778,19.7,15.568508427048446,15.568508427048446,True
1466426866,19.6,19.6,13.006894485174293,False
1466426938,19.6,19.6,13.774510451753837,False
1466427022,19.6,19.6,12.613188656042125,False
1466427059,19.7,19.7,16.297035629400153,False
1466427125,19.6,17.260746094538327,17.260746094538327,True
1466427204,19.0,17.85177010893524,17.85177010893524,True
1466427240,19.0,19.0,19.963810044442084,False
1466427317,19.0,16.97387810719296,16.97387810719296,True
1466427319,19.0,19.0,13.20985813181047,False
1466427331,19.0,19.0,16.876854954046113,False
1466427425,19.0,17.575317956929265,17.575317956929265,True
1466427458,19.0,19.0,18.609534714144875,False
1466427495,18.4,18.4,13.72630262634089,False
1466427543,18.4,17.234515172291886,17.234515172291886,True
1466427625,18.4,18.4,13.751966207437121,False
1466427663,18.4,18.4,17.20304252553248,False
1466427672,18.4,17.643889674569213,17.643889674569213,True
1466427684,18.7,18.7,14.06352605231049,False
1466427739,18.7,18.7,12.879896563865591,False
1466427769,18.7,17.089284747370137,17.089284747370137,True
1466427775,18.7,16.917562747373502,16.917562747373502,True
1466427820,18.6,18.11613278632511,18.11613278632511,True
1466427837,18.6,18.6,17.578034760917408,False
1466427846,18.0,18.0,18.533092407135506,False
1466427904,18.6,18.6,19.03304739609065,False
1466427997,18.6,18.153716725320752,18.153716725320752,True
1466428027,18.6,13.465167288522625,13.465167288522625,True
1466428114,18.6,15.116840506138015,15.116840506138015,True
1466428212,18.5,18.668941913765444,18.668941913765444,True
1466428294,18.5,18.5,19.131982356129992,False
1466428321,18.1,17.033643756330402,17.033643756330402,True
1466428340,18.1,19.84260652596344,19.84260652596344,True
1466428378,18.1,15.040987020570421,15.040987020570421,True
1466428463,18.4,18.4,17.507367330026707,False
1466428551,18.4,15.148187929398905,15.148187929398905,True
1466428575,18.4,14.6331485561304,14.6331485561304,True
1466428593,18.4,18.4,16.59409049070814,False
1466428682,18.4,18.4,12.553270437608237,False
1466428699,18.4,18.4,18.465613891848037,False
1466428719,17.7,17.7,19.70463008625594,False
1466428819,17.7,17.7,18.894221930199148,False
1466428850,18.3,18.31167946846945,18.31167946846945,True
1466428884,18.3,18.3,19.89147491184558,False
1466428973,18.3,18.3,15.905623046070382,False
1466429006,18.3,18.3,13.605864235171131,False
1466429026,18.3,16.75442516425056,16.75442516425056,True
1466429066,18.4,15.800351001826826,15.800351001826826,True
1466429072,18.4,17.073766362963113,17.073766362963113,True
1466429103,18.4,12.544569753770894,12.544569753770894,True
1466429110,18.8,17.119292832364536,17.119292832364536,True
1466429123,18.4,18.4,14.87998380144943,False
1466429168,18.4,12.154968596285121,12.154968596285121,True
1466429182,19.1,19.523847213127347,19.523847213127347,True
1466429184,18.8,18.8,17.407981209064836,False
1466429197,18.8,12.534078912365766,12.534078912365766,True
1466429280,18.8,18.8,13.102906640771572,False
1466429378,18.8,17.057081552730637,17.057081552730637,True
1466429450,18.4,18.4,15.51634778802092,False
1466429455,18.5,18.5,17.00810656844597,False
1466429510,17.9,17.184922919436907,17.184922919436907,True
1466429565,18.3,18.77278873228107,18.77278873228107,True
1466429566,18.7,18.7,16.525317770490453,False
1466429592,18.7,18.7,16.199741057054524,False
1466429623,18.7,18.7,16.183164259750377,False
1466429691,19.3,16.558442344368522,16.558442344368522,True
1466429733,18.6,19.892236874500593,19.892236874500593,True
1466429803,18.6,18.6,18.414273244922732,False
1466429832,18.6,18.540933878325337,18.540933878325337,True
1466429905,19.1,19.1,13.536472226578548,False
1466429997,19.1,17.597406889777407,17.597406889777407,True
1466430050,18.7,13.938809964683484,13.938809964683484,True
1466430088,18.7,18.7,16.181585438762855,False
1466430174,18.7,18.7,16.729407265974206,False
1466430247,19.3,19.3,16.376132839019345,False
1466430344,19.3,19.3,13.95695717664804,False
1466430375,19.3,19.3,17.323400087740115,False
1466430400,18.6,18.6,13.385677421528525,False
1466430457,18.6,13.842832077160296,13.842832077160296,True
1466430483,18.6,18.6,16.07550606455607,False
1466430517,17.9,19.141273133529758,19.141273133529758,True
1466430524,17.9,15.275556111132623,15.275556111132623,True
1466430592,17.9,17.9,12.747212796601985,False
1466430616,17.8,13.472030116037796,13.472030116037796,True
1466430631,17.2,17.2,15.970301335959507,False
1466430680,17.2,15.460064270096309,15.460064270096309,True
1466430734,17.1,17.1,12.20907318374752,False
1466430790,17.1,17.850047481086992,17.850047481086992,True
1466430815,17.1,17.404524350281175,17.404524350281175,True
1466430895,17.1,16.78770707244007,16.78770707244007,True
1466430916,17.1,17.1,19.13046314801216,False
1466430929,17.8,17.8,17.748074496626494,False
1466430936,18.1,18.1,19.563157903266013,False
1466431009,18.1,19.763411369570854,19.763411369570854,True
1466431036,18.2,15.682550486482484,15.682550486482484,True
1466431055,18.2,18.2,13.408186870455477,False
1466431145,17.9,17.9,13.229546074166736,False
1466431218,17.5,15.110706012801163,15.110706012801163,True
1466431290,17.8,15.847266294284676,15.847266294284676,True
1466431324,18.1,16.414508660998948,16.414508660998948,True
1466431400,18.1,18.1,15.033357497505094,False
1466431450,17.9,17.9,14.187313655205838,False
1466431526,18.3,18.3,18.3395899909227,False
1466431589,18.5,19.604875920837095,19.604875920837095,True
1466431661,19.0,19.0,16.551684419307165,False
1466431760,19.1,18.548291460361213,18.548291460361213,True
1466431796,19.1,12.865922308910548,12.865922308910548,True
1466431848,18.9,17.264708197465765,17.264708197465765,True
1466431879,18.9,15.960588852353373,15.960588852353373,True
1466431954,18.9,18.9,19.032101048671137,False
1466431958,18.9,18.9,16.339091824889678,False
1466432002,18.9,14.158950115550333,14.158950115550333,True
1466432101,18.3,13.316285669575734,13.316285669575734,True
1466432177,18.3,12.79070900107601,12.79070900107601,True
1466432194,18.3,18.3,17.920133984126444,False
1466432237,18.3,18.3,15.232306645647773,False
1466432280,18.6,18.6,12.05625026424244,False
1466432373,18.4,18.4,18.021353024453788,False
1466432389,18.4,15.158737409297128,15.158737409297128,True
1466432415,17.8,17.8,16.459403170708224,False
1466432417,17.8,19.48632509043456,19.48632509043456,True
1466432506,18.2,17.05788197697008,17.05788197697008,True
1466432569,18.2,18.2,19.391718834634645,False
1466432577,18.2,16.433664305698343,16.433664305698343,True
1466432670,18.2,15.486185906504645,15.486185906504645,True
1466432706,18.2,18.2,15.617272853050832,False
1466432804,18.2,15.799388111467175,15.799388111467175,True
1466432853,18.2,18.2,18.978231153701085,False
1466432947,18.2,18.2,13.161652319871887,False
1466433040,18.2,18.611980759838683,18.611980759838683,True
1466433128,18.2,12.510140478275819,12.510140478275819,True
1466433145,17.7,15.96316627441785,15.96316627441785,True
1466433195,17.7,16.128607222369435,16.128607222369435,True
1466433289,17.7,17.7,12.639926152080632,False
1466433375,18.0,18.0,19.396384174841213,False
1466433427,18.4,18.4,17.65361090172896,False
1466433478,18.4,18.078345365061796,18.078345365061796,True
1466433517,18.7,18.7,13.554923200011423,False
1466433615,18.7,18.7,15.925961701191875,False
1466433672,18.8,16.317930840990716,16.317930840990716,True
1466433762,19.3,19.3,14.846559023232999,False
1466433809,19.3,19.3,15.34760050508222,False
1466433873,19.9,19.87582286702655,19.87582286702655,True
1466433910,19.9,19.9,12.221386046988622,False
1466433994,19.9,16.628402962467796,16.628402962467796,True
1466434003,19.9,12.325001211930868,12.325001211930868,True
1466434045,19.9,19.9,12.549757089718039,False
1466434096,19.9,18.494386646863113,18.494386646863113,True
1466434173,19.9,12.143896631198936,12.143896631198936,True
1466434199,19.9,12.71293009189344,12.71293009189344,True
1466434224,19.7,19.335084667388323,19.335084667388323,True
1466434308,19.7,19.7,19.760347051061554,False
1466434359,19.5,19.5,14.289326750119312,False
1466434371,19.4,19.4,19.564081756186546,False
1466434457,19.4,19.4,12.607235884197713,False
1466434498,19.4,19.4,13.224285055311867,False
1466434552,18.9,16.802473074549734,16.802473074549734,True
1466434622,18.9,18.9,15.734589431522199,False
1466434691,18.9,18.9,15.299747360402982,False
1466434718,18.9,19.509626822202286,19.509626822202286,True
1466434727,19.0,19.0,15.309152102001491,False
1466434815,19.0,19.0,18.219364275051177,False
1466434892,18.4,18.4,12.072502344799283,False
1466434915,18.1,18.61225399775865,18.61225399775865,True
1466434946,17.8,17.8,15.193030374364202,False
1466434988,17.8,17.8,17.278113095207942,False
1466435020,18.4,18.302281937404437,18.302281937404437,True
1466435090,18.4,18.4,16.056619587754163,False
1466435099,18.4,17.453670839678715,17.453670839678715,True
1466435145,18.4,18.4,19.488410911288323,False
1466435186,18.4,17.295943268614284,17.295943268614284,True
1466435246,18.5,18.5,18.30826347966663,False
1466435284,18.9,19.793536502758407,19.793536502758407,True
1466435327,19.4,17.020256138278675,17.020256138278675,True
1466435369,19.4,16.129243775962657,16.129243775962657,True
1466435408,19.4,19.4,19.82612476160177,False
1466435468,19.4,14.837501442283973,14.837501442283973,True
1466435486,19.1,12.92493392772219,12.92493392772219,True
1466435555,19.1,18.798967340619466,18.798967340619466,True
1466435624,19.0,19.407969825759395,19.407969825759395,True
1466435659,19.0,19.0,17.46822207002713,False
1466435682,19.0,19.94084335574576,19.94084335574576,True
1466435712,19.4,19.4,14.918826350173802,False
1466435794,19.9,14.669770801128006,14.669770801128006,True
1466435878,19.9,19.9,13.24907105428689,False
1466435904,19.9,19.9,14.184980754559602,False
1466435971,19.9,19.9,18.87781782908271,False
1466436041,19.8,19.8,14.124531921521864,False
1466436059,19.4,18.44351289264754,18.44351289264754,True
1466436093,19.4,13.641397978412954,13.641397978412954,True
1466436178,19.4,12.70509474980587,12.70509474980587,True
1466436230,19.4,17.941829661795794,17.941829661795794,True
1466436280,19.2,14.42225227139182,14.42225227139182,True
1466436332,19.2,19.2,14.599590703022297,False
1466436333,19.2,12.429224984323096,12.429224984323096,True
1466436431,19.2,19.2,19.226965972511668,False
1466436520,19.4,19.4,13.630542279656023,False
1466436572,18.9,16.999842606629862,16.999842606629862,True
1466436647,18.9,19.283793489563713,19.283793489563713,True
1466436655,18.7,16.740574755459,16.740574755459,True
1466436727,18.7,18.7,17.921003795928435,False
1466436793,18.5,18.5,16.347253502373313,False
1466436879,18.5,18.5,18.133933236563127,False
1466436880,18.6,15.029508904769765,15.029508904769765,True
1466436939,18.6,13.611624002336772,13.611624002336772,True
1466437015,18.6,18.6,17.48341494603503,False
1466437048,18.6,19.849566384992517,19.849566384992517,True
1466437088,18.6,14.774277815016674,14.774277815016674,True
1466437105,18.6,12.98831393273537,12.98831393273537,True
1466437122,18.6,18.6,17.860386054907256,False
1466437160,18.5,18.5,16.274552810763126,False
1466437232,18.4,18.4,18.423778081800307,False
1466437321,18.4,17.68489027048097,17.68489027048097,True
1466437335,18.7,18.7,18.588454442663902,False
1466437358,19.1,13.248354931692246,13.248354931692246,True
1466437441,19.1,15.558377924380476,15.558377924380476,True
1466437480,19.4,19.4,18.835452682264386,False
1466437561,19.4,19.4,13.773691798722098,False
1466437653,19.4,19.4,15.082641253399338,False
1466437709,19.4,17.78096987991329,17.78096987991329,True
1466437798,19.4,18.861048835162556,18.861048835162556,True
1466437869,19.4,18.104369710667807,18.104369710667807,True
1466437952,19.4,19.4,19.393533924643005,False
1466438037,19.4,15.161751180291073,15.161751180291073,True
1466438054,19.4,17.42934900764059,17.42934900764059,True
1466438056,19.9,15.667224571516762,15.667224571516762,True
1466438136,19.9,19.9,19.867288133364585,False
1466438234,19.9,18.194289256934997,18.194289256934997,True
1466438261,19.9,18.511351718205038,18.511351718205038,True
1466438348,19.9,19.69948809474275,19.69948809474275,True
1466438407,19.9,19.228076339168233,19.228076339168233,True
1466438422,19.5,19.5,19.388549601837028,False
1466438476,19.5,15.393654754818046,15.393654754818046,True
1466438571,19.5,19.5,18.811574058480282,False
1466438612,19.5,19.4499372931593,19.4499372931593,True
1466438620,19.5,19.5,14.926551920449754,False
1466438698,19.5,17.17822359367904,17.17822359367904,True
1466438747,19.5,14.507343921603315,14.507343921603315,True
1466438795,19.4,19.4,12.793605803486159,False
1466438810,19.4,18.810335060059437,18.810335060059437,True
1466438888,19.4,19.4,17.006410553660224,False
1466438975,18.8,18.8,16.67502381368128,False
1466439000,18.7,18.7,13.097479331465657,False
1466439092,18.7,13.341842151039685,13.341842151039685,True
1466439150,18.7,18.7,15.795020763844043,False
1466439229,18.7,18.7,19.246081151276655,False
1466439279,18.7,18.7,13.274181533613836,False
1466439328,18.7,18.225884938459906,18.225884938459906,True
1466439351,18.7,15.508579790775254,15.508579790775254,True
1466439447,18.7,18.7,17.1751017398885,False
1466439466,18.4,15.245538802931893,15.245538802931893,True
1466439480,18.4,17.870214072051667,17.870214072051667,True
1466439560,18.4,18.4,16.904659838048474,False
1466439600,18.4,14.32808252194224,14.32808252194224,True
1466439645,18.3,12.346914039558092,12.346914039558092,True
1466439729,18.3,16.687018188623732,16.687018188623732,True
1466439772,18.3,16.859920630992026,16.859920630992026,True
1466439827,18.3,15.421119140781624,15.421119140781624,True
1466439849,18.3,13.885939080296701,13.885939080296701,True
1466439910,17.9,17.9,16.193523398829562,False
1466439990,17.3,14.694480935977605,14.694480935977605,True
1466440005,17.3,12.498206210595129,12.498206210595129,True
1466440006,17.3,17.3,13.505585777579995,False
1466440045,17.3,17.3,14.93221483706579,False
1466440066,17.3,16.372515186615168,16.372515186615168,True
1466440154,17.7,15.795386744497753,15.795386744497753,True
1466440214,17.7,17.7,19.571218299862252,False
1466440226,17.7,17.7,18.734514037770907,False
1466440304,17.8,14.096504826444814,14.096504826444814,True
1466440385,17.6,17.6,19.179966735858137,False
1466440451,17.6,17.6,12.015123871267601,False
1466440521,17.6,17.6,16.53775237971996,False
1466440581,17.6,15.306557763889128,15.306557763889128,True
1466440674,17.2,17.2,15.315380643122854,False
1466440727,17.4,14.496573768513873,14.496573768513873,True
1466440821,17.4,17.4,19.547531293886205,False
1466440827,17.4,17.4,17.329935294902057,False
1466440897,17.4,17.4,19.572637979561986,False
1466440923,17.4,17.4,12.667973506804248,False
1466441012,17.4,16.33246693350511,16.33246693350511,True
1466441049,17.4,17.4,14.42981914675471,False
1466441147,17.7,13.229102951341282,13.229102951341282,True
1466441213,17.7,15.366620548467399,15.366620548467399,True
1466441311,17.7,17.7,14.613964974711974,False
1466441318,18.2,17.063602934946864,17.063602934946864,True
1466441418,18.4,18.4,17.162994809683724,False
1466441510,18.4,12.454256074335774,12.454256074335774,True
1466441541,18.4,18.4,17.325323484546026,False
1466441579,18.4,18.4,18.07354261349432,False
1466441630,18.4,19.934395514919018,19.934395514919018,True
1466441714,18.4,15.691474673731644,15.691474673731644,True
1466441724,18.4,18.4,18.812407060202716,False
1466441741,18.4,14.353820807069141,14.353820807069141,True
1466441822,18.4,18.764252486271516,18.764252486271516,True
1466441883,18.4,18.4,16.4863271714406,False
1466441934,18.4,16.766398031931438,16.766398031931438,True
1466441947,18.4,16.36827195859446,16.36827195859446,True
1466442046,18.4,19.208289779191198,19.208289779191198,True
1466442137,18.8,13.657490714764648,13.657490714764648,True
1466442175,18.8,18.8,15.745832990823214,False
1466442216,19.4,19.4,17.612021436786865,False
1466442284,19.4,19.4,12.637204719706713,False
1466442332,19.4,16.414274914816076,16.414274914816076,True
1466442358,19.4,19.4,14.128803217178255,False
1466442362,19.4,17.213805079183807,17.213805079183807,True
1466442439,19.5,19.5,13.38672895001168,False
1466442490,19.4,16.830573474899875,16.830573474899875,True
1466442498,19.1,19.1,14.375240261135085,False
1466442508,19.1,15.200280540757587,15.200280540757587,True
1466442518,18.6,18.6,17.23443173601575,False
1466442556,18.0,12.433970300973382,12.433970300973382,True
1466442656,17.7,17.7,17.818633846277116,False
1466442662,17.7,15.132092306384134,15.132092306384134,True
1466442703,17.7,15.652850221180607,15.652850221180607,True
1466442768,17.4,17.4,17.790701473729083,False
1466442788,17.4,17.4,13.040265893925092,False
1466442886,17.4,19.54171138192278,19.54171138192278,True
1466442980,17.7,17.7,12.525843475331573,False
1466443000,17.1,14.038959404602945,14.038959404602945,True
1466443029,16.7,13.359847625927177,13.359847625927177,True
1466443038,16.7,18.585795376946553,18.585795376946553,True
1466443089,16.5,13.613160413159907,13.613160413159907,True
1466443162,16.1,15.856083770779062,15.856083770779062,True
1466443201,16.1,16.1,19.13106545365519,False
1466443219,16.4,12.447813568352815,12.447813568352815,True
1466443263,16.4,12.598332418142896,12.598332418142896,True
1466443350,16.4,16.4,18.621573215582586,False
1466443373,16.4,19.088833834434528,19.088833834434528,True
1466443392,16.7,16.7,19.602222725295945,False
1466443402,16.7,19.975773762524145,19.975773762524145,True
1466443486,16.7,16.7,19.535644953556957,False
1466443511,16.7,16.7,18.245026567096332,False
1466443584,16.7,16.7,12.104263963924417,False
1466443677,16.7,17.388677848093394,17.388677848093394,True
1466443725,16.7,16.7,17.373984052740607,False
1466443727,16.7,16.7,14.254928239166361,False
1466443750,16.7,16.7,18.180075583822678,False
1466443761,17.3,17.3,18.4345730417539,False
1466443808,17.3,19.67023710543147,19.67023710543147,True
1466443861,17.3,19.07949158186066,19.07949158186066,True
1466443929,17.2,17.2,19.947892218374854,False
1466443986,17.0,17.0,14.29666217823398,False
1466444043,16.4,12.48350638140304,12.48350638140304,True
1466444110,16.5,16.5,14.191525400527972,False
1466444192,16.5,14.664077890975447,14.664077890975447,True
1466444287,16.5,14.321173765208457,14.321173765208457,True
1466444294,16.5,16.5,15.135357986593355,False
1466444366,16.7,16.7,14.558374375523327,False
1466444466,16.7,16.129418311799043,16.129418311799043,True
1466444505,16.7,16.70042796993685,16.70042796993685,True
1466444556,16.7,16.7,12.786921958530925,False
1466444624,16.7,16.7,18.715544981405102,False
1466444663,16.7,14.453348265954403,14.453348265954403,True
1466444685,17.2,17.2,13.538459018359607,False
1466444756,17.2,17.2,17.64423244347327,False
1466444781,16.9,16.9,19.218014170510425,False
1466444840,17.1,17.1,19.508471240540743,False
1466444854,17.1,17.1,16.391216817048264,False
1466444860,17.6,19.553761493388116,19.553761493388116,True
1466444959,17.6,16.30246179749409,16.30246179749409,True
1466445058,18.2,18.2,18.1966025216915,False
1466445107,18.2,15.245398679759386,15.245398679759386,True
1466445165,18.2,16.545572161921715,16.545572161921715,True
1466445170,18.1,19.472003393171512,19.472003393171512,True
1466445173,17.4,17.066844640838333,17.066844640838333,True
1466445247,17.4,19.222326302472176,19.222326302472176,True
1466445305,16.9,16.9,15.562719735791653,False
1466445333,17.3,14.145361529893837,14.145361529893837,True
1466445356,16.9,13.123212774311648,13.123212774311648,True
1466445430,16.2,19.014031216230826,19.014031216230826,True
1466445491,16.8,16.8,16.330600078022044,False
1466445497,17.4,17.4,13.188777372676217,False
1466445514,16.8,14.905578447991868,14.905578447991868,True
1466445549,16.8,16.8,15.400075086280154,False
1466445640,16.6,17.865268951025076,17.865268951025076,True
1466445648,16.3,16.3,15.976178005528752,False
1466445739,16.8,16.8,16.636134387078428,False
1466445814,17.3,15.44326179366134,15.44326179366134,True
1466445879,17.3,15.29654225935116,15.29654225935116,True
1466445909,17.6,13.055859885441897,13.055859885441897,True
1466445965,17.1,17.1,15.327827229643436,False
1466446021,17.0,17.0,15.13987402723853,False
1466446045,17.0,17.0,12.751914423204775,False
1466446071,16.8,18.29166860135591,18.29166860135591,True
1466446120,16.2,19.818328071873974,19.818328071873974,True
1466446168,16.2,16.2,19.0405819054168,False
1466446253,16.2,16.2,12.546905535812215,False
1466446302,16.2,14.736156329186688,14.736156329186688,True
1466446389,16.2,13.386903415786772,13.386903415786772,True
1466446404,16.8,13.30405889375822,13.30405889375822,True
1466446494,16.8,19.628336137819826,19.628336137819826,True
1466446594,16.3,13.644652738661362,13.644652738661362,True
1466446643,16.3,16.3,17.176825018741486,False
1466446669,16.3,13.191360298727892,13.191360298727892,True
1466446690,16.3,19.913692403868673,19.913692403868673,True
1466446735,16.3,19.928240168439924,19.928240168439924,True
1466446766,15.8,15.8,15.206371274892781,False
1466446852,15.5,15.5,19.200608428677846,False
1466446902,15.5,15.5,13.029874057908344,False
1466446945,16.2,17.481972703613923,17.481972703613923,True
1466446987,15.6,15.6,17.674532794228064,False
1466447036,15.6,19.891029259113164,19.891029259113164,True
1466447112,16.1,18.154732412247203,18.154732412247203,True
1466447129,16.5,13.369819500862338,13.369819500862338,True
1466447189,16.6,15.45593570935959,15.45593570935959,True
1466447224,16.6,16.6,15.07609739133892,False
1466447270,16.6,12.620789532844963,12.620789532844963,True
1466447272,16.9,15.759608276237834,15.759608276237834,True
1466447348,16.8,16.8,19.425029674121102,False
1466447359,16.8,16.8,18.056011711296147,False
1466447388,16.8,18.669091186383827,18.669091186383827,True
1466447390,16.8,16.8,18.11350213745348,False
1466447425,16.8,16.867060334042755,16.867060334042755,True
1466447463,16.8,12.422269701012063,12.422269701012063,True
1466447485,16.8,16.8,18.76400792688442,False
1466447545,16.8,16.8,13.324392234677605,False
1466447553,16.8,16.8,12.935620683643123,False
1466447554,16.7,16.7,17.64071275129943,False
1466447573,16.7,19.883178098428015,19.883178098428015,True
1466447634,16.7,16.7,16.62055676997131,False
1466447695,16.7,14.84515576983533,14.84515576983533,True
1466447762,16.7,16.7,17.868511032724914,False
1466447844,16.4,16.4,13.50436688419758,False
1466447885,16.4,16.4,13.253435283034548,False
1466447943,16.4,16.4,12.904555346735627,False
1466447956,16.7,16.7,18.976904094559373,False
1466448041,16.5,14.532055125790661,14.532055125790661,True
1466448140,16.5,16.5,17.97361467977648,False
1466448215,16.5,17.53800132235683,17.53800132235683,True
1466448270,16.5,17.154756753720974,17.154756753720974,True
1466448302,16.5,19.946834402416798,19.946834402416798,True
1466448368,16.5,16.5,19.93369325325804,False
1466448422,16.5,19.54168800590328,19.54168800590328,True
1466448517,16.5,12.969974604332696,12.969974604332696,True
1466448614,16.5,16.5,18.27545412309915,False
1466448701,16.5,16.5,14.642964353187459,False
1466448743,16.5,16.5,18.039398830652416,False
1466448805,16.5,13.10292678151885,13.10292678151885,True
1466448844,16.9,15.912514333338997,15.912514333338997,True
1466448896,16.9,16.9,13.904585465914865,False
1466448984,17.2,14.996572066867813,14.996572066867813,True
1466449031,16.9,15.683963412842061,15.683963412842061,True
1466449045,16.9,15.766173714695483,15.766173714695483,True
1466449099,16.6,16.6,13.44541288440083,False
1466449171,16.6,16.6,19.2507405766426,False
1466449261,16.6,14.060164640309946,14.060164640309946,True
1466449280,16.6,16.6,19.252323960308196,False
1466449359,16.6,16.6,15.497629096573009,False
1466449442,16.6,16.6,15.426047320274172,False
1466449496,16.6,16.6,18.956353959589322,False
1466449537,16.6,19.709971169399623,19.709971169399623,True
1466449555,16.6,16.6,16.678207947428504,False
1466449629,16.6,16.823995782168357,16.823995782168357,True
1466449635,16.5,14.659788903739571,14.659788903739571,True
1466449721,16.5,16.5,19.680764432689347,False
1466449772,15.9,16.781508407986408,16.781508407986408,True
1466449872,15.9,17.03312221152409,17.03312221152409,True
1466449873,15.7,15.7,19.415096230097742,False
1466449884,15.7,17.049424209056127,17.049424209056127,True
1466449937,15.7,13.979761043986377,13.979761043986377,True
1466449953,16.2,16.2,12.551039512641657,False
1466449959,16.2,19.379541831727863,19.379541831727863,True
1466449961,16.3,16.3,19.820863492697548,False
1466450018,16.5,16.5,15.223864463989607,False
1466450075,16.5,16.5,16.219555148513624,False
1466450150,16.5,17.089723769623383,17.089723769623383,True
1466450177,16.5,16.5,15.103219362540333,False
1466450255,16.5,15.202157588300647,15.202157588300647,True
1466450343,16.5,12.36861392695167,12.36861392695167,True
1466450348,16.5,14.137933298930756,14.137933298930756,True
1466450401,16.5,18.358658313240316,18.358658313240316,True
1466450433,16.0,13.089979373601693,13.089979373601693,True
1466450507,16.0,12.651849153497695,12.651849153497695,True
1466450536,16.6,16.6,14.898803941596498,False
1466450627,16.1,19.505128824938602,19.505128824938602,True
1466450723,16.3,18.98857236993445,18.98857236993445,True
1466450817,16.1,19.685986411675582,19.685986411675582,True
1466450900,16.6,12.733581270535385,12.733581270535385,True
1466450902,16.1,14.491404339452028,14.491404339452028,True
1466450971,15.6,12.240462708950961,12.240462708950961,True
1466451016,15.6,15.6,13.14200858516137,False
1466451023,15.6,17.784014519655607,17.784014519655607,True
1466451073,15.6,14.4649305321194,14.4649305321194,True
1466451166,15.6,15.6,19.997352029934724,False
1466451231,15.6,16.047649996792043,16.047649996792043,True
1466451245,15.6,15.6,17.433790972950728,False
1466451293,15.5,19.406076852085747,19.406076852085747,True
1466451295,15.5,15.5,14.460476526270359,False
1466451378,15.5,19.061542774062058,19.061542774062058,True
1466451445,15.5,15.5,14.385812772157236,False
1466451508,15.2,16.74310184208208,16.74310184208208,True
1466451599,15.2,15.50266645730963,15.50266645730963,True
1466451686,14.8,19.94191894728813,19.94191894728813,True
1466451761,14.8,14.8,12.012582002244415,False
1466451857,14.8,14.8,19.93319395921217,False
1466451909,14.5,17.248148856898254,17.248148856898254,True
1466451919,15.0,15.0,13.93324670476628,False
1466452006,14.7,14.7,12.542232566578257,False
1466452035,14.7,15.942133467669706,15.942133467669706,True
1466452039,14.7,19.254702552996267,19.254702552996267,True
1466452104,14.7,14.7,16.261010197744714,False
1466452167,14.6,14.6,19.25456623074644,False
1466452238,14.6,14.6,17.529380131335788,False
1466452313,14.6,14.6,17.397045330094578,False
1466452339,14.6,14.6,13.399406387019672,False
1466452419,14.6,14.6,14.953823404856973,False
1466452424,14.6,16.687415975534435,16.687415975534435,True
1466452435,14.6,17.313878819337475,17.313878819337475,True
1466452531,14.0,14.0,12.05193917461866,False
1466452584,14.6,14.6,16.392813488638037,False
1466452625,14.4,14.712590165108352,14.712590165108352,True
1466452676,14.4,14.788239244538284,14.788239244538284,True
1466452752,14.0,14.0,15.088871427313352,False
1466452796,14.4,15.520545698066542,15.520545698066542,True
1466452825,14.0,15.984349988980679,15.984349988980679,True
1466452860,13.7,13.649094704713947,13.649094704713947,True
1466452960,14.4,14.4,18.81777271392191,False
1466452979,14.2,12.777590001105654,12.777590001105654,True
1466453002,14.4,13.979280324413722,13.979280324413722,True
1466453016,14.4,14.4,13.205028948930622,False
1466453025,14.8,17.99718734848536,17.99718734848536,True
1466453089,14.8,14.8,14.193142460982687,False
1466453141,15.1,15.1,17.954882361460545,False
1466453154,14.9,14.9,16.191896761230705,False
1466453184,14.9,14.9,12.836158965205216,False
1466453202,14.5,16.34343598247552,16.34343598247552,True
1466453203,14.8,14.8,12.816200209465388,False
1466453222,14.8,15.376730911708464,15.376730911708464,True
1466453321,14.8,17.591457604937446,17.591457604937446,True
1466453379,14.8,19.74503151182776,19.74503151182776,True
1466453392,14.8,14.200328878742733,14.200328878742733,True
1466453422,14.1,14.1,15.027504587398255,False
1466453502,14.1,14.1,15.85946876582244,False
1466453518,14.2,14.2,19.903516572470306,False
1466453563,14.2,13.460420462066406,13.460420462066406,True
1466453604,14.2,14.2,18.588780131900833,False
1466453639,14.2,17.33964243102364,17.33964243102364,True
1466453705,14.2,14.2,17.92605404414734,False
1466453795,13.6,13.6,14.74316758705379,False
1466453816,13.6,17.28248746901079,17.28248746901079,True
1466453870,13.6,13.966566482952427,13.966566482952427,True
1466453910,13.5,19.415919393743163,19.415919393743163,True
1466454002,14.2,12.18713406197216,12.18713406197216,True
1466454051,14.2,16.657208937599734,16.657208937599734,True
1466454087,14.2,16.774899963751118,16.774899963751118,True
1466454129,14.6,14.6,16.204176550914795,False
1466454227,14.6,14.6,13.93095128134764,False
1466454259,14.8,18.44958522120573,18.44958522120573,True
1466454262,14.8,13.891926883254193,13.891926883254193,True
1466454298,14.8,14.8,17.524505934001034,False
1466454388,14.8,14.8,16.258462916991252,False
1466454399,14.8,14.8,17.392598610629488,False
1466454473,15.2,15.2,14.367613355276365,False
1466454529,15.2,12.476524160634604,12.476524160634604,True
1466454559,15.2,18.47988771351812,18.47988771351812,True
1466454648,15.2,18.647424306338557,18.647424306338557,True
1466454745,15.8,16.949677039553443,16.949677039553443,True
1466454763,15.9,15.9,14.432194907226554,False
1466454851,16.2,17.523897703738257,17.523897703738257,True
1466454936,16.2,16.2,17.719330497085082,False
1466454949,16.2,16.2,17.290770595920012,False
1466455032,15.9,15.9,18.523157636797606,False
1466455065,15.9,12.691958349157163,12.691958349157163,True
1466455119,15.8,13.512286087839584,13.512286087839584,True
1466455172,15.8,15.8,17.96496667008965,False
1466455196,15.1,15.1,19.330881127396417,False
1466455271,15.1,16.75206059668519,16.75206059668519,True
1466455357,15.7,19.135047054935075,19.135047054935075,True
1466455361,16.1,16.1,19.498165652930453,False
1466455394,16.1,13.6782173994297,13.6782173994297,True
1466455475,16.0,16.0,14.03676755127692,False
1466455497,16.4,19.055239521748586,19.055239521748586,True
1466455561,16.7,16.7,15.614301755220783,False
1466455575,16.7,18.466353034047966,18.466353034047966,True
1466455587,17.1,17.1,18.676479681607,False
1466455651,17.1,16.208404190668084,16.208404190668084,True
1466455658,17.1,12.65288282029384,12.65288282029384,True
1466455732,17.1,16.258203339684904,16.258203339684904,True
1466455812,17.7,18.944383947527637,18.944383947527637,True
1466455910,17.7,15.602808423120507,15.602808423120507,True
1466455951,17.7,19.493112925023915,19.493112925023915,True
1466455999,17.7,17.7,17.85061592676917,False
1466456054,18.2,18.2,12.12317136765893,False
1466456058,18.2,12.884688723839576,12.884688723839576,True
1466456074,18.4,14.236732338859882,14.236732338859882,True
1466456088,18.4,17.233951612635767,17.233951612635767,True
1466456118,18.4,15.820373734652897,15.820373734652897,True
1466456218,18.4,14.598053688200984,14.598053688200984,True
1466456265,18.4,14.268080353355586,14.268080353355586,True
1466456270,18.4,17.359894710331933,17.359894710331933,True
1466456312,18.4,17.57039451661236,17.57039451661236,True
1466456346,18.4,18.4,16.561663540079444,False
1466456374,18.4,18.4,16.55006801227782,False
1466456406,18.5,12.210309155146037,12.210309155146037,True
1466456482,18.5,15.412439570343937,15.412439570343937,True
1466456512,18.5,19.78501588966226,19.78501588966226,True
1466456610,18.5,18.5,18.938311828190507,False
1466456683,18.5,15.702283178096724,15.702283178096724,True
1466456768,18.5,15.581954482108362,15.581954482108362,True
1466456856,18.9,18.9,15.233779683448503,False
1466456927,18.9,16.920047059330756,16.920047059330756,True
1466457014,18.9,18.9,17.50458776937635,False
1466457032,18.9,18.9,19.365347865968133,False
1466457067,18.8,15.037289400908934,15.037289400908934,True
1466457157,18.8,15.891595309407176,15.891595309407176,True
1466457215,18.3,18.12460105188455,18.12460105188455,True
1466457267,18.1,19.71144685481626,19.71144685481626,True
1466457357,18.5,16.504825080877193,16.504825080877193,True
1466457434,18.5,15.658578338210134,15.658578338210134,True
1466457487,18.5,19.777714152635276,19.777714152635276,True
1466457559,18.8,19.565437151777154,19.565437151777154,True
1466457603,18.8,18.280883994371468,18.280883994371468,True
1466457671,18.9,13.099611956341484,13.099611956341484,True
1466457713,18.9,18.9,14.278183577140393,False
1466457745,19.1,19.1,19.056249125831194,False
1466457782,19.1,19.1,18.62111427159044,False
1466457802,19.1,19.1,16.45044390883948,False
1466457817,19.1,19.1,18.649849938412594,False
1466457865,19.1,15.86116169308529,15.86116169308529,True
1466457884,19.1,18.105384891572573,18.105384891572573,True
1466457885,18.5,19.59858351793033,19.59858351793033,True
1466457917,18.5,18.5,15.063267887618277,False
1466457973,18.5,14.874850201550183,14.874850201550183,True
1466458045,18.5,18.930344852007423,18.930344852007423,True
1466458135,18.5,14.29654889155622,14.29654889155622,True
1466458151,18.5,18.037660450923546,18.037660450923546,True
1466458230,18.5,18.5,16.15204189506844,False
1466458324,18.9,16.059863420299074,16.059863420299074,True
1466458362,18.9,18.9,13.456064218018344,False
1466458438,18.3,18.3,13.433073742744513,False
1466458454,18.3,18.3,12.496831111820164,False
1466458496,18.7,12.77161888170798,12.77161888170798,True
1466458509,18.3,17.644790239394066,17.644790239394066,True
1466458580,18.3,18.3,16.663164053824005,False
1466458590,18.0,18.0,17.79236051365135,False
1466458626,17.8,17.8,18.6998353434085,False
1466458642,18.4,18.4,17.243027820553856,False
1466458665,18.4,18.4,17.508718458610527,False
1466458694,18.4,18.4,17.85847044660964,False
1466458762,18.3,18.3,18.18533237571125,False
1466458793,18.3,17.677366168606166,17.677366168606166,True
1466458824,17.7,12.787630043253412,12.787630043253412,True
1466458906,17.7,13.544855159813256,13.544855159813256,True
1466458982,18.2,17.532637220082133,17.532637220082133,True
1466459068,18.2,18.2,16.254085307837162,False
1466459159,18.2,16.62394395629258,16.62394395629258,True
1466459184,18.2,18.2,12.599380705498017,False
1466459273,18.2,18.2,19.69110299843494,False
1466459372,18.2,14.751841604673823,14.751841604673823,True
1466459415,18.4,18.4,18.51701642911963,False
1466459483,18.4,18.4,13.505719909676664,False
1466459504,18.4,15.315591107851526,15.315591107851526,True
1466459588,18.6,18.6,18.940607403138216,False
1466459595,19.2,19.2,13.069621870840649,False
1466459673,19.2,12.540567604996987,12.540567604996987,True
1466459726,19.2,14.230210600089176,14.230210600089176,True
1466459800,19.2,15.185927062384408,15.185927062384408,True
1466459857,19.1,19.1,18.251036366743428,False
1466459887,19.1,13.916721061584042,13.916721061584042,True
1466459913,19.1,19.09338437988952,19.09338437988952,True
1466459974,19.5,12.333160769399424,12.333160769399424,True
1466459995,19.6,17.169579426686393,17.169579426686393,True
1466460001,19.6,19.6,15.229907127965829,False
1466460054,19.5,19.5,14.692562023526378,False
1466460130,19.5,19.5,18.792871420040655,False
1466460215,19.5,15.876239025414261,15.876239025414261,True
1466460252,19.4,18.79009550850832,18.79009550850832,True
1466460272,19.4,19.4,16.51495440274148,False
1466460346,19.4,19.4,16.08784220054956,False
1466460440,19.4,19.4,16.58955319539173,False
1466460461,19.4,18.07233847448198,18.07233847448198,True
1466460528,19.4,19.4,12.130652309096298,False
1466460610,18.9,18.9,14.770215501128575,False
1466460630,18.9,13.883256393611827,13.883256393611827,True
1466460691,18.5,17.734490292165347,17.734490292165347,True
1466460706,17.8,17.8,19.718199161767707,False
1466460739,17.8,17.8,13.24175667310155,False
1466460765,17.8,17.8,18.63696822401696,False
1466460795,17.9,19.349774280102217,19.349774280102217,True
1466460877,17.3,12.519382974764145,12.519382974764145,True
1466460973,17.3,17.3,13.32290986544428,False
1466461009,18.0,14.88606266275685,14.88606266275685,True
1466461027,17.6,12.229783595358223,12.229783595358223,True
1466461032,17.0,18.717511813857563,18.717511813857563,True
1466461096,16.6,16.6,12.28609982407716,False
1466461169,16.6,16.6,15.679785557391668,False
1466461256,16.7,16.7,15.166392213326569,False
1466461351,16.7,16.7,17.572371293872802,False
1466461451,16.8,16.8,18.823336690255505,False
1466461531,16.9,14.016365627071373,14.016365627071373,True
1466461568,17.2,14.563796197460007,14.563796197460007,True
1466461583,17.2,17.2,19.443524536392438,False
1466461647,17.2,12.017529019640776,12.017529019640776,True
1466461703,17.2,13.831593837836788,13.831593837836788,True
1466461794,17.1,15.124268096358936,15.124268096358936,True
1466461813,17.1,14.223785864034097,14.223785864034097,True
1466461910,17.1,17.1,12.29068321487564,False
1466461988,16.7,17.749382690935036,17.749382690935036,True
1466462056,16.7,16.7,13.694690769638068,False
1466462101,16.4,16.4,15.079969669926289,False
1466462155,16.4,16.4,17.53169680924971,False
1466462215,15.9,12.390005373312967,12.390005373312967,True
1466462278,16.5,16.5,15.282622616077226,False
1466462368,16.5,17.76743408856911,17.76743408856911,True
1466462412,16.9,12.682439167317856,12.682439167317856,True
1466462512,16.9,14.551233620647272,14.551233620647272,True
1466462594,16.9,15.632070473843893,15.632070473843893,True
1466462671,16.9,13.42371429900464,13.42371429900464,True
1466462716,16.7,18.820572654554915,18.820572654554915,True
1466462746,16.7,16.7,17.32457354994176,False
1466462782,16.9,16.9,17.19387006663405,False
1466462820,16.9,13.106705608445294,13.106705608445294,True
1466462833,16.5,12.919942027232226,12.919942027232226,True
1466462842,16.7,16.7,13.209227149380105,False
1466462850,16.7,14.770701949228096,14.770701949228096,True
1466462941,16.7,14.48437322879024,14.48437322879024,True
1466463026,16.7,13.028821166212147,13.028821166212147,True
1466463117,16.1,14.6430989870064,14.6430989870064,True
1466463139,16.6,19.715038244860136,19.715038244860136,True
