1466410104,95.5,97.9221552878734,97.9221552878734,True
1466410114,95.5,94.65364649904016,94.65364649904016,True
1466410130,97.0,97.0,95.44201207837061,False
1466410181,95.3,96.87504364174201,96.87504364174201,True
1466410203,96.2,97.05283688913029,97.05283688913029,True
1466410250,96.2,96.2,97.10791131907172,False
1466410309,98.1,98.1,98.74110663057616,False
1466410397,96.6,96.6,94.01916717119234,False
1466410430,94.9,95.87770996398574,95.87770996398574,True
1466410469,94.9,94.9,95.32468924740938,False
1466410483,98.3,98.52003367248943,98.52003367248943,True
1466410498,99.3,96.24286883173124,96.24286883173124,True
1466410502,99.3,99.3,96.85092400339319,False
1466410532,99.3,99.17749192285173,99.17749192285173,True
1466410541,99.3,99.73370009213832,99.73370009213832,True
1466410573,99.0,99.06950314563676,99.06950314563676,True
1466410630,96.8,96.8,96.5871162954824,False
1466410653,96.2,96.44197095335808,96.44197095335808,True
1466410746,96.5,96.5,95.81605669430884,False
1466410814,96.5,97.54303786682159,97.54303786682159,True
1466410890,96.5,99.78659652929665,99.78659652929665,True
1466410902,96.5,96.5,98.99879728354247,False
1466410978,99.8,94.87691290348045,94.87691290348045,True
1466411008,99.8,95.07883827935429,95.07883827935429,True
1466411066,98.6,98.6,94.94405434823005,False
1466411094,98.6,98.6,97.76496951118806,False
1466411157,96.3,94.49710402956744,94.49710402956744,True
1466411223,97.6,97.6,97.27994143106294,False
1466411226,94.1,94.4262079284448,94.4262079284448,True
1466411272,94.1,99.69619231904144,99.69619231904144,True
1466411303,94.1,94.1,94.96081565017116,False
1466411318,94.1,99.77258437950253,99.77258437950253,True
1466411396,94.1,97.93556071494582,97.93556071494582,True
1466411493,95.1,95.1,96.0145337663127,False
1466411549,95.1,95.1,96.98918175716335,False
1466411560,95.1,95.1,95.51346001000044,False
1466411626,95.1,94.06936080702877,94.06936080702877,True
1466411723,97.4,97.4,95.67222865893396,False
1466411763,97.1,95.88536960964322,95.88536960964322,True
1466411785,99.1,99.1,97.38822411818963,False
1466411854,98.2,99.49475638621499,99.49475638621499,True
1466411889,98.7,94.76745937377594,94.76745937377594,True
1466411988,95.9,98.3865363640922,98.3865363640922,True
1466412022,97.5,97.5,98.23700336969185,False
1466412046,95.9,96.3250795539732,96.3250795539732,True
1466412076,98.9,96.82920501124278,96.82920501124278,True
1466412152,98.9,97.73132506566044,97.73132506566044,True
1466412181,98.9,98.9,98.46458651790584,False
1466412201,98.9,98.9,97.8577404173588,False
1466412260,97.0,96.75106688244955,96.75106688244955,True
1466412347,98.0,95.92721593644596,95.92721593644596,True
1466412360,97.5,97.5,98.25164972056297,False
1466412438,95.0,98.27536515582682,98.27536515582682,True
1466412521,94.7,94.7,98.29666748492353,False
1466412599,96.3,94.91616367813106,94.91616367813106,True
1466412639,96.3,96.3,97.37576452463315,False
1466412691,96.3,94.94515986855275,94.94515986855275,True
1466412747,96.3,99.98009652789452,99.98009652789452,True
1466412794,95.0,98.70508153635438,98.70508153635438,True
1466412819,97.7,98.67230180653729,98.67230180653729,True
1466412832,97.7,97.7,97.1090828666807,False
1466412874,97.7,97.7,95.37964675161302,False
1466412943,97.7,97.7,97.97719371378074,False
1466412971,99.0,99.0,99.02656566362134,False
1466412990,99.0,99.0,97.21527794004994,False
1466413028,99.0,99.0,98.75027438257843,False
1466413053,99.0,99.0,95.1425220752645,False
1466413125,99.4,99.4,95.31764501820795,False
1466413200,98.3,98.3,95.74079165774998,False
1466413264,98.3,98.3,97.6484041389691,False
1466413311,98.3,94.95685770860152,94.95685770860152,True
1466413342,96.9,97.50719590476294,97.50719590476294,True
1466413440,96.9,98.63533389329884,98.63533389329884,True
1466413458,95.4,94.0272003677315,94.0272003677315,True
1466413529,97.6,97.6,94.1333893600062,False
1466413542,97.6,94.67160997454494,94.67160997454494,True
1466413638,94.2,98.09701148218467,98.09701148218467,True
1466413672,95.6,95.6,99.7888827432989,False
1466413733,95.6,95.6,98.66670913930925,False
1466413779,95.6,96.69257599496848,96.69257599496848,True
1466413780,98.4,98.4,99.1680857078866,False
1466413864,98.4,98.4,94.47779131466349,False
1466413885,98.7,95.99490727007611,95.99490727007611,True
1466413946,98.7,98.7,94.39754150382474,False
1466414033,95.8,97.15220517497454,97.15220517497454,True
1466414071,98.3,98.3,97.87343323074033,False
1466414164,98.3,99.60059871454027,99.60059871454027,True
1466414225,98.3,98.3,96.29632340959097,False
1466414312,98.1,97.6479732496434,97.6479732496434,True
1466414325,95.8,98.56650586450269,98.56650586450269,True
1466414328,96.4,96.4,99.90427687177326,False
1466414329,99.9,99.7727659012709,99.7727659012709,True
1466414402,99.9,97.12985737406385,97.12985737406385,True
1466414407,97.9,98.02497210680876,98.02497210680876,True
1466414413,97.9,94.48075391128205,94.48075391128205,True
1466414460,95.1,95.1,94.70397702399157,False
1466414552,95.1,96.36068483255046,96.36068483255046,True
1466414602,95.1,99.93145924271045,99.93145924271045,True
1466414662,96.5,98.53172492119161,98.53172492119161,True
1466414746,94.3,98.87627620908222,98.87627620908222,True
1466414844,94.5,94.5,97.95708191230896,False
1466414943,96.9,96.9,98.93418580958915,False
1466414946,96.9,96.9,97.62679326055712,False
1466414966,97.0,97.0,96.5889932823641,False
1466415038,99.9,99.9,96.87166364324571,False
1466415106,99.9,95.61574177971946,95.61574177971946,True
1466415130,99.4,99.4,94.87323661457783,False
1466415145,99.4,99.4,96.77617537305063,False
1466415202,99.4,99.4,98.42523107875797,False
1466415239,99.2,99.47227949387093,99.47227949387093,True
1466415249,99.1,99.1,99.44446658798714,False
1466415308,96.1,98.09490530965456,98.09490530965456,True
1466415357,98.5,94.04639974376133,94.04639974376133,True
1466415404,98.5,98.5,95.59994011540839,False
1466415469,98.5,96.11850815213998,96.11850815213998,True
1466415548,98.5,98.5,98.86145092540265,False
1466415588,97.4,97.4,96.48094427695719,False
1466415627,95.6,97.61948103540276,97.61948103540276,True
1466415719,95.6,97.76435252581861,97.76435252581861,True
1466415767,98.6,98.6,96.0111249241082,False
1466415860,97.2,94.70678407731567,94.70678407731567,True
1466415872,96.5,96.5,99.52243126426094,False
1466415914,98.0,95.56224582756323,95.56224582756323,True
1466415934,98.0,98.0,99.73577108755886,False
1466415988,94.9,94.9,97.74667743825061,False
1466416004,95.2,99.80385528098205,99.80385528098205,True
1466416050,94.2,94.2,97.82348507883043,False
1466416150,94.2,97.40269864907965,97.40269864907965,True
1466416161,96.8,96.8,99.65067655538252,False
1466416215,96.8,98.35703580442336,98.35703580442336,True
1466416315,96.8,96.8,96.81587843121244,False
1466416321,96.8,99.8019964426067,99.8019964426067,True
1466416393,99.7,94.6577561125849,94.6577561125849,True
1466416440,96.5,96.5,95.73606071785274,False
1466416510,96.5,98.07965415830058,98.07965415830058,True
1466416541,94.1,99.50936570665216,99.50936570665216,True
1466416631,95.9,95.9,99.68852408195654,False
1466416671,95.9,94.37537567007332,94.37537567007332,True
1466416725,95.7,95.7,94.02433885157582,False
1466416815,94.7,94.7,97.09631201913436,False
1466416867,95.7,95.7,94.73791433409247,False
1466416933,95.7,95.7,97.52766496179764,False
1466416963,98.8,94.28238662617794,94.28238662617794,True
1466417034,98.5,98.5,97.89019699892343,False
1466417069,95.0,97.84176608884374,97.84176608884374,True
1466417095,95.0,95.74293566262045,95.74293566262045,True
1466417123,95.0,94.86139580056174,94.86139580056174,True
1466417219,96.0,95.43288948723496,95.43288948723496,True
1466417228,94.9,94.9,95.79600709683218,False
1466417235,97.1,97.1,99.80813077309266,False
1466417266,98.7,98.93486006361836,98.93486006361836,True
1466417298,98.7,97.54018779632383,97.54018779632383,True
1466417382,99.9,97.16563328688935,97.16563328688935,True
1466417429,99.9,99.9,95.949189931254,False
1466417434,97.7,95.21541469152406,95.21541469152406,True
1466417513,94.2,97.47177344537062,97.47177344537062,True
1466417598,96.6,96.6,99.25280464591165,False
1466417615,98.1,95.0635972743902,95.0635972743902,True
1466417654,97.8,97.8,97.62197947426182,False
1466417749,95.5,95.5,97.96756296168337,False
1466417763,95.5,97.81484444510151,97.81484444510151,True
1466417822,95.5,95.5,95.65119253580653,False
1466417851,96.7,96.7,94.68930302757205,False
1466417855,96.7,96.7,94.1487369660072,False
1466417879,94.9,94.9,98.64893571497218,False
1466417895,94.9,94.9,99.20759384181316,False
1466417969,98.2,98.2,98.59380914439038,False
1466418049,98.2,94.8584890156591,94.8584890156591,True
1466418118,98.2,98.2,97.61132505632662,False
1466418129,97.7,97.7,97.47648339627166,False
1466418179,97.7,97.7,95.04130128565913,False
1466418254,98.4,94.86296089903666,94.86296089903666,True
1466418332,99.1,97.56460570783186,97.56460570783186,True
1466418428,99.1,99.1,96.53876007349098,False
1466418494,99.1,95.18052939549281,95.18052939549281,True
1466418554,97.0,94.64350479599346,94.64350479599346,True
1466418563,99.4,98.67866587253245,98.67866587253245,True
1466418564,99.4,99.4,99.8184116114214,False
1466418594,99.4,94.43560892160119,94.43560892160119,True
1466418674,99.4,99.4,99.49716879106809,False
1466418748,99.4,99.4,94.53649432239837,False
1466418847,99.7,99.7,96.44177967182429,False
1466418877,99.7,94.0542191836115,94.0542191836115,True
1466418917,99.1,99.1,97.61830404586422,False
1466418938,99.1,99.26706551634632,99.26706551634632,True
1466419031,97.4,96.10459563892927,96.10459563892927,True
1466419058,99.9,94.04239761427951,94.04239761427951,True
1466419104,99.9,97.08271456492103,97.08271456492103,True
1466419166,99.9,99.9,99.37830375723655,False
1466419261,99.9,99.9,98.80513873122044,False
1466419349,99.9,99.9,96.82294366823282,False
1466419442,98.6,98.6,96.07619729140791,False
1466419530,97.5,97.5,98.6069410053143,False
1466419595,98.5,97.31687112661591,97.31687112661591,True
1466419646,98.5,98.5,97.20959270589915,False
1466419737,99.0,99.0,94.77325521822031,False
1466419826,99.0,99.0,96.3797764848285,False
1466419880,96.3,96.3,95.24421608820184,False
1466419911,95.2,97.48198916060522,97.48198916060522,True
1466419938,98.2,98.53626163894728,98.53626163894728,True
1466420016,98.2,98.2,96.3375812019632,False
1466420019,98.2,94.8681619587064,94.8681619587064,True
1466420108,98.2,98.2,96.49814196875178,False
1466420205,98.2,96.04380481817113,96.04380481817113,True
1466420228,96.0,96.0,94.06668138874022,False
1466420257,96.0,98.87147579484713,98.87147579484713,True
1466420270,96.0,96.0,97.6590793975288,False
1466420296,96.0,94.86332880532547,94.86332880532547,True
1466420331,96.0,96.63100562415946,96.63100562415946,True
1466420407,96.0,96.0,99.6807864234638,False
1466420430,96.0,96.0,99.02182479327179,False
1466420453,96.0,96.0,97.04746210595306,False
1466420474,98.5,97.91798189981085,97.91798189981085,True
1466420566,98.9,98.9,99.08048440667712,False
1466420579,98.9,98.9,98.10149596898171,False
1466420618,96.2,95.92829382281224,95.92829382281224,True
1466420624,99.5,99.5,99.63185186859609,False
1466420643,98.4,98.4,95.19715486708819,False
1466420695,98.4,98.4,98.38954235109452,False
1466420788,98.4,98.4,99.9245052450012,False
1466420863,98.4,98.57120914686385,98.57120914686385,True
1466420947,97.2,95.65316206423412,95.65316206423412,True
1466421003,97.2,97.77424705025634,97.77424705025634,True
1466421032,95.8,97.77813029106794,97.77813029106794,True
1466421050,95.8,95.8,99.15117379201479,False
1466421116,95.8,95.8,96.88704180218717,False
1466421208,95.8,95.8,95.7570329267117,False
1466421234,99.1,98.87046381047195,98.87046381047195,True
1466421262,99.1,95.42187903943153,95.42187903943153,True
1466421353,98.5,98.5,97.42739407486891,False
1466421360,98.5,98.20532180975634,98.20532180975634,True
1466421392,98.5,94.08583775418793,94.08583775418793,True
1466421480,99.5,98.23425150144286,98.23425150144286,True
1466421530,98.5,95.42876683471295,95.42876683471295,True
1466421547,98.5,97.341471442467,97.341471442467,True
1466421591,98.5,98.5,99.98519497715213,False
1466421633,98.4,94.80700916216173,94.80700916216173,True
1466421636,98.4,97.63837508268426,97.63837508268426,True
1466421670,98.4,98.4,99.6022214033525,False
1466421695,98.4,96.37822561604052,96.37822561604052,True
1466421721,99.3,99.8952521193434,99.8952521193434,True
1466421804,96.6,94.68917072768208,94.68917072768208,True
1466421819,96.6,99.3502567243164,99.3502567243164,True
1466421862,96.6,96.6,97.6410856460968,False
1466421885,99.0,94.91083546280777,94.91083546280777,True
1466421936,98.9,98.9,96.17454080790581,False
1466422012,98.3,98.1587183488152,98.1587183488152,True
1466422044,98.3,98.3,96.29284494643105,False
1466422045,98.3,98.21532726992147,98.21532726992147,True
1466422137,97.7,97.7,98.48333936026349,False
1466422162,97.7,99.10223903662587,99.10223903662587,True
1466422189,97.7,97.7,94.0061102546153,False
1466422197,97.7,97.7,94.75296343399795,False
1466422264,96.0,95.86364201188032,95.86364201188032,True
1466422330,99.1,99.1,94.95298465966711,False
1466422378,99.7,97.12469963548767,97.12469963548767,True
1466422432,97.9,97.9,99.40096797790643,False
1466422488,97.9,97.9,97.2452807717412,False
1466422577,97.9,97.9,96.25408759056813,False
1466422628,97.9,95.38219398265883,95.38219398265883,True
1466422638,98.4,99.82593182197859,99.82593182197859,True
1466422666,96.5,96.5,94.59775185881172,False
1466422706,96.5,96.5,96.90173292053069,False
1466422731,96.5,96.5,99.75568425678873,False
1466422804,97.6,97.6,96.57690382076379,False
1466422866,97.6,97.6,98.13792107416516,False
1466422873,97.9,96.77821572840683,96.77821572840683,True
1466422895,96.7,95.59258797940824,95.59258797940824,True
1466422953,99.8,99.8,98.51700478656973,False
1466422973,99.8,99.28606854100272,99.28606854100272,True
1466423017,97.6,97.6,94.10212819497036,False
1466423051,94.6,94.6,98.01762900837355,False
1466423099,94.6,94.6,98.30784458447768,False
1466423150,97.1,97.1,96.97973027482284,False
1466423155,94.0,94.75585302861839,94.75585302861839,True
1466423168,95.7,96.54773924411433,96.54773924411433,True
1466423205,96.0,99.03939899939115,99.03939899939115,True
1466423275,94.3,94.25177566429109,94.25177566429109,True
1466423287,94.3,94.3,94.89697069508338,False
1466423336,94.3,95.32499328614428,95.32499328614428,True
1466423340,94.3,94.3,95.49503645977151,False
1466423355,94.8,94.8,96.52176806795838,False
1466423443,96.2,96.2,98.38017399259084,False
1466423499,99.8,99.8,95.1696176255946,False
1466423585,97.3,94.4025891566239,94.4025891566239,True
1466423612,97.3,97.3,96.75835919622862,False
1466423669,99.8,97.29250037645843,97.29250037645843,True
1466423705,99.8,99.8,94.01347903568963,False
1466423770,97.8,96.94940393125277,96.94940393125277,True
1466423844,96.2,94.37174719763165,94.37174719763165,True
1466423902,96.2,96.2,94.05880693313341,False
1466423913,94.5,99.81405315851156,99.81405315851156,True
1466423972,96.4,96.4,99.27486339141682,False
1466424014,95.7,99.70715965059938,99.70715965059938,True
1466424069,96.9,94.97226766289057,94.97226766289057,True
1466424154,96.9,97.92216797264749,97.92216797264749,True
1466424155,96.9,97.70299438996614,97.70299438996614,True
1466424169,97.3,97.3,99.6701491708203,False
1466424262,97.3,97.3,99.55009296198855,False
1466424339,97.2,97.2,95.09706631259952,False
1466424398,97.2,97.06225480059265,97.06225480059265,True
1466424497,99.5,99.5,97.7127517608609,False
1466424558,99.5,99.5,98.39499620092472,False
1466424613,98.8,95.98635053473642,95.98635053473642,True
1466424713,98.8,98.8,95.03851415110569,False
1466424804,97.7,98.93725274615996,98.93725274615996,True
1466424878,98.9,98.9,94.51493867845275,False
1466424924,98.9,97.66498107976737,97.66498107976737,True
1466425009,97.8,95.73780074099514,95.73780074099514,True
1466425106,97.8,98.08019507917184,98.08019507917184,True
1466425129,97.8,94.68480905752676,94.68480905752676,True
1466425179,97.8,99.15457903754152,99.15457903754152,True
1466425257,96.3,97.53027847049624,97.53027847049624,True
1466425262,96.3,94.9641773565325,94.9641773565325,True
1466425305,96.3,96.3,98.09211221162172,False
1466425331,96.3,98.93774348927073,98.93774348927073,True
1466425338,96.3,96.3,98.84431301098654,False
1466425377,97.2,99.64645327580351,99.64645327580351,True
1466425380,97.2,99.10455968502542,99.10455968502542,True
1466425417,97.2,97.85918114796362,97.85918114796362,True
1466425484,99.8,99.8,97.12644695896458,False
1466425517,98.9,98.9,97.3551542372745,False
1466425553,95.7,95.7,94.19759850169429,False
1466425640,95.7,95.7,98.79344973273744,False
1466425687,96.1,96.1,97.71323227599973,False
1466425711,96.1,96.1,95.11474476566706,False
1466425768,98.6,98.6,95.47681778441616,False
1466425811,98.6,99.34478185487254,99.34478185487254,True
1466425856,97.8,99.41503792604045,99.41503792604045,True
1466425869,97.4,99.76373337152963,99.76373337152963,True
1466425884,97.4,97.4,94.70445122657941,False
1466425962,97.4,97.92118667970892,97.92118667970892,True
1466425974,96.7,96.7,96.83085799198574,False
1466426016,96.8,96.8,99.19836766038688,False
1466426024,97.0,99.21876310097572,99.21876310097572,True
1466426034,98.1,98.1,94.36299551752826,False
1466426130,98.1,98.1,94.42251903064724,False
1466426189,98.1,98.1,97.3676866161099,False
1466426198,98.1,96.74873742256874,96.74873742256874,True
1466426280,98.1,98.1,98.25423285374657,False
1466426298,98.1,94.88251401253297,94.88251401253297,True
1466426380,94.8,98.95526097386407,98.95526097386407,True
1466426420,94.8,94.8,94.3619750009564,False
1466426509,94.8,94.8,98.4796979608808,False
1466426521,94.8,94.8,97.10913431578723,False
1466426535,94.8,96.64821970341879,96.64821970341879,True
1466426563,95.1,97.1503498892071,97.1503498892071,True
1466426620,97.5,97.5,99.23841434077035,False
1466426694,95.2,96.90560486506774,96.90560486506774,True
1466426764,95.2,95.2,96.87765571359948,False
1466426778,95.2,97.9995294367419,97.9995294367419,True
1466426866,95.2,95.2,94.65732214203177,False
1466426938,97.4,97.48830218229864,97.48830218229864,True
1466427022,97.4,97.26895805377787,97.26895805377787,True
1466427059,98.4,98.4,95.93151951647373,False
1466427125,98.4,98.4,98.52213458971127,False
1466427204,98.4,98.4,97.46778175053278,False
1466427240,98.4,98.4,96.76388774754378,False
1466427317,98.4,98.14434467415856,98.14434467415856,True
1466427319,96.7,94.29084104877252,94.29084104877252,True
1466427331,96.1,94.55094906852447,94.55094906852447,True
1466427425,96.1,95.44735472123921,95.44735472123921,True
1466427458,94.3,95.52694650891966,95.52694650891966,True
1466427495,97.0,97.0,95.42383894674971,False
1466427543,97.0,97.29880718970804,97.29880718970804,True
1466427625,96.3,96.3,94.30480917995735,False
1466427663,96.3,97.5127015989151,97.5127015989151,True
1466427672,96.3,94.43668835236032,94.43668835236032,True
1466427684,96.4,99.0321148971935,99.0321148971935,True
1466427739,96.4,96.4,94.73770688843373,False
1466427769,94.1,97.53110464972364,97.53110464972364,True
1466427775,94.1,99.80281421766938,99.80281421766938,True
1466427820,97.5,98.53005803908133,98.53005803908133,True
1466427837,97.1,95.21872998483332,95.21872998483332,True
1466427846,97.1,97.1,95.98848638068827,False
1466427904,97.1,94.6639172478175,94.6639172478175,True
1466427997,99.0,99.0,99.64114239133544,False
1466428027,97.7,97.34307920565911,97.34307920565911,True
1466428114,99.9,94.49273490504505,94.49273490504505,True
1466428212,99.9,99.9,99.37956266875142,False
1466428294,98.6,99.11265175913509,99.11265175913509,True
1466428321,95.3,95.7954973954055,95.7954973954055,True
1466428340,97.5,97.58802232729839,97.58802232729839,True
1466428378,96.0,96.0,96.04882090823475,False
1466428463,98.0,98.0,97.26221982551938,False
1466428551,96.7,96.7,95.66396976381277,False
1466428575,99.0,97.30386199610001,97.30386199610001,True
1466428593,97.1,97.1,97.61955949155796,False
1466428682,97.1,94.97772869644938,94.97772869644938,True
1466428699,97.1,98.03421107387112,98.03421107387112,True
1466428719,97.1,97.1,98.65641165024687,False
1466428819,98.9,98.9,96.36687137750353,False
1466428850,98.6,99.76377747522147,99.76377747522147,True
1466428884,98.6,98.6,94.1268198523376,False
1466428973,98.6,98.6,96.2109386942803,False
1466429006,98.6,98.6,94.80205204714528,False
1466429026,97.3,95.72555137581621,95.72555137581621,True
1466429066,99.7,99.7,95.70853484809362,False
1466429072,99.0,99.0,99.52644705304976,False
1466429103,99.0,98.80056844756857,98.80056844756857,True
1466429110,99.5,99.5,95.9467566428603,False
1466429123,96.4,96.4,95.71494113706798,False
1466429168,96.4,96.4,96.3820942585506,False
1466429182,97.2,97.2,96.67910837714224,False
1466429184,97.2,95.5138326338382,95.5138326338382,True
1466429197,98.9,98.9,96.66251117223912,False
1466429280,98.9,98.9,99.17434400441927,False
1466429378,96.5,96.5,98.57868284655164,False
1466429450,97.5,94.8663154565212,94.8663154565212,True
1466429455,97.5,97.5,98.31540494885226,False
1466429510,96.5,96.5,94.69796287580678,False
1466429565,99.9,97.32661379647021,97.32661379647021,True
1466429566,99.9,99.9,94.83805147233439,False
1466429592,96.5,96.5,94.54086990825961,False
1466429623,96.7,96.7,95.80352206311709,False
1466429691,99.5,99.5,98.41212752274308,False
1466429733,96.7,96.7,99.96206991207934,False
1466429803,99.5,99.04018005052936,99.04018005052936,True
1466429832,98.2,95.64907827020842,95.64907827020842,True
1466429905,96.2,96.2,98.97951193552119,False
1466429997,99.1,97.98694490402276,97.98694490402276,True
1466430050,99.1,99.1,99.69971039280925,False
1466430088,98.4,98.4,98.08691599217539,False
1466430174,96.0,97.0116141952477,97.0116141952477,True
1466430247,96.0,96.0,96.85963219820275,False
1466430344,96.4,96.4,99.88911126982754,False
1466430375,94.5,94.5,94.92404737855499,False
1466430400,96.7,96.7,98.79491044976714,False
1466430457,97.1,95.47300455014904,95.47300455014904,True
1466430483,97.1,97.1,97.68608400027456,False
1466430517,96.1,98.30560704440721,98.30560704440721,True
1466430524,98.4,98.4,98.27367393417919,False
1466430592,98.4,95.41940093295759,95.41940093295759,True
1466430616,97.7,97.7,98.07299065496483,False
1466430631,96.3,96.3,96.11891115606373,False
1466430680,99.9,99.6762672489695,99.6762672489695,True
1466430734,98.3,99.67265661572903,99.67265661572903,True
1466430790,98.3,98.3,98.05554460798298,False
1466430815,98.3,98.3,94.80530884859714,False
1466430895,99.7,98.66724143939413,98.66724143939413,True
1466430916,97.8,97.00931293215721,97.00931293215721,True
1466430929,97.8,97.8,96.12850300924931,False
1466430936,97.8,97.8,97.23441695851324,False
1466431009,99.6,99.6,95.27075010727329,False
1466431036,98.9,96.50739052007945,96.50739052007945,True
1466431055,98.9,94.56637089777125,94.56637089777125,True
1466431145,95.7,95.7,97.81066363850961,False
1466431218,95.2,95.2,99.20811357570567,False
1466431290,97.9,97.9,95.63652776425889,False
1466431324,97.5,97.5,97.17033476743632,False
1466431400,97.5,98.85707064271574,98.85707064271574,True
1466431450,95.8,95.8,97.52371208320136,False
1466431526,98.2,98.2,97.39712828510734,False
1466431589,98.5,94.70713928365606,94.70713928365606,True
1466431661,96.5,96.17432322372268,96.17432322372268,True
1466431760,98.9,95.45511355449716,95.45511355449716,True
1466431796,98.9,98.9,97.75868397463681,False
1466431848,95.4,99.83043244682628,99.83043244682628,True
1466431879,96.2,97.26349100523292,97.26349100523292,True
1466431954,96.2,99.50110650409967,99.50110650409967,True
1466431958,96.2,99.37391466074685,99.37391466074685,True
1466432002,96.2,95.18307260272613,95.18307260272613,True
1466432101,94.4,94.4,96.05067214251801,False
1466432177,94.4,99.62555589263292,99.62555589263292,True
1466432194,94.6,97.26660776446478,97.26660776446478,True
1466432237,95.6,95.6,97.83157514654897,False
1466432280,98.7,98.7,97.09647577455844,False
1466432373,96.1,94.38206840865013,94.38206840865013,True
1466432389,99.0,99.0,94.08529797542172,False
1466432415,99.0,97.07161725971883,97.07161725971883,True
1466432417,97.6,97.6,94.3768108797237,False
1466432506,99.5,96.38586282116343,96.38586282116343,True
1466432569,99.5,99.5,99.79690487428441,False
1466432577,98.3,98.3,97.75258944131492,False
1466432670,98.3,98.3,97.1941508463002,False
1466432706,97.6,97.6,96.57837839761605,False
1466432804,99.3,97.23909056662038,97.23909056662038,True
1466432853,96.7,98.0631815785955,98.0631815785955,True
1466432947,95.8,95.8,99.34004490746909,False
1466433040,96.4,94.88261395393867,94.88261395393867,True
1466433128,96.4,95.11005038979542,95.11005038979542,True
1466433145,96.4,99.52755929202817,99.52755929202817,True
1466433195,95.8,95.8,97.72877920758651,False
1466433289,95.8,95.8,97.76187484445502,False
1466433375,95.8,95.8,99.78953657819497,False
1466433427,96.6,96.6,94.52495498936685,False
1466433478,97.9,99.39203770709183,99.39203770709183,True
1466433517,96.5,96.5,99.14172263313696,False
1466433615,96.5,98.39585586405782,98.39585586405782,True
1466433672,96.5,97.01349903121016,97.01349903121016,True
1466433762,97.3,96.42231281015464,96.42231281015464,True
1466433809,97.3,97.3,96.49555881756785,False
1466433873,97.3,96.03206704666421,96.03206704666421,True
1466433910,97.3,97.51979484973214,97.51979484973214,True
1466433994,97.0,98.736970809973,98.736970809973,True
1466434003,94.9,94.9,97.39634848973044,False
1466434045,97.8,96.42971130214082,96.42971130214082,True
1466434096,97.2,97.2,98.70614597866744,False
1466434173,97.2,97.2,98.67599595411296,False
1466434199,98.4,95.86709179571515,95.86709179571515,True
1466434224,98.4,96.37003010165542,96.37003010165542,True
1466434308,96.3,96.98692964072816,96.98692964072816,True
1466434359,96.3,99.13858357733119,99.13858357733119,True
1466434371,95.2,98.18011807116741,98.18011807116741,True
1466434457,95.2,95.2,98.79680810408756,False
1466434498,98.3,98.3,95.46755341883396,False
1466434552,97.0,97.0,99.51667404244704,False
1466434622,97.0,97.0,99.96500060704965,False
1466434691,98.6,98.6,97.77061782909912,False
1466434718,98.6,98.6,97.34031073671555,False
1466434727,99.2,94.21829641012951,94.21829641012951,True
1466434815,98.5,99.30064041441297,99.30064041441297,True
1466434892,95.1,95.1,99.02019680003515,False
1466434915,95.1,95.1,99.39209573212143,False
1466434946,95.5,99.05385476505994,99.05385476505994,True
1466434988,96.8,97.53753618181528,97.53753618181528,True
1466435020,98.3,98.3,97.17609082069109,False
1466435090,98.3,98.27455462821425,98.27455462821425,True
1466435099,95.4,95.4,96.62236518464645,False
1466435145,95.4,95.4,95.27167177258441,False
1466435186,95.4,95.4,95.88770660316271,False
1466435246,98.1,98.1,97.71944312033844,False
1466435284,97.2,94.96784367158972,94.96784367158972,True
1466435327,97.2,97.8209466524514,97.8209466524514,True
1466435369,97.2,97.2,94.54231228937212,False
1466435408,94.3,94.3,94.0454342388935,False
1466435468,94.9,96.07930120124854,96.07930120124854,True
1466435486,94.9,94.9,99.29368084913285,False
1466435555,98.2,98.2,95.54615552902683,False
1466435624,96.9,96.9,99.20307959913674,False
1466435659,94.5,94.5,96.81132069453655,False
1466435682,97.6,97.6,98.83437673024629,False
1466435712,98.2,94.0708651954585,94.0708651954585,True
1466435794,98.2,98.2,97.55416464834734,False
1466435878,98.2,98.2,95.41111561853101,False
1466435904,98.2,99.09601519568463,99.09601519568463,True
1466435971,98.2,98.2,97.80921722750034,False
1466436041,98.4,98.85563340801204,98.85563340801204,True
1466436059,98.4,98.4,95.98252540166109,False
1466436093,98.5,97.17383460320778,97.17383460320778,True
1466436178,97.2,99.42617790889165,99.42617790889165,True
1466436230,97.7,97.7,94.06587066244445,False
1466436280,97.7,98.29276998752142,98.29276998752142,True
1466436332,97.7,97.7,98.1198184658009,False
1466436333,97.8,99.84964056101705,99.84964056101705,True
1466436431,96.7,99.4927277629007,99.4927277629007,True
1466436520,99.5,96.62615316426272,96.62615316426272,True
1466436572,99.0,95.92770320314166,95.92770320314166,True
1466436647,99.0,99.0,95.03671855230846,False
1466436655,96.0,97.68855750558652,97.68855750558652,True
1466436727,96.0,94.86350873179943,94.86350873179943,True
1466436793,97.2,97.0750895413434,97.0750895413434,True
1466436879,94.9,94.9,95.27924900654443,False
1466436880,95.5,95.5,97.39986771122155,False
1466436939,96.5,94.18932478624109,94.18932478624109,True
1466437015,99.0,95.96052390989686,95.96052390989686,True
1466437048,99.0,99.0,96.49249054444141,False
1466437088,96.5,98.8833624855676,98.8833624855676,True
1466437105,96.5,96.5,95.80493763612647,False
1466437122,98.0,96.39357439677441,96.39357439677441,True
1466437160,94.9,94.17321187757943,94.17321187757943,True
1466437232,94.9,94.9,94.88965845534275,False
1466437321,95.5,95.5,97.7893683434085,False
1466437335,95.5,98.26698941026521,98.26698941026521,True
1466437358,96.7,94.72888256571464,94.72888256571464,True
1466437441,96.7,94.41377797026816,94.41377797026816,True
1466437480,99.9,99.06269700693645,99.06269700693645,True
1466437561,99.9,99.9,97.36356054524623,False
1466437653,97.3,97.3,99.3540865963171,False
1466437709,97.3,98.93084154594935,98.93084154594935,True
1466437798,97.3,97.61519089620585,97.61519089620585,True
1466437869,95.2,95.2,97.10419102909961,False
1466437952,97.6,97.6,96.49522489175115,False
1466438037,96.6,96.6,95.58432854075335,False
1466438054,95.8,94.01230209411318,94.01230209411318,True
1466438056,97.7,98.83309587087636,98.83309587087636,True
1466438136,99.8,99.63400538405766,99.63400538405766,True
1466438234,97.6,95.04686370944239,95.04686370944239,True
1466438261,97.6,97.6,98.51215542214919,False
1466438348,95.6,96.57278741919161,96.57278741919161,True
1466438407,95.6,97.09604414043345,97.09604414043345,True
1466438422,95.6,98.04498786074923,98.04498786074923,True
1466438476,95.4,95.82451743477482,95.82451743477482,True
1466438571,97.8,97.8,96.68658150455957,False
1466438612,96.2,98.15730039366504,98.15730039366504,True
1466438620,99.4,99.4,97.73572245114877,False
1466438698,96.3,98.15249260742807,98.15249260742807,True
1466438747,94.9,94.9,94.04526417949225,False
1466438795,97.4,94.56127956574456,94.56127956574456,True
1466438810,99.9,99.2617842119372,99.2617842119372,True
1466438888,99.9,97.96589177006253,97.96589177006253,True
1466438975,97.9,95.20463605577858,95.20463605577858,True
1466439000,95.7,95.7,98.7392354906911,False
1466439092,95.7,95.7,99.47857977911812,False
1466439150,95.7,95.7,97.78746770342013,False
1466439229,95.4,94.41461707660312,94.41461707660312,True
1466439279,96.0,96.0,95.68228413501427,False
1466439328,95.7,99.01091099568819,99.01091099568819,True
1466439351,95.7,95.7,97.40656726147569,False
1466439447,94.0,94.0,95.33725131942067,False
1466439466,95.3,98.62136300979888,98.62136300979888,True
1466439480,95.3,95.3,98.79761915107798,False
1466439560,95.2,95.2,94.2211859275042,False
1466439600,96.9,96.9,99.35425119066461,False
1466439645,94.2,99.0728960203177,99.0728960203177,True
1466439729,94.3,94.07923909846065,94.07923909846065,True
1466439772,94.4,97.78489819239715,97.78489819239715,True
1466439827,96.8,96.8,99.20228621375846,False
1466439849,96.8,96.8,96.49554776137178,False
1466439910,94.7,97.1013639309007,97.1013639309007,True
1466439990,94.7,94.7,96.47415124635872,False
1466440005,95.8,95.8,99.6487297491026,False
1466440006,95.0,97.24305537995494,97.24305537995494,True
1466440045,95.0,99.3944064605418,99.3944064605418,True
1466440066,95.8,95.8,98.88562434866185,False
1466440154,97.7,97.02213770657272,97.02213770657272,True
1466440214,97.7,96.34232218441115,96.34232218441115,True
1466440226,97.7,97.7,94.22335755973391,False
1466440304,97.8,97.8,98.00213755449984,False
1466440385,97.8,96.0156895028946,96.0156895028946,True
1466440451,98.9,97.24207345923169,97.24207345923169,True
1466440521,98.5,97.80223663842368,97.80223663842368,True
1466440581,95.7,98.78346579731681,98.78346579731681,True
1466440674,94.9,94.9,98.34040428172199,False
1466440727,94.9,94.9,95.61473648844415,False
1466440821,96.4,94.89036576596283,94.89036576596283,True
1466440827,94.6,94.6,98.85149809714751,False
1466440897,97.4,94.61183000562922,94.61183000562922,True
1466440923,94.9,94.9,94.04902923694512,False
1466441012,94.9,94.9,96.9355546800365,False
1466441049,97.2,97.2,98.3627103329035,False
1466441147,97.2,99.76538744382384,99.76538744382384,True
1466441213,97.2,97.2,95.30084678359275,False
1466441311,99.9,97.83696269720315,97.83696269720315,True
1466441318,99.5,99.5,94.87661239989941,False
1466441418,96.0,94.27317176261406,94.27317176261406,True
1466441510,96.0,95.42893556035814,95.42893556035814,True
1466441541,97.3,97.5420670756895,97.5420670756895,True
1466441579,97.3,97.3,98.75733459066883,False
1466441630,97.3,97.3,96.71080395679357,False
1466441714,98.5,98.5,96.04288209890996,False
1466441724,98.5,97.54097238520907,97.54097238520907,True
1466441741,98.5,98.5,99.89913491089662,False
1466441822,98.5,95.5986039792357,95.5986039792357,True
1466441883,97.2,94.86926677555084,94.86926677555084,True
1466441934,94.4,95.56854450389906,95.56854450389906,True
1466441947,96.3,94.33741058115922,94.33741058115922,True
1466442046,97.2,96.46713972707894,96.46713972707894,True
1466442137,96.4,95.59266889720412,95.59266889720412,True
1466442175,97.5,97.5,96.05643640907353,False
1466442216,94.9,94.9,95.12537174781717,False
1466442284,96.4,96.4,96.74628201494092,False
1466442332,96.4,96.4,96.60345334929282,False
1466442358,97.9,97.9,97.51722702389439,False
1466442362,97.9,97.9,94.49543086147469,False
1466442439,97.9,95.83195317877777,95.83195317877777,True
1466442490,98.3,98.3,95.76443845028395,False
1466442498,98.8,98.8,97.20413407009966,False
1466442508,98.5,98.5,94.04303339498273,False
1466442518,96.6,96.88311523915684,96.88311523915684,True
1466442556,99.1,98.9516040313442,98.9516040313442,True
1466442656,99.1,99.1,98.745928293413,False
1466442662,96.5,96.5,97.14918616166655,False
1466442703,96.5,96.70463290095981,96.70463290095981,True
1466442768,96.5,96.5,94.71308360765106,False
1466442788,95.7,99.54387009090229,99.54387009090229,True
1466442886,95.7,97.85450061609981,97.85450061609981,True
1466442980,96.3,96.3,99.67540303035992,False
1466443000,96.2,96.2,98.49890976393813,False
1466443029,99.6,96.80514896070619,96.80514896070619,True
1466443038,98.3,98.3,99.3403228189377,False
1466443089,98.2,98.89180722995599,98.89180722995599,True
1466443162,96.5,96.5,95.29962361664043,False
1466443201,96.5,96.5,99.6149785292453,False
1466443219,96.5,96.5,97.4735466189399,False
1466443263,96.5,95.93814445341826,95.93814445341826,True
1466443350,96.5,96.5,97.18350110379731,False
1466443373,96.5,99.58771701697425,99.58771701697425,True
1466443392,99.5,99.5,94.82409018657039,False
1466443402,96.3,96.3,94.73282663371556,False
1466443486,94.8,94.8,98.91995981377215,False
1466443511,94.8,94.8,98.03786075465914,False
1466443584,94.5,94.5,96.07484392869796,False
1466443677,97.2,96.57617323663352,96.57617323663352,True
1466443725,97.2,97.2,95.15442789753163,False
1466443727,97.2,98.19425401803773,98.19425401803773,True
1466443750,95.4,97.03399003779428,97.03399003779428,True
1466443761,95.4,95.36275113487466,95.36275113487466,True
1466443808,97.9,97.9,96.66598220499941,False
1466443861,97.9,96.79499413899144,96.79499413899144,True
1466443929,97.9,97.9,97.11110949442585,False
1466443986,97.9,97.9,98.63760894662522,False
1466444043,97.9,97.9,95.01754839420988,False
1466444110,97.9,97.93607819038196,97.93607819038196,True
1466444192,94.3,94.3,94.03563495049876,False
1466444287,95.0,95.0,99.31237128718122,False
1466444294,95.0,96.77935770570983,96.77935770570983,True
1466444366,95.0,95.0220647028865,95.0220647028865,True
1466444466,95.0,97.88879150055016,97.88879150055016,True
1466444505,95.0,95.0,94.79100658332545,False
1466444556,95.8,98.80021054927228,98.80021054927228,True
1466444624,96.6,96.6,96.64392933247525,False
1466444663,96.2,96.2,97.26635452221325,False
1466444685,98.0,98.0,96.74928309720825,False
1466444756,98.0,99.21682088356023,99.21682088356023,True
1466444781,96.3,94.3442921254053,94.3442921254053,True
1466444840,98.4,99.80763116451058,99.80763116451058,True
1466444854,97.9,97.9,94.22051677530702,False
1466444860,99.8,99.36704812118343,99.36704812118343,True
1466444959,99.8,95.43082173148213,95.43082173148213,True
1466445058,99.8,99.8,96.33554323300106,False
1466445107,99.8,99.8,98.28602924438027,False
1466445165,97.0,97.0,95.54029675062179,False
1466445170,97.0,97.0,96.94012234253256,False
1466445173,97.0,98.14335932121725,98.14335932121725,True
1466445247,99.4,96.95493694740155,96.95493694740155,True
1466445305,99.4,99.4,94.35115504557729,False
1466445333,98.4,98.4,95.59840248188596,False
1466445356,98.4,99.53766366905087,99.53766366905087,True
1466445430,98.4,98.4,94.95907982719606,False
1466445491,99.7,94.81649202694577,94.81649202694577,True
1466445497,99.7,99.3935869174253,99.3935869174253,True
1466445514,97.5,94.16196517373254,94.16196517373254,True
1466445549,97.5,94.93284195309619,94.93284195309619,True
1466445640,97.5,97.5,98.96788405364734,False
1466445648,94.1,97.49186659728473,97.49186659728473,True
1466445739,94.9,99.95538288211641,99.95538288211641,True
1466445814,95.7,94.55611977298774,94.55611977298774,True
1466445879,98.2,98.60113673898152,98.60113673898152,True
1466445909,95.0,99.52630277845728,99.52630277845728,True
1466445965,94.3,95.31119102836972,95.31119102836972,True
1466446021,94.3,94.3,98.27643000709666,False
1466446045,96.9,97.51292328158767,97.51292328158767,True
1466446071,96.9,96.9,99.20475471336977,False
1466446120,99.3,95.66494034979024,95.66494034979024,True
1466446168,99.3,99.06751337607183,99.06751337607183,True
1466446253,99.3,97.75478385731836,97.75478385731836,True
1466446302,99.3,98.45681929583182,98.45681929583182,True
1466446389,99.3,94.4196068729934,94.4196068729934,True
1466446404,99.3,99.3,99.14817268561413,False
1466446494,98.8,98.8,99.00564353235796,False
1466446594,95.9,95.9,95.37907292315566,False
1466446643,95.9,95.9,99.21675368494068,False
1466446669,95.9,94.3529763080506,94.3529763080506,True
1466446690,95.9,95.9,98.74999457066683,False
1466446735,97.7,94.57670180347014,94.57670180347014,True
1466446766,95.3,95.3,95.95269752651562,False
1466446852,97.3,97.3,94.32725369552564,False
1466446902,99.8,97.43316374788833,97.43316374788833,True
1466446945,99.6,98.95006963835787,98.95006963835787,True
1466446987,97.9,94.5113031825519,94.5113031825519,True
1466447036,97.9,97.9,98.10040809859855,False
1466447112,97.9,96.05527317175938,96.05527317175938,True
1466447129,98.1,98.1,95.23598993705855,False
1466447189,98.1,98.1,95.01415905730823,False
1466447224,98.1,98.63275755345975,98.63275755345975,True
1466447270,98.1,98.29844880064785,98.29844880064785,True
1466447272,98.1,96.749934032776,96.749934032776,True
1466447348,98.1,96.12510414168145,96.12510414168145,True
1466447359,98.8,98.8,94.76897138786515,False
1466447388,98.8,95.39395315978881,95.39395315978881,True
1466447390,99.7,99.7,94.54916719726086,False
1466447425,96.5,96.97778946556542,96.97778946556542,True
1466447463,96.0,99.04453227784136,99.04453227784136,True
1466447485,99.3,99.3,94.91132522800034,False
1466447545,98.0,94.50281659028326,94.50281659028326,True
1466447553,98.0,98.0,96.81144422843347,False
1466447554,98.0,99.09521025656726,99.09521025656726,True
1466447573,94.8,94.34303656409966,94.34303656409966,True
1466447634,95.7,98.93267945519041,98.93267945519041,True
1466447695,95.3,95.3,99.83791137296932,False
1466447762,98.3,98.3,95.5479148826333,False
1466447844,95.4,98.27399934135283,98.27399934135283,True
1466447885,95.4,95.4,97.74275790298863,False
1466447943,97.5,97.5,95.92087169921659,False
1466447956,99.7,99.7,99.9431349989684,False
1466448041,99.7,99.7,97.75801135214604,False
1466448140,99.7,94.78334090174629,94.78334090174629,True
1466448215,99.7,98.84557121990119,98.84557121990119,True
1466448270,99.7,99.7,99.92888102629551,False
1466448302,99.7,98.16692409735407,98.16692409735407,True
1466448368,98.0,98.0,95.75317828732018,False
1466448422,98.0,98.0,95.38128254583116,False
1466448517,98.0,99.8507899256014,99.8507899256014,True
1466448614,98.0,96.3114083422891,96.3114083422891,True
1466448701,98.0,97.81670146913778,97.81670146913778,True
1466448743,98.0,98.0,95.88735278410057,False
1466448805,98.5,98.5,95.60348375780065,False
1466448844,97.7,97.7,95.63943163912987,False
1466448896,95.6,95.6,98.78638400426598,False
1466448984,95.6,98.24533424505968,98.24533424505968,True
1466449031,95.7,97.569700098805,97.569700098805,True
1466449045,96.8,96.69462159660506,96.69462159660506,True
1466449099,96.1,96.06056692597488,96.06056692597488,True
1466449171,97.4,94.89138621812059,94.89138621812059,True
1466449261,97.4,97.4,94.91244071707227,False
1466449280,97.4,97.4,98.51284399312722,False
1466449359,95.9,97.34826213028649,97.34826213028649,True
1466449442,97.0,99.29754024479708,99.29754024479708,True
1466449496,95.2,95.2,99.66422614388674,False
1466449537,95.2,95.2,99.95225798760748,False
1466449555,95.2,97.68042441463507,97.68042441463507,True
1466449629,97.5,96.8853836050914,96.8853836050914,True
1466449635,95.0,95.0,95.72251448634346,False
1466449721,94.8,99.0312313437,99.0312313437,True
1466449772,94.9,94.9,98.78318961643734,False
1466449872,94.9,94.9,94.13571177625242,False
1466449873,94.9,96.71805198359448,96.71805198359448,True
1466449884,97.8,97.8,95.32958046091507,False
1466449937,99.0,99.0,99.41744775764077,False
1466449953,99.5,95.27428216740905,95.27428216740905,True
1466449959,99.5,99.5,98.02570244526677,False
1466449961,99.5,98.28673566396286,98.28673566396286,True
1466450018,99.5,99.5,97.1347676698712,False
1466450075,99.5,99.5,95.23453596705271,False
1466450150,99.5,95.8507354110721,95.8507354110721,True
1466450177,99.5,95.2515064527706,95.2515064527706,True
1466450255,97.5,94.0919809774029,94.0919809774029,True
1466450343,97.5,97.5,97.56922549219215,False
1466450348,97.5,99.85189725274097,99.85189725274097,True
1466450401,95.2,97.94775955122341,97.94775955122341,True
1466450433,94.7,94.7,97.53052047886321,False
1466450507,96.4,99.40430131857238,99.40430131857238,True
1466450536,96.4,96.4,98.67786652786124,False
1466450627,98.1,98.1,95.53687843676373,False
1466450723,99.4,96.96972863485436,96.96972863485436,True
1466450817,96.6,96.6,94.65949054474564,False
1466450900,96.6,97.97956665589074,97.97956665589074,True
1466450902,94.9,95.74372114582414,95.74372114582414,True
1466450971,94.9,94.9,94.20207424164145,False
1466451016,95.8,96.26357555155288,96.26357555155288,True
1466451023,95.8,95.8,95.99266702337638,False
1466451073,95.8,95.49078176423541,95.49078176423541,True
1466451166,97.1,94.16704954790073,94.16704954790073,True
1466451231,98.4,98.74826297459614,98.74826297459614,True
1466451245,98.4,98.4,99.96053594372299,False
1466451293,98.4,95.32083622512918,95.32083622512918,True
1466451295,98.4,98.4,97.6879918469511,False
1466451378,98.4,94.25139347495724,94.25139347495724,True
1466451445,98.4,98.4,95.1305227231932,False
1466451508,98.4,97.22157004234116,97.22157004234116,True
1466451599,95.5,95.5,94.52679477454633,False
1466451686,98.9,94.57060465785422,94.57060465785422,True
1466451761,98.9,95.59023637830299,95.59023637830299,True
1466451857,98.9,99.29526906043685,99.29526906043685,True
1466451909,98.9,98.9,95.34097627503962,False
1466451919,98.9,98.9,95.15814662667928,False
1466452006,95.5,95.5,97.95166418778662,False
1466452035,94.1,96.73129119562451,96.73129119562451,True
1466452039,95.0,95.24293044251827,95.24293044251827,True
1466452104,95.0,94.51259406498104,94.51259406498104,True
1466452167,95.0,95.0,95.53971176124014,False
1466452238,95.0,95.96188957805654,95.96188957805654,True
1466452313,96.6,96.6,96.99362848344097,False
1466452339,96.6,96.6,97.288275946629,False
1466452419,99.1,99.7265961039344,99.7265961039344,True
1466452424,99.1,99.33320108388703,99.33320108388703,True
1466452435,99.1,99.1,96.69041039876926,False
1466452531,99.1,99.1,95.82929932925244,False
1466452584,98.2,98.2,96.6724069307695,False
1466452625,98.2,98.2,97.59059389498725,False
1466452676,97.5,95.81588108096317,95.81588108096317,True
1466452752,95.0,97.59730310804194,97.59730310804194,True
1466452796,96.7,95.13276228076953,95.13276228076953,True
1466452825,94.3,94.3,97.34959803220436,False
1466452860,97.0,99.80091529048018,99.80091529048018,True
1466452960,98.2,98.2,96.58822895973586,False
1466452979,98.2,94.71035807559556,94.71035807559556,True
1466453002,95.9,98.78574871219513,98.78574871219513,True
1466453016,95.9,95.9,98.22278791699796,False
1466453025,95.9,98.6066427316152,98.6066427316152,True
1466453089,95.9,98.86962060589897,98.86962060589897,True
1466453141,96.0,95.53020028830674,95.53020028830674,True
1466453154,96.0,96.0,98.94802158835523,False
1466453184,96.1,96.1,97.15545355609959,False
1466453202,98.8,97.93931665964826,97.93931665964826,True
1466453203,98.8,98.8,97.98709719216946,False
1466453222,97.1,97.1,98.257140084832,False
1466453321,96.6,96.6,94.54669700279835,False
1466453379,99.5,95.00089500486897,95.00089500486897,True
1466453392,98.3,98.74061178657763,98.74061178657763,True
1466453422,98.3,98.88673374533299,98.88673374533299,True
1466453502,95.1,95.1,96.89564810765408,False
1466453518,96.7,96.0762578886189,96.0762578886189,True
1466453563,96.7,96.7,94.54162257380912,False
1466453604,99.0,99.0,94.61573933005533,False
1466453639,96.7,96.7,97.65282031250909,False
1466453705,96.5,94.31991912556619,94.31991912556619,True
1466453795,97.3,94.37398388517127,94.37398388517127,True
1466453816,95.0,95.0,94.38910824560898,False
1466453870,98.1,98.1,98.47822736967396,False
1466453910,97.7,97.80796895736667,97.80796895736667,True
1466454002,97.7,95.34774514595901,95.34774514595901,True
1466454051,97.7,97.7,95.81113620892157,False
1466454087,96.7,96.7,95.34907510817496,False
1466454129,96.7,96.7,98.67770192912725,False
1466454227,96.7,96.7,96.08185804245338,False
1466454259,98.5,98.5,96.488315092366,False
1466454262,95.0,95.0,98.62951342273396,False
1466454298,95.0,95.0,95.09545470125713,False
1466454388,95.0,95.0,98.52491963018562,False
1466454399,95.0,96.37284737743012,96.37284737743012,True
1466454473,97.2,97.2,98.07544895451638,False
1466454529,95.8,95.8,96.46081650128319,False
1466454559,96.9,99.39754268795434,99.39754268795434,True
1466454648,96.9,97.33138150469442,97.33138150469442,True
1466454745,96.9,96.9,98.96232485371709,False
1466454763,96.9,96.9,99.2200571361195,False
1466454851,99.9,99.9,98.44162651267281,False
1466454936,99.9,95.9188621403277,95.9188621403277,True
1466454949,99.9,99.55334865725408,99.55334865725408,True
1466455032,99.9,99.9,95.65421577296355,False
1466455065,99.9,95.28025430442652,95.28025430442652,True
1466455119,99.9,98.27370849315922,98.27370849315922,True
1466455172,97.0,95.57921531525436,95.57921531525436,True
1466455196,97.0,99.81547181995424,99.81547181995424,True
1466455271,97.0,97.0,95.48954906856169,False
1466455357,97.0,97.97518082803299,97.97518082803299,True
1466455361,97.0,97.0,97.54389953770475,False
1466455394,97.0,97.0,96.83730712112015,False
1466455475,97.0,97.0,96.44071708519623,False
1466455497,97.0,95.7204095048308,95.7204095048308,True
1466455561,99.7,94.15763077950791,94.15763077950791,True
1466455575,99.7,99.7,96.51277975074106,False
1466455587,98.2,96.72382508990184,96.72382508990184,True
1466455651,98.2,94.55102814298083,94.55102814298083,True
1466455658,98.2,98.2,95.39894811830301,False
1466455732,98.2,95.46065714727565,95.46065714727565,True
1466455812,99.8,98.08177438832442,98.08177438832442,True
1466455910,98.4,94.42405669111838,94.42405669111838,True
1466455951,97.0,97.0,99.89115327030797,False
1466455999,96.1,96.1,99.83625222584382,False
1466456054,96.7,96.7,99.26671726068037,False
1466456058,96.7,96.7,96.58117050725015,False
1466456074,96.7,96.7,95.65802322505199,False
1466456088,93.2,93.2,97.65154236068277,False
1466456118,95.1,95.1,97.76526541291929,False
1466456218,97.4,94.97175469863915,94.97175469863915,True
1466456265,97.6,97.6,96.88914951026358,False
1466456270,98.7,96.73002927607244,96.73002927607244,True
1466456312,95.2,95.2,94.97353446520316,False
1466456346,95.2,94.4548893467319,94.4548893467319,True
1466456374,95.2,95.0639846002115,95.0639846002115,True
1466456406,98.0,98.0,94.85799621411822,False
1466456482,98.0,98.0,99.58769121086833,False
1466456512,95.1,95.3035292740765,95.3035292740765,True
1466456610,96.6,96.60010992440144,96.60010992440144,True
1466456683,96.6,96.6,96.76349420908944,False
1466456768,97.1,97.1,98.53914656035465,False
1466456856,97.5,97.5,98.86409709556483,False
1466456927,97.5,97.5,98.13187869209499,False
1466457014,97.5,99.74917708294761,99.74917708294761,True
1466457032,97.5,97.5,98.5764309856649,False
1466457067,94.9,94.64440558935814,94.64440558935814,True
1466457157,96.0,95.74878806863929,95.74878806863929,True
1466457215,96.0,96.0,99.13287629086003,False
1466457267,96.0,96.0,98.44497387085448,False
1466457357,98.0,98.30215024413496,98.30215024413496,True
1466457434,99.3,94.06876596325647,94.06876596325647,True
1466457487,99.3,98.73222578464986,98.73222578464986,True
1466457559,99.3,97.32868201032937,97.32868201032937,True
1466457603,98.2,98.2,95.30668487235152,False
1466457671,97.2,98.38883812411177,98.38883812411177,True
1466457713,100.0,97.07094646911051,97.07094646911051,True
1466457745,98.9,94.15997685175562,94.15997685175562,True
1466457782,99.4,94.52018158338954,94.52018158338954,True
1466457802,99.2,99.2,99.7765408344128,False
1466457817,98.0,98.11026632211424,98.11026632211424,True
1466457865,98.0,98.0,96.09037314306006,False
1466457884,99.9,98.19196793786739,98.19196793786739,True
1466457885,99.9,96.52394868404686,96.52394868404686,True
1466457917,98.6,98.6,98.44597432148937,False
1466457973,98.6,98.49882114426215,98.49882114426215,True
1466458045,97.4,94.72487046394915,94.72487046394915,True
1466458135,97.4,97.4,99.88392343740675,False
1466458151,97.4,98.6884490751938,98.6884490751938,True
1466458230,97.4,97.4,95.07039927483743,False
1466458324,98.1,95.8219090475222,95.8219090475222,True
1466458362,98.1,98.1,95.31006045044205,False
1466458438,98.1,94.76742702607433,94.76742702607433,True
1466458454,98.1,98.1,98.03001206171768,False
1466458496,98.1,94.47529083679048,94.47529083679048,True
1466458509,95.2,99.36788298978209,99.36788298978209,True
1466458580,95.2,96.5832479061254,96.5832479061254,True
1466458590,95.2,98.53229949692832,98.53229949692832,True
1466458626,95.2,99.46116717097794,99.46116717097794,True
1466458642,95.2,95.78324952001185,95.78324952001185,True
1466458665,95.2,95.2,98.36818450153116,False
1466458694,95.2,98.21149317359,98.21149317359,True
1466458762,94.8,94.8,95.40910191528272,False
1466458793,96.8,97.67573266412866,97.67573266412866,True
1466458824,94.3,99.09073942769632,99.09073942769632,True
1466458906,96.3,96.3,95.83549493249525,False
1466458982,96.3,96.3,96.23601936491539,False
1466459068,96.3,99.5409133453507,99.5409133453507,True
1466459159,98.3,98.86751297537971,98.86751297537971,True
1466459184,96.2,96.2,94.25396115450641,False
1466459273,96.9,96.9,98.76341549044774,False
1466459372,95.5,95.5,97.24044964469873,False
1466459415,95.5,99.63010724813823,99.63010724813823,True
1466459483,96.7,95.16539779391144,95.16539779391144,True
1466459504,97.7,95.97972731979254,95.97972731979254,True
1466459588,97.7,94.90557903183128,94.90557903183128,True
1466459595,99.3,94.85860908484042,94.85860908484042,True
1466459673,99.0,99.0,95.3459209269765,False
1466459726,99.0,94.35197680795508,94.35197680795508,True
1466459800,98.8,94.0802169112771,94.0802169112771,True
1466459857,97.8,96.98212936285827,96.98212936285827,True
1466459887,97.8,97.8,99.76900886327238,False
1466459913,99.8,94.87876055536682,94.87876055536682,True
1466459974,99.8,95.33040695475883,95.33040695475883,True
1466459995,98.9,98.9,99.2855676594106,False
1466460001,98.6,98.6,94.17406196976425,False
1466460054,98.6,97.23818905734598,97.23818905734598,True
1466460130,99.3,99.3,99.65219596094389,False
1466460215,96.5,96.5,95.35369428890449,False
1466460252,96.9,98.61320989290378,98.61320989290378,True
1466460272,96.4,96.4,99.17071523430945,False
1466460346,96.4,96.4,97.33204068117955,False
1466460440,98.9,99.15367954447605,99.15367954447605,True
1466460461,95.4,95.50831712258471,95.50831712258471,True
1466460528,95.4,95.4,96.46004206326445,False
1466460610,97.4,97.4,98.04859616299561,False
1466460630,97.4,97.4,95.07717357231948,False
1466460691,96.7,98.06105175322605,98.06105175322605,True
1466460706,99.6,97.2913843579919,97.2913843579919,True
1466460739,99.6,99.6,96.04742499832521,False
1466460765,99.1,99.72297728922268,99.72297728922268,True
1466460795,96.4,96.4,97.61034906701337,False
1466460877,96.4,96.4,94.59431994765532,False
1466460973,98.0,98.03232544114037,98.03232544114037,True
1466461009,98.0,98.0,95.09373604814589,False
1466461027,96.6,96.6,99.75988425780682,False
1466461032,98.5,99.97951389503228,99.97951389503228,True
1466461096,96.5,95.14734947002688,95.14734947002688,True
1466461169,98.3,98.69565059624959,98.69565059624959,True
1466461256,95.4,94.40727307849423,94.40727307849423,True
1466461351,95.4,95.4,94.51781109125524,False
1466461451,95.4,99.39899372295898,99.39899372295898,True
1466461531,96.4,99.76288276435226,99.76288276435226,True
1466461568,97.0,97.48615695158371,97.48615695158371,True
1466461583,97.0,98.45542238240728,98.45542238240728,True
1466461647,97.0,94.2163879528452,94.2163879528452,True
1466461703,99.4,96.41980406610101,96.41980406610101,True
1466461794,96.0,96.49033842889152,96.49033842889152,True
1466461813,96.8,97.46972619054195,97.46972619054195,True
1466461910,94.5,94.5,98.08926238858456,False
1466461988,97.6,99.0665615653271,99.0665615653271,True
1466462056,95.0,99.94492282851255,99.94492282851255,True
1466462101,94.4,98.63791398301531,98.63791398301531,True
1466462155,94.4,94.4,95.31157240798184,False
1466462215,94.4,94.4,99.22502075992632,False
1466462278,95.2,95.2,99.57188808530354,False
1466462368,97.9,97.9,99.45058559880985,False
1466462412,96.6,95.3636383614484,95.3636383614484,True
1466462512,99.7,99.7,94.61188532377092,False
1466462594,96.9,94.02878391514221,94.02878391514221,True
1466462671,100.0,100.0,96.80561241410356,False
1466462716,99.5,99.5,96.77156392860994,False
1466462746,99.5,99.5,95.0459719791319,False
1466462782,96.3,99.24694353627382,99.24694353627382,True
1466462820,96.3,98.1923547876674,98.1923547876674,True
1466462833,96.3,95.22526636976528,95.22526636976528,True
1466462842,97.5,96.08464483003569,96.08464483003569,True
1466462850,97.0,97.0,98.5524311474553,False
1466462941,95.4,95.4,98.29100166592251,False
1466463026,97.7,98.20365049760552,98.20365049760552,True
1466463117,97.7,96.37209278268816,96.37209278268816,True
1466463139,97.7,97.7,94.97327519558294,False
