1466410104,9.5,10.229254739345134,10.229254739345134,True
1466410114,9.5,5.734389684633673,5.734389684633673,True
1466410130,9.5,4.826244165655173,4.826244165655173,True
1466410181,9.5,9.5,6.659616838129083,False
1466410203,9.6,9.6,9.585651085088891,False
1466410250,9.6,4.482936894539412,4.482936894539412,True
1466410309,9.6,9.6,7.170015738772319,False
1466410397,9.6,9.2276778976664,9.2276778976664,True
1466410430,9.6,9.6,7.2138645474846355,False
1466410469,9.6,9.6,4.484604810998555,False
1466410483,10.0,5.176950527424975,5.176950527424975,True
1466410498,10.0,9.21073065960001,9.21073065960001,True
1466410502,10.0,10.0,10.253519922548822,False
1466410532,9.5,7.44260753648868,7.44260753648868,True
1466410541,9.4,9.4,7.99720336078922,False
1466410573,9.4,4.364476217987085,4.364476217987085,True
1466410630,9.4,9.4,7.048751514071264,False
1466410653,9.4,9.4,4.1387487860213,False
1466410746,9.4,9.4,9.069272316283978,False
1466410814,9.0,9.17300558177918,9.17300558177918,True
1466410890,9.0,9.0,6.758614550071835,False
1466410902,9.0,4.9370304807868095,4.9370304807868095,True
1466410978,9.2,4.49253818248045,4.49253818248045,True
1466411008,9.2,9.2,10.858368778712073,False
1466411066,9.1,6.907151261237161,6.907151261237161,True
1466411094,8.5,5.803657757399438,5.803657757399438,True
1466411157,9.0,9.0,4.997599616126584,False
1466411223,9.0,9.075688970304292,9.075688970304292,True
1466411226,9.0,9.0,8.440854322111552,False
1466411272,9.0,9.0,6.755138601262708,False
1466411303,9.0,9.0,5.450859245772326,False
1466411318,9.0,10.24664321756065,10.24664321756065,True
1466411396,9.1,7.533783643684901,7.533783643684901,True
1466411493,8.7,8.376831247700654,8.376831247700654,True
1466411549,8.7,8.7,8.30781435323934,False
1466411560,8.7,6.7921258732702485,6.7921258732702485,True
1466411626,8.7,8.7,6.4051317009895685,False
1466411723,8.2,8.2,5.020886629327058,False
1466411763,8.2,8.2,8.299259011148013,False
1466411785,8.2,8.2,5.787736611519002,False
1466411854,8.2,6.493863370651843,6.493863370651843,True
1466411889,8.2,6.146384171347032,6.146384171347032,True
1466411988,7.8,8.978486733153563,8.978486733153563,True
1466412022,8.0,4.264254244979734,4.264254244979734,True
1466412046,8.0,8.0,6.92136254741162,False
1466412076,8.0,6.752028524057101,6.752028524057101,True
1466412152,8.2,8.2,4.1346644673390625,False
1466412181,7.8,5.919448518447934,5.919448518447934,True
1466412201,7.8,7.8,4.003975100596605,False
1466412260,7.8,7.8,9.606518778607509,False
1466412347,7.8,7.8,6.470386846906608,False
1466412360,7.8,7.8,10.24335264065915,False
1466412438,7.9,7.9,5.785471784449086,False
1466412521,7.9,10.394609413237664,10.394609413237664,True
1466412599,7.9,6.458263158657639,6.458263158657639,True
1466412639,7.9,7.9,5.5052662227497,False
1466412691,7.9,7.9,9.950530712238832,False
1466412747,7.9,7.9,8.199019962080811,False
1466412794,7.9,7.9,6.225520280837158,False
1466412819,7.9,7.9,4.770789095891343,False
1466412832,7.8,9.925112309587881,9.925112309587881,True
1466412874,7.8,6.043154438770715,6.043154438770715,True
1466412943,7.8,7.8,6.871759088118899,False
1466412971,7.8,6.720967973857132,6.720967973857132,True
1466412990,7.8,4.682967564940899,4.682967564940899,True
1466413028,8.0,7.78045113836782,7.78045113836782,True
1466413053,8.0,4.119950074883972,4.119950074883972,True
1466413125,8.1,9.987817476056094,9.987817476056094,True
1466413200,8.4,8.4,10.33380232042311,False
1466413264,8.4,8.4,8.731828028244081,False
1466413311,8.2,5.150255160262982,5.150255160262982,True
1466413342,8.2,8.2,8.226793166818933,False
1466413440,8.2,8.2,10.058290157410102,False
1466413458,8.2,8.2,8.817253678748415,False
1466413529,8.2,8.2,4.462041507885246,False
1466413542,8.0,4.282394237261362,4.282394237261362,True
1466413638,8.0,9.462005345602563,9.462005345602563,True
1466413672,8.7,8.7,5.803355592662003,False
1466413733,8.7,8.7,8.999987059957554,False
1466413779,8.7,8.7,5.24903356503223,False
1466413780,8.5,8.5,8.938512324166815,False
1466413864,8.7,8.7,4.544448531354159,False
1466413885,8.7,8.7,4.158655693525492,False
1466413946,8.7,5.372951295635237,5.372951295635237,True
1466414033,8.8,8.8,8.03045736353933,False
1466414071,8.4,8.4,4.3288207110475945,False
1466414164,8.4,8.4,5.22507931807562,False
1466414225,8.1,8.1,9.018573537145468,False
1466414312,8.1,5.041401092012389,5.041401092012389,True
1466414325,8.0,8.0,9.840646427289457,False
1466414328,8.0,8.0,10.08459143726951,False
1466414329,8.4,8.4,9.228990378161832,False
1466414402,8.4,8.4,4.905169384801048,False
1466414407,8.4,9.033393527341211,9.033393527341211,True
1466414413,9.1,8.900662970687042,8.900662970687042,True
1466414460,9.5,6.906076257812114,6.906076257812114,True
1466414552,9.0,7.010918102845594,7.010918102845594,True
1466414602,9.6,9.6,4.788566360709162,False
1466414662,9.6,9.6,4.874438900255346,False
1466414746,9.6,9.6,9.995811661870576,False
1466414844,10.1,10.1,5.413060643051635,False
1466414943,10.1,10.1,8.138489522536894,False
1466414946,10.5,10.5,9.69600150346235,False
1466414966,10.5,9.691914712832737,9.691914712832737,True
1466415038,10.5,10.5,9.36850735952597,False
1466415106,10.5,10.5,10.703381966333346,False
1466415130,10.5,9.750447604019234,9.750447604019234,True
1466415145,9.9,9.9,8.620808040764707,False
1466415202,9.9,9.9,10.16772462126356,False
1466415239,9.2,9.2,10.36630770494245,False
1466415249,9.2,9.182263306661568,9.182263306661568,True
1466415308,9.2,9.2,10.230638130699802,False
1466415357,8.7,8.7,10.374144920097894,False
1466415404,8.3,10.061654716575113,10.061654716575113,True
1466415469,8.3,8.3,7.802937954563276,False
1466415548,8.3,8.3,9.738284263084111,False
1466415588,8.3,6.838155774629852,6.838155774629852,True
1466415627,8.3,8.3,8.75756981911633,False
1466415719,8.3,5.3036873856773115,5.3036873856773115,True
1466415767,8.9,8.9,6.336378645802623,False
1466415860,8.9,7.90255467864703,7.90255467864703,True
1466415872,9.3,5.228766426555988,5.228766426555988,True
1466415914,8.9,8.9,7.844195740131752,False
1466415934,8.9,8.9,10.814302833445748,False
1466415988,8.9,8.9,6.530747457605646,False
1466416004,8.7,6.12819778361918,6.12819778361918,True
1466416050,8.1,10.048819352014412,10.048819352014412,True
1466416150,8.1,8.1,8.470982088942549,False
1466416161,8.5,8.5,5.528206944742811,False
1466416215,9.0,9.0,5.082977574994848,False
1466416315,9.0,9.0,9.831946868975102,False
1466416321,9.5,9.5,10.066860598597135,False
1466416393,9.5,10.534618646422434,10.534618646422434,True
1466416440,9.5,7.1230371414943985,7.1230371414943985,True
1466416510,9.9,6.460882270515545,6.460882270515545,True
1466416541,10.4,10.4,4.3266779640725535,False
1466416631,10.3,4.918551710916737,4.918551710916737,True
1466416671,10.3,10.3,8.865049914372324,False
1466416725,9.7,9.7,7.532833118520775,False
1466416815,9.7,9.7,5.074564346010564,False
1466416867,9.5,9.5,4.4378281886851765,False
1466416933,9.8,6.246949870038291,6.246949870038291,True
1466416963,9.9,9.9,6.237867321040699,False
1466417034,10.1,8.874157333266734,8.874157333266734,True
1466417069,9.7,9.20891221480056,9.20891221480056,True
1466417095,9.7,9.7,6.275231655553878,False
1466417123,9.9,8.404128372437832,8.404128372437832,True
1466417219,9.9,9.9,5.392692028307842,False
1466417228,10.6,10.6,8.612920494007636,False
1466417235,10.6,10.6,9.859185947581317,False
1466417266,10.6,10.6,8.949948519815983,False
1466417298,10.6,10.863690960875891,10.863690960875891,True
1466417382,10.6,10.6,6.061706152555815,False
1466417429,10.3,9.821152450996887,9.821152450996887,True
1466417434,10.3,5.859496594997399,5.859496594997399,True
1466417513,10.3,9.551745563372794,9.551745563372794,True
1466417598,10.3,10.827472127367857,10.827472127367857,True
1466417615,10.3,5.411039702403754,5.411039702403754,True
1466417654,10.9,9.900270819181902,9.900270819181902,True
1466417749,10.9,10.9,5.25971861732552,False
1466417763,10.9,10.9,4.9442189315616645,False
1466417822,10.9,10.9,9.937973066724165,False
1466417851,10.5,5.851280726259914,5.851280726259914,True
1466417855,10.5,10.5,6.199740573468574,False
1466417879,10.4,9.831967082771845,9.831967082771845,True
1466417895,10.4,10.4,9.818946400216323,False
1466417969,10.4,4.763320644603502,4.763320644603502,True
1466418049,10.4,10.4,7.38771992342285,False
1466418118,10.8,7.350870922673746,7.350870922673746,True
1466418129,10.8,10.8,5.134070002356859,False
1466418179,10.8,10.8,4.635829661392175,False
1466418254,10.2,5.581902228398262,5.581902228398262,True
1466418332,10.2,10.2,9.810219815888352,False
1466418428,9.7,10.410794697050244,10.410794697050244,True
1466418494,9.7,6.24305532598729,6.24305532598729,True
1466418554,10.1,8.80807003755146,8.80807003755146,True
1466418563,10.1,10.1,7.29153879579392,False
1466418564,10.1,10.1,10.632781964573493,False
1466418594,10.2,8.967775057865001,8.967775057865001,True
1466418674,10.2,10.845279162240026,10.845279162240026,True
1466418748,9.8,10.65134080701036,10.65134080701036,True
1466418847,9.0,8.389421113191334,8.389421113191334,True
1466418877,9.7,5.195785014018204,5.195785014018204,True
1466418917,9.7,9.7,6.643601075889405,False
1466418938,9.7,9.7,8.809540141157058,False
1466419031,9.7,10.964870163781745,10.964870163781745,True
1466419058,9.7,5.519174991020047,5.519174991020047,True
1466419104,10.2,10.2,5.406331009927823,False
1466419166,10.1,10.1,10.875434477457722,False
1466419261,10.1,10.461175808835925,10.461175808835925,True
1466419349,10.2,10.2,7.985174141913706,False
1466419442,10.2,10.2,9.023228564749935,False
1466419530,10.2,10.2,9.132993733761275,False
1466419595,10.2,10.2,6.3803614156543045,False
1466419646,10.2,9.086414014586495,9.086414014586495,True
1466419737,10.2,10.2,7.271264333394608,False
1466419826,10.2,10.2,9.660752758274606,False
1466419880,10.2,5.893672405959768,5.893672405959768,True
1466419911,10.2,10.007296753756036,10.007296753756036,True
1466419938,10.2,5.122403947049391,5.122403947049391,True
1466420016,10.4,10.4,6.765446209948841,False
1466420019,9.7,10.42723840967076,10.42723840967076,True
1466420108,9.7,9.7,7.808084778248559,False
1466420205,9.1,6.625609568371148,6.625609568371148,True
1466420228,9.1,9.1,7.1236279275755905,False
1466420257,9.1,9.1,9.274821581499209,False
1466420270,9.1,9.1,7.484796393991372,False
1466420296,9.2,5.640052314293914,5.640052314293914,True
1466420331,9.8,6.87985676854741,6.87985676854741,True
1466420407,9.8,5.776629181953947,5.776629181953947,True
1466420430,9.8,9.8,10.222837444763357,False
1466420453,9.8,6.346935984464167,6.346935984464167,True
1466420474,9.8,10.610777265062241,10.610777265062241,True
1466420566,10.4,10.4,5.092451683535456,False
1466420579,10.5,10.5,10.344109290387319,False
1466420618,10.5,10.5,9.312661390745609,False
1466420624,10.5,5.990191083707677,5.990191083707677,True
1466420643,10.5,9.112565396910808,9.112565396910808,True
1466420695,10.4,10.4,7.891745439608593,False
1466420788,10.4,9.801880928248018,9.801880928248018,True
1466420863,10.4,5.144794020628718,5.144794020628718,True
1466420947,10.4,10.4,8.80070265618166,False
1466421003,10.8,4.723436790099106,4.723436790099106,True
1466421032,10.8,10.8,7.038829512940898,False
1466421050,10.8,4.754334856123788,4.754334856123788,True
1466421116,11.0,11.0,5.140616504957688,False
1466421208,11.3,11.3,6.764947906535108,False
1466421234,11.3,11.3,4.219720424337467,False
1466421262,11.4,11.4,9.475906411284242,False
1466421353,10.6,10.6,8.644836804247705,False
1466421360,11.3,11.3,7.233290260831348,False
1466421392,11.3,4.225367369374662,4.225367369374662,True
1466421480,11.3,10.417959573094492,10.417959573094492,True
1466421530,11.3,7.172279112082924,7.172279112082924,True
1466421547,11.3,11.3,10.277666201579148,False
1466421591,11.3,8.589605799499633,8.589605799499633,True
1466421633,11.3,4.447284085140859,4.447284085140859,True
1466421636,11.0,6.50706109943064,6.50706109943064,True
1466421670,11.0,4.055907969310695,4.055907969310695,True
1466421695,11.0,11.0,9.447162039909756,False
1466421721,11.0,11.0,10.127462690128265,False
1466421804,10.7,10.7,10.22582860162818,False
1466421819,10.0,10.0,9.996677138464548,False
1466421862,10.3,10.871047984510392,10.871047984510392,True
1466421885,10.3,10.828859103481696,10.828859103481696,True
1466421936,10.3,10.3,8.50199239287111,False
1466422012,10.3,7.572284362661325,7.572284362661325,True
1466422044,10.3,6.015824487214361,6.015824487214361,True
1466422045,9.9,9.9,8.974362156883785,False
1466422137,10.1,6.377665931282363,6.377665931282363,True
1466422162,9.9,9.9,6.088406257269929,False
1466422189,10.4,8.703708027580145,8.703708027580145,True
1466422197,10.4,10.4,9.54539163584192,False
1466422264,10.4,10.4,9.333701039904856,False
1466422330,10.4,4.230115663787702,4.230115663787702,True
1466422378,10.4,10.4,7.975217091926452,False
1466422432,10.8,8.700319410971037,8.700319410971037,True
1466422488,11.3,5.9286314361882555,5.9286314361882555,True
1466422577,11.4,11.4,6.377901998710806,False
1466422628,11.4,8.40604511274212,8.40604511274212,True
1466422638,11.4,7.044428688985372,7.044428688985372,True
1466422666,10.8,10.8,6.863135969548187,False
1466422706,10.8,6.211199956568137,6.211199956568137,True
1466422731,10.8,10.8,7.048463670914273,False
1466422804,11.3,10.26535532222008,10.26535532222008,True
1466422866,10.8,7.016882496092721,7.016882496092721,True
1466422873,10.8,10.8,9.714984296183381,False
1466422895,10.8,10.8,5.158707151638036,False
1466422953,11.0,11.0,6.411560869454089,False
1466422973,11.0,11.0,10.894105995959366,False
1466423017,11.0,11.0,9.150509946785167,False
1466423051,11.0,7.9194970304331,7.9194970304331,True
1466423099,11.4,11.4,6.39892239188122,False
1466423150,11.4,6.787996431894429,6.787996431894429,True
1466423155,11.4,11.4,6.291909526335392,False
1466423168,10.9,6.082353138984502,6.082353138984502,True
1466423205,10.9,10.9,5.057369977768759,False
1466423275,10.3,10.3,5.863947184050463,False
1466423287,10.9,10.9,10.386787243983736,False
1466423336,10.9,4.341281548623586,4.341281548623586,True
1466423340,10.9,5.222287750287215,5.222287750287215,True
1466423355,10.9,4.572992300666411,4.572992300666411,True
1466423443,10.4,10.4,5.455234503051635,False
1466423499,10.4,10.4,9.354108212029368,False
1466423585,11.0,5.0913191784301635,5.0913191784301635,True
1466423612,11.0,5.4696156298552765,5.4696156298552765,True
1466423669,11.0,6.310903270347747,6.310903270347747,True
1466423705,11.5,11.5,6.311922905883931,False
1466423770,11.5,11.5,9.420897528727698,False
1466423844,11.5,11.5,10.26340743163796,False
1466423902,11.5,7.409971336030182,7.409971336030182,True
1466423913,11.5,7.738455632547275,7.738455632547275,True
1466423972,11.5,11.5,5.8659087547368784,False
1466424014,11.5,11.5,9.404095482331673,False
1466424069,10.8,10.8,6.461535023878838,False
1466424154,10.8,8.842120162505047,8.842120162505047,True
1466424155,10.8,10.8,5.891878947678847,False
1466424169,10.8,10.8,8.580716365614624,False
1466424262,10.2,10.2,6.245913555983353,False
1466424339,10.2,4.156510744900549,4.156510744900549,True
1466424398,10.2,4.859508978978935,4.859508978978935,True
1466424497,10.4,4.917024605938651,4.917024605938651,True
1466424558,10.0,10.0,6.747750878252356,False
1466424613,10.0,10.0,9.91195945480575,False
1466424713,10.0,10.0,10.517414426477513,False
1466424804,10.0,10.0,7.057395862430025,False
1466424878,9.6,10.466934590272768,10.466934590272768,True
1466424924,9.8,9.8,9.856679259074465,False
1466425009,9.8,5.432963620640861,5.432963620640861,True
1466425106,10.4,6.7334438258080995,6.7334438258080995,True
1466425129,10.5,7.1239202838334705,7.1239202838334705,True
1466425179,10.6,10.6,7.856245094474209,False
1466425257,10.6,10.6,8.751131840933644,False
1466425262,10.0,10.0,10.699265172493252,False
1466425305,10.0,9.811323385693662,9.811323385693662,True
1466425331,10.0,6.053350461566392,6.053350461566392,True
1466425338,10.0,4.347909045923091,4.347909045923091,True
1466425377,10.0,9.61477763594782,9.61477763594782,True
1466425380,10.5,5.082078774980188,5.082078774980188,True
1466425417,10.5,10.5,10.868350921267915,False
1466425484,10.5,10.5,7.961028183056924,False
1466425517,10.5,6.856158823079078,6.856158823079078,True
1466425553,10.2,10.2,6.266477721352816,False
1466425640,10.2,8.412882907888655,8.412882907888655,True
1466425687,10.5,8.75891283676813,8.75891283676813,True
1466425711,10.5,10.5,5.861807576594278,False
1466425768,10.5,10.5,9.783846818937173,False
1466425811,10.5,10.5,10.367259352106418,False
1466425856,10.5,4.556094430749149,4.556094430749149,True
1466425869,11.2,10.902933473357113,10.902933473357113,True
1466425884,11.0,6.624026220919971,6.624026220919971,True
1466425962,11.0,11.0,5.834907174018946,False
1466425974,11.0,5.402028684280557,5.402028684280557,True
1466426016,11.0,5.63373382283466,5.63373382283466,True
1466426024,10.7,10.7,4.756119449250462,False
1466426034,10.7,10.7,5.907205877825292,False
1466426130,11.4,11.4,8.099945700674393,False
1466426189,11.4,11.4,5.09150614405662,False
1466426198,11.4,9.581145066922424,9.581145066922424,True
1466426280,11.3,11.3,8.198824550814411,False
1466426298,11.3,6.200164145208689,6.200164145208689,True
1466426380,11.2,11.2,8.013342828153469,False
1466426420,10.8,7.379700441534729,7.379700441534729,True
1466426509,10.8,10.8,7.2403279588437135,False
1466426521,10.8,10.8,9.86959548345991,False
1466426535,10.8,8.636691092386842,8.636691092386842,True
1466426563,10.8,4.545301322477384,4.545301322477384,True
1466426620,10.8,10.8,5.6535897824977175,False
1466426694,11.3,9.477157331482601,9.477157331482601,True
1466426764,11.2,11.2,6.769004681482146,False
1466426778,11.2,8.974047075316776,8.974047075316776,True
1466426866,11.2,8.958346882078688,8.958346882078688,True
1466426938,11.3,5.806266244183583,5.806266244183583,True
1466427022,11.3,11.3,7.735148907304242,False
1466427059,11.3,11.3,8.402615452641854,False
1466427125,11.3,11.3,6.601016371445127,False
1466427204,11.3,6.193660869838618,6.193660869838618,True
1466427240,11.1,7.114988414722609,7.114988414722609,True
1466427317,10.6,10.6,9.951567718291404,False
1466427319,10.0,10.0,5.975623601258933,False
1466427331,10.0,10.0,7.970394766290175,False
1466427425,10.0,10.0,6.3930017208059455,False
1466427458,9.5,7.538947553020608,7.538947553020608,True
1466427495,9.0,9.751531776905015,9.751531776905015,True
1466427543,9.0,6.310602539977939,6.310602539977939,True
1466427625,8.7,6.8036343363073986,6.8036343363073986,True
1466427663,8.7,8.7,10.113127105633229,False
1466427672,8.7,8.7,6.784784947818183,False
1466427684,9.1,8.028806276579427,8.028806276579427,True
1466427739,9.1,9.1,6.546711317062355,False
1466427769,8.8,8.8,8.78388112659433,False
1466427775,8.7,9.601990505858478,9.601990505858478,True
1466427820,8.5,8.5,5.913405234984346,False
1466427837,9.2,9.2,6.610392660363639,False
1466427846,9.3,9.3,7.632756702534802,False
1466427904,9.7,9.830241247700068,9.830241247700068,True
1466427997,10.1,10.1,8.275372385278326,False
1466428027,10.0,10.0,6.699437368190603,False
1466428114,10.5,10.5,5.257941606570813,False
1466428212,10.5,10.5,8.649253173241622,False
1466428294,10.5,10.5,4.854888807402157,False
1466428321,10.5,10.5,9.620110068532949,False
1466428340,10.5,9.28224331846111,9.28224331846111,True
1466428378,10.5,7.809436284112644,7.809436284112644,True
1466428463,10.9,10.9,8.549051794743722,False
1466428551,10.9,9.211517343251078,9.211517343251078,True
1466428575,10.9,6.29312433495177,6.29312433495177,True
1466428593,10.9,7.945680126644824,7.945680126644824,True
1466428682,10.9,10.9,5.241995644628176,False
1466428699,10.9,4.080088950052718,4.080088950052718,True
1466428719,10.9,7.610636002271864,7.610636002271864,True
1466428819,10.2,10.247624654976093,10.247624654976093,True
1466428850,10.2,10.2,8.838091927379711,False
1466428884,9.8,9.8,9.028623023021288,False
1466428973,9.8,9.8,7.370148969725456,False
1466429006,9.7,9.7,5.711944108596979,False
1466429026,9.7,9.7,8.902458031085379,False
1466429066,9.5,5.235549597377981,5.235549597377981,True
1466429072,9.5,9.5,10.550982884056205,False
1466429103,9.9,9.9,7.709870449714653,False
1466429110,9.4,9.4,4.685973469506132,False
1466429123,8.9,8.9,8.886791974276168,False
1466429168,8.9,9.723796469930504,9.723796469930504,True
1466429182,8.9,7.709581551825391,7.709581551825391,True
1466429184,8.9,8.9,4.395648499070852,False
1466429197,8.9,8.9,9.531637971349376,False
1466429280,8.9,8.9,5.782450044025497,False
1466429378,8.7,9.613229694266206,9.613229694266206,True
1466429450,8.1,9.12510619246297,9.12510619246297,True
1466429455,8.3,4.169747393546138,4.169747393546138,True
1466429510,8.3,8.3,6.3535699608508445,False
1466429565,8.3,9.697948926278425,9.697948926278425,True
1466429566,8.1,9.499741012349343,9.499741012349343,True
1466429592,8.8,8.8,5.267309871483204,False
1466429623,8.8,8.8,8.63524284388247,False
1466429691,9.3,9.3,6.453526883474227,False
1466429733,9.3,9.3,5.779245063531814,False
1466429803,9.6,4.399480072668292,4.399480072668292,True
1466429832,10.0,10.0,7.905322599234048,False
1466429905,10.4,6.683991048987674,6.683991048987674,True
1466429997,10.4,10.4,7.415680128224373,False
1466430050,10.3,8.3904292873871,8.3904292873871,True
1466430088,10.3,4.726952761074543,4.726952761074543,True
1466430174,10.8,10.8,9.059384870211648,False
1466430247,11.3,11.3,6.010934317127587,False
1466430344,10.6,7.962938500322201,7.962938500322201,True
1466430375,9.9,9.9,7.09808799779195,False
1466430400,10.2,4.455627593822961,4.455627593822961,True
1466430457,10.2,10.2,7.550939033469277,False
1466430483,9.9,7.078512194346526,7.078512194346526,True
1466430517,9.9,5.238747151018352,5.238747151018352,True
1466430524,10.0,10.0,9.512233536196673,False
1466430592,10.0,5.36277976347397,5.36277976347397,True
1466430616,9.8,9.8,7.745036532815794,False
1466430631,10.3,10.3,6.289865834374126,False
1466430680,10.3,10.3,6.072921314809142,False
1466430734,10.3,6.940270195204685,6.940270195204685,True
1466430790,10.3,10.3,10.767875253755111,False
1466430815,10.3,10.3,5.157498575797339,False
1466430895,10.6,9.587930288977573,9.587930288977573,True
1466430916,10.5,10.5,7.97864833929672,False
1466430929,11.0,11.0,7.327053656254576,False
1466430936,10.3,7.170823899992202,7.170823899992202,True
1466431009,10.7,5.431475303359315,5.431475303359315,True
1466431036,10.7,10.7,8.3834565420314,False
1466431055,10.4,10.4,7.227027993936277,False
1466431145,10.4,5.783598479529488,5.783598479529488,True
1466431218,10.6,10.6,5.669039551055333,False
1466431290,10.8,10.8,5.851959608198192,False
1466431324,10.8,7.16609042286488,7.16609042286488,True
1466431400,10.1,4.567167008575934,4.567167008575934,True
1466431450,10.1,10.381465808370882,10.381465808370882,True
1466431526,10.1,10.1,4.8316123309076175,False
1466431589,10.1,10.1,7.04922333621993,False
1466431661,9.6,9.6,5.083186164431628,False
1466431760,9.6,4.842222654872461,4.842222654872461,True
1466431796,9.6,9.696780397192237,9.696780397192237,True
1466431848,9.6,8.856237205744922,8.856237205744922,True
1466431879,9.6,8.304359320222446,8.304359320222446,True
1466431954,9.8,4.944088466613284,4.944088466613284,True
1466431958,9.8,7.535553949168331,7.535553949168331,True
1466432002,9.8,9.8,5.452252867307104,False
1466432101,9.8,4.388671656462089,4.388671656462089,True
1466432177,10.0,10.0,9.71238262444243,False
1466432194,10.0,5.316303062500433,5.316303062500433,True
1466432237,10.0,10.0,10.648419920997371,False
1466432280,10.0,10.0,9.852048396805444,False
1466432373,10.0,8.207477696533648,8.207477696533648,True
1466432389,10.0,10.0,7.997125856895687,False
1466432415,10.7,4.268653673676879,4.268653673676879,True
1466432417,10.7,10.7,8.894729767204261,False
1466432506,10.6,10.6,4.068395450243475,False
1466432569,10.6,5.810674690224183,5.810674690224183,True
1466432577,10.6,10.6,5.4885312781447375,False
1466432670,11.3,11.3,5.406627945620735,False
1466432706,11.0,11.0,5.645984247101875,False
1466432804,11.0,11.0,8.484864349108172,False
1466432853,10.9,8.530550954394844,8.530550954394844,True
1466432947,10.8,10.8,5.106558070404803,False
1466433040,10.5,4.789262291729099,4.789262291729099,True
1466433128,10.4,9.572181432745342,9.572181432745342,True
1466433145,10.4,10.4,7.04840604599005,False
1466433195,10.5,8.30872341058087,8.30872341058087,True
1466433289,10.5,10.554053114918966,10.554053114918966,True
1466433375,10.1,9.49219287133476,9.49219287133476,True
1466433427,10.1,10.1,6.824182497950176,False
1466433478,10.1,5.920558851248643,5.920558851248643,True
1466433517,10.1,10.1,5.234953265915176,False
1466433615,9.4,9.4,4.542950797047353,False
1466433672,9.7,8.566097260749173,8.566097260749173,True
1466433762,10.2,10.2,4.101139528450967,False
1466433809,9.6,9.6,7.57515020576429,False
1466433873,9.6,8.381377493647994,8.381377493647994,True
1466433910,9.6,9.6,8.302506309344443,False
1466433994,9.6,8.4675151755246,8.4675151755246,True
1466434003,9.6,7.345933969091876,7.345933969091876,True
1466434045,9.6,9.6,5.14555180049221,False
1466434096,9.1,5.0779917045285785,5.0779917045285785,True
1466434173,9.1,9.1,5.334601689065758,False
1466434199,9.1,9.1,6.3452707341817876,False
1466434224,9.1,4.770923870995992,4.770923870995992,True
1466434308,9.1,9.1,5.669740158941112,False
1466434359,9.1,9.1,5.727032352104002,False
1466434371,8.4,8.4,4.378984347361127,False
1466434457,8.4,7.794781825902822,7.794781825902822,True
1466434498,8.5,8.5,6.0369774849538995,False
1466434552,8.5,8.5,7.861936677160346,False
1466434622,8.5,7.327432312371958,7.327432312371958,True
1466434691,8.5,8.5,4.416554453710985,False
1466434718,8.5,5.070470551389904,5.070470551389904,True
1466434727,9.0,9.0,6.125427715068172,False
1466434815,9.0,6.705703323864706,6.705703323864706,True
1466434892,9.7,9.7,10.773688376209186,False
1466434915,10.3,4.494159346186758,4.494159346186758,True
1466434946,10.3,10.3,7.060504984841975,False
1466434988,10.3,10.3,8.496832285784865,False
1466435020,10.3,7.821660003385377,7.821660003385377,True
1466435090,10.3,8.287229532211729,8.287229532211729,True
1466435099,10.3,6.242872100423772,6.242872100423772,True
1466435145,10.3,10.809353483541347,10.809353483541347,True
1466435186,10.3,7.582571207716312,7.582571207716312,True
1466435246,10.3,7.125597175701417,7.125597175701417,True
1466435284,9.5,10.89873219077261,10.89873219077261,True
1466435327,9.5,9.5,9.092706902239806,False
1466435369,9.5,9.5,5.692391522559825,False
1466435408,9.3,9.3,8.00676196149653,False
1466435468,10.1,10.1,9.204249142472388,False
1466435486,10.1,10.1,7.670214684329763,False
1466435555,10.1,10.1,7.152056851080752,False
1466435624,10.2,7.21423387127034,7.21423387127034,True
1466435659,10.2,10.2,7.407054783835008,False
1466435682,10.0,4.871960893411766,4.871960893411766,True
1466435712,10.0,10.0,7.079169418713573,False
1466435794,10.0,10.0,8.73011015428154,False
1466435878,10.0,4.727675462486188,4.727675462486188,True
1466435904,9.3,9.386959637500627,9.386959637500627,True
1466435971,8.6,9.64604630191805,9.64604630191805,True
1466436041,8.1,7.2009100425521355,7.2009100425521355,True
1466436059,7.5,7.5,7.4584266991679,False
1466436093,7.4,6.916078776023074,6.916078776023074,True
1466436178,7.4,7.4,4.862390464102451,False
1466436230,7.8,7.8,7.499088077839297,False
1466436280,7.7,7.7,10.18002305168768,False
1466436332,7.7,7.7,6.165590026438336,False
1466436333,7.7,5.312073272997118,5.312073272997118,True
1466436431,7.7,7.7,5.836411244195234,False
1466436520,7.0,10.920654726642335,10.920654726642335,True
1466436572,7.0,10.95631407116661,10.95631407116661,True
1466436647,6.3,6.3,4.444856404762275,False
1466436655,6.3,5.981465360904165,5.981465360904165,True
1466436727,6.3,6.3,4.794272386917038,False
1466436793,6.4,5.149996382971597,5.149996382971597,True
1466436879,5.7,5.7,8.315222605416869,False
1466436880,5.7,5.7,5.219397255493875,False
1466436939,6.0,10.957095170370877,10.957095170370877,True
1466437015,6.2,5.686557830749349,5.686557830749349,True
1466437048,6.2,6.2,10.727587379183147,False
1466437088,6.2,6.2,10.380827453107585,False
1466437105,6.2,5.405901670453936,5.405901670453936,True
1466437122,6.3,5.371742530306211,5.371742530306211,True
1466437160,6.3,6.3,10.150267501009822,False
1466437232,6.2,4.4672363813835565,4.4672363813835565,True
1466437321,6.2,8.303902196094889,8.303902196094889,True
1466437335,6.3,10.871535672792271,10.871535672792271,True
1466437358,6.5,6.5,5.425956288539881,False
1466437441,6.5,6.5,6.962007184901077,False
1466437480,6.5,6.5,7.19407984518485,False
1466437561,6.5,6.5,6.290021366573912,False
1466437653,6.5,6.5,10.655470211455484,False
1466437709,5.9,7.936346725118024,7.936346725118024,True
1466437798,5.9,10.0184609849223,10.0184609849223,True
1466437869,5.4,5.4,6.914849111837046,False
1466437952,5.4,9.438454369912822,9.438454369912822,True
1466438037,5.4,7.713432554905596,7.713432554905596,True
1466438054,5.2,5.2,4.794323618339478,False
1466438056,5.3,5.3,7.7819819857382235,False
1466438136,5.3,10.022759404120725,10.022759404120725,True
1466438234,5.2,5.2,10.4101346862468,False
1466438261,5.2,5.2,7.7686019760288225,False
1466438348,5.2,10.355179958269876,10.355179958269876,True
1466438407,5.2,10.611406301410579,10.611406301410579,True
1466438422,5.2,5.2,8.96697255123107,False
1466438476,4.4,4.4,7.126049059456905,False
1466438571,4.3,5.154958160704858,5.154958160704858,True
1466438612,4.3,7.521650863339023,7.521650863339023,True
1466438620,4.3,4.3,5.896955921301251,False
1466438698,4.2,8.091092042113145,8.091092042113145,True
1466438747,4.2,4.2,10.762635806750986,False
1466438795,4.5,4.5,5.4084095414206645,False
1466438810,4.5,6.275004364894292,6.275004364894292,True
1466438888,4.5,7.040338778838752,7.040338778838752,True
1466438975,4.5,4.5,8.296180430754237,False
1466439000,5.1,5.1,5.747767287675654,False
1466439092,5.1,5.1,7.928746081185424,False
1466439150,5.1,4.630225858674972,4.630225858674972,True
1466439229,5.1,10.19828808073084,10.19828808073084,True
1466439279,5.1,5.1,8.391553535130868,False
1466439328,5.4,8.34257872111375,8.34257872111375,True
1466439351,5.4,6.232800864056491,6.232800864056491,True
1466439447,5.0,5.0,4.37808004789117,False
1466439466,5.0,5.0,7.3866987522759855,False
1466439480,5.7,5.869460628854567,5.869460628854567,True
1466439560,5.7,5.7,4.056586434309346,False
1466439600,5.7,10.478302823074682,10.478302823074682,True
1466439645,5.6,6.298535126229229,6.298535126229229,True
1466439729,5.9,5.9,4.063817928375597,False
1466439772,5.9,10.479962190747674,10.479962190747674,True
1466439827,5.7,5.936445398004662,5.936445398004662,True
1466439849,6.0,10.47907239966401,10.47907239966401,True
1466439910,6.0,6.0,6.983003906199221,False
1466439990,6.0,4.937964280319422,4.937964280319422,True
1466440005,6.0,6.0,7.922626942877866,False
1466440006,6.0,7.338753001066391,7.338753001066391,True
1466440045,6.0,6.0,6.23281764736506,False
1466440066,6.0,6.0,4.419820751277366,False
1466440154,6.1,7.020380088859054,7.020380088859054,True
1466440214,6.1,6.1,8.78827455097018,False
1466440226,6.7,6.7,4.068927638420449,False
1466440304,6.7,7.971838986006446,7.971838986006446,True
1466440385,6.7,8.04022479114338,8.04022479114338,True
1466440451,6.7,5.116654980476202,5.116654980476202,True
1466440521,6.7,7.521952433936887,7.521952433936887,True
1466440581,6.7,6.7,9.740816492524086,False
1466440674,6.9,6.9,7.821659996094163,False
1466440727,6.9,5.130576119899431,5.130576119899431,True
1466440821,6.2,6.2,4.3847387171259244,False
1466440827,6.2,6.2,5.440666772392284,False
1466440897,6.2,4.211261511462714,4.211261511462714,True
1466440923,6.2,4.362211830576652,4.362211830576652,True
1466441012,6.2,5.222795843430579,5.222795843430579,True
1466441049,6.2,7.327585626835023,7.327585626835023,True
1466441147,6.6,6.6,4.218500696566101,False
1466441213,6.3,6.3,10.328370487245039,False
1466441311,6.3,7.7145738538366855,7.7145738538366855,True
1466441318,6.8,6.8,9.173047918730266,False
1466441418,6.8,4.138563581472942,4.138563581472942,True
1466441510,7.3,7.3,5.501898531904613,False
1466441541,7.3,7.3,8.13848365930491,False
1466441579,7.0,6.686329862607587,6.686329862607587,True
1466441630,7.6,9.06887546992738,9.06887546992738,True
1466441714,7.7,7.7,5.037939978069124,False
1466441724,8.4,8.4,10.688252428899588,False
1466441741,8.3,7.8099342734606605,7.8099342734606605,True
1466441822,8.3,8.3,4.176533287419545,False
1466441883,8.2,5.8275578043640515,5.8275578043640515,True
1466441934,7.7,7.7,4.974037898954575,False
1466441947,7.7,5.1229578385142425,5.1229578385142425,True
1466442046,7.7,8.737194949454569,8.737194949454569,True
1466442137,7.7,7.7,9.945723492277555,False
1466442175,8.4,4.370974768203367,4.370974768203367,True
1466442216,8.4,8.4,6.496486820271984,False
1466442284,8.4,8.4,8.3791255011298,False
1466442332,8.4,9.339564399083658,9.339564399083658,True
1466442358,7.7,7.7,10.248712280897612,False
1466442362,7.1,7.1,8.954569870691376,False
1466442439,7.1,7.1,8.366399845832632,False
1466442490,7.1,7.1,5.909150733918501,False
1466442498,7.1,7.621056894805923,7.621056894805923,True
1466442508,7.1,5.105109446976998,5.105109446976998,True
1466442518,7.1,7.327232128885251,7.327232128885251,True
1466442556,6.9,6.9,6.874851318776926,False
1466442656,6.9,5.163394739098878,5.163394739098878,True
1466442662,6.9,6.9,6.004886043785035,False
1466442703,6.9,6.670350549188526,6.670350549188526,True
1466442768,6.9,4.713258991304421,4.713258991304421,True
1466442788,6.9,4.707095313687366,4.707095313687366,True
1466442886,6.9,5.747039037646837,5.747039037646837,True
1466442980,6.9,6.9,4.854666451337309,False
1466443000,6.9,6.9,4.855058864782575,False
1466443029,6.9,7.891130487639094,7.891130487639094,True
1466443038,6.9,6.9,6.209798669558586,False
1466443089,6.3,6.3,9.022248840360989,False
1466443162,6.3,6.3,10.758262577170367,False
1466443201,6.3,10.317054235211016,10.317054235211016,True
1466443219,6.3,6.3,8.314442987225743,False
1466443263,6.3,6.3,8.900187657029015,False
1466443350,6.1,6.1,9.30683932542814,False
1466443373,6.6,6.6,9.452012614460667,False
1466443392,6.6,6.6,6.430762675017977,False
1466443402,6.6,6.6,7.228155498399246,False
1466443486,6.6,9.98190054719117,9.98190054719117,True
1466443511,6.6,6.6,5.417043439948307,False
1466443584,6.6,6.6,4.108192580324908,False
1466443677,6.6,6.6,6.683238319514421,False
1466443725,6.3,4.625997793071322,4.625997793071322,True
1466443727,6.3,7.660052540408214,7.660052540408214,True
1466443750,6.3,7.001541197757717,7.001541197757717,True
1466443761,6.1,6.1,8.651835679742936,False
1466443808,6.1,7.51111662794142,7.51111662794142,True
1466443861,6.1,6.1,10.231967607161684,False
1466443929,5.8,5.8,8.83677596423227,False
1466443986,5.8,8.115598403161824,8.115598403161824,True
1466444043,5.5,5.965104310863984,5.965104310863984,True
1466444110,5.5,6.126952086301214,6.126952086301214,True
1466444192,5.5,7.949049650956824,7.949049650956824,True
1466444287,5.5,8.625976917964444,8.625976917964444,True
1466444294,5.5,6.1606255908781,6.1606255908781,True
1466444366,5.5,8.406453041515897,8.406453041515897,True
1466444466,5.7,5.7,8.247024552893228,False
1466444505,5.7,5.7,10.10563025252597,False
1466444556,5.6,8.070370439176854,8.070370439176854,True
1466444624,6.3,6.3,8.756450026469306,False
1466444663,6.3,5.456498029357907,5.456498029357907,True
1466444685,5.7,5.7,7.271451182167244,False
1466444756,5.7,5.616494337701276,5.616494337701276,True
1466444781,5.1,5.1,10.934044899995301,False
1466444840,5.1,8.471935005943118,8.471935005943118,True
1466444854,5.1,5.1,4.925762319965009,False
1466444860,5.1,5.1,4.328779756306508,False
1466444959,5.1,4.7783477562135035,4.7783477562135035,True
1466445058,5.1,4.393749610644808,4.393749610644808,True
1466445107,5.9,5.9,9.969702665867171,False
1466445165,5.9,6.052606501354159,6.052606501354159,True
1466445170,5.7,5.7,5.749241067949086,False
1466445173,5.9,5.9,8.754350286894306,False
1466445247,6.4,5.258247870940601,5.258247870940601,True
1466445305,6.6,9.527231817038627,9.527231817038627,True
1466445333,6.6,6.6,5.788806083667897,False
1466445356,6.6,4.839565415327668,4.839565415327668,True
1466445430,6.7,6.7,8.309930913620533,False
1466445491,6.4,8.238976101500477,8.238976101500477,True
1466445497,6.6,5.3483645121969925,5.3483645121969925,True
1466445514,6.6,10.070279877155308,10.070279877155308,True
1466445549,6.6,6.6,4.632366107512329,False
1466445640,6.1,6.1,5.687630579367511,False
1466445648,6.1,10.884294940477648,10.884294940477648,True
1466445739,5.6,6.639908045227349,6.639908045227349,True
1466445814,5.6,10.48842333708883,10.48842333708883,True
1466445879,5.6,5.6,4.177422735774745,False
1466445909,5.6,10.190488466858653,10.190488466858653,True
1466445965,5.6,5.6,6.863567860674953,False
1466446021,5.6,4.272515979298035,4.272515979298035,True
1466446045,5.0,8.909425899395444,8.909425899395444,True
1466446071,4.9,7.400681494204384,7.400681494204384,True
1466446120,4.5,4.5,5.051715288308464,False
1466446168,4.5,10.075346552581895,10.075346552581895,True
1466446253,4.5,4.5,9.306078528803226,False
1466446302,5.3,4.990857661371289,4.990857661371289,True
1466446389,5.3,5.3,8.602130683229994,False
1466446404,5.7,5.7,5.212415616303548,False
1466446494,5.7,9.951259872366556,9.951259872366556,True
1466446594,5.0,5.0,7.016381889723151,False
1466446643,5.0,5.3088949675462915,5.3088949675462915,True
1466446669,5.0,5.786753375485197,5.786753375485197,True
1466446690,5.0,5.0,5.5078860276846715,False
1466446735,5.0,5.0,10.13437547353071,False
1466446766,5.4,5.4,4.285316961422452,False
1466446852,5.4,5.4,4.505417661075009,False
1466446902,5.9,5.9,10.066502976817485,False
1466446945,5.9,5.9,4.9891573832370435,False
1466446987,5.9,5.9,5.186192678026959,False
1466447036,5.9,5.9,10.960246204227696,False
1466447112,5.9,5.9,9.123545266838729,False
1466447129,5.5,4.7367493769512,4.7367493769512,True
1466447189,5.5,5.5,7.7257197643341975,False
1466447224,5.5,5.5,5.896450813154583,False
1466447270,5.5,5.5,5.702693069773654,False
1466447272,5.5,5.5,7.834593811473258,False
1466447348,5.5,5.5,6.763326415290992,False
1466447359,5.2,8.136020536863452,8.136020536863452,True
1466447388,5.2,4.343455355741291,4.343455355741291,True
1466447390,5.2,4.024648792725237,4.024648792725237,True
1466447425,5.2,5.2,4.782417897780388,False
1466447463,5.6,5.6,5.67288359928184,False
1466447485,5.5,5.5,10.602584132937533,False
1466447545,5.5,5.5,7.113590254260969,False
1466447553,5.5,5.5,5.483913039111174,False
1466447554,5.5,6.723682757989932,6.723682757989932,True
1466447573,5.0,5.0,8.552448542047722,False
1466447634,5.2,5.2,8.368083391736054,False
1466447695,5.8,4.12313770424745,4.12313770424745,True
1466447762,5.8,5.8,8.501126318669954,False
1466447844,5.8,4.969788461127875,4.969788461127875,True
1466447885,5.1,4.584592218972467,4.584592218972467,True
1466447943,5.1,5.1,9.648796489390351,False
1466447956,5.0,6.353267961388974,6.353267961388974,True
1466448041,5.0,7.250365647655322,7.250365647655322,True
1466448140,5.3,5.3,9.17311342078867,False
1466448215,5.5,5.5,9.361071785015497,False
1466448270,5.5,9.860130072878473,9.860130072878473,True
1466448302,5.5,9.93043920820366,9.93043920820366,True
1466448368,5.8,5.8,9.350292280354516,False
1466448422,5.8,5.8,8.977741489649535,False
1466448517,5.8,5.8,9.294089100857587,False
1466448614,5.8,5.816297740482947,5.816297740482947,True
1466448701,6.4,7.989297870848278,7.989297870848278,True
1466448743,6.4,6.4,7.3208968499037095,False
1466448805,6.4,6.4,9.596054312693466,False
1466448844,6.4,6.4,9.390378538419208,False
1466448896,5.9,9.013852719355421,9.013852719355421,True
1466448984,6.3,6.3,7.7287403175402964,False
1466449031,6.3,6.3,6.752465771154082,False
1466449045,6.2,6.645991472544155,6.645991472544155,True
1466449099,6.2,6.2,6.828169821673722,False
1466449171,6.6,6.6,7.003438550507991,False
1466449261,6.6,6.6,7.550950379056969,False
1466449280,6.6,6.444568633276068,6.444568633276068,True
1466449359,6.8,5.177194513894914,5.177194513894914,True
1466449442,6.8,6.8,10.124488705217646,False
1466449496,6.8,6.986519897065401,6.986519897065401,True
1466449537,6.8,6.8,5.078739427907107,False
1466449555,6.3,6.3,10.351516081712914,False
1466449629,5.5,5.5,9.865949257286472,False
1466449635,5.5,8.235756919582165,8.235756919582165,True
1466449721,5.5,5.5,6.0061824323094966,False
1466449772,5.5,7.337234104509145,7.337234104509145,True
1466449872,5.5,5.5,7.5522114027719125,False
1466449873,6.1,7.793114821699964,7.793114821699964,True
1466449884,6.1,6.1,4.4576695009716545,False
1466449937,6.1,6.1,5.232212925997027,False
1466449953,6.1,6.1,8.503850154746047,False
1466449959,6.1,6.1,5.680636763692623,False
1466449961,6.7,6.032089723452536,6.032089723452536,True
1466450018,6.7,5.703747123632154,5.703747123632154,True
1466450075,6.7,10.946099706135179,10.946099706135179,True
1466450150,6.5,6.5,6.857658532624429,False
1466450177,7.0,10.118223902759345,10.118223902759345,True
1466450255,7.7,6.632792091023035,6.632792091023035,True
1466450343,7.6,7.6,10.535072632642315,False
1466450348,7.3,7.3,9.611957954537967,False
1466450401,7.3,7.3,4.276099645171085,False
1466450433,7.2,5.798771214437636,5.798771214437636,True
1466450507,7.1,6.964308535028381,6.964308535028381,True
1466450536,6.6,7.319151769750874,7.319151769750874,True
1466450627,6.6,6.6,6.498848198193418,False
1466450723,6.5,6.5,4.619626718636601,False
1466450817,6.8,6.8,4.291654040409618,False
1466450900,6.8,6.8,5.3068593547416905,False
1466450902,6.8,6.8,10.397859016075554,False
1466450971,7.2,5.69149695631455,5.69149695631455,True
1466451016,7.2,7.2,6.533305494165452,False
1466451023,7.2,7.2,9.987602767768621,False
1466451073,7.8,6.690522125162218,6.690522125162218,True
1466451166,7.1,5.07415858567108,5.07415858567108,True
1466451231,7.1,4.21067582640525,4.21067582640525,True
1466451245,7.1,7.057780505093147,7.057780505093147,True
1466451293,7.1,7.1,9.286732163111004,False
1466451295,7.3,4.608718884960806,4.608718884960806,True
1466451378,7.3,7.3,6.14935769428153,False
1466451445,7.3,4.584509358568439,4.584509358568439,True
1466451508,7.9,10.812917147528747,10.812917147528747,True
1466451599,7.9,7.9,10.059083205473213,False
1466451686,7.9,7.9,5.0236487560942145,False
1466451761,7.6,10.833163493749325,10.833163493749325,True
1466451857,7.6,8.816793195268968,8.816793195268968,True
1466451909,7.6,5.121952429900585,5.121952429900585,True
1466451919,7.6,5.287384721420159,5.287384721420159,True
1466452006,7.6,6.212029745632392,6.212029745632392,True
1466452035,7.8,7.6736072495611545,7.6736072495611545,True
1466452039,8.3,8.3,7.684574158304512,False
1466452104,8.3,8.3,9.747965614845182,False
1466452167,8.8,8.588795096877913,8.588795096877913,True
1466452238,8.8,8.8,8.716095521260302,False
1466452313,8.4,8.4,9.401519973651185,False
1466452339,8.9,8.9,7.807754817023673,False
1466452419,8.9,8.9,10.826414306937716,False
1466452424,8.9,7.877265872519477,7.877265872519477,True
1466452435,9.0,4.816456504365351,4.816456504365351,True
1466452531,9.0,9.0,6.291140043705295,False
1466452584,9.0,9.0,10.338959658125091,False
1466452625,8.7,8.742329739028978,8.742329739028978,True
1466452676,8.7,8.7,5.800003358295197,False
1466452752,8.3,8.3,9.098718872513432,False
1466452796,9.0,8.793403618410482,8.793403618410482,True
1466452825,8.5,8.5,6.657133736652696,False
1466452860,8.2,8.321511604569706,8.321511604569706,True
1466452960,8.2,8.2,6.829796431104433,False
1466452979,8.2,8.703746662010118,8.703746662010118,True
1466453002,8.2,8.2,5.867025500249303,False
1466453016,8.2,4.214675789991913,4.214675789991913,True
1466453025,8.2,10.03987490787556,10.03987490787556,True
1466453089,8.2,8.2,9.742039645420009,False
1466453141,8.2,8.2,7.448152549435527,False
1466453154,8.2,5.151090090964507,5.151090090964507,True
1466453184,8.2,7.799835805522218,7.799835805522218,True
1466453202,8.2,7.235671807037065,7.235671807037065,True
1466453203,8.7,7.521078870418531,7.521078870418531,True
1466453222,9.2,9.950876588554355,9.950876588554355,True
1466453321,9.2,8.588811703013848,8.588811703013848,True
1466453379,9.2,9.2,10.278619143054645,False
1466453392,9.1,9.295871210587801,9.295871210587801,True
1466453422,9.1,9.1,9.397228276516476,False
1466453502,8.7,8.7,9.439122836751096,False
1466453518,8.7,8.7,10.550517860264126,False
1466453563,8.6,8.6,7.639995090392773,False
1466453604,8.6,9.8958400178132,9.8958400178132,True
1466453639,8.6,8.6,8.140668171724279,False
1466453705,8.6,8.6,8.76449581565528,False
1466453795,8.5,8.5,9.611586404833886,False
1466453816,8.7,8.7,7.218020486394858,False
1466453870,8.7,8.7,7.243802807570573,False
1466453910,8.3,8.3,6.557396027354684,False
1466454002,8.3,8.3,6.346342446652457,False
1466454051,8.5,8.5,7.40559461732136,False
1466454087,8.5,8.5,4.848331639126583,False
1466454129,8.7,8.7,10.498978747219162,False
1466454227,9.5,9.5,6.449175240449942,False
1466454259,10.2,9.327795143905991,9.327795143905991,True
1466454262,10.7,6.249364519012088,6.249364519012088,True
1466454298,10.4,4.859422592069806,4.859422592069806,True
1466454388,10.7,8.921676286634817,8.921676286634817,True
1466454399,10.1,5.09529869649874,5.09529869649874,True
1466454473,10.1,10.1,7.105020240547148,False
1466454529,9.8,9.8,5.486866777833873,False
1466454559,9.8,9.8,7.73062582914565,False
1466454648,9.8,9.823376506763463,9.823376506763463,True
1466454745,9.8,10.725175782854315,10.725175782854315,True
1466454763,9.8,9.425744658601218,9.425744658601218,True
1466454851,9.8,7.644346404004356,7.644346404004356,True
1466454936,9.8,9.8,10.526635441807862,False
1466454949,10.3,10.3,4.570378565107214,False
1466455032,10.3,4.422281628691406,4.422281628691406,True
1466455065,10.3,6.732153327940412,6.732153327940412,True
1466455119,10.3,10.3,9.616596179648262,False
1466455172,10.7,4.341953229044264,4.341953229044264,True
1466455196,10.7,10.7,6.943335683571403,False
1466455271,10.7,10.7,6.993046418606409,False
1466455357,10.7,10.7,4.203645554545132,False
1466455361,9.9,9.9,9.657489076838711,False
1466455394,9.9,9.9,4.804514079133571,False
1466455475,9.8,6.441289121975801,6.441289121975801,True
1466455497,9.8,10.789367857992843,10.789367857992843,True
1466455561,10.4,6.905655123314613,6.905655123314613,True
1466455575,10.4,10.4,5.32805973704324,False
1466455587,10.4,7.901523727180049,7.901523727180049,True
1466455651,10.3,6.32594942208409,6.32594942208409,True
1466455658,10.3,10.3,9.971693489220744,False
1466455732,9.8,7.281524940907058,7.281524940907058,True
1466455812,9.8,8.469239353934505,8.469239353934505,True
1466455910,9.9,9.9,9.126558808711689,False
1466455951,10.4,5.950727112008231,5.950727112008231,True
1466455999,10.6,10.6,10.040817983754394,False
1466456054,10.6,10.6,7.847364735293064,False
1466456058,10.6,10.6,10.616503770324286,False
1466456074,9.9,9.9,9.727695527251623,False
1466456088,9.9,5.324197127911877,5.324197127911877,True
1466456118,10.5,4.699864761443019,4.699864761443019,True
1466456218,10.5,5.358969160617116,5.358969160617116,True
1466456265,10.7,10.7,7.249242414104503,False
1466456270,10.7,10.7,10.403759510832142,False
1466456312,10.7,10.7,6.869757500441585,False
1466456346,10.7,10.7,8.130663432158094,False
1466456374,10.6,10.6,5.853335572879665,False
1466456406,10.6,10.6,5.0709870681717,False
1466456482,10.6,6.798052498370776,6.798052498370776,True
1466456512,10.6,10.6,8.28044104744027,False
1466456610,11.2,8.845840283513745,8.845840283513745,True
1466456683,11.2,11.2,5.786799469308784,False
1466456768,10.5,10.5,5.2785474980158655,False
1466456856,9.8,9.8,6.990841080840032,False
1466456927,9.8,4.60415718403861,4.60415718403861,True
1466457014,9.2,9.2,5.876594514884626,False
1466457032,9.4,5.067589529156329,5.067589529156329,True
1466457067,8.7,7.164310543906396,7.164310543906396,True
1466457157,8.7,8.7,6.103750997166595,False
1466457215,8.3,8.236459447039966,8.236459447039966,True
1466457267,8.3,7.091742560974479,7.091742560974479,True
1466457357,8.3,9.597273745168375,9.597273745168375,True
1466457434,8.3,8.3,7.873085786857423,False
1466457487,8.3,8.3,4.311880477363058,False
1466457559,8.3,8.3,6.877161779333413,False
1466457603,9.0,9.0,10.26248211706722,False
1466457671,9.7,5.305872477930642,5.305872477930642,True
1466457713,9.0,9.612334029877802,9.612334029877802,True
1466457745,9.0,9.095570334003767,9.095570334003767,True
1466457782,9.0,9.0,8.221433431347043,False
1466457802,9.0,9.0,6.143358593288635,False
1466457817,8.7,4.396874539337978,4.396874539337978,True
1466457865,8.7,6.254515293078922,6.254515293078922,True
1466457884,8.7,8.7,6.594762606052296,False
1466457885,8.7,8.7,5.6021274092109685,False
1466457917,9.4,10.137452251137898,10.137452251137898,True
1466457973,9.4,8.500317371397198,8.500317371397198,True
1466458045,9.4,9.4,10.555528242832656,False
1466458135,9.4,8.502893351376981,8.502893351376981,True
1466458151,9.4,9.4,5.418009299674559,False
1466458230,9.4,5.75403706351395,5.75403706351395,True
1466458324,9.5,9.08108056374548,9.08108056374548,True
1466458362,9.5,7.174947737388012,7.174947737388012,True
1466458438,9.5,9.5,9.758821380833634,False
1466458454,9.5,9.5,6.0918604175965925,False
1466458496,9.5,8.275987537240804,8.275987537240804,True
1466458509,9.8,10.532724471491976,10.532724471491976,True
1466458580,9.8,9.8,5.414712935939763,False
1466458590,9.8,5.926646939807929,5.926646939807929,True
1466458626,9.7,8.603969509465834,8.603969509465834,True
1466458642,9.7,5.27763419632715,5.27763419632715,True
1466458665,9.7,10.242806963206181,10.242806963206181,True
1466458694,9.7,10.181664267626807,10.181664267626807,True
1466458762,9.7,6.710013363333479,6.710013363333479,True
1466458793,9.7,9.7,10.42559409964791,False
1466458824,9.2,8.781637209881696,8.781637209881696,True
1466458906,8.9,8.9,9.811542109399756,False
1466458982,8.9,8.9,9.560024256112097,False
1466459068,8.9,8.9,4.6262680490473524,False
1466459159,8.9,8.582372243370415,8.582372243370415,True
1466459184,8.9,8.9,5.541868059655084,False
1466459273,8.3,8.3,9.938116999212646,False
1466459372,8.1,8.1,8.684832764529096,False
1466459415,8.1,8.1,10.80985482344656,False
1466459483,8.1,7.734610024402554,7.734610024402554,True
1466459504,8.0,6.550668559843876,6.550668559843876,True
1466459588,8.0,8.0,10.180718788013392,False
1466459595,7.5,10.007263599002481,10.007263599002481,True
1466459673,7.5,9.875803349463718,9.875803349463718,True
1466459726,7.5,9.77779673289919,9.77779673289919,True
1466459800,7.5,10.832867772804411,10.832867772804411,True
1466459857,7.5,7.5,10.391202079641563,False
1466459887,7.5,10.700084008414755,10.700084008414755,True
1466459913,7.8,4.230168694675164,4.230168694675164,True
1466459974,7.5,7.5,7.151355641493703,False
1466459995,7.3,4.476258123870235,4.476258123870235,True
1466460001,7.3,7.3,8.55793256354736,False
1466460054,6.9,6.9,7.99532950671246,False
1466460130,6.9,7.150624035939102,7.150624035939102,True
1466460215,6.9,5.466899585104626,5.466899585104626,True
1466460252,6.9,8.14752514387014,8.14752514387014,True
1466460272,6.9,6.9,8.063727059404219,False
1466460346,6.9,4.204956059616956,4.204956059616956,True
1466460440,6.9,6.690326558729545,6.690326558729545,True
1466460461,6.4,5.1001226833288955,5.1001226833288955,True
1466460528,6.4,6.4,9.444363488149925,False
1466460610,6.4,9.24175427604131,9.24175427604131,True
1466460630,6.4,6.4,8.79741581409731,False
1466460691,6.4,9.081105476455999,9.081105476455999,True
1466460706,6.4,6.4,10.702927288497115,False
1466460739,6.4,6.4,6.65161090861145,False
1466460765,6.4,6.4,9.726418644034219,False
1466460795,6.4,6.4,4.143551416062833,False
1466460877,6.4,7.801566176644515,7.801566176644515,True
1466460973,6.4,5.951682489040872,5.951682489040872,True
1466461009,6.4,6.4,5.859152584285825,False
1466461027,6.4,6.4,9.001614646739647,False
1466461032,6.0,10.288834845929397,10.288834845929397,True
1466461096,6.0,9.15793197774971,9.15793197774971,True
1466461169,5.3,6.942193492079374,6.942193492079374,True
1466461256,5.0,5.0,7.655204094973726,False
1466461351,5.2,5.2,10.999167220240569,False
1466461451,4.9,4.9,5.053067116559019,False
1466461531,4.9,6.1287163801829445,6.1287163801829445,True
1466461568,4.9,5.8720617380678535,5.8720617380678535,True
1466461583,4.9,8.869574626401956,8.869574626401956,True
1466461647,4.9,8.219753613363935,8.219753613363935,True
1466461703,4.6,4.6,5.311857597155955,False
1466461794,4.6,10.507915359766518,10.507915359766518,True
1466461813,4.6,9.270577535593127,9.270577535593127,True
1466461910,4.0,4.0,9.09108960208779,False
1466461988,4.0,4.0,5.705112829738441,False
1466462056,3.9,6.252905421384702,6.252905421384702,True
1466462101,3.9,3.9,9.360820251110699,False
1466462155,3.9,10.795063317710078,10.795063317710078,True
1466462215,3.9,9.679938182117398,9.679938182117398,True
1466462278,4.5,4.5,7.960455383192877,False
1466462368,4.8,5.891730608145837,5.891730608145837,True
1466462412,4.8,7.848133123197947,7.848133123197947,True
1466462512,4.8,4.829594698917565,4.829594698917565,True
1466462594,4.8,5.661447759403375,5.661447759403375,True
1466462671,4.8,4.8,7.985438430693968,False
1466462716,5.3,5.3,8.094531412175415,False
1466462746,5.6,5.6,6.2439348975932285,False
1466462782,5.6,5.6,5.387375273678094,False
1466462820,5.6,5.6,4.3873741865283895,False
1466462833,5.7,5.7,7.318270296151682,False
1466462842,5.7,8.852010329587022,8.852010329587022,True
1466462850,5.7,9.769946228976504,9.769946228976504,True
1466462941,5.8,5.8,6.750219251127833,False
1466463026,5.8,6.202183746023706,6.202183746023706,True
1466463117,5.8,5.200426431520686,5.200426431520686,True
1466463139,5.8,9.704392325869083,9.704392325869083,True
