1466410104,18.9,15.854092951634891,15.854092951634891,True
1466410114,18.9,18.9,18.742763675262424,False
1466410130,18.9,18.9,14.534879519597357,False
1466410181,19.0,19.0,18.978505109174243,False
1466410203,19.0,19.0,14.743347625672213,False
1466410250,18.4,17.86737870340885,17.86737870340885,True
1466410309,18.4,18.4,18.130526567436938,False
1466410397,18.4,18.4,16.11589999721547,False
1466410430,18.7,18.7,16.18742013517089,False
1466410469,18.7,19.2404791172718,19.2404791172718,True
1466410483,18.7,18.7,15.171624030110305,False
1466410498,18.7,12.075590840234858,12.075590840234858,True
1466410502,18.7,19.37687443559979,19.37687443559979,True
1466410532,18.7,18.7,13.347321243335568,False
1466410541,18.6,13.755273078295138,13.755273078295138,True
1466410573,18.6,16.871245070541608,16.871245070541608,True
1466410630,19.1,17.361677285369836,17.361677285369836,True
1466410653,19.1,12.33731807519657,12.33731807519657,True
1466410746,19.1,13.009809671026952,13.009809671026952,True
1466410814,19.2,13.5072752269804,13.5072752269804,True
1466410890,19.2,16.961663441741365,16.961663441741365,True
1466410902,19.8,15.209476969328119,15.209476969328119,True
1466410978,19.8,19.8,13.614918860125716,False
1466411008,19.8,19.8,18.295935146602524,False
1466411066,19.8,16.053334253185763,16.053334253185763,True
1466411094,19.2,14.16712569960902,14.16712569960902,True
1466411157,19.0,18.066353586565366,18.066353586565366,True
1466411223,19.0,18.534980460037,18.534980460037,True
1466411226,19.0,13.922354467906821,13.922354467906821,True
1466411272,18.6,16.114274396123317,16.114274396123317,True
1466411303,18.6,18.6,19.06357867197418,False
1466411318,18.6,14.107033794690203,14.107033794690203,True
1466411396,18.0,18.0,19.533400960683736,False
1466411493,18.0,14.535014204657763,14.535014204657763,True
1466411549,18.0,17.26157791783517,17.26157791783517,True
1466411560,18.0,18.331226415947164,18.331226415947164,True
1466411626,18.0,18.0,13.122722536849434,False
1466411723,18.4,14.290482740721284,14.290482740721284,True
1466411763,18.4,16.12476096609701,16.12476096609701,True
1466411785,18.4,16.943265497589607,16.943265497589607,True
1466411854,17.9,12.937682333067428,12.937682333067428,True
1466411889,17.9,19.959819909983644,19.959819909983644,True
1466411988,17.9,17.9,14.051428628211074,False
1466412022,18.1,18.1,17.91212791270347,False
1466412046,18.1,18.1,12.163909206373427,False
1466412076,18.1,12.898260350284918,12.898260350284918,True
1466412152,18.5,18.5,19.176818980742357,False
1466412181,18.3,18.3,17.139566879972918,False
1466412201,18.3,18.3,18.519780307975125,False
1466412260,18.2,18.2,16.936266992464592,False
1466412347,18.2,18.2,12.433150255543183,False
1466412360,18.2,18.2,15.545804049759907,False
1466412438,18.2,18.2,13.342125585118897,False
1466412521,18.5,18.5,12.783524698081196,False
1466412599,18.5,18.5,13.84437219741623,False
1466412639,18.3,19.587583217611567,19.587583217611567,True
1466412691,18.9,17.515091773110818,17.515091773110818,True
1466412747,19.5,17.667584645762894,17.667584645762894,True
1466412794,19.5,19.5,18.38477545287215,False
1466412819,19.5,19.5,18.354474262317467,False
1466412832,19.5,14.8195367475973,14.8195367475973,True
1466412874,19.5,19.5,19.47993188903144,False
1466412943,19.5,19.5,12.19808563808403,False
1466412971,19.5,19.5,13.73771162636282,False
1466412990,19.5,19.5,16.123338456216022,False
1466413028,19.5,18.900616415110022,18.900616415110022,True
1466413053,19.1,15.00483060845166,15.00483060845166,True
1466413125,19.1,19.1,18.52650053413526,False
1466413200,19.0,19.747778268498017,19.747778268498017,True
1466413264,19.0,12.292931037021326,12.292931037021326,True
1466413311,18.9,18.9,16.518818743869687,False
1466413342,19.2,19.2,15.071550859980581,False
1466413440,19.2,18.67276233305068,18.67276233305068,True
1466413458,19.1,19.1,19.067341115739445,False
1466413529,19.1,19.1,12.403426548848017,False
1466413542,19.3,19.3,12.442607268583757,False
1466413638,19.3,18.14520164469908,18.14520164469908,True
1466413672,19.3,13.33986129647515,13.33986129647515,True
1466413733,19.0,12.086973538503038,12.086973538503038,True
1466413779,18.5,18.5,15.210168678778324,False
1466413780,19.1,13.31741279970111,13.31741279970111,True
1466413864,19.1,17.97981591850492,17.97981591850492,True
1466413885,19.1,18.072070681485044,18.072070681485044,True
1466413946,18.6,15.999621220764572,15.999621220764572,True
1466414033,18.6,18.6,17.694850577798412,False
1466414071,18.6,18.6,16.563091596656587,False
1466414164,18.6,17.56255121255296,17.56255121255296,True
1466414225,19.2,19.2,13.597161047693598,False
1466414312,19.2,19.2,15.597977865116137,False
1466414325,18.9,18.9,12.702006682938158,False
1466414328,18.9,19.491341276969905,19.491341276969905,True
1466414329,19.1,19.1,18.707252020926997,False
1466414402,19.1,19.1,18.156587697617464,False
1466414407,19.6,19.6,13.705166372005227,False
1466414413,19.6,17.556535767676515,17.556535767676515,True
1466414460,19.6,12.201830086030027,12.201830086030027,True
1466414552,19.6,19.6,13.905917574702606,False
1466414602,19.6,19.6,14.965808987098175,False
1466414662,19.2,19.2,14.85798547677441,False
1466414746,19.2,17.19063661008034,17.19063661008034,True
1466414844,19.7,19.7,13.248224352300578,False
1466414943,19.7,19.7,18.007859876874296,False
1466414946,19.7,13.130737820357144,13.130737820357144,True
1466414966,19.7,19.060200830893873,19.060200830893873,True
1466415038,19.7,17.757922542652235,17.757922542652235,True
1466415106,19.7,19.7,16.524822974318113,False
1466415130,19.5,19.5,13.729562014459226,False
1466415145,19.9,16.10570132807716,16.10570132807716,True
1466415202,19.9,19.9,17.548717273177964,False
1466415239,19.9,19.9,16.316778372064473,False
1466415249,19.9,19.9,19.63246779382277,False
1466415308,19.9,19.9,16.044383449278943,False
1466415357,19.9,18.00412689892866,18.00412689892866,True
1466415404,19.9,19.9,14.91218657824852,False
1466415469,19.9,17.842587171803082,17.842587171803082,True
1466415548,19.3,18.919213358769184,18.919213358769184,True
1466415588,19.2,19.2,13.083201743955168,False
1466415627,19.2,18.600115845779026,18.600115845779026,True
1466415719,19.2,19.2,12.986525879311333,False
1466415767,19.2,18.897808858241984,18.897808858241984,True
1466415860,19.1,14.169513304140725,14.169513304140725,True
1466415872,18.5,18.5,16.820092280369842,False
1466415914,18.5,18.5,19.482808575225913,False
1466415934,18.4,14.479104908490456,14.479104908490456,True
1466415988,18.4,17.841428009252358,17.841428009252358,True
1466416004,18.4,12.911154731710317,12.911154731710317,True
1466416050,18.4,18.4,19.719515828732135,False
1466416150,18.4,12.120124200466027,12.120124200466027,True
1466416161,18.4,18.4,16.665908892752526,False
1466416215,18.4,18.4,12.668270579687116,False
1466416315,18.4,19.07265218560258,19.07265218560258,True
1466416321,18.8,18.8,16.697015805794734,False
1466416393,18.8,16.284648183098874,16.284648183098874,True
1466416440,18.8,15.893625973354679,15.893625973354679,True
1466416510,19.4,15.33462422532955,15.33462422532955,True
1466416541,19.4,15.222196415865284,15.222196415865284,True
1466416631,19.8,14.961590980385473,14.961590980385473,True
1466416671,19.8,16.885340011021302,16.885340011021302,True
1466416725,19.8,19.8,13.74743355510345,False
1466416815,19.9,19.547381131970504,19.547381131970504,True
1466416867,19.9,14.355009353938748,14.355009353938748,True
1466416933,19.9,19.9,16.336945178216062,False
1466416963,19.8,15.025002586857157,15.025002586857157,True
1466417034,19.8,17.491968563209305,17.491968563209305,True
1466417069,19.8,19.8,14.67574949414087,False
1466417095,19.4,19.4,19.3214416797549,False
1466417123,19.3,19.3,15.753498857768612,False
1466417219,19.3,13.506840775743356,13.506840775743356,True
1466417228,19.9,18.613859796094516,18.613859796094516,True
1466417235,19.9,18.72533337316689,18.72533337316689,True
1466417266,19.9,19.9,12.290160730035174,False
1466417298,19.9,19.9,17.746768972010543,False
1466417382,19.5,14.767523147580334,14.767523147580334,True
1466417429,19.1,19.1,15.087222919063422,False
1466417434,19.1,15.50371666826522,15.50371666826522,True
1466417513,19.1,19.1,16.939799340341978,False
1466417598,19.1,19.741016082732802,19.741016082732802,True
1466417615,19.1,12.573495183335535,12.573495183335535,True
1466417654,19.0,19.0,17.77435556198162,False
1466417749,19.1,19.1,13.765067629332986,False
1466417763,18.7,19.83404493920682,19.83404493920682,True
1466417822,18.7,14.05340444147571,14.05340444147571,True
1466417851,18.7,18.7,14.868957096668794,False
1466417855,18.5,18.5,17.785432257352134,False
1466417879,18.5,18.5,19.993523604260766,False
1466417895,19.1,19.1,18.200354686531313,False
1466417969,19.1,19.1,18.640950403688855,False
1466418049,18.7,18.7,19.983216682564496,False
1466418118,18.7,18.7,14.881675812298141,False
1466418129,18.7,18.840378065711697,18.840378065711697,True
1466418179,18.7,18.7,18.584740187374123,False
1466418254,18.2,18.2,12.035189746160373,False
1466418332,18.2,18.169356054280577,18.169356054280577,True
1466418428,18.2,14.262850801506918,14.262850801506918,True
1466418494,18.2,18.2,16.635141038719908,False
1466418554,17.7,17.7,14.858418363843887,False
1466418563,17.7,18.433645627931178,18.433645627931178,True
1466418564,18.3,16.459410067867026,16.459410067867026,True
1466418594,18.3,17.396072298333113,17.396072298333113,True
1466418674,18.5,14.544365780288683,14.544365780288683,True
1466418748,18.5,14.156699320860689,14.156699320860689,True
1466418847,18.5,13.915231658132399,13.915231658132399,True
1466418877,18.0,18.0,12.617244483502194,False
1466418917,18.6,18.6,18.12936241644985,False
1466418938,18.6,17.637731750927347,17.637731750927347,True
1466419031,18.6,18.6,13.659107336471187,False
1466419058,18.5,13.300240098285967,13.300240098285967,True
1466419104,18.2,18.2,15.921943302929058,False
1466419166,18.2,18.2,19.50422338929897,False
1466419261,17.9,16.27065367984582,16.27065367984582,True
1466419349,17.9,14.539351003195222,14.539351003195222,True
1466419442,17.9,19.099629861235094,19.099629861235094,True
1466419530,17.6,17.6,19.868544134852947,False
1466419595,17.6,17.883129264685408,17.883129264685408,True
1466419646,17.9,12.589474709012846,12.589474709012846,True
1466419737,17.9,14.585482466641228,14.585482466641228,True
1466419826,17.9,16.646136132993952,16.646136132993952,True
1466419880,17.3,19.347481871571937,19.347481871571937,True
1466419911,17.3,17.3,13.844292130590677,False
1466419938,17.3,12.656317332765095,12.656317332765095,True
1466420016,17.5,12.54276868810964,12.54276868810964,True
1466420019,17.8,17.8,16.419357367518028,False
1466420108,17.8,19.736330651953523,19.736330651953523,True
1466420205,17.8,17.8,14.706066794713719,False
1466420228,17.9,15.167029308129816,15.167029308129816,True
1466420257,18.3,18.3,19.709629826129575,False
1466420270,18.3,18.00570820911335,18.00570820911335,True
1466420296,18.3,12.566625509748455,12.566625509748455,True
1466420331,18.0,19.388398302009456,19.388398302009456,True
1466420407,18.0,18.0,13.29467906354364,False
1466420430,18.0,19.913554732220916,19.913554732220916,True
1466420453,18.0,18.0,16.16976616338172,False
1466420474,18.0,14.882777286920039,14.882777286920039,True
1466420566,18.0,18.0,14.624823291662823,False
1466420579,18.0,15.518585989686205,15.518585989686205,True
1466420618,17.4,13.631145090820297,13.631145090820297,True
1466420624,17.4,17.4,12.3230353320159,False
1466420643,17.4,17.4,14.839458053502447,False
1466420695,17.0,17.0,18.36582261687243,False
1466420788,17.0,14.176750987947154,14.176750987947154,True
1466420863,16.4,16.4,17.26327072841425,False
1466420947,15.8,17.582447029564044,17.582447029564044,True
1466421003,15.9,12.828441635311826,12.828441635311826,True
1466421032,15.3,15.3,16.364355211350027,False
1466421050,15.2,16.144094961453355,16.144094961453355,True
1466421116,15.2,15.2,14.200359465976259,False
1466421208,15.6,15.6,12.588005165264944,False
1466421234,16.1,14.93611462667386,14.93611462667386,True
1466421262,16.1,19.80935383899524,19.80935383899524,True
1466421353,15.7,13.932122538363963,13.932122538363963,True
1466421360,15.8,18.97158762486751,18.97158762486751,True
1466421392,16.2,16.2,18.45548377006233,False
1466421480,16.2,14.185157166977937,14.185157166977937,True
1466421530,16.2,15.070024253481815,15.070024253481815,True
1466421547,16.2,19.90655656757479,19.90655656757479,True
1466421591,16.2,16.2,19.033225747989288,False
1466421633,16.5,16.5,14.993304390946086,False
1466421636,16.5,14.617981850125576,14.617981850125576,True
1466421670,16.5,14.941624250615536,14.941624250615536,True
1466421695,16.6,19.9289457369536,19.9289457369536,True
1466421721,16.5,16.5,14.08566746328989,False
1466421804,16.5,16.985926561825057,16.985926561825057,True
1466421819,16.5,14.693127905355645,14.693127905355645,True
1466421862,17.1,17.1,16.613481711026772,False
1466421885,17.1,17.1,12.171976096428455,False
1466421936,17.1,14.849263035626915,14.849263035626915,True
1466422012,17.0,17.0,15.32392486686599,False
1466422044,17.0,17.0,19.080779654602182,False
1466422045,17.0,17.422943511423767,17.422943511423767,True
1466422137,17.0,13.033601830809058,13.033601830809058,True
1466422162,17.3,18.973135709484758,18.973135709484758,True
1466422189,17.3,17.3,19.28836941351058,False
1466422197,17.3,17.3,14.970884956904419,False
1466422264,17.3,17.3,16.18140921652042,False
1466422330,17.3,19.775647392714937,19.775647392714937,True
1466422378,17.0,19.208933304224438,19.208933304224438,True
1466422432,16.8,16.79847446576828,16.79847446576828,True
1466422488,16.5,16.5,19.76071399711221,False
1466422577,16.5,17.163493765403743,17.163493765403743,True
1466422628,16.5,17.94994792611381,17.94994792611381,True
1466422638,16.6,12.643020528131135,12.643020528131135,True
1466422666,16.6,14.004007551500717,14.004007551500717,True
1466422706,16.6,16.6,12.695928767452571,False
1466422731,16.6,12.848348400586708,12.848348400586708,True
1466422804,16.6,16.6,19.18343401263988,False
1466422866,16.6,15.884682771893793,15.884682771893793,True
1466422873,16.5,16.5,17.69585887700086,False
1466422895,16.5,18.475785276815287,18.475785276815287,True
1466422953,16.1,16.1,18.855074468726272,False
1466422973,15.8,19.11244717163481,19.11244717163481,True
1466423017,16.1,14.33623818348509,14.33623818348509,True
1466423051,16.1,16.1,13.607551045780921,False
1466423099,16.1,17.64260253596168,17.64260253596168,True
1466423150,15.9,18.066038066284698,18.066038066284698,True
1466423155,16.4,16.4,12.3819633078441,False
1466423168,16.4,14.559376232059908,14.559376232059908,True
1466423205,16.8,16.8,13.648704645547697,False
1466423275,16.5,16.5,13.212418753246267,False
1466423287,16.8,15.219776338521864,15.219776338521864,True
1466423336,16.4,12.296073431080654,12.296073431080654,True
1466423340,16.4,16.4,18.392479940207863,False
1466423355,16.7,16.7,18.15560121213163,False
1466423443,16.7,16.7,15.309889233170804,False
1466423499,16.3,16.3,15.05172443365751,False
1466423585,16.3,12.788926898984462,12.788926898984462,True
1466423612,16.0,14.158057933613996,14.158057933613996,True
1466423669,15.8,18.944566928049507,18.944566928049507,True
1466423705,15.8,15.8,17.235783130918843,False
1466423770,15.8,15.8,16.517338017202295,False
1466423844,15.8,15.8,12.777375183413495,False
1466423902,15.8,15.470509345153122,15.470509345153122,True
1466423913,15.8,19.547610330992608,19.547610330992608,True
1466423972,15.8,18.19439621104869,18.19439621104869,True
1466424014,15.8,15.8,17.522341043710366,False
1466424069,15.8,15.8,13.459267488950477,False
1466424154,15.8,15.8,15.100581569261447,False
1466424155,15.8,17.18870345721419,17.18870345721419,True
1466424169,15.8,15.8,18.99039096692999,False
1466424262,15.8,15.8,12.842129378514132,False
1466424339,15.8,13.905131146151648,13.905131146151648,True
1466424398,15.8,17.176845708781876,17.176845708781876,True
1466424497,15.6,19.67626337965444,19.67626337965444,True
1466424558,15.8,19.876711436375864,19.876711436375864,True
1466424613,16.0,16.0,16.23320978195882,False
1466424713,15.8,17.55993580330781,17.55993580330781,True
1466424804,16.3,16.3,12.293088460172964,False
1466424878,16.6,19.447263555352777,19.447263555352777,True
1466424924,16.0,13.82661688229539,13.82661688229539,True
1466425009,16.0,18.274148280446777,18.274148280446777,True
1466425106,16.0,18.939454963027412,18.939454963027412,True
1466425129,15.6,14.814575144276208,14.814575144276208,True
1466425179,15.6,15.6,14.282646331873181,False
1466425257,15.4,15.4,14.15420848117104,False
1466425262,15.1,14.074617193084372,14.074617193084372,True
1466425305,15.1,19.583088678562127,19.583088678562127,True
1466425331,15.1,13.161419454549296,13.161419454549296,True
1466425338,15.0,14.900232564281584,14.900232564281584,True
1466425377,15.1,18.238272048054405,18.238272048054405,True
1466425380,15.0,15.0,15.249355128434791,False
1466425417,14.9,14.9,12.468931038628025,False
1466425484,14.9,14.9,18.176920361968364,False
1466425517,14.9,14.9,15.25041109229744,False
1466425553,14.9,14.9,17.62669892813075,False
1466425640,15.2,15.2,13.22667788492128,False
1466425687,15.0,15.0,19.063036436676846,False
1466425711,14.9,14.270641173465831,14.270641173465831,True
1466425768,14.9,14.9,16.278747226126157,False
1466425811,14.9,18.658599409724815,18.658599409724815,True
1466425856,14.9,14.9,13.114152077450846,False
1466425869,14.9,14.9,17.753024644502798,False
1466425884,15.5,15.5,18.850705206904387,False
1466425962,15.8,13.306874087552021,13.306874087552021,True
1466425974,15.2,16.239261541298866,16.239261541298866,True
1466426016,15.2,15.2,17.170759558122793,False
1466426024,15.2,14.030157607268915,14.030157607268915,True
1466426034,15.2,15.2,17.243511063346048,False
1466426130,15.2,15.333166853839176,15.333166853839176,True
1466426189,14.9,14.9,19.671455984762066,False
1466426198,14.9,14.9,12.116541417311243,False
1466426280,14.9,14.12513018629723,14.12513018629723,True
1466426298,14.3,17.530079106392307,17.530079106392307,True
1466426380,14.3,12.09204958551948,12.09204958551948,True
1466426420,14.0,14.0,19.51844459657671,False
1466426509,14.0,15.949736935418017,15.949736935418017,True
1466426521,14.0,15.572560900052736,15.572560900052736,True
1466426535,14.1,12.272939813798327,12.272939813798327,True
1466426563,14.1,14.1,19.886752103030833,False
1466426620,14.5,12.34750137127928,12.34750137127928,True
1466426694,14.1,14.1,18.189898437054037,False
1466426764,14.1,14.1,16.053468062134627,False
1466426778,13.7,19.467803275392896,19.467803275392896,True
1466426866,13.7,13.7,13.688730491074772,False
1466426938,13.7,19.238282363952226,19.238282363952226,True
1466427022,14.0,14.0,18.055604637295957,False
1466427059,14.0,14.0,12.95873424906769,False
1466427125,13.7,16.389023229466545,16.389023229466545,True
1466427204,14.0,15.63650135545194,15.63650135545194,True
1466427240,14.0,18.187565722733133,18.187565722733133,True
1466427317,13.6,13.6,12.240443177037385,False
1466427319,14.1,14.42237165874564,14.42237165874564,True
1466427331,14.0,14.0,14.230310407141868,False
1466427425,14.0,14.0,14.11303502206298,False
1466427458,14.4,14.843075032522464,14.843075032522464,True
1466427495,14.4,14.4,15.951116790039492,False
1466427543,14.6,14.6,15.963113363348821,False
1466427625,14.6,14.6,15.223939659805177,False
1466427663,14.8,13.501269610837262,13.501269610837262,True
1466427672,14.6,18.701910941810752,18.701910941810752,True
1466427684,14.6,14.6,19.936708299544915,False
1466427739,15.1,19.034561045132083,19.034561045132083,True
1466427769,14.7,17.458784818930482,17.458784818930482,True
1466427775,14.7,14.587589371752632,14.587589371752632,True
1466427820,14.7,19.813305539733765,19.813305539733765,True
1466427837,14.2,14.2,19.547816003595067,False
1466427846,14.2,16.93082931283952,16.93082931283952,True
1466427904,14.3,13.730652658019922,13.730652658019922,True
1466427997,14.3,14.3,18.807526790760548,False
1466428027,14.9,14.9,18.17521318928139,False
1466428114,14.9,14.9,14.822963140891833,False
1466428212,14.5,14.629044521336162,14.629044521336162,True
1466428294,14.5,15.020757700383399,15.020757700383399,True
1466428321,14.5,14.5,19.847891948093025,False
1466428340,14.2,19.69827308713669,19.69827308713669,True
1466428378,14.2,14.2,12.886669050545237,False
1466428463,14.2,14.2,12.959810716449786,False
1466428551,13.9,13.9,15.331778432512522,False
1466428575,14.0,14.0,18.660173441550306,False
1466428593,14.4,14.4,14.0414087978321,False
1466428682,13.9,17.30568355484678,17.30568355484678,True
1466428699,13.9,19.582672736571812,19.582672736571812,True
1466428719,13.5,13.5,12.69408942015122,False
1466428819,13.5,13.5,15.230682286301057,False
1466428850,14.1,17.16085715289661,17.16085715289661,True
1466428884,14.3,18.794013540206723,18.794013540206723,True
1466428973,14.7,19.44784740570663,19.44784740570663,True
1466429006,14.7,14.7,17.600467503504635,False
1466429026,14.7,16.434521406370386,16.434521406370386,True
1466429066,15.3,17.24583857082871,17.24583857082871,True
1466429072,15.3,14.60086026601196,14.60086026601196,True
1466429103,15.3,19.728712812153063,19.728712812153063,True
1466429110,15.4,17.869873041902085,17.869873041902085,True
1466429123,15.4,13.170594549442644,13.170594549442644,True
1466429168,15.4,15.4,14.799361375601402,False
1466429182,15.4,15.4,14.128262282746814,False
1466429184,15.4,15.4,14.374733462735804,False
1466429197,15.4,15.4,12.809281793838874,False
1466429280,15.4,15.47048401068739,15.47048401068739,True
1466429378,15.4,15.4,14.016989044279962,False
1466429450,15.4,15.4,13.716300690424509,False
1466429455,15.4,15.4,12.036201284921535,False
1466429510,15.4,12.17075074577215,12.17075074577215,True
1466429565,15.9,14.029813858107202,14.029813858107202,True
1466429566,16.1,16.1,12.671689191607094,False
1466429592,16.1,16.3375889008365,16.3375889008365,True
1466429623,16.1,14.111385464075115,14.111385464075115,True
1466429691,16.1,14.943898575414462,14.943898575414462,True
1466429733,15.9,19.72665834087727,19.72665834087727,True
1466429803,15.9,17.222134184022845,17.222134184022845,True
1466429832,15.7,15.7,15.909195832095719,False
1466429905,15.6,15.6,17.752649371926125,False
1466429997,15.8,15.8,18.28649157307259,False
1466430050,16.3,16.3,18.025200396775674,False
1466430088,16.9,16.9,13.784590585155515,False
1466430174,16.9,16.9,17.662795288846876,False
1466430247,16.9,14.778781887127945,14.778781887127945,True
1466430344,16.9,16.9,19.763387700721644,False
1466430375,16.9,16.9,13.744805020657498,False
1466430400,17.2,12.481656813756034,12.481656813756034,True
1466430457,17.2,17.2,12.081225373389778,False
1466430483,17.0,17.0,17.361465843955855,False
1466430517,16.6,18.6652686907235,18.6652686907235,True
1466430524,16.6,16.4827561984265,16.4827561984265,True
1466430592,16.6,16.6,16.311223707538502,False
1466430616,17.2,17.2,19.915402061493428,False
1466430631,17.2,14.238427868363429,14.238427868363429,True
1466430680,17.2,17.45929188435828,17.45929188435828,True
1466430734,17.6,16.451333396940935,16.451333396940935,True
1466430790,17.6,14.693376314298972,14.693376314298972,True
1466430815,17.6,17.6,14.187187006718858,False
1466430895,17.6,17.6,15.692388176225592,False
1466430916,17.6,17.6,16.057224137151294,False
1466430929,17.6,14.258999570093618,14.258999570093618,True
1466430936,17.6,19.90774389606318,19.90774389606318,True
1466431009,17.6,15.196484505461152,15.196484505461152,True
1466431036,17.6,17.08524922296907,17.08524922296907,True
1466431055,17.7,14.80737687527364,14.80737687527364,True
1466431145,17.6,14.98801380235525,14.98801380235525,True
1466431218,17.6,17.6,19.660496046756133,False
1466431290,17.6,17.6,16.330379927404245,False
1466431324,17.6,19.339599708406666,19.339599708406666,True
1466431400,17.7,17.7,16.458728420391566,False
1466431450,17.8,17.8,17.474877180395136,False
1466431526,17.8,15.258229789432662,15.258229789432662,True
1466431589,17.8,17.8,19.92965636094218,False
1466431661,17.3,14.849734516619826,14.849734516619826,True
1466431760,17.2,13.10956092900777,13.10956092900777,True
1466431796,17.2,13.766967654093122,13.766967654093122,True
1466431848,17.2,17.2,14.347363573715453,False
1466431879,16.9,15.222638827802555,15.222638827802555,True
1466431954,16.9,12.561811802220365,12.561811802220365,True
1466431958,16.9,16.9,15.67727854647392,False
1466432002,16.9,16.9,19.661090538220712,False
1466432101,16.8,16.8,19.93639047701407,False
1466432177,16.8,13.262398756473878,13.262398756473878,True
1466432194,16.8,16.8,13.807508624017132,False
1466432237,16.8,19.642064363732857,19.642064363732857,True
1466432280,17.0,14.044615942257828,14.044615942257828,True
1466432373,17.0,17.0,13.938278238853973,False
1466432389,17.0,17.0,13.050039187864925,False
1466432415,17.0,17.0,15.61495973409085,False
1466432417,17.0,17.0,13.29168359134076,False
1466432506,17.0,17.0,13.59798466758593,False
1466432569,17.0,17.0,19.936532445692514,False
1466432577,17.0,17.0,15.36356626287194,False
1466432670,17.0,16.793129515492357,16.793129515492357,True
1466432706,17.0,17.0,17.65951172929861,False
1466432804,17.0,13.649132524112785,13.649132524112785,True
1466432853,17.0,18.2529330987321,18.2529330987321,True
1466432947,16.9,13.10202771545934,13.10202771545934,True
1466433040,16.9,15.116617766895715,15.116617766895715,True
1466433128,16.9,16.9,17.854016568338338,False
1466433145,16.4,15.322731313635423,15.322731313635423,True
1466433195,16.4,14.959420694106793,14.959420694106793,True
1466433289,16.4,15.193068404209278,15.193068404209278,True
1466433375,16.4,16.4,12.216566216732271,False
1466433427,16.4,18.3050425406063,18.3050425406063,True
1466433478,16.4,16.4,18.87764458546439,False
1466433517,16.4,14.854804472691335,14.854804472691335,True
1466433615,16.7,16.7,17.666697325943474,False
1466433672,16.7,16.7,17.72415746347214,False
1466433762,16.2,16.600340580348185,16.600340580348185,True
1466433809,16.2,16.032391455118532,16.032391455118532,True
1466433873,15.6,18.10841037557936,18.10841037557936,True
1466433910,15.5,19.179975294826683,19.179975294826683,True
1466433994,15.5,13.610195486914508,13.610195486914508,True
1466434003,15.9,15.9,17.99307074462037,False
1466434045,15.9,15.792251174296492,15.792251174296492,True
1466434096,15.6,16.59555271049151,16.59555271049151,True
1466434173,15.2,15.441039754314955,15.441039754314955,True
1466434199,15.3,18.4013930652415,18.4013930652415,True
1466434224,15.3,15.3,18.296294020646783,False
1466434308,15.0,15.0,18.035278217037828,False
1466434359,15.0,12.358893020218773,12.358893020218773,True
1466434371,15.0,19.43981688702697,19.43981688702697,True
1466434457,15.0,15.0,19.24105212644882,False
1466434498,14.9,14.9,17.030461191070792,False
1466434552,14.9,14.9,14.807442040857872,False
1466434622,15.3,15.3,18.3862328514611,False
1466434691,15.7,16.155111009794616,16.155111009794616,True
1466434718,15.6,15.6,19.36625742808479,False
1466434727,15.6,12.49984252071233,12.49984252071233,True
1466434815,16.1,17.371512583500145,17.371512583500145,True
1466434892,15.7,15.7,18.91694140094399,False
1466434915,15.7,17.077585105106508,17.077585105106508,True
1466434946,15.7,18.904103909019653,18.904103909019653,True
1466434988,15.7,15.7,15.038336023096335,False
1466435020,16.1,16.1,16.110472231351643,False
1466435090,16.1,19.057904102781187,19.057904102781187,True
1466435099,16.1,16.1,13.041609441690753,False
1466435145,15.8,15.8,17.82207553297743,False
1466435186,15.8,15.8,15.16315995304115,False
1466435246,15.8,16.79543997015289,16.79543997015289,True
1466435284,15.8,16.983314360785627,16.983314360785627,True
1466435327,16.0,13.666387738690666,13.666387738690666,True
1466435369,16.0,16.0,13.320630794804998,False
1466435408,16.0,16.0,18.345496800241186,False
1466435468,16.0,16.0,16.206892093011454,False
1466435486,16.0,18.677787255835263,18.677787255835263,True
1466435555,16.0,17.526929720633163,17.526929720633163,True
1466435624,16.0,16.0,19.174979541698377,False
1466435659,15.6,14.44905651725581,14.44905651725581,True
1466435682,15.6,15.6,18.51356251351056,False
1466435712,15.4,15.4,19.29972774481319,False
1466435794,15.5,19.22304107434805,19.22304107434805,True
1466435878,15.5,19.242473313336223,19.242473313336223,True
1466435904,15.5,14.621198498860306,14.621198498860306,True
1466435971,15.5,15.5,17.53306819091351,False
1466436041,16.1,12.584499228588061,12.584499228588061,True
1466436059,16.1,16.1,16.677764914899576,False
1466436093,16.1,16.1,13.744859839074701,False
1466436178,16.1,19.409949998037522,19.409949998037522,True
1466436230,16.1,16.1,15.137224007871373,False
1466436280,16.1,18.848718224129435,18.848718224129435,True
1466436332,16.7,13.815468400614456,13.815468400614456,True
1466436333,16.9,19.327019884862782,19.327019884862782,True
1466436431,16.9,16.149590607954927,16.149590607954927,True
1466436520,16.9,16.9,15.978477338084897,False
1466436572,16.9,16.10947548004001,16.10947548004001,True
1466436647,16.9,16.9,14.655257874006097,False
1466436655,16.9,16.9,15.269360903967803,False
1466436727,16.9,17.154571135657843,17.154571135657843,True
1466436793,16.9,16.9,15.511894858083771,False
1466436879,17.3,12.830959207683172,12.830959207683172,True
1466436880,17.3,17.3,16.618737787226504,False
1466436939,17.3,17.3,15.319528577583714,False
1466437015,16.9,16.9,13.080957636614139,False
1466437048,16.9,16.9,13.454498428678193,False
1466437088,16.9,18.168711982290468,18.168711982290468,True
1466437105,16.4,17.840044200935946,17.840044200935946,True
1466437122,16.4,19.477498647585975,19.477498647585975,True
1466437160,16.4,12.051009127605518,12.051009127605518,True
1466437232,16.4,19.98081869870153,19.98081869870153,True
1466437321,16.4,12.673472410350552,12.673472410350552,True
1466437335,16.4,19.853324939529497,19.853324939529497,True
1466437358,16.4,13.376404803298652,13.376404803298652,True
1466437441,16.4,13.447561032824138,13.447561032824138,True
1466437480,16.4,12.445969108195921,12.445969108195921,True
1466437561,16.4,16.4,17.451262040077914,False
1466437653,16.4,16.4,12.34741645027237,False
1466437709,16.7,15.309758393280152,15.309758393280152,True
1466437798,16.7,16.7,17.794280867250677,False
1466437869,16.7,13.936433456629567,13.936433456629567,True
1466437952,17.3,19.402434225968964,19.402434225968964,True
1466438037,17.3,18.67046221648224,18.67046221648224,True
1466438054,17.3,17.3,15.77820031252018,False
1466438056,17.3,13.403258048907972,13.403258048907972,True
1466438136,17.0,14.482642407636366,14.482642407636366,True
1466438234,17.0,17.0,17.051709913694047,False
1466438261,17.0,17.0,14.48055614117844,False
1466438348,16.9,15.914830367535519,15.914830367535519,True
1466438407,16.9,16.9,16.684356267813424,False
1466438422,16.9,16.9,12.946925798985443,False
1466438476,17.1,15.951216097364043,15.951216097364043,True
1466438571,17.2,17.2,13.423987791558883,False
1466438612,17.2,17.2,15.922277977798778,False
1466438620,17.3,17.62687222506124,17.62687222506124,True
1466438698,17.3,17.3,15.129647675352398,False
1466438747,17.5,14.317161801816734,14.317161801816734,True
1466438795,17.5,17.5,12.310721159150514,False
1466438810,17.5,16.171203176248795,16.171203176248795,True
1466438888,17.5,15.201351127796986,15.201351127796986,True
1466438975,17.5,17.5,12.77630556993941,False
1466439000,17.8,19.824067123634613,19.824067123634613,True
1466439092,17.8,13.118924797676474,13.118924797676474,True
1466439150,18.4,18.4,18.111162311314295,False
1466439229,18.4,18.4,17.04591453491213,False
1466439279,18.6,18.6,17.873305739160628,False
1466439328,18.6,18.6,17.664007023402505,False
1466439351,18.7,17.352621882507542,17.352621882507542,True
1466439447,18.7,15.473210815079018,15.473210815079018,True
1466439466,18.7,18.7,17.87332047917304,False
1466439480,18.6,18.6,19.081398528748675,False
1466439560,18.8,18.8,13.264659458449024,False
1466439600,18.8,19.85659513362473,19.85659513362473,True
1466439645,18.3,18.3,15.413688542682703,False
1466439729,18.7,14.353555246291474,14.353555246291474,True
1466439772,18.7,18.7,14.187640093022704,False
1466439827,18.7,18.7,12.741466355375294,False
1466439849,19.1,18.937006786407622,18.937006786407622,True
1466439910,19.1,19.1,18.36491632211417,False
1466439990,19.1,19.1,14.098452457861917,False
1466440005,19.1,19.1,13.006218415182754,False
1466440006,19.4,15.039049268014015,15.039049268014015,True
1466440045,19.6,19.6,16.513597465101764,False
1466440066,19.8,19.8,19.346521394508088,False
1466440154,19.4,17.253365567002014,17.253365567002014,True
1466440214,19.4,13.72325802335309,13.72325802335309,True
1466440226,19.4,19.4,14.286208114111691,False
1466440304,18.9,16.899571441904566,16.899571441904566,True
1466440385,18.9,14.678523810148068,14.678523810148068,True
1466440451,18.9,18.9,17.111586863536402,False
1466440521,18.9,18.9,18.299111052799894,False
1466440581,19.4,19.4,13.170534103034836,False
1466440674,19.0,19.0,16.803993883392877,False
1466440727,19.0,19.910581393673723,19.910581393673723,True
1466440821,19.0,19.0,19.40423661552182,False
1466440827,19.4,19.854256320050578,19.854256320050578,True
1466440897,19.9,12.286809154550362,12.286809154550362,True
1466440923,19.9,15.009366332386708,15.009366332386708,True
1466441012,19.9,19.9,19.00937514158797,False
1466441049,19.9,19.639620288404963,19.639620288404963,True
1466441147,19.9,19.492272291661735,19.492272291661735,True
1466441213,19.4,12.156999384897212,12.156999384897212,True
1466441311,19.4,19.55118711385661,19.55118711385661,True
1466441318,18.9,15.205493365027817,15.205493365027817,True
1466441418,18.9,18.9,17.167193590526264,False
1466441510,18.9,18.9,16.82517504622642,False
1466441541,19.2,19.2,13.895377994055316,False
1466441579,19.5,18.766628735810514,18.766628735810514,True
1466441630,19.8,19.8,18.49611142099296,False
1466441714,19.9,19.9,19.535759947501873,False
1466441724,19.9,19.9,15.995577389988608,False
1466441741,19.9,19.9,12.928591579334851,False
1466441822,19.9,19.95592472449754,19.95592472449754,True
1466441883,19.9,19.817908751530236,19.817908751530236,True
1466441934,19.9,19.9,14.19872941445712,False
1466441947,19.4,19.4,19.337203529451994,False
1466442046,19.4,19.4,12.126148410541123,False
1466442137,19.4,14.806166640728012,14.806166640728012,True
1466442175,19.4,19.4,15.828834114411467,False
1466442216,19.4,19.4,19.294613684389805,False
1466442284,19.4,19.52607251053961,19.52607251053961,True
1466442332,19.1,19.1,18.2911859639491,False
1466442358,18.9,18.290916515876024,18.290916515876024,True
1466442362,18.7,19.004103792409396,19.004103792409396,True
1466442439,18.6,13.918857304342726,13.918857304342726,True
1466442490,18.6,16.8514073901571,16.8514073901571,True
1466442498,19.1,12.69658920069152,12.69658920069152,True
1466442508,19.1,19.1,12.871371396348026,False
1466442518,19.1,14.579088067287987,14.579088067287987,True
1466442556,19.1,17.190204724579004,17.190204724579004,True
1466442656,19.1,19.1,17.758242252329776,False
1466442662,19.1,19.1,13.986327543462298,False
1466442703,19.1,15.220967731596666,15.220967731596666,True
1466442768,19.1,19.1,15.692829372306385,False
1466442788,19.1,19.1,16.00934091513171,False
1466442886,19.1,19.1,18.539968544689557,False
1466442980,19.1,19.1,15.017863834826443,False
1466443000,19.1,17.351060249719087,17.351060249719087,True
1466443029,19.1,19.1,13.195014370474228,False
1466443038,19.7,19.7,15.65785465857598,False
1466443089,19.7,19.7,17.404752855665862,False
1466443162,19.7,19.7,15.338553991581701,False
1466443201,19.7,19.7,16.137978535019368,False
1466443219,19.7,16.719854623668564,16.719854623668564,True
1466443263,19.7,19.7,16.153519565849983,False
1466443350,19.7,19.88158966229428,19.88158966229428,True
1466443373,19.3,19.3,17.89093105972278,False
1466443392,19.3,13.456680025842227,13.456680025842227,True
1466443402,19.3,12.307439396713132,12.307439396713132,True
1466443486,19.3,18.352911784800554,18.352911784800554,True
1466443511,19.3,15.592979281371438,15.592979281371438,True
1466443584,19.3,19.3,15.442958731566486,False
1466443677,19.3,19.3,13.37228354094469,False
1466443725,19.3,15.908842125655697,15.908842125655697,True
1466443727,19.3,19.3,14.352149766541903,False
1466443750,19.8,19.8,18.54882923991924,False
1466443761,19.8,19.8,19.69167469065505,False
1466443808,19.2,17.129437237556843,17.129437237556843,True
1466443861,19.2,19.2,15.258930338919324,False
1466443929,18.7,18.026734586202842,18.026734586202842,True
1466443986,18.8,16.108012129166838,16.108012129166838,True
1466444043,18.8,15.524929555269372,15.524929555269372,True
1466444110,19.1,19.1,17.56258936124641,False
1466444192,19.2,13.1992935074325,13.1992935074325,True
1466444287,19.3,17.703539764762482,17.703539764762482,True
1466444294,18.9,18.9,18.023964695814353,False
1466444366,19.3,19.3,18.214115164314816,False
1466444466,19.3,19.3,16.79281965230448,False
1466444505,19.3,19.3,12.804060413558819,False
1466444556,19.3,19.3,13.265796077690194,False
1466444624,18.9,18.9,19.88566286340846,False
1466444663,18.9,18.471710111924153,18.471710111924153,True
1466444685,19.1,18.262322585533557,18.262322585533557,True
1466444756,19.7,12.329668037695754,12.329668037695754,True
1466444781,19.7,14.693553171703773,14.693553171703773,True
1466444840,19.7,19.711168231587898,19.711168231587898,True
1466444854,19.9,17.938176966529205,17.938176966529205,True
1466444860,19.6,19.6,16.81321296409397,False
1466444959,19.6,19.6,14.393899426926424,False
1466445058,19.6,19.6,16.916547097332817,False
1466445107,19.6,19.6,12.066569158892012,False
1466445165,19.2,17.616987032438516,17.616987032438516,True
1466445170,19.2,18.162619604247798,18.162619604247798,True
1466445173,19.5,19.5,13.789161594254477,False
1466445247,19.5,19.5,15.587588152489388,False
1466445305,19.7,19.7,14.288054019127214,False
1466445333,19.7,18.656380471048152,18.656380471048152,True
1466445356,19.8,12.456091318350554,12.456091318350554,True
1466445430,19.2,19.2,12.407355949105131,False
1466445491,19.2,19.2,18.732098834836464,False
1466445497,19.2,19.2,18.79049397068539,False
1466445514,18.8,17.98212010662684,17.98212010662684,True
1466445549,19.0,16.136039972955714,16.136039972955714,True
1466445640,19.0,18.52759927061481,18.52759927061481,True
1466445648,19.4,19.4,18.50482869523089,False
1466445739,19.4,17.965486361858545,17.965486361858545,True
1466445814,19.3,19.3,17.928313110300095,False
1466445879,19.8,19.067515677163968,19.067515677163968,True
1466445909,19.9,12.719181853228898,12.719181853228898,True
1466445965,19.9,14.924454641862061,14.924454641862061,True
1466446021,19.6,18.67811255404991,18.67811255404991,True
1466446045,19.7,19.7,15.79595078210635,False
1466446071,20.0,20.0,17.997180011661534,False
1466446120,19.5,19.387356945125372,19.387356945125372,True
1466446168,19.5,19.5,19.101868753415456,False
1466446253,19.3,17.606091123508843,17.606091123508843,True
1466446302,19.3,19.3,18.01218694943143,False
1466446389,19.3,19.3,18.127942021787458,False
1466446404,19.5,18.580754108878953,18.580754108878953,True
1466446494,19.5,19.5,18.75209152956927,False
1466446594,19.5,16.320343115321798,16.320343115321798,True
1466446643,19.0,14.868223257267802,14.868223257267802,True
1466446669,18.5,18.5,13.17009611288345,False
1466446690,18.6,18.6,13.771350068240892,False
1466446735,18.7,12.505791086579086,12.505791086579086,True
1466446766,18.7,12.575694302270026,12.575694302270026,True
1466446852,18.5,18.5,16.3124588789941,False
1466446902,18.5,15.862908871168756,15.862908871168756,True
1466446945,18.5,13.83393596345796,13.83393596345796,True
1466446987,18.9,12.427788553201742,12.427788553201742,True
1466447036,19.1,19.1,19.08288992523279,False
1466447112,19.1,19.1,13.971093624582462,False
1466447129,19.2,19.2,15.614722614949367,False
1466447189,19.2,19.2,13.193570345928158,False
1466447224,19.2,19.2,14.087264345078747,False
1466447270,19.5,19.5,19.260624397191695,False
1466447272,19.5,19.5,14.250056036687187,False
1466447348,19.5,18.942467438771427,18.942467438771427,True
1466447359,19.8,19.8,13.886370693064922,False
1466447388,19.8,14.094167329218983,14.094167329218983,True
1466447390,19.8,19.8,17.661332018754326,False
1466447425,19.7,19.7,19.912911689478648,False
1466447463,19.7,19.7,19.212343653201074,False
1466447485,19.7,13.664393767656394,13.664393767656394,True
1466447545,19.7,14.141727955336638,14.141727955336638,True
1466447553,19.7,17.752624800891226,17.752624800891226,True
1466447554,19.7,15.39928314790178,15.39928314790178,True
1466447573,19.3,15.01623400001011,15.01623400001011,True
1466447634,19.3,14.82524844544271,14.82524844544271,True
1466447695,19.3,19.3,15.892030088083313,False
1466447762,19.3,18.710195576965823,18.710195576965823,True
1466447844,19.3,19.3,18.86059547824561,False
1466447885,19.3,19.3,14.615316455345798,False
1466447943,19.3,15.225642479941419,15.225642479941419,True
1466447956,19.5,19.5,16.991744423573873,False
1466448041,18.9,18.9,17.972594297986284,False
1466448140,18.9,19.479736373040655,19.479736373040655,True
1466448215,18.9,19.615117903907972,19.615117903907972,True
1466448270,18.9,18.9,16.341900025725458,False
1466448302,18.6,18.6,15.843694779930951,False
1466448368,18.6,14.629018212146125,14.629018212146125,True
1466448422,19.0,19.0,15.08664510643058,False
1466448517,18.4,18.4,12.30177510847368,False
1466448614,18.4,19.561741394794797,19.561741394794797,True
1466448701,18.4,13.850132649788417,13.850132649788417,True
1466448743,18.4,18.49484164188373,18.49484164188373,True
1466448805,18.3,13.88965002797958,13.88965002797958,True
1466448844,18.3,18.3,17.39970456716449,False
1466448896,18.1,13.357752528546067,13.357752528546067,True
1466448984,18.1,18.1,15.10624673018361,False
1466449031,18.2,18.2,13.237400977181853,False
1466449045,18.4,18.4,12.566651791275376,False
1466449099,18.9,15.330198211123381,15.330198211123381,True
1466449171,18.7,18.7,17.540451947270135,False
1466449261,18.7,13.745931530204277,13.745931530204277,True
1466449280,19.0,19.0,13.508426709860405,False
1466449359,19.1,17.241487588589997,17.241487588589997,True
1466449442,19.1,19.1,19.64342339588936,False
1466449496,18.8,16.48076359309004,16.48076359309004,True
1466449537,19.2,13.881054592992978,13.881054592992978,True
1466449555,19.2,13.179861182388905,13.179861182388905,True
1466449629,19.2,16.093564225782966,16.093564225782966,True
1466449635,19.2,19.2,12.496022103509382,False
1466449721,19.2,15.633174755911632,15.633174755911632,True
1466449772,19.2,19.2,13.546894269731872,False
1466449872,19.0,19.003174604123306,19.003174604123306,True
1466449873,18.8,19.045920294254497,19.045920294254497,True
1466449884,18.8,12.368580995790051,12.368580995790051,True
1466449937,18.8,18.8,17.132838453440165,False
1466449953,18.8,16.026552146852783,16.026552146852783,True
1466449959,18.8,18.8,17.089927100661896,False
1466449961,18.8,18.8,12.05816995570159,False
1466450018,18.9,16.59206482453554,16.59206482453554,True
1466450075,19.3,19.3,14.605683638729095,False
1466450150,18.8,18.8,19.72703777717824,False
1466450177,18.8,18.158332010389515,18.158332010389515,True
1466450255,18.8,18.8,15.115253181830848,False
1466450343,18.9,18.9,15.7044943702837,False
1466450348,18.6,16.743097733626225,16.743097733626225,True
1466450401,18.6,18.6,16.389972440769117,False
1466450433,19.0,19.0,14.70749831045623,False
1466450507,19.1,19.1,14.72812346500426,False
1466450536,19.6,15.822431331142027,15.822431331142027,True
1466450627,19.6,19.6,12.30741178040227,False
1466450723,19.7,19.7,18.83017917886781,False
1466450817,19.6,18.79906170056859,18.79906170056859,True
1466450900,19.6,14.493835922414327,14.493835922414327,True
1466450902,19.6,13.763099324740715,13.763099324740715,True
1466450971,19.6,19.6,15.64164802467077,False
1466451016,19.6,18.409926488599464,18.409926488599464,True
1466451023,19.9,19.9,16.266042526489997,False
1466451073,19.4,14.646991017846192,14.646991017846192,True
1466451166,19.3,12.515633161450967,12.515633161450967,True
1466451231,19.3,19.3,16.780660145343255,False
1466451245,19.0,14.825343373057283,14.825343373057283,True
1466451293,19.0,19.0,13.558410404028134,False
1466451295,19.0,19.0,15.357105640806328,False
1466451378,19.0,14.807113442293101,14.807113442293101,True
1466451445,19.0,19.0,13.140050905831423,False
1466451508,19.4,13.771443725008485,13.771443725008485,True
1466451599,19.5,15.201593393445451,15.201593393445451,True
1466451686,19.1,19.1,19.726494112581104,False
1466451761,19.1,19.1,12.584544950917476,False
1466451857,19.3,19.3,15.540190450398924,False
1466451909,19.4,13.484099168047866,13.484099168047866,True
1466451919,18.8,17.01991049481099,17.01991049481099,True
1466452006,18.8,18.8,19.586632540231136,False
1466452035,18.6,17.985958962404876,17.985958962404876,True
1466452039,18.4,19.00455060253948,19.00455060253948,True
1466452104,18.5,18.5,14.267650856048837,False
1466452167,18.5,18.5,18.82566876522446,False
1466452238,18.0,13.198012834234824,13.198012834234824,True
1466452313,17.8,17.40152078859837,17.40152078859837,True
1466452339,18.3,14.22430804413739,14.22430804413739,True
1466452419,18.3,15.301727552415862,15.301727552415862,True
1466452424,18.3,18.845562777093708,18.845562777093708,True
1466452435,17.9,17.9,15.154804533257412,False
1466452531,17.9,17.9,19.92600656839129,False
1466452584,17.6,17.6,13.901496366104496,False
1466452625,17.2,17.2,15.095463433607826,False
1466452676,17.2,14.639336829351699,14.639336829351699,True
1466452752,17.2,17.2,18.680291346203415,False
1466452796,17.3,17.3,13.27329810159351,False
1466452825,17.8,17.8,15.585310972668744,False
1466452860,17.7,17.7,18.71662958737967,False
1466452960,17.7,13.278315349588995,13.278315349588995,True
1466452979,17.7,17.7,14.9661591613335,False
1466453002,17.7,19.37215938441137,19.37215938441137,True
1466453016,17.6,17.6,14.815817610275257,False
1466453025,17.6,13.831106969679986,13.831106969679986,True
1466453089,17.6,16.68885161619995,16.68885161619995,True
1466453141,17.6,16.528416186396612,16.528416186396612,True
1466453154,17.6,13.555670632328376,13.555670632328376,True
1466453184,17.3,19.55637930578431,19.55637930578431,True
1466453202,17.3,14.391525136776782,14.391525136776782,True
1466453203,17.3,17.3,13.26758297983972,False
1466453222,17.3,17.3,15.954273549110642,False
1466453321,17.8,17.8,19.89954160112758,False
1466453379,17.8,17.8,17.904923131997588,False
1466453392,17.8,17.8,16.640705237095233,False
1466453422,17.9,16.91095970674766,16.91095970674766,True
1466453502,17.6,17.6,13.843950453354422,False
1466453518,17.6,17.6,14.632826384757392,False
1466453563,17.6,13.403337069442882,13.403337069442882,True
1466453604,17.5,17.5,12.59811964952922,False
1466453639,17.6,17.6,17.25186927836199,False
1466453705,17.6,14.160168350589382,14.160168350589382,True
1466453795,17.6,17.6,14.413564773031169,False
1466453816,17.6,16.423115455303805,16.423115455303805,True
1466453870,17.4,17.4,18.040232066369956,False
1466453910,17.4,17.4,16.3075700287656,False
1466454002,17.4,17.4,19.740797930083012,False
1466454051,17.4,18.02488505692277,18.02488505692277,True
1466454087,17.4,14.538114834457065,14.538114834457065,True
1466454129,17.4,16.09409228688047,16.09409228688047,True
1466454227,17.0,19.972557765639394,19.972557765639394,True
1466454259,16.6,13.966928717795778,13.966928717795778,True
1466454262,16.6,16.6,17.697321231916128,False
1466454298,16.6,16.6,18.04307861755796,False
1466454388,17.0,17.0,17.133638974894676,False
1466454399,17.0,17.0,16.20997851699865,False
1466454473,17.0,14.81099024380903,14.81099024380903,True
1466454529,17.0,17.0,18.34246126254794,False
1466454559,17.0,17.468365414468884,17.468365414468884,True
1466454648,16.4,17.018159844958696,17.018159844958696,True
1466454745,16.5,14.27112881235491,14.27112881235491,True
1466454763,16.9,14.319765684766313,14.319765684766313,True
1466454851,17.4,17.4,19.357843559262616,False
1466454936,17.1,15.089190265666108,15.089190265666108,True
1466454949,17.1,17.1,15.343027668435429,False
1466455032,17.1,16.706159915686317,16.706159915686317,True
1466455065,17.4,13.379681638954674,13.379681638954674,True
1466455119,17.1,17.1,15.91650314389169,False
1466455172,17.1,17.1,15.496010033769824,False
1466455196,17.1,13.789113287672738,13.789113287672738,True
1466455271,17.1,14.806756699483248,14.806756699483248,True
1466455357,17.1,16.843328572283575,16.843328572283575,True
1466455361,17.6,17.6,15.939832494984909,False
1466455394,17.7,17.7,16.6492986921204,False
1466455475,17.7,17.7,16.652565701795073,False
1466455497,17.7,17.7,18.379214358639004,False
1466455561,17.7,17.7,13.90933712031109,False
1466455575,17.8,17.8,15.70102044880816,False
1466455587,17.8,17.8,13.58528969391769,False
1466455651,17.8,17.079697434054054,17.079697434054054,True
1466455658,17.3,13.643978173333302,13.643978173333302,True
1466455732,17.3,17.3,17.257678286998235,False
1466455812,16.8,16.8,18.71617995396903,False
1466455910,16.8,16.8,14.989232120760537,False
1466455951,16.8,14.23174306447281,14.23174306447281,True
1466455999,16.8,16.8,16.73673766258417,False
1466456054,16.6,14.608236469660504,14.608236469660504,True
1466456058,16.6,19.89252998670597,19.89252998670597,True
1466456074,16.6,16.6,13.091297903423186,False
1466456088,16.9,16.9,15.522476125744365,False
1466456118,17.4,17.4,13.846572355712214,False
1466456218,17.4,17.4,14.85723323818937,False
1466456265,17.0,17.0,18.9979659101935,False
1466456270,17.0,17.0,12.902673607050101,False
1466456312,17.0,17.0,19.54957277266604,False
1466456346,17.0,17.0,19.17961099195322,False
1466456374,17.0,17.0,17.32628903562233,False
1466456406,17.5,16.54159406813067,16.54159406813067,True
1466456482,17.5,17.5,14.808664229684247,False
1466456512,17.5,17.5,19.895654405760386,False
1466456610,17.5,13.535180211881539,13.535180211881539,True
1466456683,17.5,17.5,13.444175672216932,False
1466456768,17.5,17.5,17.24724555525991,False
1466456856,17.4,17.25782004149894,17.25782004149894,True
1466456927,16.8,19.613537233120905,19.613537233120905,True
1466457014,16.8,16.8,13.348665421410598,False
1466457032,16.8,17.543277354440864,17.543277354440864,True
1466457067,16.8,17.437191304371233,17.437191304371233,True
1466457157,16.8,18.74338697372336,18.74338697372336,True
1466457215,16.6,16.6,12.409045010827874,False
1466457267,16.8,16.8,15.823495848139348,False
1466457357,16.8,16.8,13.568394399310089,False
1466457434,16.8,17.11951954439684,17.11951954439684,True
1466457487,17.2,15.582946662361294,15.582946662361294,True
1466457559,17.2,17.2,15.798820335211222,False
1466457603,17.6,16.416662467445395,16.416662467445395,True
1466457671,17.6,16.628266274328137,16.628266274328137,True
1466457713,17.3,17.3,17.16216324570458,False
1466457745,17.0,14.644208689112297,14.644208689112297,True
1466457782,17.0,17.0,15.039426868186622,False
1466457802,17.0,17.0,13.68385034376268,False
1466457817,17.0,13.762957788043796,13.762957788043796,True
1466457865,17.0,17.0,13.98835270789002,False
1466457884,16.8,16.8,16.669086933830012,False
1466457885,16.8,12.844413957773533,12.844413957773533,True
1466457917,16.8,15.700939293457013,15.700939293457013,True
1466457973,16.7,15.679442267300786,15.679442267300786,True
1466458045,16.7,16.7,19.45300852890447,False
1466458135,16.7,16.7,19.633005934509896,False
1466458151,16.7,16.7,18.23533342460327,False
1466458230,16.7,13.442525470229878,13.442525470229878,True
1466458324,16.7,12.408790806156215,12.408790806156215,True
1466458362,16.5,15.742585881271008,15.742585881271008,True
1466458438,16.5,15.229860767366645,15.229860767366645,True
1466458454,16.2,17.779650647873947,17.779650647873947,True
1466458496,16.8,12.889463122605362,12.889463122605362,True
1466458509,16.4,16.4,14.672682181291682,False
1466458580,16.4,16.84457466601122,16.84457466601122,True
1466458590,16.4,19.810195230421197,19.810195230421197,True
1466458626,16.4,18.068494077278892,18.068494077278892,True
1466458642,16.4,16.4,15.69885146319859,False
1466458665,16.0,14.375136125444197,14.375136125444197,True
1466458694,16.0,16.0,13.610140260751074,False
1466458762,16.0,16.0,19.14049763977477,False
1466458793,16.0,16.0,15.625717841319982,False
1466458824,16.0,18.25211489050122,18.25211489050122,True
1466458906,15.7,15.7,19.403969785173736,False
1466458982,16.0,16.0,13.130770729749813,False
1466459068,16.0,16.0,13.92452427529151,False
1466459159,16.0,16.0,12.560478022112889,False
1466459184,15.8,19.913814634191354,19.913814634191354,True
1466459273,15.8,12.18059895820116,12.18059895820116,True
1466459372,15.5,15.003865956354694,15.003865956354694,True
1466459415,15.5,15.5,15.677367166347455,False
1466459483,15.5,15.5,13.184459149392303,False
1466459504,15.5,15.5,17.078073949729962,False
1466459588,15.8,16.417134141950978,16.417134141950978,True
1466459595,16.0,16.0,15.897941768100225,False
1466459673,15.6,15.6,18.192226828822914,False
1466459726,15.6,15.6,14.298246592495538,False
1466459800,15.1,15.1,19.808498860246182,False
1466459857,15.1,12.865175652860867,12.865175652860867,True
1466459887,15.5,18.2234866528009,18.2234866528009,True
1466459913,15.6,15.6,16.488362495839148,False
1466459974,15.6,15.6,15.652032405996408,False
1466459995,16.2,19.900115160739706,19.900115160739706,True
1466460001,16.2,16.215098640085554,16.215098640085554,True
1466460054,16.5,12.832266673704215,12.832266673704215,True
1466460130,16.5,17.252528947700178,17.252528947700178,True
1466460215,16.5,18.852046560889455,18.852046560889455,True
1466460252,16.1,16.1,19.909067685583107,False
1466460272,16.1,16.1,12.934742447763654,False
1466460346,16.1,16.1,12.269232273685937,False
1466460440,16.1,16.1,19.98211246836912,False
1466460461,16.1,17.89338635983346,17.89338635983346,True
1466460528,16.1,16.1,15.676469052687949,False
1466460610,16.0,18.711244662405544,18.711244662405544,True
1466460630,16.0,13.094093571490891,13.094093571490891,True
1466460691,16.0,18.435373551138593,18.435373551138593,True
1466460706,16.3,16.072509973663273,16.072509973663273,True
1466460739,16.5,16.5,18.59073998025228,False
1466460765,16.9,19.883115959377086,19.883115959377086,True
1466460795,16.7,15.6624370131042,15.6624370131042,True
1466460877,16.7,19.82059579491942,19.82059579491942,True
1466460973,16.7,16.7,18.192481261680303,False
1466461009,16.7,16.7,15.959816360535402,False
1466461027,16.7,17.407974464165044,17.407974464165044,True
1466461032,16.6,16.6,13.30816674778703,False
1466461096,17.2,13.435113939457906,13.435113939457906,True
1466461169,17.1,12.168871643910956,12.168871643910956,True
1466461256,17.1,14.342136812098838,14.342136812098838,True
1466461351,17.1,17.1,17.275419079848003,False
1466461451,16.5,14.25663469365694,14.25663469365694,True
1466461531,16.5,16.5,18.530059074032245,False
1466461568,16.5,16.5,19.031083157662746,False
1466461583,16.3,16.226181847670496,16.226181847670496,True
1466461647,16.4,15.495491934233161,15.495491934233161,True
1466461703,15.9,15.9,12.195223002153197,False
1466461794,15.8,17.37246168752508,17.37246168752508,True
1466461813,15.8,15.8,19.090659620288438,False
1466461910,15.8,17.512136722489643,17.512136722489643,True
1466461988,15.3,17.694686442052735,17.694686442052735,True
1466462056,15.3,14.205025628307686,14.205025628307686,True
1466462101,15.3,15.3,16.276235928890806,False
1466462155,15.6,14.640778841668162,14.640778841668162,True
1466462215,16.2,16.2,18.907936278290904,False
1466462278,16.2,16.072946580652946,16.072946580652946,True
1466462368,15.8,18.854109973942823,18.854109973942823,True
1466462412,15.2,17.884703623454357,17.884703623454357,True
1466462512,15.1,13.566397933895768,13.566397933895768,True
1466462594,14.9,14.9,12.88160977528408,False
1466462671,14.9,14.9,16.929911016107344,False
1466462716,14.9,14.9,12.726402596169969,False
1466462746,14.9,14.9,12.042285622108153,False
1466462782,14.9,14.9,18.563155904829948,False
1466462820,14.9,14.9,13.663964631175034,False
1466462833,14.4,14.4,12.72758781966033,False
1466462842,14.4,19.97210110804403,19.97210110804403,True
1466462850,14.5,14.5,19.557191083093727,False
1466462941,14.5,14.5,16.78306007234586,False
1466463026,14.9,14.9,14.652083218052741,False
1466463117,15.0,12.441769065359527,12.441769065359527,True
1466463139,15.1,15.1,13.340281944420127,False
