1466410104,5.6,3.30573741528399,3.30573741528399,True
1466410114,5.6,5.6,3.573042199294031,False
1466410130,5.6,4.3650984560192985,4.3650984560192985,True
1466410181,4.6,4.6,1.6417168692429416,False
1466410203,4.6,4.6,4.818050221798215,False
1466410250,4.6,4.6,1.5188504424697518,False
1466410309,4.6,4.6,0.8651792678571841,False
1466410397,3.2,4.768497056808312,4.768497056808312,True
1466410430,3.2,3.96351731357736,3.96351731357736,True
1466410469,3.2,0.0030953658589853994,0.0030953658589853994,True
1466410483,1.0,5.861259114860012,5.861259114860012,True
1466410498,1.0,1.0,3.250505847829386,False
1466410502,1.0,1.0,4.338886260915306,False
1466410532,1.0,1.4294030858927291,1.4294030858927291,True
1466410541,1.0,1.0,4.371232691355457,False
1466410573,1.0,1.6578514659115198,1.6578514659115198,True
1466410630,1.0,4.37042284672783,4.37042284672783,True
1466410653,1.3,1.3,4.4739452387662055,False
1466410746,1.3,4.707203050732004,4.707203050732004,True
1466410814,0.5,0.04388229057422266,0.04388229057422266,True
1466410890,5.4,5.4,1.2509205502816951,False
1466410902,5.4,1.1837141476181725,1.1837141476181725,True
1466410978,5.4,5.4,1.6364183894455593,False
1466411008,5.4,5.4,2.0395768726901355,False
1466411066,5.4,5.4,1.6408268669105095,False
1466411094,5.4,3.243712229178226,3.243712229178226,True
1466411157,5.4,5.4,1.3562928389981557,False
1466411223,5.4,3.293812596577943,3.293812596577943,True
1466411226,5.4,4.699772328420629,4.699772328420629,True
1466411272,5.4,5.4,4.467331750764124,False
1466411303,5.4,5.4,0.21528224171275956,False
1466411318,5.4,5.4,0.759181083049389,False
1466411396,5.4,1.1646963910739043,1.1646963910739043,True
1466411493,4.0,4.0,5.5552818704997735,False
1466411549,4.0,4.0,2.406727903568988,False
1466411560,4.0,2.4618620874581936,2.4618620874581936,True
1466411626,4.0,1.5207239572284994,1.5207239572284994,True
1466411723,2.8,2.8,2.8579204707183576,False
1466411763,2.8,2.8,1.3837600875637888,False
1466411785,2.8,2.8,1.25652727851128,False
1466411854,1.4,3.1402262352399326,3.1402262352399326,True
1466411889,1.4,2.7585737547151314,2.7585737547151314,True
1466411988,1.4,3.041473149096997,3.041473149096997,True
1466412022,4.7,5.721188880658599,5.721188880658599,True
1466412046,4.7,2.4157099421354884,2.4157099421354884,True
1466412076,4.7,0.09521881949007382,0.09521881949007382,True
1466412152,4.6,2.4549005254254963,2.4549005254254963,True
1466412181,4.6,4.6,5.202921693537694,False
1466412201,4.6,4.6,0.38220844517239994,False
1466412260,2.4,4.782543684324683,4.782543684324683,True
1466412347,2.4,2.88418777927005,2.88418777927005,True
1466412360,2.4,2.4,0.43213279865839027,False
1466412438,2.4,0.6854196976560554,0.6854196976560554,True
1466412521,2.4,2.4,2.264859347739163,False
1466412599,2.4,2.4,5.794935495575777,False
1466412639,2.4,4.569745697882425,4.569745697882425,True
1466412691,5.3,5.581648286866561,5.581648286866561,True
1466412747,5.3,5.3,3.898433694655348,False
1466412794,5.3,5.3,1.127337788432818,False
1466412819,5.3,5.3,4.100703645174687,False
1466412832,5.3,0.27908162666515635,0.27908162666515635,True
1466412874,5.3,5.3,4.520550355194357,False
1466412943,5.3,5.873819283339385,5.873819283339385,True
1466412971,5.8,5.8,3.711948388322719,False
1466412990,5.5,0.40292849693274246,0.40292849693274246,True
1466413028,5.5,1.4142699215959913,1.4142699215959913,True
1466413053,5.5,5.5,0.24928728020094248,False
1466413125,5.5,5.841940172599754,5.841940172599754,True
1466413200,5.5,5.5,5.650167571046682,False
1466413264,5.5,3.8697814151048053,3.8697814151048053,True
1466413311,5.5,5.5,0.21015965963021555,False
1466413342,5.5,0.491999373626574,0.491999373626574,True
1466413440,4.6,4.6,5.241390280467756,False
1466413458,4.6,4.6,4.592390392850965,False
1466413529,1.6,3.972399663112446,3.972399663112446,True
1466413542,1.6,4.456703514896597,4.456703514896597,True
1466413638,1.6,1.6,0.8623178174694315,False
1466413672,4.4,5.750941536501779,5.750941536501779,True
1466413733,4.4,2.585640798500269,2.585640798500269,True
1466413779,5.5,1.9715254922779466,1.9715254922779466,True
1466413780,3.6,2.8920921734853247,2.8920921734853247,True
1466413864,4.5,4.5,4.816454466348153,False
1466413885,4.5,2.146521776608069,2.146521776608069,True
1466413946,3.3,3.3,5.594894845556413,False
1466414033,1.6,1.6,4.818558874386998,False
1466414071,3.2,3.2,3.0732718316275167,False
1466414164,3.2,3.7764996116824796,3.7764996116824796,True
1466414225,3.2,3.2,2.640073582626454,False
1466414312,3.2,2.8463922603169145,2.8463922603169145,True
1466414325,3.2,3.2,0.6579802173817659,False
1466414328,2.7,2.7,3.521789358834014,False
1466414329,2.7,2.7,5.557108724695163,False
1466414402,2.7,2.7,1.6892381051145535,False
1466414407,2.7,3.7700763858387787,3.7700763858387787,True
1466414413,2.7,2.7,1.5723094877716564,False
1466414460,5.3,0.24529282289145615,0.24529282289145615,True
1466414552,5.3,2.5614527548507633,2.5614527548507633,True
1466414602,5.6,5.6,0.8937901930752779,False
1466414662,5.6,2.517981952726392,2.517981952726392,True
1466414746,5.6,5.6,1.6066332040258464,False
1466414844,5.6,5.6,4.224817234154154,False
1466414943,5.6,5.6,1.9844519210357574,False
1466414946,5.6,2.1668676688427473,2.1668676688427473,True
1466414966,5.6,4.138546323579098,4.138546323579098,True
1466415038,5.6,3.2357415396377807,3.2357415396377807,True
1466415106,5.6,4.8243120030413795,4.8243120030413795,True
1466415130,5.6,5.6,1.1375217889173017,False
1466415145,5.6,5.6,1.9340280365520341,False
1466415202,5.6,1.5135370317253314,1.5135370317253314,True
1466415239,5.6,5.6,0.35626226339667455,False
1466415249,5.6,5.6,1.3349912177721406,False
1466415308,5.6,4.352413693600652,4.352413693600652,True
1466415357,5.0,5.0,1.6619562634869762,False
1466415404,1.4,5.0456233348798785,5.0456233348798785,True
1466415469,0.9,4.200252735816228,4.200252735816228,True
1466415548,0.9,0.9,0.21194422583087813,False
1466415588,6.0,1.6366787007513908,1.6366787007513908,True
1466415627,6.0,6.0,4.774531356547676,False
1466415719,1.1,1.1,3.7567542232277154,False
1466415767,1.1,1.1,0.8883981778636123,False
1466415860,4.3,3.765772380855932,3.765772380855932,True
1466415872,4.3,0.9708457678758236,0.9708457678758236,True
1466415914,4.3,0.5812446250551684,0.5812446250551684,True
1466415934,4.3,4.3,4.328412656790568,False
1466415988,4.3,4.3,5.9508017962148685,False
1466416004,1.5,1.5,3.6602266200936615,False
1466416050,1.5,1.5,1.7715068851687372,False
1466416150,1.5,1.5,0.2322621370699285,False
1466416161,1.5,1.5,1.6375750028091995,False
1466416215,1.5,1.8002526999567134,1.8002526999567134,True
1466416315,5.9,4.888671886791325,4.888671886791325,True
1466416321,5.9,5.9,3.865237560358633,False
1466416393,5.9,0.5545983673049031,0.5545983673049031,True
1466416440,5.9,5.52617132102845,5.52617132102845,True
1466416510,5.9,2.443204902789376,2.443204902789376,True
1466416541,5.9,5.9,1.5419813184924311,False
1466416631,0.5,0.5,0.6709389304382212,False
1466416671,0.5,0.5,3.3898678397246935,False
1466416725,0.5,0.5,0.3484563238558036,False
1466416815,0.5,3.806745847303322,3.806745847303322,True
1466416867,0.8,3.136296737967603,3.136296737967603,True
1466416933,0.8,2.983411529185889,2.983411529185889,True
1466416963,0.8,0.8,2.883323018928178,False
1466417034,0.8,1.5324645066886344,1.5324645066886344,True
1466417069,0.8,2.6863369034719318,2.6863369034719318,True
1466417095,0.8,1.8439256456419482,1.8439256456419482,True
1466417123,1.5,1.5,0.3566141193720269,False
1466417219,1.5,1.5,5.519253695268662,False
1466417228,3.5,0.2908340737499975,0.2908340737499975,True
1466417235,2.2,4.444687255180943,4.444687255180943,True
1466417266,2.2,2.2,5.884552340608376,False
1466417298,2.2,2.2,2.4550648827207975,False
1466417382,0.7,0.7,4.953523061933178,False
1466417429,0.7,0.7,4.1622291703754755,False
1466417434,0.7,3.3903475508607244,3.3903475508607244,True
1466417513,1.6,0.38595887773663895,0.38595887773663895,True
1466417598,4.3,4.3,0.15753214676561345,False
1466417615,4.3,3.3847313020202767,3.3847313020202767,True
1466417654,2.2,5.976229104839197,5.976229104839197,True
1466417749,2.2,2.2,5.999799630979794,False
1466417763,3.9,3.9,1.8623275051910635,False
1466417822,1.9,1.9,2.098222687925115,False
1466417851,1.9,5.130359596557634,5.130359596557634,True
1466417855,1.9,1.9,2.043592899102782,False
1466417879,1.9,1.9,3.033568735156434,False
1466417895,1.9,1.9,3.0867391966860485,False
1466417969,1.0,1.0,2.1337547625242106,False
1466418049,1.0,3.1864426314439105,3.1864426314439105,True
1466418118,0.2,0.2,0.21920409892201032,False
1466418129,0.2,5.364357100838735,5.364357100838735,True
1466418179,0.6,0.17106274715121672,0.17106274715121672,True
1466418254,3.5,4.50386297255684,4.50386297255684,True
1466418332,3.5,4.379645298084533,4.379645298084533,True
1466418428,3.5,3.5,3.245637232973948,False
1466418494,2.9,2.7883940887782863,2.7883940887782863,True
1466418554,2.9,3.802353171917625,3.802353171917625,True
1466418563,1.5,5.201298714041675,5.201298714041675,True
1466418564,1.5,0.961505967559857,0.961505967559857,True
1466418594,1.5,1.5,5.19358021929022,False
1466418674,1.5,4.228506228359027,4.228506228359027,True
1466418748,1.5,1.5,4.467444656917385,False
1466418847,1.5,4.521609244836181,4.521609244836181,True
1466418877,1.5,1.5,2.6564098443889543,False
1466418917,1.5,1.5,4.616911814999066,False
1466418938,1.5,1.5,0.8647693709071347,False
1466419031,1.5,1.5,2.643425083525649,False
1466419058,1.5,4.056500818730494,4.056500818730494,True
1466419104,1.5,0.7198962549908459,0.7198962549908459,True
1466419166,1.5,1.5,0.24705383691370453,False
1466419261,1.0,1.0,2.448410584453522,False
1466419349,1.0,1.0,2.0881186663594393,False
1466419442,0.2,0.2,4.840567471396608,False
1466419530,0.2,0.2,5.302680220203126,False
1466419595,4.5,4.638625856449413,4.638625856449413,True
1466419646,0.8,0.8,3.2630542772183,False
1466419737,0.8,3.20401214135048,3.20401214135048,True
1466419826,4.2,3.477020503921606,3.477020503921606,True
1466419880,4.2,4.2,0.2770397019642423,False
1466419911,4.2,3.511575306670058,3.511575306670058,True
1466419938,4.2,4.3344235441286685,4.3344235441286685,True
1466420016,4.2,1.9467731508939123,1.9467731508939123,True
1466420019,4.2,2.5982898893024804,2.5982898893024804,True
1466420108,4.2,2.9482390793510262,2.9482390793510262,True
1466420205,4.3,4.3,3.4925200356474253,False
1466420228,4.3,2.980271091868072,2.980271091868072,True
1466420257,4.3,1.845396609358507,1.845396609358507,True
1466420270,4.3,4.3,5.349537391337722,False
1466420296,4.3,4.3,0.530545868520083,False
1466420331,4.8,4.895724228781517,4.895724228781517,True
1466420407,4.8,4.506901615293508,4.506901615293508,True
1466420430,1.3,0.7417009102006717,0.7417009102006717,True
1466420453,1.8,1.8,2.3714270758632585,False
1466420474,0.6,0.5432812536132225,0.5432812536132225,True
1466420566,0.6,0.6,4.934186859467738,False
1466420579,2.1,2.1,4.063325902062772,False
1466420618,2.1,2.007301801863802,2.007301801863802,True
1466420624,5.2,5.2,5.5269281860160575,False
1466420643,5.2,4.114604227559357,4.114604227559357,True
1466420695,4.0,4.0,5.368559401446471,False
1466420788,4.0,4.0,5.569566498634247,False
1466420863,4.0,4.0,4.723875972918651,False
1466420947,4.0,4.0,1.7406457155480446,False
1466421003,5.2,4.049101349949986,4.049101349949986,True
1466421032,1.4,1.4,5.563085443817096,False
1466421050,1.4,3.5561715891556807,3.5561715891556807,True
1466421116,5.2,4.529012243470373,4.529012243470373,True
1466421208,2.8,2.9610073486939137,2.9610073486939137,True
1466421234,2.8,2.8,1.9607776615163857,False
1466421262,2.8,2.8,4.043799939008493,False
1466421353,2.8,0.3039916299114023,0.3039916299114023,True
1466421360,3.3,3.1021139384355934,3.1021139384355934,True
1466421392,3.3,4.660318553210909,4.660318553210909,True
1466421480,3.3,3.5485504541597837,3.5485504541597837,True
1466421530,3.6,2.4861806258659804,2.4861806258659804,True
1466421547,5.3,5.351283190322271,5.351283190322271,True
1466421591,5.3,5.3,5.529002661680794,False
1466421633,1.0,1.0,2.890853796465629,False
1466421636,4.3,4.3,5.401503326180612,False
1466421670,0.6,3.339784438148211,3.339784438148211,True
1466421695,1.8,4.883261350518382,4.883261350518382,True
1466421721,2.7,2.7,3.008650368007478,False
1466421804,2.7,0.04638375377394377,0.04638375377394377,True
1466421819,5.5,5.705109419368153,5.705109419368153,True
1466421862,5.5,5.5,2.553407515823829,False
1466421885,5.5,4.039678123687938,4.039678123687938,True
1466421936,5.5,5.5,4.22773812968272,False
1466422012,5.5,5.5,5.484401173553696,False
1466422044,5.5,5.942236948965727,5.942236948965727,True
1466422045,5.5,0.06742759181044367,0.06742759181044367,True
1466422137,5.5,0.10984972004743043,0.10984972004743043,True
1466422162,5.5,3.862864259493419,3.862864259493419,True
1466422189,1.2,0.3304075814441654,0.3304075814441654,True
1466422197,1.2,1.2,1.7558891532525356,False
1466422264,5.9,5.21554170670771,5.21554170670771,True
1466422330,5.9,4.983915621006105,4.983915621006105,True
1466422378,5.0,3.0440033825713577,3.0440033825713577,True
1466422432,5.0,0.6077972895949859,0.6077972895949859,True
1466422488,5.0,2.7080777156027276,2.7080777156027276,True
1466422577,1.3,1.3,3.543791578465723,False
1466422628,1.3,1.3,2.548689054978854,False
1466422638,1.3,1.3,4.673409219350302,False
1466422666,1.7,5.404380851216878,5.404380851216878,True
1466422706,1.7,3.288913576695262,3.288913576695262,True
1466422731,1.7,1.7,1.1630192419854222,False
1466422804,1.7,1.7,0.7335235353651286,False
1466422866,1.7,1.7,5.903343552131272,False
1466422873,1.7,0.5716808693676121,0.5716808693676121,True
1466422895,1.7,1.4717090506982766,1.4717090506982766,True
1466422953,3.9,3.0776916898920215,3.0776916898920215,True
1466422973,3.9,5.673807674960709,5.673807674960709,True
1466423017,6.0,2.8897429506940924,2.8897429506940924,True
1466423051,6.0,5.793746800101033,5.793746800101033,True
1466423099,6.0,6.0,2.9032155076151347,False
1466423150,6.0,6.0,5.180779654376076,False
1466423155,6.0,6.0,3.4470232247610566,False
1466423168,6.0,3.567587067571157,3.567587067571157,True
1466423205,2.6,2.749824931306015,2.749824931306015,True
1466423275,3.3,3.3,5.64801377868097,False
1466423287,3.3,3.9786863979622953,3.9786863979622953,True
1466423336,3.3,3.3,3.263467762555254,False
1466423340,3.3,3.3,2.0384792567790684,False
1466423355,3.3,3.3,1.1161329674273923,False
1466423443,2.7,3.7224354356795524,3.7224354356795524,True
1466423499,2.7,2.7,3.289129048990366,False
1466423585,2.7,2.7,0.11466869998859996,False
1466423612,4.1,2.237324096479699,2.237324096479699,True
1466423669,4.1,4.1,5.193554846144575,False
1466423705,1.9,1.4112524595587848,1.4112524595587848,True
1466423770,1.9,1.9,5.695745541854688,False
1466423844,1.9,2.9348585699784833,2.9348585699784833,True
1466423902,0.5,2.5451274016577057,2.5451274016577057,True
1466423913,0.5,0.5,0.2949474177534752,False
1466423972,0.5,5.303566287257768,5.303566287257768,True
1466424014,0.5,0.5,2.45337207097376,False
1466424069,0.9,0.9,2.3745937076179096,False
1466424154,0.9,0.9,3.9362942523803603,False
1466424155,0.9,5.713552406785562,5.713552406785562,True
1466424169,0.9,0.9,1.883925410663152,False
1466424262,0.9,2.308738856467797,2.308738856467797,True
1466424339,5.5,1.2210521657550057,1.2210521657550057,True
1466424398,1.1,1.1,3.8948484502018,False
1466424497,1.1,3.9545350695596575,3.9545350695596575,True
1466424558,1.1,5.374723686765517,5.374723686765517,True
1466424613,1.1,2.6150779401667616,2.6150779401667616,True
1466424713,2.3,2.3,0.9763242709048316,False
1466424804,2.3,2.3,0.29762642778181947,False
1466424878,0.2,4.1159461623358204,4.1159461623358204,True
1466424924,2.7,2.7,0.34629489190345875,False
1466425009,0.7,2.0393793371403426,2.0393793371403426,True
1466425106,0.7,0.7,4.645748476731623,False
1466425129,3.1,3.1,3.0493623653602113,False
1466425179,3.1,4.36687420975661,4.36687420975661,True
1466425257,3.1,3.1,2.8576860538995215,False
1466425262,3.1,4.369846224592983,4.369846224592983,True
1466425305,3.1,4.068895660494247,4.068895660494247,True
1466425331,3.1,3.1,4.217956522132391,False
1466425338,3.1,1.0354241538506894,1.0354241538506894,True
1466425377,3.1,3.1,1.2755731558658612,False
1466425380,3.1,5.05788734978894,5.05788734978894,True
1466425417,0.2,0.2,4.765460182775106,False
1466425484,0.2,0.21140252144408822,0.21140252144408822,True
1466425517,0.2,4.627908273529609,4.627908273529609,True
1466425553,0.2,4.471888710786639,4.471888710786639,True
1466425640,0.2,0.2200368113391793,0.2200368113391793,True
1466425687,0.2,0.2,0.5145645363252931,False
1466425711,0.2,0.2,3.3624111467815205,False
1466425768,2.0,2.0,4.5858294963467,False
1466425811,0.6,1.62812477249646,1.62812477249646,True
1466425856,2.7,2.7,4.288835397185815,False
1466425869,2.7,5.695166815942855,5.695166815942855,True
1466425884,2.7,2.7,2.5910628090131076,False
1466425962,2.7,1.8576040437771957,1.8576040437771957,True
1466425974,2.7,1.3618431299444511,1.3618431299444511,True
1466426016,2.7,5.918470926252889,5.918470926252889,True
1466426024,2.7,2.7,4.888413233537796,False
1466426034,2.7,2.7,5.405671586077095,False
1466426130,2.7,2.7,5.275197888131604,False
1466426189,2.7,2.7,0.10224235131265424,False
1466426198,1.6,1.6,3.2074820492146445,False
1466426280,1.6,1.6,2.9755539237796143,False
1466426298,1.6,1.6,0.1317789475659601,False
1466426380,1.8,1.8,1.0572293733508291,False
1466426420,1.8,1.8,2.235549562299246,False
1466426509,1.8,4.660249447117493,4.660249447117493,True
1466426521,1.8,1.8,5.8947672429699915,False
1466426535,1.8,1.3053472037081124,1.3053472037081124,True
1466426563,1.8,1.8,3.20408243645571,False
1466426620,3.9,3.9,1.6914993155436946,False
1466426694,2.2,4.756043119506726,4.756043119506726,True
1466426764,3.8,1.5106175209848205,1.5106175209848205,True
1466426778,5.0,5.0,5.229258218097746,False
1466426866,1.3,1.3,0.9060295984723472,False
1466426938,2.4,4.747835815382079,4.747835815382079,True
1466427022,2.4,2.4,0.14616467316648407,False
1466427059,1.5,1.5,2.443028920277894,False
1466427125,1.5,1.5,0.346315699469379,False
1466427204,1.5,0.8584157564807742,0.8584157564807742,True
1466427240,1.5,4.159049306619677,4.159049306619677,True
1466427317,1.0,1.0,5.825882657311164,False
1466427319,1.0,1.0,1.8889556283481463,False
1466427331,1.1,1.9566535179272155,1.9566535179272155,True
1466427425,1.1,3.7305124479163947,3.7305124479163947,True
1466427458,1.1,1.1,0.35267994538374214,False
1466427495,4.3,4.3,5.555423476978072,False
1466427543,4.3,4.3,4.580652016617263,False
1466427625,4.3,4.946046496203648,4.946046496203648,True
1466427663,3.9,2.75722229839665,2.75722229839665,True
1466427672,3.9,3.9,2.7504061138292943,False
1466427684,3.9,0.5700689936947845,0.5700689936947845,True
1466427739,3.9,3.9,4.459848738651866,False
1466427769,3.9,3.896874232845068,3.896874232845068,True
1466427775,3.9,3.9,3.5419966507528446,False
1466427820,3.9,5.214225706651963,5.214225706651963,True
1466427837,3.9,1.202007916163281,1.202007916163281,True
1466427846,3.9,4.416097160095371,4.416097160095371,True
1466427904,0.3,0.3,4.728064630936972,False
1466427997,3.7,1.3669081600096107,1.3669081600096107,True
1466428027,3.7,3.7,4.012291878732138,False
1466428114,3.7,3.7,3.5599663090970353,False
1466428212,1.8,1.8,3.9945884474283453,False
1466428294,1.6,4.185457801871486,4.185457801871486,True
1466428321,1.6,0.23181515396143015,0.23181515396143015,True
1466428340,2.4,2.4,1.9705681534504247,False
1466428378,5.8,5.8,0.41820531056715726,False
1466428463,5.8,4.640600951916127,4.640600951916127,True
1466428551,5.8,5.8,3.4878496006389437,False
1466428575,5.8,1.318121832102314,1.318121832102314,True
1466428593,5.8,2.621711160290195,2.621711160290195,True
1466428682,5.8,4.8180827539034246,4.8180827539034246,True
1466428699,5.8,0.8629615445173506,0.8629615445173506,True
1466428719,5.8,3.531467370631189,3.531467370631189,True
1466428819,5.8,5.8,5.105167609448249,False
1466428850,1.3,1.3,5.757030509295026,False
1466428884,1.3,1.3,5.8766831111629605,False
1466428973,1.3,0.6206836048052851,0.6206836048052851,True
1466429006,3.9,3.9,3.4992529049825065,False
1466429026,3.9,2.9049304776886737,2.9049304776886737,True
1466429066,3.2,3.2,5.8470491810061445,False
1466429072,3.2,3.2,0.4039049165525752,False
1466429103,3.2,0.6641871235898646,0.6641871235898646,True
1466429110,3.2,2.95762523634831,2.95762523634831,True
1466429123,3.2,1.941552534320747,1.941552534320747,True
1466429168,3.2,4.0216810901456865,4.0216810901456865,True
1466429182,3.2,3.2,2.357700992078124,False
1466429184,3.2,3.2,1.0804058935443175,False
1466429197,3.2,0.29305156180749203,0.29305156180749203,True
1466429280,3.2,3.176899052407192,3.176899052407192,True
1466429378,3.2,0.5356639953604772,0.5356639953604772,True
1466429450,3.2,3.2,4.096412760725485,False
1466429455,3.2,1.2176853620377202,1.2176853620377202,True
1466429510,3.2,2.6681024592852287,2.6681024592852287,True
1466429565,3.2,2.0658370358630354,2.0658370358630354,True
1466429566,3.2,3.2,0.7496206469150177,False
1466429592,3.2,3.2,3.6152126829308004,False
1466429623,2.8,2.8,0.1525573310095163,False
1466429691,4.7,4.2495843362762304,4.2495843362762304,True
1466429733,4.7,0.1301870872073838,0.1301870872073838,True
1466429803,4.7,4.7,2.8680603254541333,False
1466429832,2.6,5.30818700494615,5.30818700494615,True
1466429905,2.9,1.3042606984786855,1.3042606984786855,True
1466429997,2.9,2.9,4.354988304137324,False
1466430050,2.9,1.648982887842943,1.648982887842943,True
1466430088,2.9,1.7399932295406324,1.7399932295406324,True
1466430174,5.7,5.8802887807069,5.8802887807069,True
1466430247,0.7,3.0795827209531064,3.0795827209531064,True
1466430344,0.7,0.7,0.1456475833493187,False
1466430375,0.7,3.321130017965049,3.321130017965049,True
1466430400,0.7,0.7,3.145988057037025,False
1466430457,0.7,0.7,2.3516240532129955,False
1466430483,4.2,2.2948669447990238,2.2948669447990238,True
1466430517,3.3,3.3,2.262216046540458,False
1466430524,3.3,5.340823801723828,5.340823801723828,True
1466430592,5.9,2.5937715836958004,2.5937715836958004,True
1466430616,5.4,5.4,2.972995413925788,False
1466430631,0.8,0.8,2.977356842117114,False
1466430680,5.8,5.8,5.843553879679191,False
1466430734,5.6,2.082630551103711,2.082630551103711,True
1466430790,5.6,5.43471757270565,5.43471757270565,True
1466430815,5.6,5.6,3.3844992912237712,False
1466430895,5.6,5.453802227073672,5.453802227073672,True
1466430916,5.6,5.6,5.410728754822074,False
1466430929,5.4,2.4526543955495113,2.4526543955495113,True
1466430936,5.4,1.5286418282244976,1.5286418282244976,True
1466431009,5.4,5.4,4.437564039978506,False
1466431036,1.5,1.5,5.700604374056405,False
1466431055,1.5,2.795728494404471,2.795728494404471,True
1466431145,1.5,1.5,2.8449652232435065,False
1466431218,2.5,5.883823190092697,5.883823190092697,True
1466431290,2.5,2.5,0.8425342364266102,False
1466431324,2.5,2.5,1.4019613309893233,False
1466431400,0.7,0.7,0.6449533025122469,False
1466431450,3.8,3.8,3.274757056408224,False
1466431526,3.8,3.8,4.405380411933702,False
1466431589,3.8,5.352193817821944,5.352193817821944,True
1466431661,3.8,2.096485063823776,2.096485063823776,True
1466431760,3.8,3.8,4.646954448672128,False
1466431796,3.8,4.932873412103009,4.932873412103009,True
1466431848,3.8,1.2630917194336702,1.2630917194336702,True
1466431879,3.8,3.8,3.049030394021612,False
1466431954,3.8,3.1706879822691154,3.1706879822691154,True
1466431958,1.9,0.18422675724632231,0.18422675724632231,True
1466432002,1.9,1.9,4.892184961750919,False
1466432101,1.9,1.9,5.737582014423573,False
1466432177,1.9,2.6770673968118457,2.6770673968118457,True
1466432194,1.9,3.549686846086125,3.549686846086125,True
1466432237,1.9,1.5059046161919747,1.5059046161919747,True
1466432280,2.0,3.646188068062381,3.646188068062381,True
1466432373,2.0,2.0,0.383658766187003,False
1466432389,2.0,2.0,2.5958079512390926,False
1466432415,2.0,2.7218106420347263,2.7218106420347263,True
1466432417,3.2,3.2,3.5228945995521563,False
1466432506,3.2,3.2,2.1109795438810193,False
1466432569,3.4,4.0248721543215975,4.0248721543215975,True
1466432577,3.4,1.8399851235056215,1.8399851235056215,True
1466432670,3.4,3.4,5.79241402885239,False
1466432706,4.4,1.3428883679043593,1.3428883679043593,True
1466432804,1.0,1.8333522191602338,1.8333522191602338,True
1466432853,1.0,5.086287833733749,5.086287833733749,True
1466432947,2.2,2.2,1.9041319382940936,False
1466433040,2.8,5.967042404754314,5.967042404754314,True
1466433128,2.8,1.619596678880051,1.619596678880051,True
1466433145,2.8,2.8,5.039370852017745,False
1466433195,2.8,2.8,4.595240704956967,False
1466433289,2.8,2.8,4.0351640270347,False
1466433375,2.8,1.44935212344464,1.44935212344464,True
1466433427,2.8,2.8,0.9915028575286937,False
1466433478,1.3,1.3,2.9782161982046675,False
1466433517,1.3,3.9415020194597497,3.9415020194597497,True
1466433615,1.3,5.360398793171902,5.360398793171902,True
1466433672,5.1,5.1,4.952601798242274,False
1466433762,5.4,5.4,1.5938805297132002,False
1466433809,5.4,5.4,3.648760139245795,False
1466433873,5.4,3.9178854577819324,3.9178854577819324,True
1466433910,5.4,3.537515166988828,3.537515166988828,True
1466433994,1.4,1.4,5.837472118658623,False
1466434003,1.4,0.06617560742435202,0.06617560742435202,True
1466434045,1.4,0.2546578733396838,0.2546578733396838,True
1466434096,1.4,1.4,5.035823422590102,False
1466434173,1.4,5.994256616960353,5.994256616960353,True
1466434199,1.4,1.4,4.5267039085673035,False
1466434224,1.4,1.4,4.021890068777255,False
1466434308,1.4,1.4,4.606556790973853,False
1466434359,1.4,4.683997589040896,4.683997589040896,True
1466434371,3.2,5.832855344607701,5.832855344607701,True
1466434457,2.4,0.4563317301417271,0.4563317301417271,True
1466434498,1.6,3.430195317257648,3.430195317257648,True
1466434552,1.6,2.013764142107193,2.013764142107193,True
1466434622,1.6,3.76484177363006,3.76484177363006,True
1466434691,2.4,0.8874693663628725,0.8874693663628725,True
1466434718,4.7,4.7,0.025724479822464286,False
1466434727,4.7,4.7,5.374847814221473,False
1466434815,3.9,2.778156565576003,2.778156565576003,True
1466434892,3.9,4.961001637786024,4.961001637786024,True
1466434915,3.9,0.2748483537368196,0.2748483537368196,True
1466434946,3.9,0.6268714322323927,0.6268714322323927,True
1466434988,5.8,0.2523712999675749,0.2523712999675749,True
1466435020,2.3,2.3,2.3211470014177387,False
1466435090,0.8,0.8,3.3723933343342236,False
1466435099,0.8,1.3465010831401059,1.3465010831401059,True
1466435145,0.8,0.8,1.1954103948782717,False
1466435186,0.8,1.765209814270114,1.765209814270114,True
1466435246,1.9,5.283904141868361,5.283904141868361,True
1466435284,1.9,1.9,0.39728663016574584,False
1466435327,1.9,1.9,1.9429068147003066,False
1466435369,1.9,1.9,0.4412608981575561,False
1466435408,4.1,2.0513366104434594,2.0513366104434594,True
1466435468,4.1,2.9726168834672277,2.9726168834672277,True
1466435486,4.1,1.7218623674335058,1.7218623674335058,True
1466435555,4.1,1.553492427176172,1.553492427176172,True
1466435624,2.4,2.4,5.555153701656738,False
1466435659,0.8,4.663656329664041,4.663656329664041,True
1466435682,0.8,0.8,1.1112687054190322,False
1466435712,2.1,0.7371997895794744,0.7371997895794744,True
1466435794,2.3,3.25112289131427,3.25112289131427,True
1466435878,2.3,2.3212340579212016,2.3212340579212016,True
1466435904,5.2,2.7383584614977607,2.7383584614977607,True
1466435971,5.2,5.2,2.0873329537457126,False
1466436041,5.2,5.959308028573194,5.959308028573194,True
1466436059,5.2,2.252275577626272,2.252275577626272,True
1466436093,0.6,0.6,3.889156507325371,False
1466436178,0.6,3.2289750578917866,3.2289750578917866,True
1466436230,0.6,0.5737985643053536,0.5737985643053536,True
1466436280,0.6,1.41705129711618,1.41705129711618,True
1466436332,0.6,0.6,1.750523619406441,False
1466436333,0.6,2.807957552718026,2.807957552718026,True
1466436431,0.6,5.628574738636378,5.628574738636378,True
1466436520,2.8,2.8,5.905744982248739,False
1466436572,2.8,2.8,1.8383587110335282,False
1466436647,2.8,2.8,1.3430316492125993,False
1466436655,2.8,0.45088391205810496,0.45088391205810496,True
1466436727,2.8,2.8,5.468730608351335,False
1466436793,2.8,2.8,1.6578534038014523,False
1466436879,1.8,0.1757886204706025,0.1757886204706025,True
1466436880,1.8,5.877002230551239,5.877002230551239,True
1466436939,1.7,1.7,0.032568144653834175,False
1466437015,1.7,1.7,3.9384546062283383,False
1466437048,1.7,1.7,0.33164090055744433,False
1466437088,1.7,4.745526715753968,4.745526715753968,True
1466437105,1.7,2.7881004918628625,2.7881004918628625,True
1466437122,1.7,1.7890585963351155,1.7890585963351155,True
1466437160,1.7,0.2947019715781982,0.2947019715781982,True
1466437232,1.7,1.6088178694499617,1.6088178694499617,True
1466437321,1.7,1.7,3.5611554246949426,False
1466437335,1.7,1.7,0.720857359130378,False
1466437358,0.5,0.5,0.10074384358550703,False
1466437441,0.5,0.5,0.9103257854756857,False
1466437480,0.5,0.5,4.104642659962377,False
1466437561,2.1,4.69886185710174,4.69886185710174,True
1466437653,2.1,4.345580850392487,4.345580850392487,True
1466437709,2.1,5.507248228304164,5.507248228304164,True
1466437798,2.1,4.3397524975953665,4.3397524975953665,True
1466437869,2.1,0.7822542884529122,0.7822542884529122,True
1466437952,2.1,2.1,1.8649327293835385,False
1466438037,2.1,2.1,2.2481207761441873,False
1466438054,1.1,1.1,5.045705567314155,False
1466438056,1.1,3.9795864204803926,3.9795864204803926,True
1466438136,1.1,1.2556482547405163,1.2556482547405163,True
1466438234,1.1,5.804476481700824,5.804476481700824,True
1466438261,1.1,1.1,1.6344051455477757,False
1466438348,1.1,1.1,3.0031631342648284,False
1466438407,1.1,1.1,0.04063604394948661,False
1466438422,1.1,1.1,4.124850313083899,False
1466438476,1.1,1.8393845776894846,1.8393845776894846,True
1466438571,1.7,5.7899716170576285,5.7899716170576285,True
1466438612,1.7,0.09317138136404135,0.09317138136404135,True
1466438620,1.7,4.15729942979177,4.15729942979177,True
1466438698,1.7,5.850331739965833,5.850331739965833,True
1466438747,1.7,5.082495336572594,5.082495336572594,True
1466438795,1.7,5.435657226160236,5.435657226160236,True
1466438810,1.7,1.7,3.876636882846541,False
1466438888,1.7,1.7,0.9157426484066193,False
1466438975,1.7,0.9457025111452335,0.9457025111452335,True
1466439000,1.7,1.7,4.242993067385564,False
1466439092,1.7,1.7,1.084103504976465,False
1466439150,1.7,1.7,2.7206112706526087,False
1466439229,5.2,5.2,1.0845972649908646,False
1466439279,1.1,4.494277530633592,4.494277530633592,True
1466439328,1.1,2.521120232529962,2.521120232529962,True
1466439351,1.1,1.1,1.0395427394937116,False
1466439447,2.0,2.0,4.099406195472289,False
1466439466,2.0,1.3729200073544872,1.3729200073544872,True
1466439480,2.0,2.0,4.260836144431123,False
1466439560,1.1,5.018201977735285,5.018201977735285,True
1466439600,1.1,1.1,0.8543276489356668,False
1466439645,1.9,1.9,4.927514389548042,False
1466439729,1.9,1.9,4.348275932760378,False
1466439772,1.9,1.9,0.7990122639717394,False
1466439827,4.8,1.0585712171667472,1.0585712171667472,True
1466439849,4.8,1.6607226180033072,1.6607226180033072,True
1466439910,4.8,1.4754661630177512,1.4754661630177512,True
1466439990,4.8,4.8,0.8716976783701169,False
1466440005,4.6,4.6,2.551999023071817,False
1466440006,4.6,4.6,2.4474574918001,False
1466440045,4.6,4.6,2.801495811623247,False
1466440066,4.6,4.6,5.984928761466648,False
1466440154,3.3,3.3,2.731741066685575,False
1466440214,3.3,2.7603970270311406,2.7603970270311406,True
1466440226,3.3,3.3,2.8939137311549583,False
1466440304,3.3,3.3,5.2584751532344445,False
1466440385,1.1,5.449326810933263,5.449326810933263,True
1466440451,1.1,1.1,4.087269742302626,False
1466440521,0.4,0.4,0.258370893347869,False
1466440581,0.4,0.4,3.9187728724467323,False
1466440674,0.4,2.8592807907990565,2.8592807907990565,True
1466440727,3.4,3.4,3.6123808925076655,False
1466440821,3.4,1.7077214087548034,1.7077214087548034,True
1466440827,3.4,3.4,2.8398499435759534,False
1466440897,3.4,3.4,1.6602367554067738,False
1466440923,3.4,3.4,1.6518523446615465,False
1466441012,3.4,0.12380422738850494,0.12380422738850494,True
1466441049,1.6,1.6,4.175478343816463,False
1466441147,1.6,1.7779424061131297,1.7779424061131297,True
1466441213,1.6,1.6,2.2811966306483136,False
1466441311,1.6,1.6,4.487278973980422,False
1466441318,1.6,1.6,4.108687539052341,False
1466441418,1.6,1.9401884000147098,1.9401884000147098,True
1466441510,1.6,1.6,2.804792858955409,False
1466441541,5.0,5.0,2.920818772502088,False
1466441579,5.0,0.7261918865063977,0.7261918865063977,True
1466441630,5.0,5.0,5.51419003205402,False
1466441714,5.0,5.0,3.3375460736029865,False
1466441724,5.3,5.3,3.902758244451448,False
1466441741,5.5,5.5,3.172370929784475,False
1466441822,5.5,3.759574986411078,3.759574986411078,True
1466441883,1.1,2.0361613605073767,2.0361613605073767,True
1466441934,1.1,1.1,3.3925415965851378,False
1466441947,1.1,0.4732319099454585,0.4732319099454585,True
1466442046,1.1,2.614419732769644,2.614419732769644,True
1466442137,1.1,2.878154882715332,2.878154882715332,True
1466442175,4.2,2.5018825259166197,2.5018825259166197,True
1466442216,4.2,4.2,0.8986918407931594,False
1466442284,4.2,4.2,4.165248306406836,False
1466442332,4.2,3.9543266364687444,3.9543266364687444,True
1466442358,5.2,5.2,4.64712165035545,False
1466442362,5.2,5.2,1.1267553959326442,False
1466442439,5.2,2.8588174176445484,2.8588174176445484,True
1466442490,5.2,4.6975738366932625,4.6975738366932625,True
1466442498,5.2,5.2,0.3306399500603028,False
1466442508,5.2,2.2951912101545364,2.2951912101545364,True
1466442518,3.3,3.3,1.756359451597991,False
1466442556,3.3,3.3,0.8933333556373098,False
1466442656,3.3,3.449945442520276,3.449945442520276,True
1466442662,4.7,1.710873948262572,1.710873948262572,True
1466442703,4.7,5.862185537063715,5.862185537063715,True
1466442768,5.3,5.885965226400781,5.885965226400781,True
1466442788,5.3,5.720713159340505,5.720713159340505,True
1466442886,5.3,1.2600510604229016,1.2600510604229016,True
1466442980,5.3,4.086302777507828,4.086302777507828,True
1466443000,5.3,3.5658858679300147,3.5658858679300147,True
1466443029,5.3,5.3,0.3238602543083804,False
1466443038,5.3,1.9459269263238408,1.9459269263238408,True
1466443089,2.6,2.6,0.41777009798988596,False
1466443162,5.0,5.0,5.196549031060691,False
1466443201,2.8,2.531519895129386,2.531519895129386,True
1466443219,4.4,4.4,3.9018042837922184,False
1466443263,4.4,0.019959172455354057,0.019959172455354057,True
1466443350,0.2,0.2,5.064646895953529,False
1466443373,0.2,0.2,2.0922800143315285,False
1466443392,1.5,0.7532617555077772,0.7532617555077772,True
1466443402,1.5,4.041712853221483,4.041712853221483,True
1466443486,3.1,3.1,2.4330143526092836,False
1466443511,3.1,2.8708111982092848,2.8708111982092848,True
1466443584,3.1,3.1,5.621635464043832,False
1466443677,3.1,1.4878884322576773,1.4878884322576773,True
1466443725,3.1,1.5909772769980872,1.5909772769980872,True
1466443727,3.1,0.1802632083725555,0.1802632083725555,True
1466443750,3.1,5.384237806240051,5.384237806240051,True
1466443761,3.1,2.1341783025632215,2.1341783025632215,True
1466443808,3.1,3.1,1.3209495379594616,False
1466443861,3.8,3.8,0.696750076652711,False
1466443929,1.3,4.340341998735779,4.340341998735779,True
1466443986,1.3,1.3,2.0099165743042855,False
1466444043,1.3,3.524730776781503,3.524730776781503,True
1466444110,1.3,1.3,3.3454550017249978,False
1466444192,1.3,4.608510925517869,4.608510925517869,True
1466444287,1.3,1.3,3.2445164685700347,False
1466444294,1.3,1.9451772160528353,1.9451772160528353,True
1466444366,1.3,4.8866536879584315,4.8866536879584315,True
1466444466,1.3,0.0760942168241141,0.0760942168241141,True
1466444505,1.3,3.556545871830275,3.556545871830275,True
1466444556,1.3,1.3,5.106972109803534,False
1466444624,1.3,5.221424307044464,5.221424307044464,True
1466444663,2.2,2.2,3.5256937671799107,False
1466444685,2.2,2.2,2.0540710407011735,False
1466444756,2.2,2.2,2.301495691645615,False
1466444781,0.9,2.9055360045175416,2.9055360045175416,True
1466444840,0.9,1.2590206063449976,1.2590206063449976,True
1466444854,5.6,5.6,2.561981722096154,False
1466444860,5.6,0.009883384819504792,0.009883384819504792,True
1466444959,5.6,0.7583088934067981,0.7583088934067981,True
1466445058,1.3,1.3,4.5883642690516915,False
1466445107,1.3,1.3,2.849238799867872,False
1466445165,1.3,5.596502458894379,5.596502458894379,True
1466445170,1.3,1.3,2.0898173539258584,False
1466445173,1.3,0.25951144506411583,0.25951144506411583,True
1466445247,1.3,1.3,1.3010336498963706,False
1466445305,1.3,5.808765660220111,5.808765660220111,True
1466445333,1.3,1.3,2.3875351688479287,False
1466445356,5.0,5.0,1.0902617977236688,False
1466445430,4.1,4.1,4.749854479331942,False
1466445491,4.1,1.6033383088509807,1.6033383088509807,True
1466445497,4.1,4.1,2.3728658846243507,False
1466445514,4.1,4.1,0.6616734023265187,False
1466445549,4.1,4.1,2.4382285280580387,False
1466445640,4.1,4.1,3.404251723598663,False
1466445648,4.1,4.1,3.2815392028466985,False
1466445739,4.1,4.1,3.357370771499669,False
1466445814,4.1,4.1,2.0470804458962277,False
1466445879,4.1,4.1,4.322149883389829,False
1466445909,4.1,4.1,2.6736944791675636,False
1466445965,4.1,2.4219967933113367,2.4219967933113367,True
1466446021,4.1,4.1,3.777174126331575,False
1466446045,3.6,4.413710485980193,4.413710485980193,True
1466446071,3.6,3.541039886472114,3.541039886472114,True
1466446120,3.6,3.6,2.2735440329249377,False
1466446168,3.6,3.6,2.22224369311194,False
1466446253,3.6,3.6,2.8124347394720184,False
1466446302,3.6,4.768714299996104,4.768714299996104,True
1466446389,3.6,4.893994709217801,4.893994709217801,True
1466446404,3.6,4.272684412502832,4.272684412502832,True
1466446494,3.6,3.6,4.519259925581416,False
1466446594,3.6,0.9315943209016437,0.9315943209016437,True
1466446643,3.6,3.6,2.8481632048070553,False
1466446669,3.6,3.6,0.7768231969015087,False
1466446690,3.6,3.6,4.5549242369760226,False
1466446735,4.1,3.4803484336544095,3.4803484336544095,True
1466446766,4.1,4.1,5.946892713637656,False
1466446852,0.6,0.6,2.537260468924977,False
1466446902,0.6,4.837776301998892,4.837776301998892,True
1466446945,0.8,3.065207245225768,3.065207245225768,True
1466446987,0.8,3.6122028189963755,3.6122028189963755,True
1466447036,1.2,1.2,3.438369224869888,False
1466447112,1.4,3.88244880698615,3.88244880698615,True
1466447129,1.4,1.6297631609984518,1.6297631609984518,True
1466447189,3.6,1.0166325977593198,1.0166325977593198,True
1466447224,3.6,1.136801865119656,1.136801865119656,True
1466447270,3.8,3.6784609273679467,3.6784609273679467,True
1466447272,3.8,4.901402184912505,4.901402184912505,True
1466447348,3.8,3.8,3.151098364135804,False
1466447359,3.8,1.736667316856096,1.736667316856096,True
1466447388,3.8,0.7692657006185122,0.7692657006185122,True
1466447390,3.8,3.8,1.736163204340436,False
1466447425,3.8,3.8,3.969773945557972,False
1466447463,3.8,3.8,3.8749621075328915,False
1466447485,0.9,0.9,3.7715008769678073,False
1466447545,4.8,5.914938561252623,5.914938561252623,True
1466447553,4.8,4.455376990375022,4.455376990375022,True
1466447554,4.8,4.8,1.048498079908484,False
1466447573,4.8,4.37434736885578,4.37434736885578,True
1466447634,4.8,4.8,4.198139163701488,False
1466447695,4.8,4.8,1.334615749514596,False
1466447762,4.8,4.8,1.4578681979351331,False
1466447844,2.9,2.9,3.4677143666071504,False
1466447885,2.9,1.229563870409184,1.229563870409184,True
1466447943,2.9,2.9,3.5827007156425217,False
1466447956,2.9,3.6475702672693373,3.6475702672693373,True
1466448041,2.9,1.4501147611003835,1.4501147611003835,True
1466448140,2.9,5.869314787569373,5.869314787569373,True
1466448215,2.9,0.8337538764887864,0.8337538764887864,True
1466448270,2.9,0.9232113753676281,0.9232113753676281,True
1466448302,2.9,4.471273656320529,4.471273656320529,True
1466448368,5.2,1.7322601157648738,1.7322601157648738,True
1466448422,5.2,0.23742052455913742,0.23742052455913742,True
1466448517,5.2,2.6709162388123864,2.6709162388123864,True
1466448614,4.4,2.93288623588004,2.93288623588004,True
1466448701,3.6,3.6,1.841042321329815,False
1466448743,3.6,3.6,1.4514090973236304,False
1466448805,3.6,3.6,3.714937146991172,False
1466448844,3.6,3.6,5.025399059818101,False
1466448896,3.6,3.6,0.6910067374454147,False
1466448984,3.6,5.961868513520686,5.961868513520686,True
1466449031,3.6,0.14408669765903137,0.14408669765903137,True
1466449045,0.2,0.2,3.031796348487993,False
1466449099,0.2,0.2,0.9613845802124439,False
1466449171,0.2,0.2,5.521503355790159,False
1466449261,0.2,0.2,1.4669717940010518,False
1466449280,0.2,0.2,2.7102925479044035,False
1466449359,5.4,2.240727950546407,2.240727950546407,True
1466449442,5.4,5.4,0.651493901281402,False
1466449496,1.0,1.0,1.3123595677199613,False
1466449537,1.0,1.0,1.1831238393274304,False
1466449555,1.0,1.0,2.4990047046475254,False
1466449629,1.0,1.0,3.7975218469797007,False
1466449635,0.5,0.5,2.838003805504526,False
1466449721,0.5,4.7968166572638795,4.7968166572638795,True
1466449772,4.4,5.991790747657088,5.991790747657088,True
1466449872,4.4,4.4,4.639136973967337,False
1466449873,6.0,1.5305785146134687,1.5305785146134687,True
1466449884,6.0,6.0,4.417708590397874,False
1466449937,6.0,6.0,5.854133395547691,False
1466449953,6.0,6.0,0.00044884228411912197,False
1466449959,6.0,6.0,1.5373004852196037,False
1466449961,6.0,2.8195327383483955,2.8195327383483955,True
1466450018,6.0,2.1314571079925795,2.1314571079925795,True
1466450075,6.0,6.0,0.8660736857238811,False
1466450150,6.0,6.0,1.8866442868390974,False
1466450177,0.2,0.2,3.7428015566835127,False
1466450255,4.1,4.1,3.22550853371982,False
1466450343,4.1,5.872482370407676,5.872482370407676,True
1466450348,4.1,4.1,3.3609115386163824,False
1466450401,4.1,4.1,1.335480620026235,False
1466450433,3.3,3.747974806560733,3.747974806560733,True
1466450507,3.3,3.3,5.997597941678922,False
1466450536,3.3,3.3,0.08122112272211712,False
1466450627,3.3,3.3,5.83913176334444,False
1466450723,1.6,1.6,3.0908581811785707,False
1466450817,1.6,3.07749644214771,3.07749644214771,True
1466450900,1.6,1.6,4.340979297438476,False
1466450902,1.6,1.6,2.7984729219559292,False
1466450971,1.6,1.6,3.3994982942905523,False
1466451016,1.4,1.4,3.17474021118605,False
1466451023,1.4,1.4,3.820362211957617,False
1466451073,0.6,0.9719341315357812,0.9719341315357812,True
1466451166,2.8,2.8,3.6791935461441114,False
1466451231,2.8,2.8,0.8907719234271325,False
1466451245,2.1,3.473456848480482,3.473456848480482,True
1466451293,2.4,4.751353260729514,4.751353260729514,True
1466451295,2.8,0.42976178235700235,0.42976178235700235,True
1466451378,2.8,2.8,4.042679195113627,False
1466451445,2.8,5.789314841653103,5.789314841653103,True
1466451508,2.8,0.21192926948205937,0.21192926948205937,True
1466451599,2.8,1.1383152440587359,1.1383152440587359,True
1466451686,2.8,1.2172854905685915,1.2172854905685915,True
1466451761,5.2,5.2,5.011642399704202,False
1466451857,5.2,3.199761310529729,3.199761310529729,True
1466451909,5.9,5.343557105328081,5.343557105328081,True
1466451919,5.9,4.398799514629617,4.398799514629617,True
1466452006,2.9,2.9,0.47400181122977925,False
1466452035,2.9,2.9,3.448237248215701,False
1466452039,2.9,2.2656412309622214,2.2656412309622214,True
1466452104,1.2,0.10312036467428554,0.10312036467428554,True
1466452167,1.2,3.790329639751023,3.790329639751023,True
1466452238,1.2,3.8495626814979866,3.8495626814979866,True
1466452313,1.2,1.9946185934320375,1.9946185934320375,True
1466452339,1.2,1.2,2.814378416166259,False
1466452419,1.2,1.2,3.344355741323949,False
1466452424,1.2,1.2,3.1699680413616953,False
1466452435,1.2,1.2,4.743220294111179,False
1466452531,1.2,1.2,5.034092264775797,False
1466452584,1.1,1.1,5.170495127306376,False
1466452625,1.2,4.103328954828941,4.103328954828941,True
1466452676,1.2,1.2,0.019789881365953832,False
1466452752,1.2,5.8054278031496045,5.8054278031496045,True
1466452796,1.2,2.2381481417668105,2.2381481417668105,True
1466452825,4.6,4.6,5.777135676247975,False
1466452860,4.6,4.6,0.38862409961650757,False
1466452960,4.6,4.6,5.30819763499216,False
1466452979,4.6,4.6,3.0798329707337238,False
1466453002,0.9,0.7438580567237518,0.7438580567237518,True
1466453016,0.9,0.9,0.3712195113928558,False
1466453025,0.9,5.232939508088352,5.232939508088352,True
1466453089,0.9,0.9,0.06469450778167674,False
1466453141,0.2,0.2,3.4440261847533287,False
1466453154,0.2,0.2,5.3846238490021765,False
1466453184,0.2,0.2,0.5824261395626389,False
1466453202,0.2,0.2,1.0855322481574068,False
1466453203,0.2,2.2005837729745994,2.2005837729745994,True
1466453222,6.0,3.985126237586285,3.985126237586285,True
1466453321,6.0,6.0,0.8172655481405193,False
1466453379,6.0,6.0,5.095502001085792,False
1466453392,6.0,1.2190173542489382,1.2190173542489382,True
1466453422,6.0,2.2241697260325672,2.2241697260325672,True
1466453502,6.0,1.2385791486163538,1.2385791486163538,True
1466453518,6.0,6.0,0.08311754181766062,False
1466453563,6.0,1.8913088587272613,1.8913088587272613,True
1466453604,6.0,6.0,3.0453162433984957,False
1466453639,6.0,5.701511808319388,5.701511808319388,True
1466453705,6.0,6.0,1.8423767378830316,False
1466453795,6.0,4.197079814740464,4.197079814740464,True
1466453816,6.0,3.3181714155733046,3.3181714155733046,True
1466453870,6.0,6.0,5.966810986624964,False
1466453910,6.0,6.0,4.616675637816913,False
1466454002,6.0,3.5744530167638437,3.5744530167638437,True
1466454051,4.3,4.3,5.871841791412259,False
1466454087,3.7,5.125130309769775,5.125130309769775,True
1466454129,3.7,3.7,3.165212951796048,False
1466454227,3.7,5.118385154142084,5.118385154142084,True
1466454259,3.7,3.7,3.710951754495478,False
1466454262,3.7,5.028804391643941,5.028804391643941,True
1466454298,3.5,3.5,4.663143630848206,False
1466454388,3.5,3.5,3.4804183050423605,False
1466454399,3.5,3.5,4.378656766748719,False
1466454473,3.5,3.5244030928883903,3.5244030928883903,True
1466454529,3.5,1.916268517858635,1.916268517858635,True
1466454559,3.5,5.012444126438693,5.012444126438693,True
1466454648,2.1,2.1,1.3821703410036548,False
1466454745,2.1,4.159377787014687,4.159377787014687,True
1466454763,2.1,4.556594251932169,4.556594251932169,True
1466454851,1.8,1.8,0.8882743807065128,False
1466454936,1.8,2.3845865917606277,2.3845865917606277,True
1466454949,1.8,2.633538640643608,2.633538640643608,True
1466455032,1.8,1.8,2.1545785167908695,False
1466455065,1.8,2.9487062045867045,2.9487062045867045,True
1466455119,1.8,1.8,5.359250424059738,False
1466455172,1.8,5.070806338873918,5.070806338873918,True
1466455196,1.8,1.7593040719632653,1.7593040719632653,True
1466455271,1.8,5.808602341687468,5.808602341687468,True
1466455357,1.8,5.884548118910654,5.884548118910654,True
1466455361,1.8,5.3285733015524235,5.3285733015524235,True
1466455394,1.8,2.765537338518498,2.765537338518498,True
1466455475,1.8,1.6722452267332628,1.6722452267332628,True
1466455497,1.8,1.8,2.7148464174189444,False
1466455561,0.3,0.3,5.795129831947412,False
1466455575,0.3,4.950494117592442,4.950494117592442,True
1466455587,0.4,1.457142239443918,1.457142239443918,True
1466455651,0.4,2.586890753339201,2.586890753339201,True
1466455658,0.4,5.490110640460389,5.490110640460389,True
1466455732,0.4,0.4,2.7632872955029626,False
1466455812,4.8,1.3960658718991588,1.3960658718991588,True
1466455910,4.1,4.703910231469354,4.703910231469354,True
1466455951,4.1,4.1,2.7348629482929114,False
1466455999,4.1,4.1,1.775243030489885,False
1466456054,4.1,3.9291153289339134,3.9291153289339134,True
1466456058,4.1,4.1,0.28921560867033036,False
1466456074,4.1,2.2199163242046067,2.2199163242046067,True
1466456088,4.1,4.585014295250599,4.585014295250599,True
1466456118,4.1,4.1,1.1631972042412366,False
1466456218,4.1,0.5599401195418816,0.5599401195418816,True
1466456265,4.1,4.1,1.7207078692646123,False
1466456270,1.5,4.37926109079703,4.37926109079703,True
1466456312,1.2,3.6604083182273595,3.6604083182273595,True
1466456346,1.2,3.022171610555297,3.022171610555297,True
1466456374,1.1,1.1,2.238187076887573,False
1466456406,4.6,4.6,3.462600167228741,False
1466456482,4.6,4.6,0.17469429001569003,False
1466456512,4.9,4.9,2.262202345767752,False
1466456610,4.9,3.1159282424685593,3.1159282424685593,True
1466456683,1.1,4.430007125638991,4.430007125638991,True
1466456768,1.1,3.2129940190001216,3.2129940190001216,True
1466456856,1.1,0.5437487838006345,0.5437487838006345,True
1466456927,3.6,1.803950897365993,1.803950897365993,True
1466457014,3.6,4.751195595222546,4.751195595222546,True
1466457032,2.5,2.7681614789712548,2.7681614789712548,True
1466457067,0.1,0.4887501816992468,0.4887501816992468,True
1466457157,0.1,0.1,4.54405676027009,False
1466457215,2.8,0.4933666297487287,0.4933666297487287,True
1466457267,2.8,2.8,3.6260162204419566,False
1466457357,5.0,5.0,3.5016444818262427,False
1466457434,5.0,0.23823333254561074,0.23823333254561074,True
1466457487,5.0,5.0,5.876672161151644,False
1466457559,5.9,5.9,5.5063962906361255,False
1466457603,0.9,0.9,2.7809524672921277,False
1466457671,0.9,5.3721556914157285,5.3721556914157285,True
1466457713,5.9,5.208426497897861,5.208426497897861,True
1466457745,5.9,5.9,2.2267138661126693,False
1466457782,4.2,4.2,0.3969226433853823,False
1466457802,4.4,2.283176508270099,2.283176508270099,True
1466457817,1.6,1.6,5.730153750699369,False
1466457865,1.6,1.6,5.608991777506868,False
1466457884,1.6,0.23853637569105368,0.23853637569105368,True
1466457885,1.6,1.6,1.7646850367536069,False
1466457917,3.7,5.100682514139596,5.100682514139596,True
1466457973,3.7,0.5050628328783233,0.5050628328783233,True
1466458045,3.7,3.7,5.609260863877503,False
1466458135,3.7,1.7068901380794277,1.7068901380794277,True
1466458151,3.7,3.7,5.511545384219254,False
1466458230,3.7,4.168205566649069,4.168205566649069,True
1466458324,5.3,5.3,4.127303882015203,False
1466458362,5.3,3.7110465519453135,3.7110465519453135,True
1466458438,5.3,5.3,1.043751762847041,False
1466458454,5.3,5.3,0.011537264275748527,False
1466458496,5.3,5.3,1.3071734125936894,False
1466458509,4.4,1.2834045663690021,1.2834045663690021,True
1466458580,4.4,4.047324678106259,4.047324678106259,True
1466458590,3.8,2.8378140886739764,2.8378140886739764,True
1466458626,3.8,4.266025488398638,4.266025488398638,True
1466458642,3.8,5.1925515304676715,5.1925515304676715,True
1466458665,3.8,3.8,4.394447721448294,False
1466458694,3.8,5.361201497387348,5.361201497387348,True
1466458762,3.5,3.5,1.7491616904142888,False
1466458793,3.5,3.5,0.9436829500049801,False
1466458824,4.8,0.0499899342484349,0.0499899342484349,True
1466458906,4.8,4.8,5.519324435486639,False
1466458982,4.8,4.8,3.7475627614020603,False
1466459068,4.8,2.047672990086962,2.047672990086962,True
1466459159,4.8,4.8,0.8841478775211635,False
1466459184,5.8,0.36308691188278797,0.36308691188278797,True
1466459273,5.8,5.8,0.4495386947660698,False
1466459372,5.8,5.8,2.2154809381826492,False
1466459415,4.0,4.0,2.5190129381225494,False
1466459483,4.0,4.386305835008498,4.386305835008498,True
1466459504,4.0,3.191485071500333,3.191485071500333,True
1466459588,4.0,4.0,3.476509260489209,False
1466459595,4.0,4.0,0.6110792249581478,False
1466459673,5.5,5.5,5.3011017365007564,False
1466459726,3.7,3.7,3.8182125378565095,False
1466459800,3.7,4.813384185270973,4.813384185270973,True
1466459857,3.7,3.7,1.2360696032103318,False
1466459887,3.7,3.7,2.802771237087414,False
1466459913,3.7,0.5612846672482859,0.5612846672482859,True
1466459974,3.7,3.7,0.13595449455762743,False
1466459995,3.7,1.7746653234988232,1.7746653234988232,True
1466460001,5.6,5.6,2.6918831087797095,False
1466460054,5.6,5.6,5.619362459636488,False
1466460130,5.6,1.4445724159360998,1.4445724159360998,True
1466460215,5.9,5.9,1.645653430562188,False
1466460252,5.9,5.9,2.5820301708453575,False
1466460272,5.9,5.9,3.057197174027475,False
1466460346,4.7,5.300505657621246,5.300505657621246,True
1466460440,2.8,2.8,2.797961478143439,False
1466460461,2.8,2.8,5.090660011386052,False
1466460528,3.2,3.2,5.233181090994645,False
1466460610,3.2,3.2,4.568422836127913,False
1466460630,2.6,2.6,4.523697842078731,False
1466460691,2.6,1.8363697105745518,1.8363697105745518,True
1466460706,2.6,0.9030410322849642,0.9030410322849642,True
1466460739,2.6,2.6,3.6241852959962495,False
1466460765,2.6,3.747299364518198,3.747299364518198,True
1466460795,4.6,1.1844279243355647,1.1844279243355647,True
1466460877,1.3,1.3,1.8228576794376352,False
1466460973,3.7,3.7,1.8649749879176891,False
1466461009,3.7,3.7,3.3613245676586807,False
1466461027,3.7,3.7,3.816527506958836,False
1466461032,3.7,3.7,0.6145745576650727,False
1466461096,3.5,3.5,4.400086343765216,False
1466461169,1.9,1.9,2.400796660414934,False
1466461256,0.2,0.2,2.783652640312377,False
1466461351,2.0,2.1077054758752896,2.1077054758752896,True
1466461451,5.7,5.47015007967577,5.47015007967577,True
1466461531,0.6,0.6,1.6957080757494243,False
1466461568,0.6,0.6,1.6494757427868507,False
1466461583,0.6,0.6,5.744522497760522,False
1466461647,0.6,3.59735963753433,3.59735963753433,True
1466461703,0.6,3.728071925884173,3.728071925884173,True
1466461794,0.6,1.409124454589478,1.409124454589478,True
1466461813,4.9,5.996073548183263,5.996073548183263,True
1466461910,4.9,4.9,5.541316147717646,False
1466461988,4.2,1.1533050291299713,1.1533050291299713,True
1466462056,4.2,5.425428596837706,5.425428596837706,True
1466462101,1.3,1.3,5.836659580125472,False
1466462155,4.2,4.2,5.218239104887489,False
1466462215,4.2,2.3972498758835723,2.3972498758835723,True
1466462278,4.2,1.6453051499955547,1.6453051499955547,True
1466462368,4.2,2.0819409620510774,2.0819409620510774,True
1466462412,4.2,4.2,0.22292770966047826,False
1466462512,4.2,2.3442826655909723,2.3442826655909723,True
1466462594,1.8,0.23663181841017322,0.23663181841017322,True
1466462671,1.6,3.3368309041505544,3.3368309041505544,True
1466462716,1.6,4.9420208621299935,4.9420208621299935,True
1466462746,1.6,1.6,4.504927034368817,False
1466462782,1.6,1.6,1.6978903211997816,False
1466462820,1.5,1.5,3.5214240040905542,False
1466462833,1.5,1.5,4.6781828128274885,False
1466462842,1.5,5.086605985282248,5.086605985282248,True
1466462850,1.5,5.234144055056927,5.234144055056927,True
1466462941,1.5,2.0408469486012337,2.0408469486012337,True
1466463026,1.5,3.0810220908476946,3.0810220908476946,True
1466463117,1.5,1.5,4.658239626173745,False
1466463139,1.5,1.5,5.459332469104016,False
