1466410104,7.41,7.429793859917948,7.429793859917948,True
1466410114,7.41,7.41,7.426322982889136,False
1466410130,7.41,7.401561898382395,7.401561898382395,True
1466410181,7.41,7.41,7.355215340691003,False
1466410203,7.38,7.414923333982679,7.414923333982679,True
1466410250,7.43,7.43,7.376771448351431,False
1466410309,7.43,7.418590101293094,7.418590101293094,True
1466410397,7.43,7.352331531316033,7.352331531316033,True
1466410430,7.37,7.362926494874376,7.362926494874376,True
1466410469,7.37,7.37,7.411474195456587,False
1466410483,7.43,7.43,7.351330020714791,False
1466410498,7.4,7.406905526608084,7.406905526608084,True
1466410502,7.4,7.360989184765601,7.360989184765601,True
1466410532,7.4,7.4,7.414579310567897,False
1466410541,7.4,7.4,7.438361580810335,False
1466410573,7.4,7.4348218108510595,7.4348218108510595,True
1466410630,7.4,7.43866668617348,7.43866668617348,True
1466410653,7.43,7.43,7.425837290034614,False
1466410746,7.38,7.383049689786538,7.383049689786538,True
1466410814,7.38,7.428148172176584,7.428148172176584,True
1466410890,7.38,7.438689863242186,7.438689863242186,True
1466410902,7.38,7.423277065727883,7.423277065727883,True
1466410978,7.38,7.376571468056163,7.376571468056163,True
1466411008,7.38,7.400125116448095,7.400125116448095,True
1466411066,7.38,7.38,7.438445974764018,False
1466411094,7.38,7.38,7.405325436346489,False
1466411157,7.36,7.36,7.413553721510429,False
1466411223,7.39,7.447010277456121,7.447010277456121,True
1466411226,7.38,7.38,7.3611911122900775,False
1466411272,7.38,7.42176818711939,7.42176818711939,True
1466411303,7.41,7.43645215222669,7.43645215222669,True
1466411318,7.41,7.390192787199279,7.390192787199279,True
1466411396,7.41,7.41,7.430934183142029,False
1466411493,7.39,7.39,7.428384262445924,False
1466411549,7.39,7.39,7.425675570888883,False
1466411560,7.39,7.39,7.416564277197088,False
1466411626,7.39,7.4046447248404315,7.4046447248404315,True
1466411723,7.4,7.4,7.428479202630194,False
1466411763,7.4,7.408629058481498,7.408629058481498,True
1466411785,7.43,7.428627467684531,7.428627467684531,True
1466411854,7.39,7.39,7.413409477834495,False
1466411889,7.39,7.374907276083522,7.374907276083522,True
1466411988,7.42,7.356284909351849,7.356284909351849,True
1466412022,7.42,7.42,7.370587803760097,False
1466412046,7.42,7.404025418669452,7.404025418669452,True
1466412076,7.42,7.439397921296011,7.439397921296011,True
1466412152,7.42,7.42,7.3567292188674465,False
1466412181,7.42,7.442324033578165,7.442324033578165,True
1466412201,7.42,7.419900884943903,7.419900884943903,True
1466412260,7.42,7.42,7.434432414732463,False
1466412347,7.39,7.432480793582424,7.432480793582424,True
1466412360,7.39,7.4371512171071466,7.4371512171071466,True
1466412438,7.39,7.413951148395317,7.413951148395317,True
1466412521,7.43,7.43,7.371912367503221,False
1466412599,7.43,7.43,7.436413036752209,False
1466412639,7.43,7.399244015532036,7.399244015532036,True
1466412691,7.42,7.368208475848621,7.368208475848621,True
1466412747,7.44,7.44,7.385300772555339,False
1466412794,7.44,7.407278360966314,7.407278360966314,True
1466412819,7.44,7.44,7.447949962343831,False
1466412832,7.36,7.36,7.447918775305155,False
1466412874,7.43,7.38804411247143,7.38804411247143,True
1466412943,7.43,7.3625455039011625,7.3625455039011625,True
1466412971,7.43,7.43,7.3585002361643,False
1466412990,7.43,7.43,7.4222049162079715,False
1466413028,7.43,7.42705498432748,7.42705498432748,True
1466413053,7.37,7.437388117111801,7.437388117111801,True
1466413125,7.45,7.45,7.447739960490375,False
1466413200,7.45,7.45,7.36432375759493,False
1466413264,7.45,7.45,7.375385820067685,False
1466413311,7.44,7.44,7.413395704490637,False
1466413342,7.44,7.367758919362456,7.367758919362456,True
1466413440,7.44,7.371012741209795,7.371012741209795,True
1466413458,7.37,7.37,7.409379884918628,False
1466413529,7.37,7.437969065975048,7.437969065975048,True
1466413542,7.44,7.44,7.399174567131945,False
1466413638,7.41,7.41,7.382460532539072,False
1466413672,7.41,7.394124279212613,7.394124279212613,True
1466413733,7.41,7.41,7.4408778016742945,False
1466413779,7.41,7.445226797467951,7.445226797467951,True
1466413780,7.42,7.390842693608993,7.390842693608993,True
1466413864,7.43,7.43,7.400382244617768,False
1466413885,7.43,7.43,7.3737980467376945,False
1466413946,7.39,7.422296742526332,7.422296742526332,True
1466414033,7.39,7.39,7.417029847253737,False
1466414071,7.38,7.38,7.396989648536961,False
1466414164,7.38,7.38,7.449418248600635,False
1466414225,7.38,7.362520894650771,7.362520894650771,True
1466414312,7.38,7.38,7.436021907263031,False
1466414325,7.42,7.42,7.4355124055149835,False
1466414328,7.37,7.404796392550865,7.404796392550865,True
1466414329,7.37,7.37,7.385429395190664,False
1466414402,7.41,7.415082236222233,7.415082236222233,True
1466414407,7.4,7.3821177492496055,7.3821177492496055,True
1466414413,7.4,7.389197775785111,7.389197775785111,True
1466414460,7.4,7.4,7.3932394976587865,False
1466414552,7.4,7.4,7.427961866613841,False
1466414602,7.44,7.35348039114274,7.35348039114274,True
1466414662,7.44,7.445323815013309,7.445323815013309,True
1466414746,7.44,7.410008257250171,7.410008257250171,True
1466414844,7.44,7.44,7.37354488473029,False
1466414943,7.44,7.40938915772786,7.40938915772786,True
1466414946,7.44,7.358428573697985,7.358428573697985,True
1466414966,7.4,7.4,7.373053681492499,False
1466415038,7.4,7.407390436904993,7.407390436904993,True
1466415106,7.4,7.4,7.420849275154404,False
1466415130,7.38,7.377528892636302,7.377528892636302,True
1466415145,7.43,7.43,7.443036257875321,False
1466415202,7.43,7.43,7.445809496936706,False
1466415239,7.35,7.422796523276409,7.422796523276409,True
1466415249,7.35,7.35,7.4028707901846245,False
1466415308,7.35,7.380675946725667,7.380675946725667,True
1466415357,7.35,7.35,7.37513526995567,False
1466415404,7.35,7.35,7.414152789260113,False
1466415469,7.35,7.416626078989547,7.416626078989547,True
1466415548,7.35,7.44082135047528,7.44082135047528,True
1466415588,7.35,7.35,7.431695700054214,False
1466415627,7.35,7.35,7.391298684520666,False
1466415719,7.38,7.394091668810337,7.394091668810337,True
1466415767,7.39,7.442312187946505,7.442312187946505,True
1466415860,7.41,7.424488556107937,7.424488556107937,True
1466415872,7.44,7.44,7.413146346537039,False
1466415914,7.44,7.44,7.418283876344685,False
1466415934,7.39,7.39,7.411361073310149,False
1466415988,7.43,7.43,7.385961737507668,False
1466416004,7.41,7.441640704645956,7.441640704645956,True
1466416050,7.36,7.441098948029957,7.441098948029957,True
1466416150,7.36,7.424196958164261,7.424196958164261,True
1466416161,7.36,7.36,7.362847101437826,False
1466416215,7.36,7.36,7.446874034804611,False
1466416315,7.38,7.38,7.437786341236859,False
1466416321,7.38,7.38,7.441160387717698,False
1466416393,7.38,7.4047514778209615,7.4047514778209615,True
1466416440,7.38,7.4325733591246825,7.4325733591246825,True
1466416510,7.38,7.366538216702493,7.366538216702493,True
1466416541,7.37,7.37,7.401131089206877,False
1466416631,7.36,7.406089898840212,7.406089898840212,True
1466416671,7.43,7.43,7.354339048616212,False
1466416725,7.43,7.38822076747324,7.38822076747324,True
1466416815,7.43,7.43,7.358919425743976,False
1466416867,7.4,7.391806322657316,7.391806322657316,True
1466416933,7.4,7.355070695113444,7.355070695113444,True
1466416963,7.4,7.363764506704259,7.363764506704259,True
1466417034,7.4,7.4,7.411234487693832,False
1466417069,7.44,7.435917842312574,7.435917842312574,True
1466417095,7.45,7.357499191981743,7.357499191981743,True
1466417123,7.45,7.444843445797571,7.444843445797571,True
1466417219,7.43,7.43,7.422343275375068,False
1466417228,7.43,7.44102025275914,7.44102025275914,True
1466417235,7.43,7.43,7.3672178277183855,False
1466417266,7.43,7.43,7.383025839590132,False
1466417298,7.43,7.43,7.403333628504469,False
1466417382,7.43,7.43,7.414424409092142,False
1466417429,7.43,7.42217601166596,7.42217601166596,True
1466417434,7.43,7.361394094277397,7.361394094277397,True
1466417513,7.43,7.3820210286385235,7.3820210286385235,True
1466417598,7.43,7.427982368958251,7.427982368958251,True
1466417615,7.43,7.43,7.425991918179322,False
1466417654,7.43,7.392719132606894,7.392719132606894,True
1466417749,7.38,7.38,7.4159817765707094,False
1466417763,7.37,7.400928867384598,7.400928867384598,True
1466417822,7.38,7.38,7.388099519013922,False
1466417851,7.38,7.436265155279164,7.436265155279164,True
1466417855,7.38,7.38,7.432062136670364,False
1466417879,7.42,7.372600260796498,7.372600260796498,True
1466417895,7.42,7.420400471584642,7.420400471584642,True
1466417969,7.42,7.403478948839244,7.403478948839244,True
1466418049,7.36,7.36,7.39459285564304,False
1466418118,7.36,7.36,7.426582671774694,False
1466418129,7.36,7.36,7.446694353071863,False
1466418179,7.36,7.36,7.360681206065138,False
1466418254,7.42,7.42,7.442410770835329,False
1466418332,7.36,7.36,7.416522802717533,False
1466418428,7.36,7.36,7.378660318101264,False
1466418494,7.36,7.419819203546881,7.419819203546881,True
1466418554,7.38,7.38,7.422876865292561,False
1466418563,7.4,7.4,7.354295327242025,False
1466418564,7.4,7.4,7.3765327637439375,False
1466418594,7.4,7.4,7.42229250906976,False
1466418674,7.44,7.44,7.365502662345972,False
1466418748,7.41,7.41,7.430559269832289,False
1466418847,7.41,7.41,7.36738046503879,False
1466418877,7.41,7.41,7.422998138428787,False
1466418917,7.41,7.41,7.3722657199782775,False
1466418938,7.44,7.37639329828714,7.37639329828714,True
1466419031,7.41,7.41,7.3899113728657895,False
1466419058,7.41,7.407709678945819,7.407709678945819,True
1466419104,7.41,7.364405005136238,7.364405005136238,True
1466419166,7.39,7.3680383530692,7.3680383530692,True
1466419261,7.39,7.39,7.411936073650777,False
1466419349,7.35,7.412417390755682,7.412417390755682,True
1466419442,7.38,7.38,7.438241809231177,False
1466419530,7.44,7.448855510926161,7.448855510926161,True
1466419595,7.44,7.360885515143637,7.360885515143637,True
1466419646,7.44,7.44,7.399473899989911,False
1466419737,7.44,7.44,7.386754816162915,False
1466419826,7.44,7.401857396795593,7.401857396795593,True
1466419880,7.39,7.44124371242972,7.44124371242972,True
1466419911,7.45,7.45,7.373587535294047,False
1466419938,7.37,7.37,7.355653396229859,False
1466420016,7.37,7.37148135494779,7.37148135494779,True
1466420019,7.37,7.368556547843568,7.368556547843568,True
1466420108,7.37,7.416198150164283,7.416198150164283,True
1466420205,7.39,7.4437548302780225,7.4437548302780225,True
1466420228,7.39,7.388063384167088,7.388063384167088,True
1466420257,7.35,7.35,7.3649348433246935,False
1466420270,7.36,7.36,7.367812761918035,False
1466420296,7.36,7.36,7.435780755789223,False
1466420331,7.36,7.36,7.404930560582199,False
1466420407,7.36,7.36,7.44290392909918,False
1466420430,7.41,7.41,7.436976188572104,False
1466420453,7.37,7.37,7.443443179575604,False
1466420474,7.37,7.444190096823408,7.444190096823408,True
1466420566,7.37,7.37,7.431074772970631,False
1466420579,7.36,7.36,7.388389886808507,False
1466420618,7.36,7.36,7.3760104897225505,False
1466420624,7.36,7.36,7.373238973058824,False
1466420643,7.36,7.36,7.404463759404551,False
1466420695,7.36,7.442005524811023,7.442005524811023,True
1466420788,7.42,7.442131075610556,7.442131075610556,True
1466420863,7.35,7.4305468814305415,7.4305468814305415,True
1466420947,7.35,7.387967296329291,7.387967296329291,True
1466421003,7.35,7.35,7.366862868817996,False
1466421032,7.35,7.35,7.395290110263332,False
1466421050,7.35,7.401249301525196,7.401249301525196,True
1466421116,7.35,7.35,7.374576452842569,False
1466421208,7.35,7.408687229793859,7.408687229793859,True
1466421234,7.41,7.358390709520392,7.358390709520392,True
1466421262,7.41,7.431549696716434,7.431549696716434,True
1466421353,7.41,7.408450168491319,7.408450168491319,True
1466421360,7.41,7.41,7.438586275564501,False
1466421392,7.41,7.41,7.44804310469537,False
1466421480,7.45,7.45,7.413160048456315,False
1466421530,7.45,7.38693782968508,7.38693782968508,True
1466421547,7.45,7.400563837179139,7.400563837179139,True
1466421591,7.41,7.41,7.369951361295874,False
1466421633,7.41,7.4171456479573346,7.4171456479573346,True
1466421636,7.39,7.404359182429144,7.404359182429144,True
1466421670,7.39,7.350742380899978,7.350742380899978,True
1466421695,7.39,7.417194201848489,7.417194201848489,True
1466421721,7.39,7.39,7.37585286843081,False
1466421804,7.39,7.39,7.378566423695715,False
1466421819,7.39,7.359516435199044,7.359516435199044,True
1466421862,7.39,7.436496353891074,7.436496353891074,True
1466421885,7.39,7.39,7.388544569406499,False
1466421936,7.39,7.39,7.357736150563169,False
1466422012,7.4,7.3882813389357205,7.3882813389357205,True
1466422044,7.36,7.36,7.377788072037488,False
1466422045,7.36,7.36,7.389823494234286,False
1466422137,7.43,7.43,7.430431303791461,False
1466422162,7.38,7.384471556358119,7.384471556358119,True
1466422189,7.4,7.4,7.433457600029825,False
1466422197,7.4,7.374583349610676,7.374583349610676,True
1466422264,7.36,7.36,7.376884294978895,False
1466422330,7.43,7.43,7.420433408812839,False
1466422378,7.43,7.352301544369565,7.352301544369565,True
1466422432,7.43,7.43,7.448268420979729,False
1466422488,7.4,7.4,7.360970359985451,False
1466422577,7.4,7.425897271441907,7.425897271441907,True
1466422628,7.37,7.37,7.353434173082815,False
1466422638,7.37,7.37,7.3932927158650275,False
1466422666,7.36,7.437566020424069,7.437566020424069,True
1466422706,7.4,7.4,7.3504300340798725,False
1466422731,7.43,7.37343957380147,7.37343957380147,True
1466422804,7.36,7.391204378898775,7.391204378898775,True
1466422866,7.36,7.367741961691103,7.367741961691103,True
1466422873,7.36,7.36,7.42839124472751,False
1466422895,7.36,7.36,7.433473953756583,False
1466422953,7.41,7.41,7.393595120224682,False
1466422973,7.38,7.38,7.371154399611351,False
1466423017,7.38,7.38,7.381359304749012,False
1466423051,7.38,7.436428237671235,7.436428237671235,True
1466423099,7.38,7.4485436017307824,7.4485436017307824,True
1466423150,7.44,7.406946989093867,7.406946989093867,True
1466423155,7.37,7.37,7.4122631238251495,False
1466423168,7.37,7.43182170359753,7.43182170359753,True
1466423205,7.37,7.382152021612716,7.382152021612716,True
1466423275,7.4,7.4,7.439854441142065,False
1466423287,7.4,7.4,7.384225127523488,False
1466423336,7.4,7.403125524111975,7.403125524111975,True
1466423340,7.4,7.359342944683614,7.359342944683614,True
1466423355,7.4,7.442027288860374,7.442027288860374,True
1466423443,7.41,7.4243231839200945,7.4243231839200945,True
1466423499,7.44,7.44,7.407149416824761,False
1466423585,7.39,7.373708803229278,7.373708803229278,True
1466423612,7.39,7.4227750106460855,7.4227750106460855,True
1466423669,7.4,7.4,7.373101734090176,False
1466423705,7.4,7.4,7.3821098543830805,False
1466423770,7.4,7.4237253528744285,7.4237253528744285,True
1466423844,7.4,7.4181617233309085,7.4181617233309085,True
1466423902,7.4,7.4,7.438611316116465,False
1466423913,7.44,7.44,7.3721043017865195,False
1466423972,7.37,7.37,7.376906560572802,False
1466424014,7.37,7.414249890901203,7.414249890901203,True
1466424069,7.37,7.37,7.415727223147679,False
1466424154,7.37,7.37,7.387759385025795,False
1466424155,7.41,7.41,7.361194414276491,False
1466424169,7.38,7.375498851720634,7.375498851720634,True
1466424262,7.38,7.38,7.396940773723431,False
1466424339,7.38,7.402774599703759,7.402774599703759,True
1466424398,7.44,7.385567708262036,7.385567708262036,True
1466424497,7.44,7.392682698934937,7.392682698934937,True
1466424558,7.37,7.413064094127155,7.413064094127155,True
1466424613,7.4,7.411018511538444,7.411018511538444,True
1466424713,7.36,7.404683367907094,7.404683367907094,True
1466424804,7.38,7.38,7.387398291834951,False
1466424878,7.38,7.38,7.363176143919621,False
1466424924,7.38,7.408356179575956,7.408356179575956,True
1466425009,7.38,7.390036153853783,7.390036153853783,True
1466425106,7.42,7.36689250120609,7.36689250120609,True
1466425129,7.42,7.42,7.430870446284867,False
1466425179,7.45,7.45,7.372886494482962,False
1466425257,7.45,7.45,7.438452479894771,False
1466425262,7.45,7.45,7.358289991918117,False
1466425305,7.45,7.379565646067573,7.379565646067573,True
1466425331,7.45,7.416393792139835,7.416393792139835,True
1466425338,7.45,7.45,7.4448398337871655,False
1466425377,7.45,7.351905095986695,7.351905095986695,True
1466425380,7.37,7.444102062624325,7.444102062624325,True
1466425417,7.42,7.42,7.435792091576539,False
1466425484,7.39,7.422252173089719,7.422252173089719,True
1466425517,7.42,7.42,7.441629608887113,False
1466425553,7.42,7.42,7.370337733948978,False
1466425640,7.42,7.383609651918763,7.383609651918763,True
1466425687,7.37,7.37,7.43968943955618,False
1466425711,7.35,7.417992068617461,7.417992068617461,True
1466425768,7.35,7.3838934255257485,7.3838934255257485,True
1466425811,7.38,7.38,7.41185009308678,False
1466425856,7.43,7.43,7.403776100430683,False
1466425869,7.43,7.43,7.379574616406389,False
1466425884,7.43,7.413262939604278,7.413262939604278,True
1466425962,7.43,7.358762535887691,7.358762535887691,True
1466425974,7.39,7.39,7.434161298876807,False
1466426016,7.41,7.41,7.436204950984702,False
1466426024,7.41,7.41,7.362906681732725,False
1466426034,7.41,7.378694620231845,7.378694620231845,True
1466426130,7.41,7.41,7.378054231688794,False
1466426189,7.41,7.365016726402574,7.365016726402574,True
1466426198,7.41,7.41,7.410007694805697,False
1466426280,7.41,7.41,7.4126789649754965,False
1466426298,7.4,7.352994971487687,7.352994971487687,True
1466426380,7.4,7.4,7.403028324606526,False
1466426420,7.35,7.36880093457496,7.36880093457496,True
1466426509,7.38,7.44428507756438,7.44428507756438,True
1466426521,7.38,7.358946442065492,7.358946442065492,True
1466426535,7.38,7.400990843230532,7.400990843230532,True
1466426563,7.38,7.38,7.396845488949181,False
1466426620,7.35,7.35,7.391492423822384,False
1466426694,7.35,7.35,7.357213841551227,False
1466426764,7.35,7.396184071090288,7.396184071090288,True
1466426778,7.35,7.35,7.361194895320511,False
1466426866,7.35,7.35,7.405731075974724,False
1466426938,7.35,7.35,7.4353421942772515,False
1466427022,7.35,7.35,7.389373674690907,False
1466427059,7.35,7.35,7.3603584045046695,False
1466427125,7.42,7.4423212808687245,7.4423212808687245,True
1466427204,7.44,7.363074916803069,7.363074916803069,True
1466427240,7.44,7.35883698516527,7.35883698516527,True
1466427317,7.44,7.385270960872963,7.385270960872963,True
1466427319,7.44,7.44,7.354447140114108,False
1466427331,7.44,7.423481061284233,7.423481061284233,True
1466427425,7.44,7.442393584988271,7.442393584988271,True
1466427458,7.41,7.3715075656764,7.3715075656764,True
1466427495,7.41,7.374487354951529,7.374487354951529,True
1466427543,7.41,7.360449256325735,7.360449256325735,True
1466427625,7.41,7.446272863872568,7.446272863872568,True
1466427663,7.41,7.41,7.446539341641085,False
1466427672,7.36,7.389937359489078,7.389937359489078,True
1466427684,7.44,7.425826901939447,7.425826901939447,True
1466427739,7.39,7.39,7.427359088054203,False
1466427769,7.39,7.39,7.433422626089473,False
1466427775,7.39,7.39,7.39349092070136,False
1466427820,7.39,7.39,7.40747068915267,False
1466427837,7.39,7.395996586693918,7.395996586693918,True
1466427846,7.38,7.38,7.378462865404273,False
1466427904,7.45,7.370526592476766,7.370526592476766,True
1466427997,7.39,7.39,7.427855292696023,False
1466428027,7.41,7.410297321482152,7.410297321482152,True
1466428114,7.41,7.3656818855944355,7.3656818855944355,True
1466428212,7.41,7.406514514171112,7.406514514171112,True
1466428294,7.41,7.41,7.3579206338842775,False
1466428321,7.41,7.399115861343657,7.399115861343657,True
1466428340,7.41,7.41,7.429261494286894,False
1466428378,7.41,7.41,7.392777254731833,False
1466428463,7.41,7.367921173261562,7.367921173261562,True
1466428551,7.41,7.4138153834772185,7.4138153834772185,True
1466428575,7.41,7.41,7.39564772033861,False
1466428593,7.41,7.41,7.391602715056175,False
1466428682,7.42,7.42,7.350053394514058,False
1466428699,7.42,7.42,7.444803409196053,False
1466428719,7.42,7.428546462291374,7.428546462291374,True
1466428819,7.36,7.36,7.359116693131349,False
1466428850,7.36,7.35885847758128,7.35885847758128,True
1466428884,7.36,7.36,7.436063298172482,False
1466428973,7.36,7.36,7.365818178670271,False
1466429006,7.35,7.35,7.388883468592277,False
1466429026,7.35,7.35,7.402983687502596,False
1466429066,7.41,7.41,7.40640669501146,False
1466429072,7.41,7.3723284356332375,7.3723284356332375,True
1466429103,7.41,7.3655673419197765,7.3655673419197765,True
1466429110,7.41,7.41,7.354276756560698,False
1466429123,7.44,7.44,7.413377896730583,False
1466429168,7.37,7.37,7.447609951039991,False
1466429182,7.42,7.42,7.405243953257128,False
1466429184,7.45,7.373479480728991,7.373479480728991,True
1466429197,7.45,7.395835038633727,7.395835038633727,True
1466429280,7.41,7.432029365829726,7.432029365829726,True
1466429378,7.41,7.412254716848696,7.412254716848696,True
1466429450,7.38,7.38,7.379534214178052,False
1466429455,7.38,7.358102561387802,7.358102561387802,True
1466429510,7.39,7.39,7.366734989470372,False
1466429565,7.39,7.389459820490377,7.389459820490377,True
1466429566,7.43,7.371755543398918,7.371755543398918,True
1466429592,7.41,7.42349291272837,7.42349291272837,True
1466429623,7.41,7.41,7.401985291005168,False
1466429691,7.36,7.36,7.399835038134727,False
1466429733,7.4,7.415290257522983,7.415290257522983,True
1466429803,7.4,7.4,7.442165311319916,False
1466429832,7.4,7.371201602407896,7.371201602407896,True
1466429905,7.4,7.4,7.40857446757239,False
1466429997,7.4,7.4,7.381565332513512,False
1466430050,7.44,7.44,7.413247163648711,False
1466430088,7.43,7.43,7.43401795329304,False
1466430174,7.43,7.360518039233616,7.360518039233616,True
1466430247,7.37,7.37,7.427109659718921,False
1466430344,7.41,7.41,7.437605797600765,False
1466430375,7.4,7.4,7.439617332352027,False
1466430400,7.4,7.4,7.426029453174757,False
1466430457,7.38,7.376962677413113,7.376962677413113,True
1466430483,7.38,7.38,7.444802401863977,False
1466430517,7.39,7.39,7.360227509446118,False
1466430524,7.4,7.4368733907403435,7.4368733907403435,True
1466430592,7.4,7.418030818632745,7.418030818632745,True
1466430616,7.39,7.39,7.362820125803737,False
1466430631,7.39,7.411715276664487,7.411715276664487,True
1466430680,7.37,7.37,7.390422547301871,False
1466430734,7.37,7.37,7.389667679554075,False
1466430790,7.39,7.39,7.384481813238713,False
1466430815,7.39,7.39,7.449766674733615,False
1466430895,7.41,7.41,7.3624073015138105,False
1466430916,7.41,7.446218679749234,7.446218679749234,True
1466430929,7.36,7.36,7.433587490904309,False
1466430936,7.36,7.3760241177701475,7.3760241177701475,True
1466431009,7.36,7.36,7.394258733667302,False
1466431036,7.37,7.37,7.433797826408336,False
1466431055,7.37,7.391906494807474,7.391906494807474,True
1466431145,7.37,7.37,7.352443130742802,False
1466431218,7.43,7.43,7.390958290425928,False
1466431290,7.43,7.446809917483677,7.446809917483677,True
1466431324,7.43,7.43,7.431162396992357,False
1466431400,7.43,7.392963266741933,7.392963266741933,True
1466431450,7.35,7.366300656293309,7.366300656293309,True
1466431526,7.35,7.387369776323946,7.387369776323946,True
1466431589,7.35,7.357346250121632,7.357346250121632,True
1466431661,7.35,7.391825744363232,7.391825744363232,True
1466431760,7.35,7.35,7.397101788637878,False
1466431796,7.4,7.403123632853663,7.403123632853663,True
1466431848,7.4,7.4,7.359250302447389,False
1466431879,7.4,7.4,7.44849193441843,False
1466431954,7.4,7.401465190758656,7.401465190758656,True
1466431958,7.4,7.371367696699181,7.371367696699181,True
1466432002,7.4,7.3954121105226065,7.3954121105226065,True
1466432101,7.4,7.4,7.355538623042949,False
1466432177,7.4,7.4,7.393192722745491,False
1466432194,7.4,7.4,7.370848831553544,False
1466432237,7.43,7.43,7.384166175891809,False
1466432280,7.41,7.406986981402727,7.406986981402727,True
1466432373,7.44,7.44,7.412590238660397,False
1466432389,7.44,7.3712406104613075,7.3712406104613075,True
1466432415,7.44,7.447523053292844,7.447523053292844,True
1466432417,7.44,7.379997109277166,7.379997109277166,True
1466432506,7.44,7.440692650494567,7.440692650494567,True
1466432569,7.37,7.44142051072401,7.44142051072401,True
1466432577,7.37,7.37,7.440819721617664,False
1466432670,7.37,7.37,7.40421739062908,False
1466432706,7.42,7.42,7.406704176630816,False
1466432804,7.45,7.45,7.429348982091741,False
1466432853,7.43,7.362577439030732,7.362577439030732,True
1466432947,7.35,7.395728678346575,7.395728678346575,True
1466433040,7.35,7.35,7.368661913314581,False
1466433128,7.35,7.37304986002962,7.37304986002962,True
1466433145,7.35,7.421126860169199,7.421126860169199,True
1466433195,7.35,7.35,7.440432987351747,False
1466433289,7.37,7.37,7.362353033229401,False
1466433375,7.41,7.41,7.400555648834215,False
1466433427,7.4,7.4,7.442307710002592,False
1466433478,7.4,7.441450301282416,7.441450301282416,True
1466433517,7.4,7.4,7.376558347623573,False
1466433615,7.4,7.4,7.4303180521869585,False
1466433672,7.4,7.4,7.403495337241746,False
1466433762,7.4,7.4,7.418302411036046,False
1466433809,7.4,7.4,7.3601568220749884,False
1466433873,7.4,7.3900705184349205,7.3900705184349205,True
1466433910,7.4,7.378146508270412,7.378146508270412,True
1466433994,7.37,7.37,7.389594233079378,False
1466434003,7.4,7.4,7.355219674294221,False
1466434045,7.4,7.386212875763424,7.386212875763424,True
1466434096,7.37,7.435746919069656,7.435746919069656,True
1466434173,7.38,7.44630115022046,7.44630115022046,True
1466434199,7.38,7.38,7.396715340446726,False
1466434224,7.38,7.38,7.387745088545954,False
1466434308,7.38,7.372552034418435,7.372552034418435,True
1466434359,7.41,7.441772713625796,7.441772713625796,True
1466434371,7.41,7.41,7.440964407420324,False
1466434457,7.4,7.4243957607895865,7.4243957607895865,True
1466434498,7.4,7.4,7.391128338814864,False
1466434552,7.39,7.39,7.390784845214174,False
1466434622,7.36,7.36,7.403194326442959,False
1466434691,7.44,7.42497692519143,7.42497692519143,True
1466434718,7.44,7.44,7.368525795668022,False
1466434727,7.44,7.44628603671069,7.44628603671069,True
1466434815,7.44,7.410231560148363,7.410231560148363,True
1466434892,7.44,7.44,7.411570661367867,False
1466434915,7.43,7.383411549136261,7.383411549136261,True
1466434946,7.43,7.364657087525011,7.364657087525011,True
1466434988,7.43,7.416843541199368,7.416843541199368,True
1466435020,7.37,7.419748110066247,7.419748110066247,True
1466435090,7.45,7.39251915590426,7.39251915590426,True
1466435099,7.45,7.396539627797848,7.396539627797848,True
1466435145,7.45,7.45,7.43736424865766,False
1466435186,7.45,7.449901647612356,7.449901647612356,True
1466435246,7.41,7.41,7.392079420353414,False
1466435284,7.44,7.363801001578115,7.363801001578115,True
1466435327,7.44,7.44,7.405063684716171,False
1466435369,7.37,7.406011742776216,7.406011742776216,True
1466435408,7.37,7.430002858065761,7.430002858065761,True
1466435468,7.37,7.37,7.380405932921565,False
1466435486,7.37,7.361102977086362,7.361102977086362,True
1466435555,7.37,7.441929716972416,7.441929716972416,True
1466435624,7.4,7.4,7.416802849046654,False
1466435659,7.4,7.4,7.351164704715051,False
1466435682,7.36,7.36,7.386201766274271,False
1466435712,7.36,7.352562912092473,7.352562912092473,True
1466435794,7.41,7.417480058604269,7.417480058604269,True
1466435878,7.43,7.43,7.449035292388493,False
1466435904,7.43,7.43,7.380906801068908,False
1466435971,7.38,7.436837659461934,7.436837659461934,True
1466436041,7.38,7.412662961627936,7.412662961627936,True
1466436059,7.42,7.42,7.399258003323725,False
1466436093,7.38,7.38,7.420438074075303,False
1466436178,7.38,7.38,7.416076954374728,False
1466436230,7.38,7.38,7.410219734790357,False
1466436280,7.38,7.3977044170642845,7.3977044170642845,True
1466436332,7.45,7.420752488016405,7.420752488016405,True
1466436333,7.45,7.45,7.439078975628229,False
1466436431,7.37,7.39165693281868,7.39165693281868,True
1466436520,7.37,7.441559102996164,7.441559102996164,True
1466436572,7.37,7.37,7.402824138358237,False
1466436647,7.38,7.355943497308691,7.355943497308691,True
1466436655,7.38,7.38,7.368057074256357,False
1466436727,7.39,7.435227837840769,7.435227837840769,True
1466436793,7.39,7.39,7.408298997996998,False
1466436879,7.4,7.420881960674663,7.420881960674663,True
1466436880,7.4,7.4,7.432401665868551,False
1466436939,7.4,7.4,7.4062919846792825,False
1466437015,7.4,7.4,7.4296703325766025,False
1466437048,7.45,7.422662130702017,7.422662130702017,True
1466437088,7.45,7.45,7.358485972765456,False
1466437105,7.45,7.45,7.388826754572056,False
1466437122,7.45,7.45,7.351185809448396,False
1466437160,7.38,7.38,7.37007676049696,False
1466437232,7.39,7.39,7.429849283193361,False
1466437321,7.42,7.443513005759839,7.443513005759839,True
1466437335,7.4,7.428524740467342,7.428524740467342,True
1466437358,7.4,7.374241231589352,7.374241231589352,True
1466437441,7.4,7.4,7.398277088070992,False
1466437480,7.4,7.418334749331662,7.418334749331662,True
1466437561,7.4,7.4,7.440530887233191,False
1466437653,7.4,7.4,7.388416638916966,False
1466437709,7.4,7.400035757921283,7.400035757921283,True
1466437798,7.4,7.370962816889583,7.370962816889583,True
1466437869,7.4,7.353296238843247,7.353296238843247,True
1466437952,7.4,7.4,7.386571572601967,False
1466438037,7.4,7.404738075196687,7.404738075196687,True
1466438054,7.4,7.391038762175018,7.391038762175018,True
1466438056,7.4,7.4,7.381345569855719,False
1466438136,7.4,7.413588229667068,7.413588229667068,True
1466438234,7.4,7.4,7.403677150920821,False
1466438261,7.4,7.356182467969309,7.356182467969309,True
1466438348,7.4,7.4,7.4359462918030355,False
1466438407,7.4,7.3965771773540405,7.3965771773540405,True
1466438422,7.43,7.43,7.378471256478227,False
1466438476,7.43,7.3768490365525015,7.3768490365525015,True
1466438571,7.35,7.413667238343864,7.413667238343864,True
1466438612,7.35,7.4492363924756955,7.4492363924756955,True
1466438620,7.35,7.382691717335368,7.382691717335368,True
1466438698,7.35,7.35,7.438646852028634,False
1466438747,7.35,7.35,7.446204855147787,False
1466438795,7.45,7.368203950631823,7.368203950631823,True
1466438810,7.45,7.45,7.400637810371252,False
1466438888,7.43,7.41698723837773,7.41698723837773,True
1466438975,7.43,7.439061779097041,7.439061779097041,True
1466439000,7.35,7.422824647658183,7.422824647658183,True
1466439092,7.38,7.38,7.446645760773274,False
1466439150,7.39,7.39,7.418224736069329,False
1466439229,7.38,7.38,7.440375931514093,False
1466439279,7.39,7.398519149367132,7.398519149367132,True
1466439328,7.39,7.39,7.361460726364393,False
1466439351,7.39,7.393686451054987,7.393686451054987,True
1466439447,7.45,7.358928570862203,7.358928570862203,True
1466439466,7.45,7.45,7.422566372721598,False
1466439480,7.4,7.416917951271947,7.416917951271947,True
1466439560,7.37,7.360534539998468,7.360534539998468,True
1466439600,7.37,7.37,7.364434960930817,False
1466439645,7.37,7.37,7.387028519077851,False
1466439729,7.37,7.37,7.358495507682333,False
1466439772,7.37,7.404851619136654,7.404851619136654,True
1466439827,7.37,7.37,7.402274244523666,False
1466439849,7.37,7.397159134523175,7.397159134523175,True
1466439910,7.36,7.419374659878253,7.419374659878253,True
1466439990,7.36,7.397136142478858,7.397136142478858,True
1466440005,7.36,7.36,7.424740377826912,False
1466440006,7.36,7.36,7.443060510738348,False
1466440045,7.44,7.353227855265092,7.353227855265092,True
1466440066,7.42,7.426750543478521,7.426750543478521,True
1466440154,7.42,7.430057384440283,7.430057384440283,True
1466440214,7.42,7.42,7.38606361322798,False
1466440226,7.39,7.437107524552096,7.437107524552096,True
1466440304,7.39,7.402596140885845,7.402596140885845,True
1466440385,7.39,7.352010007161975,7.352010007161975,True
1466440451,7.37,7.42636925493381,7.42636925493381,True
1466440521,7.37,7.37,7.380015398173879,False
1466440581,7.37,7.37,7.3606341471459755,False
1466440674,7.37,7.43777409941096,7.43777409941096,True
1466440727,7.37,7.384616163599881,7.384616163599881,True
1466440821,7.37,7.374268174248062,7.374268174248062,True
1466440827,7.37,7.37,7.361436766051804,False
1466440897,7.37,7.37,7.400330469938837,False
1466440923,7.37,7.37,7.427656632877148,False
1466441012,7.42,7.42,7.397361841928033,False
1466441049,7.38,7.38,7.443569478712533,False
1466441147,7.38,7.400820802109431,7.400820802109431,True
1466441213,7.38,7.3690662851083575,7.3690662851083575,True
1466441311,7.38,7.408945477557211,7.408945477557211,True
1466441318,7.38,7.443361637457379,7.443361637457379,True
1466441418,7.38,7.38,7.433364295262131,False
1466441510,7.38,7.38,7.356750371585128,False
1466441541,7.4,7.4328096406439395,7.4328096406439395,True
1466441579,7.35,7.35,7.448083878094271,False
1466441630,7.35,7.35,7.361560708079882,False
1466441714,7.38,7.355059304647496,7.355059304647496,True
1466441724,7.36,7.394457769381219,7.394457769381219,True
1466441741,7.36,7.36,7.398667710014181,False
1466441822,7.36,7.427858213485393,7.427858213485393,True
1466441883,7.4,7.40875850120649,7.40875850120649,True
1466441934,7.4,7.4,7.445170993625512,False
1466441947,7.4,7.4,7.39679395271133,False
1466442046,7.4,7.4,7.414316757005366,False
1466442137,7.4,7.446056216730905,7.446056216730905,True
1466442175,7.4,7.4,7.415566529941001,False
1466442216,7.36,7.36,7.385471683509815,False
1466442284,7.36,7.36,7.382987328619311,False
1466442332,7.35,7.423801247384169,7.423801247384169,True
1466442358,7.35,7.35,7.396874864959331,False
1466442362,7.35,7.35,7.3768880150598095,False
1466442439,7.41,7.396583487855166,7.396583487855166,True
1466442490,7.41,7.418295153870154,7.418295153870154,True
1466442498,7.41,7.361971904710968,7.361971904710968,True
1466442508,7.41,7.4188478610586355,7.4188478610586355,True
1466442518,7.41,7.41,7.423839233633827,False
1466442556,7.41,7.377421238883402,7.377421238883402,True
1466442656,7.41,7.437062783615956,7.437062783615956,True
1466442662,7.41,7.35068880217751,7.35068880217751,True
1466442703,7.35,7.35,7.393192959149143,False
1466442768,7.35,7.35,7.366877571525482,False
1466442788,7.42,7.3528927009754845,7.3528927009754845,True
1466442886,7.43,7.43,7.35609004333866,False
1466442980,7.4,7.420975505351792,7.420975505351792,True
1466443000,7.39,7.39,7.395374738601196,False
1466443029,7.39,7.365911536489383,7.365911536489383,True
1466443038,7.39,7.39,7.403522358031327,False
1466443089,7.39,7.39,7.386226998061527,False
1466443162,7.39,7.370112301884659,7.370112301884659,True
1466443201,7.44,7.367675739691946,7.367675739691946,True
1466443219,7.44,7.386905253581353,7.386905253581353,True
1466443263,7.45,7.4240824759212085,7.4240824759212085,True
1466443350,7.45,7.432074219067116,7.432074219067116,True
1466443373,7.45,7.45,7.42169435054388,False
1466443392,7.45,7.394338509843535,7.394338509843535,True
1466443402,7.41,7.41,7.37610325943369,False
1466443486,7.4,7.4,7.365247486389607,False
1466443511,7.4,7.4,7.37538411932618,False
1466443584,7.44,7.423661056303153,7.423661056303153,True
1466443677,7.42,7.372376818663185,7.372376818663185,True
1466443725,7.37,7.4247659232757455,7.4247659232757455,True
1466443727,7.37,7.37,7.39721922238047,False
1466443750,7.36,7.3854151203939,7.3854151203939,True
1466443761,7.36,7.36,7.444484850159824,False
1466443808,7.36,7.36,7.3532077933527935,False
1466443861,7.36,7.36,7.384343192637186,False
1466443929,7.42,7.3739258414110935,7.3739258414110935,True
1466443986,7.42,7.384342550683847,7.384342550683847,True
1466444043,7.36,7.402275826429939,7.402275826429939,True
1466444110,7.36,7.390687075285871,7.390687075285871,True
1466444192,7.37,7.37,7.413067657463673,False
1466444287,7.37,7.38021270686018,7.38021270686018,True
1466444294,7.37,7.37,7.357196281014955,False
1466444366,7.37,7.4436735802629705,7.4436735802629705,True
1466444466,7.42,7.424762043815801,7.424762043815801,True
1466444505,7.42,7.433665386434516,7.433665386434516,True
1466444556,7.43,7.371828551217171,7.371828551217171,True
1466444624,7.36,7.417861670386776,7.417861670386776,True
1466444663,7.36,7.4261242580994855,7.4261242580994855,True
1466444685,7.36,7.36,7.3578396550982275,False
1466444756,7.4,7.4,7.431121683037284,False
1466444781,7.4,7.43993866732344,7.43993866732344,True
1466444840,7.4,7.4,7.395441280951993,False
1466444854,7.4,7.4,7.4120348621063235,False
1466444860,7.43,7.378251420257689,7.378251420257689,True
1466444959,7.45,7.392025115100194,7.392025115100194,True
1466445058,7.45,7.45,7.419529857914197,False
1466445107,7.45,7.385041677913636,7.385041677913636,True
1466445165,7.38,7.38,7.4381027293090325,False
1466445170,7.38,7.3524962536356,7.3524962536356,True
1466445173,7.37,7.37,7.359394794493988,False
1466445247,7.37,7.376991834333965,7.376991834333965,True
1466445305,7.37,7.37,7.395739463247584,False
1466445333,7.37,7.399445817299137,7.399445817299137,True
1466445356,7.37,7.37,7.44923321882941,False
1466445430,7.42,7.42,7.4171381216598204,False
1466445491,7.35,7.35,7.376167653257189,False
1466445497,7.42,7.403612744052458,7.403612744052458,True
1466445514,7.38,7.390834715235664,7.390834715235664,True
1466445549,7.41,7.41,7.440543191632203,False
1466445640,7.41,7.41,7.435954888681213,False
1466445648,7.45,7.375949183660199,7.375949183660199,True
1466445739,7.39,7.445157572112067,7.445157572112067,True
1466445814,7.36,7.36,7.438794414605138,False
1466445879,7.36,7.36,7.447881556495334,False
1466445909,7.4,7.4,7.386039767240978,False
1466445965,7.37,7.353566018915916,7.353566018915916,True
1466446021,7.37,7.37,7.4461424232112465,False
1466446045,7.37,7.37,7.374275599268879,False
1466446071,7.39,7.376329878912246,7.376329878912246,True
1466446120,7.39,7.39,7.391517539044801,False
1466446168,7.39,7.394730968239481,7.394730968239481,True
1466446253,7.39,7.39,7.357855079909671,False
1466446302,7.41,7.41,7.362036947460621,False
1466446389,7.41,7.41,7.44138219943482,False
1466446404,7.42,7.395222236837295,7.395222236837295,True
1466446494,7.42,7.441432079873163,7.441432079873163,True
1466446594,7.42,7.42,7.447384671915872,False
1466446643,7.36,7.410516526597016,7.410516526597016,True
1466446669,7.44,7.448538761559079,7.448538761559079,True
1466446690,7.41,7.435749618605579,7.435749618605579,True
1466446735,7.41,7.41,7.403783545784493,False
1466446766,7.38,7.38,7.420552016332503,False
1466446852,7.4,7.4145729069028254,7.4145729069028254,True
1466446902,7.4,7.4,7.373937622295059,False
1466446945,7.4,7.4,7.4238296055802255,False
1466446987,7.4,7.448670924383317,7.448670924383317,True
1466447036,7.39,7.389939823186658,7.389939823186658,True
1466447112,7.39,7.39,7.350325726932971,False
1466447129,7.39,7.35168666455041,7.35168666455041,True
1466447189,7.42,7.430639670063463,7.430639670063463,True
1466447224,7.38,7.38,7.361087534831624,False
1466447270,7.41,7.41,7.362632104985469,False
1466447272,7.41,7.41,7.360270371291465,False
1466447348,7.36,7.36,7.401364593536662,False
1466447359,7.36,7.36,7.434739139151127,False
1466447388,7.39,7.386609648003014,7.386609648003014,True
1466447390,7.39,7.39,7.355881009683847,False
1466447425,7.45,7.45,7.4426864124623915,False
1466447463,7.41,7.4293782929069705,7.4293782929069705,True
1466447485,7.43,7.391493297704213,7.391493297704213,True
1466447545,7.37,7.416548528803858,7.416548528803858,True
1466447553,7.38,7.38,7.388532783365592,False
1466447554,7.4,7.4,7.4480310984514615,False
1466447573,7.4,7.419722326398693,7.419722326398693,True
1466447634,7.4,7.4,7.355063291680823,False
1466447695,7.4,7.4,7.4143449979408835,False
1466447762,7.4,7.36911412747314,7.36911412747314,True
1466447844,7.39,7.358050345565542,7.358050345565542,True
1466447885,7.44,7.375232343673069,7.375232343673069,True
1466447943,7.44,7.44,7.374758801932027,False
1466447956,7.42,7.375272633707428,7.375272633707428,True
1466448041,7.42,7.42,7.429724977527859,False
1466448140,7.4,7.4,7.449465744751217,False
1466448215,7.4,7.394089985505822,7.394089985505822,True
1466448270,7.39,7.39,7.3721766231109065,False
1466448302,7.39,7.39,7.38463821915668,False
1466448368,7.39,7.39,7.406937067640636,False
1466448422,7.37,7.37,7.359561410716129,False
1466448517,7.37,7.366787640304742,7.366787640304742,True
1466448614,7.37,7.40364512488112,7.40364512488112,True
1466448701,7.37,7.37,7.441817095387519,False
1466448743,7.44,7.44,7.435470430673534,False
1466448805,7.45,7.45,7.435987111890521,False
1466448844,7.42,7.42,7.435856391149726,False
1466448896,7.37,7.41294740843537,7.41294740843537,True
1466448984,7.37,7.3557543953130216,7.3557543953130216,True
1466449031,7.37,7.37,7.36601716525185,False
1466449045,7.37,7.37,7.425811127547658,False
1466449099,7.43,7.377016425340103,7.377016425340103,True
1466449171,7.43,7.43,7.43731902069864,False
1466449261,7.43,7.367259730755994,7.367259730755994,True
1466449280,7.43,7.43,7.433374040517672,False
1466449359,7.43,7.404284379028325,7.404284379028325,True
1466449442,7.4,7.431737209230616,7.431737209230616,True
1466449496,7.4,7.375890981251109,7.375890981251109,True
1466449537,7.4,7.424668288878964,7.424668288878964,True
1466449555,7.35,7.414901131409488,7.414901131409488,True
1466449629,7.42,7.42,7.372602006337354,False
1466449635,7.42,7.42,7.392540679980917,False
1466449721,7.42,7.42,7.366145490918698,False
1466449772,7.42,7.39776781162305,7.39776781162305,True
1466449872,7.42,7.382080527515533,7.382080527515533,True
1466449873,7.42,7.42,7.441460426892177,False
1466449884,7.43,7.39350661689805,7.39350661689805,True
1466449937,7.43,7.383645277829136,7.383645277829136,True
1466449953,7.38,7.38,7.417424969175622,False
1466449959,7.38,7.442854979739701,7.442854979739701,True
1466449961,7.38,7.38,7.373789239139917,False
1466450018,7.38,7.443393518348012,7.443393518348012,True
1466450075,7.38,7.354248371836215,7.354248371836215,True
1466450150,7.38,7.37880825019647,7.37880825019647,True
1466450177,7.38,7.441943280946215,7.441943280946215,True
1466450255,7.38,7.38,7.377040953855545,False
1466450343,7.38,7.38,7.384534255409519,False
1466450348,7.43,7.43,7.425424778861588,False
1466450401,7.43,7.437258345552959,7.437258345552959,True
1466450433,7.43,7.43,7.3912774044199265,False
1466450507,7.43,7.43,7.371375086145424,False
1466450536,7.43,7.438885395242221,7.438885395242221,True
1466450627,7.37,7.408460406756448,7.408460406756448,True
1466450723,7.37,7.3625646326255145,7.3625646326255145,True
1466450817,7.37,7.37,7.424727637407167,False
1466450900,7.44,7.44,7.365817586230695,False
1466450902,7.44,7.410897999786752,7.410897999786752,True
1466450971,7.44,7.44,7.447106294500755,False
1466451016,7.44,7.44,7.3838410569929795,False
1466451023,7.44,7.44,7.407436516774195,False
1466451073,7.44,7.44,7.3871533454152445,False
1466451166,7.44,7.446665481147333,7.446665481147333,True
1466451231,7.44,7.44,7.4359222069458575,False
1466451245,7.37,7.404610565603671,7.404610565603671,True
1466451293,7.37,7.37,7.353504604103819,False
1466451295,7.39,7.445650365553777,7.445650365553777,True
1466451378,7.41,7.41,7.4403914984174095,False
1466451445,7.41,7.38903823628911,7.38903823628911,True
1466451508,7.41,7.41,7.350578652358114,False
1466451599,7.41,7.41,7.365530343280647,False
1466451686,7.41,7.41,7.4257677650591525,False
1466451761,7.41,7.35540451500648,7.35540451500648,True
1466451857,7.41,7.41,7.361288752179012,False
1466451909,7.41,7.41,7.4019154198079375,False
1466451919,7.39,7.39,7.378039902924934,False
1466452006,7.39,7.4158710275098585,7.4158710275098585,True
1466452035,7.4,7.391373717513104,7.391373717513104,True
1466452039,7.4,7.4,7.368065210817637,False
1466452104,7.4,7.4,7.436893861376919,False
1466452167,7.4,7.4,7.3687180833301875,False
1466452238,7.4,7.4,7.3898160505888315,False
1466452313,7.4,7.3641306333904835,7.3641306333904835,True
1466452339,7.4,7.363202165584399,7.363202165584399,True
1466452419,7.4,7.4,7.360827498392129,False
1466452424,7.37,7.39897902034596,7.39897902034596,True
1466452435,7.42,7.419485146443363,7.419485146443363,True
1466452531,7.45,7.408527170503514,7.408527170503514,True
1466452584,7.45,7.45,7.42112950258129,False
1466452625,7.41,7.41,7.378333815566777,False
1466452676,7.41,7.41,7.418647570883496,False
1466452752,7.39,7.447556331216395,7.447556331216395,True
1466452796,7.39,7.373148516626053,7.373148516626053,True
1466452825,7.39,7.39,7.390952514189655,False
1466452860,7.39,7.380243091139658,7.380243091139658,True
1466452960,7.39,7.39,7.433572107200904,False
1466452979,7.39,7.39,7.432972011399491,False
1466453002,7.38,7.38,7.384980630106741,False
1466453016,7.38,7.440240223529428,7.440240223529428,True
1466453025,7.38,7.425797952160684,7.425797952160684,True
1466453089,7.38,7.38,7.3870813667401105,False
1466453141,7.38,7.417742808930871,7.417742808930871,True
1466453154,7.38,7.38,7.3539571755801125,False
1466453184,7.45,7.435670052395611,7.435670052395611,True
1466453202,7.45,7.434582471113386,7.434582471113386,True
1466453203,7.45,7.367923279361273,7.367923279361273,True
1466453222,7.45,7.3638227976980115,7.3638227976980115,True
1466453321,7.39,7.392446893259641,7.392446893259641,True
1466453379,7.41,7.426438664488475,7.426438664488475,True
1466453392,7.41,7.415058094692955,7.415058094692955,True
1466453422,7.41,7.447321438210411,7.447321438210411,True
1466453502,7.41,7.41,7.374327418402351,False
1466453518,7.39,7.39,7.410731144126748,False
1466453563,7.39,7.39,7.359697257566945,False
1466453604,7.4,7.427629102796228,7.427629102796228,True
1466453639,7.4,7.377835075668119,7.377835075668119,True
1466453705,7.39,7.374635018558895,7.374635018558895,True
1466453795,7.44,7.44,7.374474526120794,False
1466453816,7.44,7.44,7.380260534420099,False
1466453870,7.43,7.44256422764325,7.44256422764325,True
1466453910,7.43,7.422485167653018,7.422485167653018,True
1466454002,7.4,7.38652336546796,7.38652336546796,True
1466454051,7.4,7.363833487005003,7.363833487005003,True
1466454087,7.38,7.380360283512889,7.380360283512889,True
1466454129,7.38,7.42688084070711,7.42688084070711,True
1466454227,7.38,7.4024397548641,7.4024397548641,True
1466454259,7.38,7.38,7.405521353318285,False
1466454262,7.38,7.38,7.372538107241777,False
1466454298,7.38,7.38,7.40514950832259,False
1466454388,7.38,7.417156392016653,7.417156392016653,True
1466454399,7.42,7.356466173190923,7.356466173190923,True
1466454473,7.42,7.385842926160985,7.385842926160985,True
1466454529,7.4,7.4,7.39822735512927,False
1466454559,7.4,7.4,7.449441419576803,False
1466454648,7.4,7.4,7.383674078012413,False
1466454745,7.4,7.4,7.370667144066671,False
1466454763,7.4,7.4,7.417771588046942,False
1466454851,7.36,7.376565239721134,7.376565239721134,True
1466454936,7.36,7.362024743356942,7.362024743356942,True
1466454949,7.39,7.39,7.448589072670301,False
1466455032,7.39,7.39,7.368704526032565,False
1466455065,7.39,7.354631904102245,7.354631904102245,True
1466455119,7.38,7.437926259268681,7.437926259268681,True
1466455172,7.38,7.38,7.397070265377011,False
1466455196,7.38,7.390223763340219,7.390223763340219,True
1466455271,7.38,7.38,7.363363088669063,False
1466455357,7.38,7.4016069085446805,7.4016069085446805,True
1466455361,7.38,7.419857270135918,7.419857270135918,True
1466455394,7.39,7.361871330037406,7.361871330037406,True
1466455475,7.39,7.41305277925718,7.41305277925718,True
1466455497,7.43,7.447588886687631,7.447588886687631,True
1466455561,7.4,7.4,7.44775296332942,False
1466455575,7.37,7.37,7.354104904727651,False
1466455587,7.37,7.378449053780535,7.378449053780535,True
1466455651,7.38,7.383638199199009,7.383638199199009,True
1466455658,7.44,7.44,7.405061235485099,False
1466455732,7.44,7.396502277837796,7.396502277837796,True
1466455812,7.44,7.44,7.439362851010687,False
1466455910,7.43,7.38929832221126,7.38929832221126,True
1466455951,7.43,7.425139141160554,7.425139141160554,True
1466455999,7.42,7.42,7.404781573183725,False
1466456054,7.42,7.42,7.370215106009573,False
1466456058,7.42,7.4357039710424315,7.4357039710424315,True
1466456074,7.42,7.353452281137271,7.353452281137271,True
1466456088,7.42,7.422368672168164,7.422368672168164,True
1466456118,7.42,7.42,7.406792213505098,False
1466456218,7.42,7.3750634998497855,7.3750634998497855,True
1466456265,7.42,7.42,7.374364965722299,False
1466456270,7.42,7.42,7.388797891436744,False
1466456312,7.42,7.351390367012254,7.351390367012254,True
1466456346,7.42,7.42,7.437856248172119,False
1466456374,7.36,7.36,7.364149508311306,False
1466456406,7.43,7.389886229258384,7.389886229258384,True
1466456482,7.43,7.43,7.368078150470125,False
1466456512,7.43,7.43,7.38273156100176,False
1466456610,7.43,7.427315924296784,7.427315924296784,True
1466456683,7.43,7.363737467482583,7.363737467482583,True
1466456768,7.4,7.4,7.395886234597746,False
1466456856,7.38,7.38,7.43500331971409,False
1466456927,7.38,7.38,7.355776582292936,False
1466457014,7.38,7.38,7.406960173069482,False
1466457032,7.39,7.366724509100285,7.366724509100285,True
1466457067,7.39,7.423307828475841,7.423307828475841,True
1466457157,7.39,7.39,7.413116021403378,False
1466457215,7.35,7.413024942255585,7.413024942255585,True
1466457267,7.35,7.4277172013886625,7.4277172013886625,True
1466457357,7.35,7.369291802338292,7.369291802338292,True
1466457434,7.35,7.413624276004481,7.413624276004481,True
1466457487,7.41,7.443732370329596,7.443732370329596,True
1466457559,7.42,7.42,7.447096741144686,False
1466457603,7.43,7.43,7.408416910104867,False
1466457671,7.43,7.389273691741167,7.389273691741167,True
1466457713,7.42,7.42,7.391588342450127,False
1466457745,7.42,7.380975108905644,7.380975108905644,True
1466457782,7.36,7.36,7.431532299281931,False
1466457802,7.39,7.39,7.409538506906926,False
1466457817,7.39,7.39,7.369052303934556,False
1466457865,7.38,7.38,7.42009380732313,False
1466457884,7.38,7.38,7.3617259808799185,False
1466457885,7.38,7.421268934988825,7.421268934988825,True
1466457917,7.38,7.407707199239974,7.407707199239974,True
1466457973,7.38,7.38,7.407453235649057,False
1466458045,7.38,7.375084841214766,7.375084841214766,True
1466458135,7.36,7.419891491091313,7.419891491091313,True
1466458151,7.36,7.413256345747109,7.413256345747109,True
1466458230,7.36,7.394346001787117,7.394346001787117,True
1466458324,7.36,7.438519928481957,7.438519928481957,True
1466458362,7.36,7.3816963957767365,7.3816963957767365,True
1466458438,7.36,7.405397239273927,7.405397239273927,True
1466458454,7.44,7.364616097499847,7.364616097499847,True
1466458496,7.38,7.361794407629859,7.361794407629859,True
1466458509,7.38,7.400271548720789,7.400271548720789,True
1466458580,7.41,7.414993956984671,7.414993956984671,True
1466458590,7.45,7.45,7.3610070705232475,False
1466458626,7.45,7.45,7.368757849706791,False
1466458642,7.45,7.431049337036491,7.431049337036491,True
1466458665,7.41,7.41,7.427946609421573,False
1466458694,7.41,7.41,7.365962479538085,False
1466458762,7.37,7.37,7.357763186683303,False
1466458793,7.36,7.36,7.362459171371738,False
1466458824,7.36,7.400736779620827,7.400736779620827,True
1466458906,7.36,7.401273914981213,7.401273914981213,True
1466458982,7.43,7.43,7.364150892522362,False
1466459068,7.43,7.443322608020227,7.443322608020227,True
1466459159,7.43,7.422089502112704,7.422089502112704,True
1466459184,7.43,7.381565439648215,7.381565439648215,True
1466459273,7.43,7.356649344742731,7.356649344742731,True
1466459372,7.43,7.43,7.398088177547533,False
1466459415,7.37,7.391870964123529,7.391870964123529,True
1466459483,7.37,7.37,7.405285634890872,False
1466459504,7.42,7.42,7.411299234916516,False
1466459588,7.42,7.367173665907828,7.367173665907828,True
1466459595,7.42,7.42,7.430935742447069,False
1466459673,7.42,7.42,7.376558447353237,False
1466459726,7.42,7.439895783053222,7.439895783053222,True
1466459800,7.42,7.42,7.44012449640726,False
1466459857,7.44,7.441097345001735,7.441097345001735,True
1466459887,7.44,7.443308333013623,7.443308333013623,True
1466459913,7.45,7.45,7.396380466576314,False
1466459974,7.35,7.35,7.384334140605126,False
1466459995,7.35,7.359091653678206,7.359091653678206,True
1466460001,7.35,7.35,7.445648410369972,False
1466460054,7.39,7.39,7.403689299701286,False
1466460130,7.39,7.415238718595869,7.415238718595869,True
1466460215,7.39,7.39,7.386607944025312,False
1466460252,7.39,7.356829589568027,7.356829589568027,True
1466460272,7.36,7.36,7.398766337947708,False
1466460346,7.43,7.39448061284616,7.39448061284616,True
1466460440,7.43,7.43,7.410895846522314,False
1466460461,7.43,7.43,7.388675862953053,False
1466460528,7.36,7.367633690576106,7.367633690576106,True
1466460610,7.4,7.4,7.411726826682021,False
1466460630,7.36,7.36,7.3627459190747215,False
1466460691,7.36,7.351012922076457,7.351012922076457,True
1466460706,7.36,7.36,7.355092731756777,False
1466460739,7.36,7.36,7.418791855201672,False
1466460765,7.43,7.43,7.409959160419417,False
1466460795,7.45,7.370589227222352,7.370589227222352,True
1466460877,7.44,7.398506018674087,7.398506018674087,True
1466460973,7.44,7.44,7.434556285907163,False
1466461009,7.35,7.434372834214552,7.434372834214552,True
1466461027,7.41,7.411665031961952,7.411665031961952,True
1466461032,7.41,7.393670864912155,7.393670864912155,True
1466461096,7.43,7.43,7.385124719949366,False
1466461169,7.43,7.394671367687676,7.394671367687676,True
1466461256,7.4,7.439418931643975,7.439418931643975,True
1466461351,7.4,7.428454465377045,7.428454465377045,True
1466461451,7.4,7.365354314976459,7.365354314976459,True
1466461531,7.4,7.448344061299696,7.448344061299696,True
1466461568,7.4,7.4,7.369026790082158,False
1466461583,7.4,7.4,7.420249824905398,False
1466461647,7.37,7.419155395988566,7.419155395988566,True
1466461703,7.36,7.36,7.413376101322117,False
1466461794,7.36,7.36,7.385662628265847,False
1466461813,7.36,7.448015904390163,7.448015904390163,True
1466461910,7.36,7.36,7.392564726713846,False
1466461988,7.39,7.39,7.4472064217375475,False
1466462056,7.39,7.35697942868062,7.35697942868062,True
1466462101,7.38,7.427963540688535,7.427963540688535,True
1466462155,7.38,7.438358690824799,7.438358690824799,True
1466462215,7.39,7.441464241205073,7.441464241205073,True
1466462278,7.39,7.3669160323937986,7.3669160323937986,True
1466462368,7.39,7.38955128247653,7.38955128247653,True
1466462412,7.39,7.404442034461742,7.404442034461742,True
1466462512,7.39,7.39,7.418982806423056,False
1466462594,7.39,7.414813728900311,7.414813728900311,True
1466462671,7.39,7.39,7.4455572120392075,False
1466462716,7.39,7.372699757868075,7.372699757868075,True
1466462746,7.39,7.412939941596157,7.412939941596157,True
1466462782,7.36,7.406287995909137,7.406287995909137,True
1466462820,7.36,7.36,7.368243472694491,False
1466462833,7.36,7.358639690795421,7.358639690795421,True
1466462842,7.39,7.39,7.407751889412477,False
1466462850,7.39,7.39,7.3531491592377485,False
1466462941,7.38,7.38,7.393602228823187,False
1466463026,7.37,7.377145538999321,7.377145538999321,True
1466463117,7.37,7.394321952310286,7.394321952310286,True
1466463139,7.4,7.4,7.361914690125033,False
