1466410104,13.3,12.387888170863441,12.387888170863441,True
1466410114,13.3,13.55320086467102,13.55320086467102,True
1466410130,13.3,13.3,12.941265522764876,False
1466410181,13.3,12.82266150617795,12.82266150617795,True
1466410203,13.3,11.901120639067335,11.901120639067335,True
1466410250,13.3,13.3,12.971446656574491,False
1466410309,13.3,13.3,13.449198633347322,False
1466410397,13.3,13.3,13.601438613904826,False
1466410430,13.3,13.776803760623155,13.776803760623155,True
1466410469,13.3,13.3,12.070038785287409,False
1466410483,13.3,12.656572061447841,12.656572061447841,True
1466410498,13.3,13.3,11.467256775655478,False
1466410502,13.3,13.3,13.186806806148965,False
1466410532,13.0,12.952728013188178,12.952728013188178,True
1466410541,12.8,11.542272688756368,11.542272688756368,True
1466410573,12.8,12.8,12.932052129740578,False
1466410630,12.8,12.377114453167298,12.377114453167298,True
1466410653,12.8,11.495044187923284,11.495044187923284,True
1466410746,12.8,14.206271038533934,14.206271038533934,True
1466410814,12.8,14.330311650094941,14.330311650094941,True
1466410890,12.9,12.38343968664584,12.38343968664584,True
1466410902,13.0,13.0,11.372683816981397,False
1466410978,13.0,14.273227265230878,14.273227265230878,True
1466411008,13.0,13.020920185874228,13.020920185874228,True
1466411066,13.0,13.0,12.468060919752977,False
1466411094,13.0,11.892678113815203,11.892678113815203,True
1466411157,13.0,13.849699455053106,13.849699455053106,True
1466411223,13.0,11.370984959482396,11.370984959482396,True
1466411226,13.0,13.0,13.010777717113788,False
1466411272,13.0,11.693700946823263,11.693700946823263,True
1466411303,13.0,11.646024817125435,11.646024817125435,True
1466411318,13.0,13.0,14.158695063158525,False
1466411396,13.0,13.0,11.904375226558228,False
1466411493,13.0,13.0,12.732112987544868,False
1466411549,13.0,13.731098700236599,13.731098700236599,True
1466411560,13.0,13.0,12.773692797129758,False
1466411626,13.0,13.0,12.492607625534216,False
1466411723,13.0,13.0,13.06019505231446,False
1466411763,13.0,13.0,12.983883304386975,False
1466411785,13.0,13.036159684016624,13.036159684016624,True
1466411854,13.0,13.0,13.931926338226269,False
1466411889,13.0,13.0,11.738996482180243,False
1466411988,13.0,13.0,11.452392031628689,False
1466412022,13.0,13.0,14.269225748823654,False
1466412046,13.0,13.0,13.665573534880535,False
1466412076,13.0,14.475523217381127,14.475523217381127,True
1466412152,13.0,13.0,12.902483576974541,False
1466412181,13.0,13.0,11.612766043714345,False
1466412201,13.0,11.243593597707063,11.243593597707063,True
1466412260,13.1,13.1,12.404798493794681,False
1466412347,13.1,12.390211757770318,12.390211757770318,True
1466412360,13.3,13.340816622909253,13.340816622909253,True
1466412438,13.3,12.705923971579988,12.705923971579988,True
1466412521,13.3,13.3,13.146693346892645,False
1466412599,13.3,11.805118787203234,11.805118787203234,True
1466412639,13.3,13.073866352399449,13.073866352399449,True
1466412691,13.3,13.142882833278424,13.142882833278424,True
1466412747,13.3,12.77049966634143,12.77049966634143,True
1466412794,13.3,12.2106582614849,12.2106582614849,True
1466412819,13.3,13.3,14.09371493932299,False
1466412832,13.3,13.3,11.675534007535159,False
1466412874,13.3,13.64916754761158,13.64916754761158,True
1466412943,13.3,13.3,12.119365983001176,False
1466412971,13.3,11.66037285945679,11.66037285945679,True
1466412990,13.3,13.312440896682253,13.312440896682253,True
1466413028,13.3,13.777997973672017,13.777997973672017,True
1466413053,13.3,13.3,12.400239242654838,False
1466413125,13.3,13.3,12.934397162170029,False
1466413200,13.3,13.3,13.55688259154602,False
1466413264,13.1,13.36529477908876,13.36529477908876,True
1466413311,13.1,11.83497698476133,11.83497698476133,True
1466413342,13.1,13.1,11.687228553354801,False
1466413440,13.3,13.3,12.920356993112552,False
1466413458,13.3,13.3,12.956027812202661,False
1466413529,13.3,13.3,13.877568644880958,False
1466413542,13.2,13.2,11.417036083421696,False
1466413638,13.2,11.269504856440355,11.269504856440355,True
1466413672,13.2,12.128303634733392,12.128303634733392,True
1466413733,13.2,14.072436039229341,14.072436039229341,True
1466413779,13.2,13.514338733644273,13.514338733644273,True
1466413780,13.2,12.151744546945995,12.151744546945995,True
1466413864,13.2,12.81833891956092,12.81833891956092,True
1466413885,13.7,13.7,11.840059788393607,False
1466413946,13.7,12.471733236658988,12.471733236658988,True
1466414033,13.7,11.597304241065622,11.597304241065622,True
1466414071,13.3,13.3,12.665026745839654,False
1466414164,13.6,13.748592410872893,13.748592410872893,True
1466414225,13.6,14.087530341121521,14.087530341121521,True
1466414312,13.6,12.017289809117933,12.017289809117933,True
1466414325,14.0,14.0,11.683098055498492,False
1466414328,14.0,12.204878165885484,12.204878165885484,True
1466414329,14.0,14.0,13.702440174951752,False
1466414402,13.5,13.5,14.165168077293105,False
1466414407,13.5,13.5,13.243591577629704,False
1466414413,13.5,13.5,11.789887993971789,False
1466414460,13.7,13.512679275505661,13.512679275505661,True
1466414552,13.7,13.7,12.230341041277432,False
1466414602,13.7,13.7,12.50108515156361,False
1466414662,13.7,13.7,12.549621073468542,False
1466414746,13.8,13.8,13.477223605695972,False
1466414844,13.8,13.8,13.131741291316489,False
1466414943,13.8,13.92098853729357,13.92098853729357,True
1466414946,13.8,11.19625687517727,11.19625687517727,True
1466414966,13.8,13.05860027006533,13.05860027006533,True
1466415038,13.8,13.8,12.869708019655043,False
1466415106,13.8,13.8,11.242229644255453,False
1466415130,13.8,13.8,14.23705588048286,False
1466415145,13.8,13.8,12.570852410488863,False
1466415202,13.1,14.405696728788199,14.405696728788199,True
1466415239,13.1,14.040356745223676,14.040356745223676,True
1466415249,13.1,13.1,12.813153880243954,False
1466415308,13.1,13.1,13.691369281855401,False
1466415357,13.1,13.1,11.139028604905056,False
1466415404,13.1,14.07757967197463,14.07757967197463,True
1466415469,13.1,13.1,14.2110792086178,False
1466415548,13.1,13.86173442631262,13.86173442631262,True
1466415588,13.1,13.1,12.881213786041725,False
1466415627,13.1,13.1,12.374897842988478,False
1466415719,12.5,12.5,12.267763424464315,False
1466415767,12.5,13.786802504591144,13.786802504591144,True
1466415860,12.6,12.6,12.766446567021136,False
1466415872,12.6,12.560010936732361,12.560010936732361,True
1466415914,12.6,12.834517687537762,12.834517687537762,True
1466415934,12.6,11.587525577926648,11.587525577926648,True
1466415988,12.6,12.6,13.511752001803394,False
1466416004,13.0,14.330047558182804,14.330047558182804,True
1466416050,13.0,13.0,11.56140551940849,False
1466416150,13.0,13.0,11.926551155553298,False
1466416161,13.0,12.291449537236662,12.291449537236662,True
1466416215,13.4,12.573801163419816,12.573801163419816,True
1466416315,13.4,13.144837882095,13.144837882095,True
1466416321,13.4,12.174478702930493,12.174478702930493,True
1466416393,13.4,11.374475153406037,11.374475153406037,True
1466416440,13.4,11.973082823933499,11.973082823933499,True
1466416510,13.4,13.4,13.910093782026793,False
1466416541,13.4,13.176081194295863,13.176081194295863,True
1466416631,13.4,13.4,12.611784942785652,False
1466416671,13.4,13.4,12.035048966840453,False
1466416725,13.4,13.4,13.662053190381346,False
1466416815,13.3,13.3,11.391076079436509,False
1466416867,13.3,14.270228837080287,14.270228837080287,True
1466416933,13.3,13.3,11.340201491768173,False
1466416963,13.3,12.834704280238283,12.834704280238283,True
1466417034,13.3,13.3,12.564375874914283,False
1466417069,13.3,11.410773837596855,11.410773837596855,True
1466417095,13.3,13.3,12.462039812594897,False
1466417123,13.3,13.3,11.050420257611378,False
1466417219,13.0,13.0,13.89717666485541,False
1466417228,13.0,12.454608029879514,12.454608029879514,True
1466417235,12.6,12.6,12.56744568040641,False
1466417266,12.6,12.6,13.74049675968661,False
1466417298,12.9,12.9,13.976322372744946,False
1466417382,12.9,12.653427317660363,12.653427317660363,True
1466417429,12.9,12.655704396080917,12.655704396080917,True
1466417434,12.9,12.9,14.377133663530325,False
1466417513,12.9,11.395368875883172,11.395368875883172,True
1466417598,12.9,12.515303120745527,12.515303120745527,True
1466417615,12.9,11.972126662946721,11.972126662946721,True
1466417654,12.9,12.9,12.163795186354834,False
1466417749,12.9,12.9,12.576215671042327,False
1466417763,12.9,12.9,14.013400631505894,False
1466417822,12.9,12.9,14.197203611860372,False
1466417851,12.9,12.9,13.44700057505185,False
1466417855,12.9,12.9,12.88141408832228,False
1466417879,12.9,12.9,13.775335103287356,False
1466417895,12.9,14.117333761757639,14.117333761757639,True
1466417969,12.9,11.059936853236255,11.059936853236255,True
1466418049,12.9,12.9,14.09830510127407,False
1466418118,12.9,12.9,12.803562146405636,False
1466418129,12.9,12.9,13.222814076889238,False
1466418179,12.9,14.403915320169205,14.403915320169205,True
1466418254,12.9,12.9,14.472037000180007,False
1466418332,12.9,14.302325504377482,14.302325504377482,True
1466418428,12.9,12.9,11.571024670382503,False
1466418494,12.9,12.9,13.870298921928773,False
1466418554,12.9,13.136516394020877,13.136516394020877,True
1466418563,12.5,12.5,13.167295849283475,False
1466418564,12.5,12.5,12.727138653878782,False
1466418594,12.5,13.772222985546264,13.772222985546264,True
1466418674,12.5,12.5,14.480957504882097,False
1466418748,12.5,14.326114494992401,14.326114494992401,True
1466418847,12.5,12.5,12.73325537867326,False
1466418877,12.5,12.5,12.245714207070963,False
1466418917,12.5,12.333817870378358,12.333817870378358,True
1466418938,12.5,13.341495786246012,13.341495786246012,True
1466419031,12.5,12.5,12.213719550521176,False
1466419058,12.5,14.354374099743465,14.354374099743465,True
1466419104,12.4,12.4,12.23352680080589,False
1466419166,12.4,12.590154844869517,12.590154844869517,True
1466419261,12.4,12.4,12.298650447190028,False
1466419349,12.4,12.4,13.294969203461534,False
1466419442,12.4,11.593027415608192,11.593027415608192,True
1466419530,12.4,12.4,11.039666857714264,False
1466419595,12.5,12.5,13.81546847279797,False
1466419646,12.3,11.163586572828411,11.163586572828411,True
1466419737,11.7,11.7,11.3430982141778,False
1466419826,11.7,12.635289741215336,12.635289741215336,True
1466419880,11.7,13.674482246664734,13.674482246664734,True
1466419911,11.7,11.7,11.601341228432236,False
1466419938,11.7,11.7,11.983706853395448,False
1466420016,11.7,12.297317411118101,12.297317411118101,True
1466420019,11.7,12.448372309263933,12.448372309263933,True
1466420108,11.7,11.7,13.466608994449079,False
1466420205,11.7,11.7,13.457019392439332,False
1466420228,11.7,11.333160064156921,11.333160064156921,True
1466420257,11.7,11.7,11.557453563818836,False
1466420270,11.7,11.7,11.312917667790787,False
1466420296,11.7,12.70404264483707,12.70404264483707,True
1466420331,11.7,11.7,11.330922428430156,False
1466420407,11.7,11.7,12.753983189672358,False
1466420430,11.7,13.666148251432189,13.666148251432189,True
1466420453,11.7,12.376273202066221,12.376273202066221,True
1466420474,11.7,14.455381179104329,14.455381179104329,True
1466420566,11.7,13.160884075541798,13.160884075541798,True
1466420579,11.7,13.548746606134145,13.548746606134145,True
1466420618,11.7,11.7,11.830813286564926,False
1466420624,11.9,11.9,11.657693255686905,False
1466420643,11.9,13.946215271530919,13.946215271530919,True
1466420695,11.9,14.10555812420792,14.10555812420792,True
1466420788,11.9,11.9,12.327086419031243,False
1466420863,11.9,12.181573279788685,12.181573279788685,True
1466420947,11.9,11.620635923862327,11.620635923862327,True
1466421003,11.9,12.076405583520014,12.076405583520014,True
1466421032,11.9,11.9,13.098886179372773,False
1466421050,11.9,11.9,13.009072726664844,False
1466421116,11.9,12.21365902864144,12.21365902864144,True
1466421208,11.9,11.9,11.987544800522658,False
1466421234,11.9,11.9,11.495422038009213,False
1466421262,11.9,11.9,11.299339492364101,False
1466421353,11.9,11.9,12.239693715537348,False
1466421360,11.9,11.9,12.685781704020357,False
1466421392,11.9,11.9,11.8694219633166,False
1466421480,11.9,11.9,11.204524200852221,False
1466421530,11.9,13.857206563263,13.857206563263,True
1466421547,11.9,13.27005998657468,13.27005998657468,True
1466421591,11.9,11.9,12.330779969709813,False
1466421633,11.9,11.9,11.222790060522533,False
1466421636,11.9,11.9,11.857728502088001,False
1466421670,11.9,12.0154442422047,12.0154442422047,True
1466421695,11.9,11.9,11.317254088533128,False
1466421721,11.9,12.5953731714817,12.5953731714817,True
1466421804,11.9,11.9,11.579481948063822,False
1466421819,11.9,11.9,13.142162687843527,False
1466421862,11.9,11.9,12.954658834667114,False
1466421885,12.5,11.447682314683197,11.447682314683197,True
1466421936,12.5,11.911636432636115,11.911636432636115,True
1466422012,12.5,12.024046101455355,12.024046101455355,True
1466422044,12.5,13.995303044793882,13.995303044793882,True
1466422045,12.5,13.239726221991898,13.239726221991898,True
1466422137,12.5,11.596185931047087,11.596185931047087,True
1466422162,12.5,12.199253834998258,12.199253834998258,True
1466422189,13.1,11.580183602931843,11.580183602931843,True
1466422197,13.1,12.61031385481752,12.61031385481752,True
1466422264,13.1,13.013157127587574,13.013157127587574,True
1466422330,12.8,12.8,12.816799850507278,False
1466422378,12.8,11.58439689868892,11.58439689868892,True
1466422432,12.8,12.8,11.531261390336251,False
1466422488,13.2,13.53003552425714,13.53003552425714,True
1466422577,13.2,13.51535160663304,13.51535160663304,True
1466422628,13.2,11.860318596051362,11.860318596051362,True
1466422638,13.2,13.2,12.65118858638781,False
1466422666,13.2,14.04646017902678,14.04646017902678,True
1466422706,13.2,13.2,12.524455608732435,False
1466422731,13.1,12.409777379586927,12.409777379586927,True
1466422804,12.5,13.954910323360735,13.954910323360735,True
1466422866,12.5,12.395938010977797,12.395938010977797,True
1466422873,12.5,12.5,11.890514592077494,False
1466422895,12.5,12.5,13.22989343424723,False
1466422953,12.5,13.985882950365815,13.985882950365815,True
1466422973,12.5,12.5,13.829688251229861,False
1466423017,12.5,12.5,12.616485139796326,False
1466423051,12.5,12.73767171717735,12.73767171717735,True
1466423099,12.1,12.1,11.875944726911193,False
1466423150,12.1,12.1,14.284073814169469,False
1466423155,12.6,12.08919998287021,12.08919998287021,True
1466423168,11.9,11.800027976320765,11.800027976320765,True
1466423205,11.9,12.160973744477223,12.160973744477223,True
1466423275,12.0,12.0,12.81464722928353,False
1466423287,12.0,12.477841046781375,12.477841046781375,True
1466423336,12.0,12.0,13.786233797333107,False
1466423340,12.0,12.0,11.620180246648333,False
1466423355,12.0,12.706827607997639,12.706827607997639,True
1466423443,12.0,12.0,11.263678340724375,False
1466423499,12.0,12.0,11.178776154940087,False
1466423585,12.0,12.0,13.313898956645009,False
1466423612,12.0,12.0,13.611362041993793,False
1466423669,12.0,11.895828903213173,11.895828903213173,True
1466423705,12.0,13.773510488016107,13.773510488016107,True
1466423770,12.0,12.0,12.56390441791174,False
1466423844,12.0,11.965092765110667,11.965092765110667,True
1466423902,12.5,13.947752021138632,13.947752021138632,True
1466423913,12.5,12.5,14.370468244137431,False
1466423972,12.5,13.399730265920082,13.399730265920082,True
1466424014,12.5,12.5,12.676838859309715,False
1466424069,11.9,12.46994426663149,12.46994426663149,True
1466424154,11.9,11.9,13.499779794902517,False
1466424155,11.9,11.400479053068025,11.400479053068025,True
1466424169,11.9,14.397494021477248,14.397494021477248,True
1466424262,11.9,12.956748535596434,12.956748535596434,True
1466424339,11.9,11.9,11.208226792111294,False
1466424398,12.3,12.3,13.328170320461119,False
1466424497,12.3,12.3,13.738487565407606,False
1466424558,12.3,13.674772285798209,13.674772285798209,True
1466424613,12.3,12.3,12.217392418105842,False
1466424713,12.3,14.027053728395188,14.027053728395188,True
1466424804,12.3,12.327382450959393,12.327382450959393,True
1466424878,12.3,11.331989960940337,11.331989960940337,True
1466424924,11.8,13.355735672168397,13.355735672168397,True
1466425009,11.8,11.8,12.451324454891996,False
1466425106,11.8,11.8,11.393383293264566,False
1466425129,11.8,11.8,11.0077167347034,False
1466425179,12.2,12.2,11.09149712924789,False
1466425257,12.2,12.2,13.688971978624226,False
1466425262,12.2,12.2,13.79895871234083,False
1466425305,12.0,12.039727768765523,12.039727768765523,True
1466425331,12.0,12.882845325436898,12.882845325436898,True
1466425338,12.0,13.359862740967106,13.359862740967106,True
1466425377,12.0,12.0,13.176184660139214,False
1466425380,12.3,13.116165736566368,13.116165736566368,True
1466425417,12.3,11.801120654176051,11.801120654176051,True
1466425484,12.9,12.257397196423256,12.257397196423256,True
1466425517,12.9,12.118257348391086,12.118257348391086,True
1466425553,12.9,12.9,12.046507370830717,False
1466425640,13.2,12.610131189788241,12.610131189788241,True
1466425687,13.2,13.2,14.398339460342768,False
1466425711,13.2,13.2,13.301760356351995,False
1466425768,13.2,13.2,14.400655877424247,False
1466425811,12.9,12.9,13.536288961338316,False
1466425856,13.1,12.494460256507786,12.494460256507786,True
1466425869,13.1,13.1,12.185314544510106,False
1466425884,13.0,11.512857622364493,11.512857622364493,True
1466425962,13.0,13.0,13.086749040873787,False
1466425974,13.0,12.829670611942896,12.829670611942896,True
1466426016,13.0,13.0,11.391287560550763,False
1466426024,13.0,13.0,12.09853983910484,False
1466426034,13.0,13.0,13.69401232215331,False
1466426130,13.6,13.860670043652593,13.860670043652593,True
1466426189,13.6,13.6,11.72064878452509,False
1466426198,13.6,11.109818183616044,11.109818183616044,True
1466426280,13.6,13.327322052601742,13.327322052601742,True
1466426298,13.0,14.249950647351941,14.249950647351941,True
1466426380,13.0,13.0,12.563288741446298,False
1466426420,13.0,13.0,13.282386252321892,False
1466426509,13.0,13.0,11.17365434854093,False
1466426521,13.0,12.12015080201984,12.12015080201984,True
1466426535,12.7,12.7,12.662610934077945,False
1466426563,12.7,12.7,12.724571078261024,False
1466426620,12.7,13.822764270602462,13.822764270602462,True
1466426694,12.7,12.7,12.421273120055453,False
1466426764,12.7,12.7,13.805638715198928,False
1466426778,12.7,11.209186604846428,11.209186604846428,True
1466426866,12.7,13.561135767507098,13.561135767507098,True
1466426938,12.7,11.378484127085548,11.378484127085548,True
1466427022,12.6,12.300055272001261,12.300055272001261,True
1466427059,12.6,11.755478095630922,11.755478095630922,True
1466427125,12.6,14.004170914767766,14.004170914767766,True
1466427204,12.6,12.6,12.359098639305602,False
1466427240,12.6,11.412055743193859,11.412055743193859,True
1466427317,12.6,13.720317246757872,13.720317246757872,True
1466427319,13.2,11.617197393561298,11.617197393561298,True
1466427331,13.2,13.2,14.348384376287672,False
1466427425,13.2,13.2,11.900754661885077,False
1466427458,13.2,11.912029974354601,11.912029974354601,True
1466427495,13.1,13.1,13.546282872619766,False
1466427543,13.1,13.1,12.638300142620613,False
1466427625,13.1,14.081494125662397,14.081494125662397,True
1466427663,13.1,13.1,11.369089676672333,False
1466427672,13.2,13.2,14.297569033535856,False
1466427684,13.2,13.2,12.423947596027828,False
1466427739,13.2,12.233895780716168,12.233895780716168,True
1466427769,13.2,13.2,11.225114892547227,False
1466427775,13.2,13.2,12.8779629160097,False
1466427820,13.2,13.2,11.404262486662834,False
1466427837,13.2,13.2,13.696062312822054,False
1466427846,13.1,14.229601003374343,14.229601003374343,True
1466427904,13.1,11.229098222959326,11.229098222959326,True
1466427997,13.1,13.1,11.598270947529913,False
1466428027,13.1,13.1,13.375623597865378,False
1466428114,13.1,13.1,12.139416031248238,False
1466428212,13.1,11.520083053787392,11.520083053787392,True
1466428294,13.1,13.1,11.561731647953135,False
1466428321,13.1,13.1,14.106884880181596,False
1466428340,12.8,14.42591779740631,14.42591779740631,True
1466428378,12.8,12.8,13.37694298534395,False
1466428463,12.8,13.787044359287766,13.787044359287766,True
1466428551,13.0,12.12597987111514,12.12597987111514,True
1466428575,13.0,13.0,11.910193320394201,False
1466428593,13.0,11.93873092129864,11.93873092129864,True
1466428682,13.0,13.0,14.290615443816321,False
1466428699,13.0,14.365521567242642,14.365521567242642,True
1466428719,13.0,13.0,11.69290495675368,False
1466428819,13.0,13.0,14.269033798997356,False
1466428850,13.0,13.0,11.286931099478855,False
1466428884,13.0,12.412167848790473,12.412167848790473,True
1466428973,13.4,13.4,14.474374798498168,False
1466429006,13.4,11.32906959287435,11.32906959287435,True
1466429026,13.4,13.4,14.15944784043913,False
1466429066,13.0,13.106871605306445,13.106871605306445,True
1466429072,13.0,13.0,12.949878956178402,False
1466429103,13.0,12.916270833181253,12.916270833181253,True
1466429110,13.0,13.0,11.711683027312988,False
1466429123,13.0,13.0,12.646005275161965,False
1466429168,13.0,13.0,12.478291225715346,False
1466429182,13.0,13.0,13.727721497672864,False
1466429184,13.0,13.61451114186106,13.61451114186106,True
1466429197,13.0,12.359690816880637,12.359690816880637,True
1466429280,13.0,11.836002166101597,11.836002166101597,True
1466429378,13.0,11.899954466509598,11.899954466509598,True
1466429450,13.0,13.0,13.503192979995443,False
1466429455,13.0,13.031194744102592,13.031194744102592,True
1466429510,13.0,13.008712271500192,13.008712271500192,True
1466429565,13.0,13.119685296980872,13.119685296980872,True
1466429566,13.0,13.0,12.226094804985156,False
1466429592,13.0,13.338804182427708,13.338804182427708,True
1466429623,13.0,13.0,12.068871361619859,False
1466429691,13.0,12.05525528257613,12.05525528257613,True
1466429733,12.6,12.6,11.025695138900902,False
1466429803,12.6,14.4286719365006,14.4286719365006,True
1466429832,12.6,12.6,13.495604974163642,False
1466429905,12.6,12.6,12.827289147940817,False
1466429997,12.6,12.6,14.202460302157208,False
1466430050,12.6,13.535814977951059,13.535814977951059,True
1466430088,12.6,12.6,13.730152362435025,False
1466430174,12.6,12.008950905413682,12.008950905413682,True
1466430247,12.6,12.6,11.45916196810644,False
1466430344,12.6,12.6,12.453488539477501,False
1466430375,12.6,12.6,13.2375077099492,False
1466430400,12.6,12.837234930748682,12.837234930748682,True
1466430457,12.6,12.6,13.356038874639948,False
1466430483,12.6,11.88715623085823,11.88715623085823,True
1466430517,12.6,12.6,14.48236075169002,False
1466430524,12.6,13.090002605095787,13.090002605095787,True
1466430592,12.7,12.7,11.736586632165924,False
1466430616,12.7,12.865268403266885,12.865268403266885,True
1466430631,12.7,11.652091763031155,11.652091763031155,True
1466430680,12.7,12.7,11.746124647796947,False
1466430734,12.7,14.305960996046704,14.305960996046704,True
1466430790,12.7,12.7,13.504766278994058,False
1466430815,12.7,12.74670460697307,12.74670460697307,True
1466430895,12.7,12.7,12.047041488050118,False
1466430916,12.7,12.7,13.22364287079563,False
1466430929,12.7,12.7,11.674608376677064,False
1466430936,12.7,11.92602792177672,11.92602792177672,True
1466431009,12.7,12.7,12.580097235922345,False
1466431036,12.7,13.038256258600502,13.038256258600502,True
1466431055,12.7,12.7,14.436569240630256,False
1466431145,12.2,12.2,11.487045177155595,False
1466431218,12.2,13.384850338023316,13.384850338023316,True
1466431290,12.2,12.703191795088902,12.703191795088902,True
1466431324,12.2,12.2,12.995121744853552,False
1466431400,12.2,12.2,12.912835906276783,False
1466431450,12.4,12.372926261371296,12.372926261371296,True
1466431526,12.9,12.9,11.520870147462292,False
1466431589,12.7,12.7,12.27673437313562,False
1466431661,12.7,12.7,13.95370975936094,False
1466431760,12.7,12.7,12.02423288234655,False
1466431796,12.3,13.997722088872461,13.997722088872461,True
1466431848,12.3,12.3,13.401789835117803,False
1466431879,12.7,12.869930545417914,12.869930545417914,True
1466431954,12.9,12.621136980062008,12.621136980062008,True
1466431958,12.6,12.6,14.239251758123345,False
1466432002,12.6,11.422969137875171,11.422969137875171,True
1466432101,12.6,12.6,12.675309260239926,False
1466432177,12.6,11.904892313755663,11.904892313755663,True
1466432194,12.6,12.07353583982755,12.07353583982755,True
1466432237,12.6,12.6,14.38007194873972,False
1466432280,12.6,11.73856322016117,11.73856322016117,True
1466432373,12.6,12.6,12.577412564872535,False
1466432389,13.0,13.0,12.808593406253937,False
1466432415,13.0,11.591563563501099,11.591563563501099,True
1466432417,13.0,11.44066898367077,11.44066898367077,True
1466432506,13.0,13.0,14.254491094302233,False
1466432569,13.0,11.003359181127403,11.003359181127403,True
1466432577,12.7,12.7,13.570819045282228,False
1466432670,12.7,12.7,13.909085153948862,False
1466432706,12.7,12.292136804525951,12.292136804525951,True
1466432804,12.7,12.7,14.015729786105926,False
1466432853,12.7,12.7,12.208210094153458,False
1466432947,12.7,12.372088906647189,12.372088906647189,True
1466433040,12.7,12.7,12.965310028848902,False
1466433128,12.7,11.68519980941179,11.68519980941179,True
1466433145,12.7,12.7,13.817737398100553,False
1466433195,12.7,12.601576018954223,12.601576018954223,True
1466433289,12.7,12.7,12.42019350787857,False
1466433375,12.7,12.7,11.18826805405636,False
1466433427,12.2,13.655888879996168,13.655888879996168,True
1466433478,12.2,12.574998634120414,12.574998634120414,True
1466433517,12.2,11.21819494823581,11.21819494823581,True
1466433615,12.2,13.110924464433571,13.110924464433571,True
1466433672,11.7,12.169815824219805,12.169815824219805,True
1466433762,11.7,11.7,12.519704299292954,False
1466433809,11.7,11.7,11.82047329432094,False
1466433873,11.7,11.7,12.41644018846108,False
1466433910,11.7,13.962459766511987,13.962459766511987,True
1466433994,11.7,14.21219758074919,14.21219758074919,True
1466434003,11.3,11.3,13.372775886807474,False
1466434045,11.3,11.3,11.711135179761037,False
1466434096,10.8,10.8,13.016210123866792,False
1466434173,10.8,10.8,13.842742590069776,False
1466434199,10.8,11.053210605386841,11.053210605386841,True
1466434224,10.8,11.911776145510077,11.911776145510077,True
1466434308,10.8,10.8,13.597175071506793,False
1466434359,10.8,13.729541061477692,13.729541061477692,True
1466434371,10.8,11.238929391076992,11.238929391076992,True
1466434457,10.8,10.8,13.437810685991053,False
1466434498,11.4,13.23949298485317,13.23949298485317,True
1466434552,11.4,11.4,12.146840529396595,False
1466434622,11.4,11.4,11.84130456946913,False
1466434691,11.0,11.0,11.622154709774527,False
1466434718,11.0,11.0,13.418614959849716,False
1466434727,11.0,11.0,12.336563420079019,False
1466434815,11.0,11.0,11.62002609390659,False
1466434892,11.0,12.210287107706737,12.210287107706737,True
1466434915,11.0,13.634131028816487,13.634131028816487,True
1466434946,10.8,10.8,11.703154761967284,False
1466434988,10.8,14.19522998971181,14.19522998971181,True
1466435020,10.8,10.8,12.792600677514379,False
1466435090,10.8,10.8,12.91057885645477,False
1466435099,10.8,10.8,12.44326100568225,False
1466435145,10.8,10.8,11.785485811397834,False
1466435186,10.8,10.8,12.82472897806994,False
1466435246,10.8,10.8,12.185609610729989,False
1466435284,10.8,10.8,12.517439511038623,False
1466435327,10.8,10.8,14.006277497316379,False
1466435369,10.8,10.8,11.103679823281196,False
1466435408,10.8,10.8,12.959057646465533,False
1466435468,10.8,10.8,11.598772346206582,False
1466435486,10.8,10.8,13.870802192590304,False
1466435555,11.0,11.0,14.210612990109581,False
1466435624,11.0,11.0,12.11773719974983,False
1466435659,11.3,13.272625369704544,13.272625369704544,True
1466435682,11.6,13.7241973197613,13.7241973197613,True
1466435712,12.0,12.0,14.281369894797908,False
1466435794,12.0,12.183663274670803,12.183663274670803,True
1466435878,12.0,12.024563048024415,12.024563048024415,True
1466435904,12.1,12.1,13.194886203848272,False
1466435971,12.1,12.1,11.117480330865051,False
1466436041,12.1,11.327575151179456,11.327575151179456,True
1466436059,12.1,12.1,12.323239355725747,False
1466436093,12.1,13.734628270333161,13.734628270333161,True
1466436178,12.1,12.1,13.7084223346608,False
1466436230,12.1,13.175677597122151,13.175677597122151,True
1466436280,12.0,12.0,13.970921280053854,False
1466436332,12.0,12.0,11.449500002539317,False
1466436333,12.0,13.246130092052208,13.246130092052208,True
1466436431,12.0,12.0,11.174193950225487,False
1466436520,12.0,12.0,11.03073635711432,False
1466436572,11.6,11.6,12.035346942803642,False
1466436647,11.6,14.129703464063786,14.129703464063786,True
1466436655,11.6,11.6,13.409631044320712,False
1466436727,11.6,11.933514996573688,11.933514996573688,True
1466436793,11.6,11.6,12.977229493049515,False
1466436879,11.9,11.9,12.09176987428299,False
1466436880,11.9,11.9,11.031802276390199,False
1466436939,11.9,11.9,13.359972874126232,False
1466437015,11.9,12.206103082416924,12.206103082416924,True
1466437048,11.9,11.784933827607837,11.784933827607837,True
1466437088,11.9,13.534728417202448,13.534728417202448,True
1466437105,11.9,13.376272502839054,13.376272502839054,True
1466437122,11.9,11.9,11.957276002690431,False
1466437160,11.9,11.9,14.108026985087843,False
1466437232,11.9,11.9,12.308608743087287,False
1466437321,11.4,11.4,14.160159030490318,False
1466437335,11.4,12.916540426522888,12.916540426522888,True
1466437358,11.4,11.4,12.133171422749761,False
1466437441,11.4,11.697958006735945,11.697958006735945,True
1466437480,11.4,11.4,11.639874974388178,False
1466437561,11.4,11.4,12.363971141089749,False
1466437653,11.4,11.4,13.274648080111573,False
1466437709,11.4,13.24347397793471,13.24347397793471,True
1466437798,11.4,14.126054530558347,14.126054530558347,True
1466437869,11.4,11.4,14.114462370052564,False
1466437952,10.7,10.7,11.144886789999386,False
1466438037,10.6,10.6,13.139937831916715,False
1466438054,10.6,13.225175935534143,13.225175935534143,True
1466438056,10.6,11.402665829727903,11.402665829727903,True
1466438136,10.6,12.126758221660465,12.126758221660465,True
1466438234,11.2,11.2,13.292820492825467,False
1466438261,11.2,11.08711006342683,11.08711006342683,True
1466438348,11.2,13.46494242678882,13.46494242678882,True
1466438407,11.2,11.2,12.382454237761097,False
1466438422,11.2,13.894512683477373,13.894512683477373,True
1466438476,11.2,11.2,12.226256043915647,False
1466438571,11.3,13.427294935941923,13.427294935941923,True
1466438612,11.3,11.3,14.39207853339066,False
1466438620,11.3,11.3,14.04449656043117,False
1466438698,11.3,11.3,13.107812658867472,False
1466438747,11.3,12.58299835645383,12.58299835645383,True
1466438795,11.8,11.082863719293101,11.082863719293101,True
1466438810,11.8,12.46742673107353,12.46742673107353,True
1466438888,11.8,11.8,12.856299638207673,False
1466438975,11.2,11.2,12.771105679837204,False
1466439000,11.4,11.4,14.018035942027122,False
1466439092,11.4,13.107285829414172,13.107285829414172,True
1466439150,11.4,13.295952333156837,13.295952333156837,True
1466439229,11.4,11.4,12.136868695156423,False
1466439279,10.9,13.551286347247657,13.551286347247657,True
1466439328,10.9,12.125605706446557,12.125605706446557,True
1466439351,10.9,10.9,12.125274140452824,False
1466439447,11.1,13.294432239333752,13.294432239333752,True
1466439466,11.1,11.166824676373206,11.166824676373206,True
1466439480,10.7,10.7,11.025035435346405,False
1466439560,10.7,13.18757255591198,13.18757255591198,True
1466439600,10.7,13.640740403765541,13.640740403765541,True
1466439645,10.7,12.063017641356936,12.063017641356936,True
1466439729,11.1,11.1,13.0811034669643,False
1466439772,11.1,12.021520838766723,12.021520838766723,True
1466439827,11.1,11.1,12.182848878614534,False
1466439849,10.5,10.5,11.620972341059385,False
1466439910,10.5,10.5,13.789918768622337,False
1466439990,10.5,10.5,14.220603455912768,False
1466440005,10.5,10.5,11.32564739034727,False
1466440006,10.5,10.5,12.072429433596472,False
1466440045,10.5,11.271058159178347,11.271058159178347,True
1466440066,10.5,10.5,11.296305807676486,False
1466440154,10.6,11.393196062713296,11.393196062713296,True
1466440214,10.7,12.546663091676779,12.546663091676779,True
1466440226,10.7,14.336365573412426,14.336365573412426,True
1466440304,10.7,13.980723241566142,13.980723241566142,True
1466440385,10.7,10.7,13.126729887308107,False
1466440451,10.7,13.787059105175096,13.787059105175096,True
1466440521,10.7,10.7,12.673738681559001,False
1466440581,10.7,10.7,13.469769864368939,False
1466440674,10.7,11.453733331263207,11.453733331263207,True
1466440727,10.7,10.7,13.638421690098236,False
1466440821,10.7,11.659723593707152,11.659723593707152,True
1466440827,10.7,10.7,12.93090718473929,False
1466440897,11.1,13.899690309725212,13.899690309725212,True
1466440923,10.7,10.7,13.951178377694436,False
1466441012,10.7,12.726826000597388,12.726826000597388,True
1466441049,10.7,10.7,11.165538551705493,False
1466441147,10.7,10.7,14.437776915487373,False
1466441213,10.7,10.7,13.07629851985942,False
1466441311,10.7,13.545989593331893,13.545989593331893,True
1466441318,10.7,10.7,11.558138235878777,False
1466441418,10.7,10.7,11.315027228160995,False
1466441510,10.7,10.7,13.527453953812344,False
1466441541,10.7,12.234053628755161,12.234053628755161,True
1466441579,10.7,10.7,12.501324617909255,False
1466441630,10.7,12.412906038420234,12.412906038420234,True
1466441714,10.7,10.7,11.556224735168694,False
1466441724,10.7,10.7,11.30993409502752,False
1466441741,10.7,10.7,12.007896532224795,False
1466441822,10.7,10.7,12.364320512929641,False
1466441883,10.7,12.298210908193838,12.298210908193838,True
1466441934,10.7,13.16279111276116,13.16279111276116,True
1466441947,10.5,14.044916089932025,14.044916089932025,True
1466442046,10.5,10.5,11.343975348499727,False
1466442137,10.5,11.029971976345495,11.029971976345495,True
1466442175,10.5,12.157152706016284,12.157152706016284,True
1466442216,10.5,13.963978076039398,13.963978076039398,True
1466442284,10.5,13.34526365360474,13.34526365360474,True
1466442332,10.5,10.5,13.494872258354558,False
1466442358,10.8,10.8,11.958950165527654,False
1466442362,10.8,13.722179177513468,13.722179177513468,True
1466442439,11.2,11.2,12.830919189136278,False
1466442490,11.2,11.039388933288157,11.039388933288157,True
1466442498,11.2,11.2,11.288002946665763,False
1466442508,11.2,11.2,14.183807435045468,False
1466442518,11.2,12.929918480291288,12.929918480291288,True
1466442556,11.2,11.2,13.190769132616477,False
1466442656,11.2,11.2,13.717942067084222,False
1466442662,11.2,11.485918787491212,11.485918787491212,True
1466442703,11.2,11.2,11.765744895078061,False
1466442768,11.2,11.656338096272044,11.656338096272044,True
1466442788,11.2,11.2,12.900328641802755,False
1466442886,11.2,11.897304057239186,11.897304057239186,True
1466442980,11.7,11.894390878405407,11.894390878405407,True
1466443000,11.7,11.988617220946393,11.988617220946393,True
1466443029,11.7,11.704141535374834,11.704141535374834,True
1466443038,11.6,13.419061644085364,13.419061644085364,True
1466443089,11.6,11.6,13.928371113486664,False
1466443162,11.6,11.662009234004481,11.662009234004481,True
1466443201,11.6,11.450322943434065,11.450322943434065,True
1466443219,11.6,13.195282089168831,13.195282089168831,True
1466443263,11.6,14.068610968353997,14.068610968353997,True
1466443350,11.6,11.6,13.460575065307346,False
1466443373,11.6,11.6,11.271399143285329,False
1466443392,11.0,11.0,11.077123848174226,False
1466443402,11.0,11.0,13.892923992405667,False
1466443486,11.0,11.0,13.891365462039122,False
1466443511,11.6,11.6,13.91007737934607,False
1466443584,11.8,13.424265629358299,13.424265629358299,True
1466443677,11.8,11.8,13.57502145412303,False
1466443725,11.8,11.8,11.220269833583252,False
1466443727,12.2,13.738276669057544,13.738276669057544,True
1466443750,12.2,13.718416338658354,13.718416338658354,True
1466443761,12.2,12.2,11.749011270122796,False
1466443808,11.9,11.537058631460004,11.537058631460004,True
1466443861,11.6,11.6,12.004432665025433,False
1466443929,11.6,13.721346140215218,13.721346140215218,True
1466443986,11.6,12.819575544082198,12.819575544082198,True
1466444043,11.6,11.6,13.77146943647874,False
1466444110,11.6,11.6,13.602315551312605,False
1466444192,11.6,13.263344802114647,13.263344802114647,True
1466444287,11.6,11.214556836991926,11.214556836991926,True
1466444294,11.6,12.86418849815494,12.86418849815494,True
1466444366,11.6,11.6,11.462343067336958,False
1466444466,11.6,11.6,14.375838623033875,False
1466444505,12.1,13.857129649183676,13.857129649183676,True
1466444556,12.1,12.1,14.277402569945503,False
1466444624,12.1,12.1,13.107909399870218,False
1466444663,12.1,12.805161480334394,12.805161480334394,True
1466444685,12.7,11.505081806757847,11.505081806757847,True
1466444756,12.7,12.7,14.358291382074004,False
1466444781,12.7,12.7,12.282851178006478,False
1466444840,12.7,12.7,13.407062617743078,False
1466444854,12.7,12.7,13.863709209925183,False
1466444860,12.7,12.7,13.213229390764871,False
1466444959,12.7,12.7,12.343198350794728,False
1466445058,12.6,13.598775352734862,13.598775352734862,True
1466445107,12.6,11.793595795906649,11.793595795906649,True
1466445165,12.7,12.7,13.284059083122951,False
1466445170,12.7,12.7,11.989713939465735,False
1466445173,12.7,11.212323164769387,11.212323164769387,True
1466445247,12.7,12.7,11.41337427318947,False
1466445305,12.7,11.823242111970897,11.823242111970897,True
1466445333,12.7,11.705844175176782,11.705844175176782,True
1466445356,12.7,12.7,11.183069522578226,False
1466445430,12.1,12.1,14.281081154855512,False
1466445491,12.1,12.1,12.15780645419411,False
1466445497,12.1,12.1,11.546815643819103,False
1466445514,12.1,12.1,12.850273846086681,False
1466445549,12.0,11.772938280203217,11.772938280203217,True
1466445640,12.0,12.0,13.263456081119523,False
1466445648,11.7,11.7,13.161929371621467,False
1466445739,11.7,11.119630995843714,11.119630995843714,True
1466445814,12.2,12.2,12.385833643178639,False
1466445879,12.2,12.2,11.095942125665387,False
1466445909,11.7,12.020390628761414,12.020390628761414,True
1466445965,11.7,12.94016213526631,12.94016213526631,True
1466446021,11.7,13.473831892976019,13.473831892976019,True
1466446045,11.7,11.7,11.962659378091306,False
1466446071,11.7,11.888214529124184,11.888214529124184,True
1466446120,11.5,11.5,11.347197099113234,False
1466446168,11.9,11.9,11.217508994746286,False
1466446253,11.9,11.9,11.267243161396122,False
1466446302,11.7,11.503233342991738,11.503233342991738,True
1466446389,11.7,11.7,12.527954641538425,False
1466446404,11.7,11.7,11.030248771214998,False
1466446494,11.7,11.7,11.908973713122894,False
1466446594,11.7,13.305957105374368,13.305957105374368,True
1466446643,11.8,11.8,13.883911245717135,False
1466446669,11.8,13.425650029183089,13.425650029183089,True
1466446690,12.3,12.024629063663083,12.024629063663083,True
1466446735,12.3,12.3,12.865621164675684,False
1466446766,12.3,12.3,13.870392725077531,False
1466446852,12.3,12.3,14.122403881564631,False
1466446902,12.3,12.643395502172776,12.643395502172776,True
1466446945,12.3,12.984584732371356,12.984584732371356,True
1466446987,12.0,12.0,11.541431300085991,False
1466447036,12.0,12.975681276743881,12.975681276743881,True
1466447112,12.0,12.0,12.298028031279111,False
1466447129,12.0,14.05496597790492,14.05496597790492,True
1466447189,12.0,12.174815180803494,12.174815180803494,True
1466447224,11.7,11.7,12.49332951319924,False
1466447270,11.7,11.7,11.361200227727315,False
1466447272,11.7,14.042953964795313,14.042953964795313,True
1466447348,11.7,12.119876439104658,12.119876439104658,True
1466447359,11.7,13.993883095773167,13.993883095773167,True
1466447388,11.7,14.355116663644717,14.355116663644717,True
1466447390,11.7,13.43694940583487,13.43694940583487,True
1466447425,11.7,11.66825584102819,11.66825584102819,True
1466447463,12.2,13.663897663736787,13.663897663736787,True
1466447485,12.2,13.808657656390366,13.808657656390366,True
1466447545,12.2,12.2,12.025299294499666,False
1466447553,12.2,12.2,11.34851122428747,False
1466447554,12.2,12.2,12.32997173985735,False
1466447573,12.2,12.2,14.055106520269932,False
1466447634,12.2,12.2,11.27184567665658,False
1466447695,12.2,12.2,11.264204947776413,False
1466447762,12.2,11.417225875112681,11.417225875112681,True
1466447844,12.2,12.160328108584782,12.160328108584782,True
1466447885,12.2,12.2,11.51041331956678,False
1466447943,12.2,12.2,13.21117242133175,False
1466447956,11.5,11.5,12.751068143711914,False
1466448041,11.5,11.5,12.67293371943722,False
1466448140,11.5,11.5,13.602727914831467,False
1466448215,11.5,13.828970406781192,13.828970406781192,True
1466448270,11.5,11.67336736014632,11.67336736014632,True
1466448302,11.5,14.133832201628309,14.133832201628309,True
1466448368,11.5,11.5,14.497678758554759,False
1466448422,11.5,12.0897703460431,12.0897703460431,True
1466448517,11.5,11.5,14.200626485154716,False
1466448614,11.5,14.398591379709723,14.398591379709723,True
1466448701,11.6,13.527642234562629,13.527642234562629,True
1466448743,11.6,14.082246906220718,14.082246906220718,True
1466448805,11.6,11.6,11.340453250835768,False
1466448844,11.6,13.713406675434717,13.713406675434717,True
1466448896,11.6,11.603299732644714,11.603299732644714,True
1466448984,11.5,11.5,14.070386305184812,False
1466449031,10.9,12.41689650004072,12.41689650004072,True
1466449045,10.9,10.9,12.916720055844497,False
1466449099,10.9,14.138100021889855,14.138100021889855,True
1466449171,10.9,11.265722119763431,11.265722119763431,True
1466449261,10.9,10.9,12.678016354629982,False
1466449280,11.1,12.818432856700017,12.818432856700017,True
1466449359,11.1,12.53345873206867,12.53345873206867,True
1466449442,11.1,12.64664672608302,12.64664672608302,True
1466449496,11.1,12.68964391974105,12.68964391974105,True
1466449537,11.1,11.1,14.207187033571262,False
1466449555,11.1,11.1,11.148588971382052,False
1466449629,10.6,13.881398845283597,13.881398845283597,True
1466449635,10.6,14.232821730245556,14.232821730245556,True
1466449721,10.6,13.89701138942056,13.89701138942056,True
1466449772,11.2,11.2,13.158324528518587,False
1466449872,11.2,11.2,12.51032696597037,False
1466449873,11.2,13.875631788991369,13.875631788991369,True
1466449884,11.2,13.240364492514345,13.240364492514345,True
1466449937,11.2,11.83059869905504,11.83059869905504,True
1466449953,11.2,11.2,14.146496482059629,False
1466449959,11.2,11.2,11.579674541271316,False
1466449961,11.2,11.14122964503931,11.14122964503931,True
1466450018,11.4,11.4,11.83204137600147,False
1466450075,11.4,11.371159129517114,11.371159129517114,True
1466450150,11.4,11.4,11.134065996055776,False
1466450177,11.4,13.134408232029351,13.134408232029351,True
1466450255,11.4,13.943593874783726,13.943593874783726,True
1466450343,11.4,11.4,13.710261715719199,False
1466450348,11.4,13.048764123638309,13.048764123638309,True
1466450401,11.4,11.4,11.445956905372359,False
1466450433,11.4,12.983676970886904,12.983676970886904,True
1466450507,11.4,11.59600956162258,11.59600956162258,True
1466450536,11.4,11.4,14.36356604699219,False
1466450627,11.3,11.541390278486737,11.541390278486737,True
1466450723,11.3,11.3,11.993009685420498,False
1466450817,11.3,14.060580702540504,14.060580702540504,True
1466450900,11.0,11.124639920468919,11.124639920468919,True
1466450902,11.0,12.779795435640253,12.779795435640253,True
1466450971,11.0,14.237644937279804,14.237644937279804,True
1466451016,10.7,12.39850200233676,12.39850200233676,True
1466451023,10.7,14.366632984376238,14.366632984376238,True
1466451073,11.3,13.710212437673968,13.710212437673968,True
1466451166,11.6,11.6,11.245269349417878,False
1466451231,11.7,11.202827770088978,11.202827770088978,True
1466451245,11.7,11.714714248939398,11.714714248939398,True
1466451293,11.7,11.7,11.890524886395873,False
1466451295,11.6,11.6,13.580681018971529,False
1466451378,12.2,13.39063745694171,13.39063745694171,True
1466451445,12.2,12.2,14.033661012491406,False
1466451508,12.2,11.075119184214424,11.075119184214424,True
1466451599,12.2,12.2,13.97270966951474,False
1466451686,12.2,11.150434269602329,11.150434269602329,True
1466451761,12.2,12.2,11.722624171183506,False
1466451857,12.2,12.2,13.434281572081579,False
1466451909,12.2,13.885680276589586,13.885680276589586,True
1466451919,12.2,12.427332679565618,12.427332679565618,True
1466452006,12.2,12.2,11.613128215876717,False
1466452035,12.0,13.586914496619999,13.586914496619999,True
1466452039,12.0,12.0,12.481872942620988,False
1466452104,12.6,11.81849152163596,11.81849152163596,True
1466452167,12.6,12.6,12.85633244054861,False
1466452238,12.6,12.6,12.00818548918372,False
1466452313,12.6,12.6,11.008421426261284,False
1466452339,12.6,13.995049302719162,13.995049302719162,True
1466452419,12.6,12.6,11.964472635664666,False
1466452424,12.6,13.781504801044749,13.781504801044749,True
1466452435,12.6,12.6,14.11141090727682,False
1466452531,12.5,11.569969797989925,11.569969797989925,True
1466452584,12.5,12.5,12.302812712226086,False
1466452625,12.5,13.319964096126721,13.319964096126721,True
1466452676,12.5,12.5,11.228884632557337,False
1466452752,11.9,12.910922699327672,12.910922699327672,True
1466452796,11.9,12.08750682795716,12.08750682795716,True
1466452825,11.9,11.9,11.697849991894822,False
1466452860,11.9,11.655605937122997,11.655605937122997,True
1466452960,11.9,11.908305233100924,11.908305233100924,True
1466452979,11.9,14.491549231445072,14.491549231445072,True
1466453002,11.9,12.644846196591581,12.644846196591581,True
1466453016,11.9,11.9,13.027083864687528,False
1466453025,11.9,11.9,12.944781722315572,False
1466453089,11.8,11.8,11.082316035518842,False
1466453141,11.8,11.8,13.429785925768284,False
1466453154,11.8,14.203516168041421,14.203516168041421,True
1466453184,11.8,11.8,11.381079876749657,False
1466453202,12.4,11.176852763974276,11.176852763974276,True
1466453203,12.4,12.4,14.180842533233617,False
1466453222,12.4,11.20481336161931,11.20481336161931,True
1466453321,12.4,14.029449060311142,14.029449060311142,True
1466453379,12.4,12.125494839432278,12.125494839432278,True
1466453392,12.4,11.861830437472793,11.861830437472793,True
1466453422,12.4,12.4,12.4024762512833,False
1466453502,12.4,12.4,13.43794171211943,False
1466453518,12.4,14.388505376825892,14.388505376825892,True
1466453563,12.4,12.4,11.020070193256288,False
1466453604,12.2,12.766697742472935,12.766697742472935,True
1466453639,12.5,12.5,13.275515748949562,False
1466453705,12.5,12.5,12.239041040545398,False
1466453795,12.5,12.5,12.438612799888725,False
1466453816,12.7,12.757318422742491,12.757318422742491,True
1466453870,13.3,13.3,11.39226197941429,False
1466453910,13.3,13.932714915079742,13.932714915079742,True
1466454002,13.4,13.4,11.50141725225441,False
1466454051,13.3,13.3,13.768823255303676,False
1466454087,13.3,13.3,12.274598966672535,False
1466454129,13.3,11.840607368500999,11.840607368500999,True
1466454227,13.3,13.547756403168503,13.547756403168503,True
1466454259,13.3,11.975125056153407,11.975125056153407,True
1466454262,13.3,11.50116826643174,11.50116826643174,True
1466454298,13.3,13.3,11.672542666377561,False
1466454388,13.3,11.55869255492877,11.55869255492877,True
1466454399,13.3,13.3,13.927228786385186,False
1466454473,13.3,13.3,11.33084596294254,False
1466454529,13.3,12.46600948485185,12.46600948485185,True
1466454559,13.3,13.3,13.138462823794287,False
1466454648,13.3,13.3,14.177688227941037,False
1466454745,13.4,13.4,14.180886524445516,False
1466454763,13.4,12.08528559989642,12.08528559989642,True
1466454851,13.4,13.4,11.74369209872755,False
1466454936,13.4,13.4,12.12571556182563,False
1466454949,13.4,13.4,13.430185947519268,False
1466455032,13.4,11.903002332864842,11.903002332864842,True
1466455065,13.5,13.5,13.982598584974356,False
1466455119,13.5,13.5,11.971644260293747,False
1466455172,13.5,13.5,14.107323612508429,False
1466455196,13.4,11.573781424611125,11.573781424611125,True
1466455271,13.4,12.800930519854033,12.800930519854033,True
1466455357,13.4,14.321922064667735,14.321922064667735,True
1466455361,13.4,13.4,14.016702053142744,False
1466455394,13.4,13.322118540185281,13.322118540185281,True
1466455475,13.4,13.4,13.353078091966712,False
1466455497,13.4,13.4,11.574986165409758,False
1466455561,13.4,12.660191132854433,12.660191132854433,True
1466455575,13.4,13.4,13.765247077780051,False
1466455587,13.4,13.4,11.953971002943543,False
1466455651,13.4,12.312274690954892,12.312274690954892,True
1466455658,13.4,13.4,11.04724640429262,False
1466455732,13.4,13.4,13.552500255480574,False
1466455812,13.4,13.84555449919393,13.84555449919393,True
1466455910,13.7,13.392803212948428,13.392803212948428,True
1466455951,13.7,11.547966985298688,11.547966985298688,True
1466455999,13.7,11.985175662216353,11.985175662216353,True
1466456054,13.7,11.546661073620578,11.546661073620578,True
1466456058,13.7,14.254748958760437,14.254748958760437,True
1466456074,13.7,13.7,13.338768826015194,False
1466456088,13.7,12.42724108700739,12.42724108700739,True
1466456118,14.1,14.1,12.907459356949575,False
1466456218,14.1,13.607004084722098,13.607004084722098,True
1466456265,14.1,14.1,13.26488634993571,False
1466456270,13.9,13.157278464397434,13.157278464397434,True
1466456312,13.6,13.6,11.641867715010068,False
1466456346,13.6,13.6,12.8860012676607,False
1466456374,13.6,13.6,11.473018425543302,False
1466456406,13.6,13.6,13.819925234113526,False
1466456482,13.6,14.171977709133333,14.171977709133333,True
1466456512,13.6,13.6,11.602082383871911,False
1466456610,13.6,13.6,14.388465134154032,False
1466456683,13.6,13.6,11.475920601624901,False
1466456768,13.6,13.6,14.466421243068918,False
1466456856,13.6,13.6,13.92616412939011,False
1466456927,13.6,13.6,11.757920991065186,False
1466457014,13.6,13.626921294715004,13.626921294715004,True
1466457032,13.6,11.653761952637769,11.653761952637769,True
1466457067,13.6,14.254342227802816,14.254342227802816,True
1466457157,13.6,13.6,14.258274739669645,False
1466457215,13.6,13.6,13.007193049857172,False
1466457267,13.5,13.5,11.265799962562475,False
1466457357,13.5,11.464862656088213,11.464862656088213,True
1466457434,13.5,11.868013275753867,11.868013275753867,True
1466457487,13.5,13.5,12.113268693310793,False
1466457559,13.5,13.5,12.745376228724528,False
1466457603,13.6,13.6,11.52042810243886,False
1466457671,14.0,13.94580041894222,13.94580041894222,True
1466457713,14.0,14.0,12.047837399373623,False
1466457745,14.0,13.022913018505282,13.022913018505282,True
1466457782,14.0,14.0,13.482443949259089,False
1466457802,14.0,12.579446840353457,12.579446840353457,True
1466457817,14.0,14.0,13.028310224735979,False
1466457865,14.0,14.0,11.80528124459555,False
1466457884,14.0,14.0,11.064904505042398,False
1466457885,14.0,14.0,11.759752915175309,False
1466457917,14.0,12.506762913407385,12.506762913407385,True
1466457973,14.0,12.319859861507123,12.319859861507123,True
1466458045,14.0,13.812203461922389,13.812203461922389,True
1466458135,14.0,12.399415722041864,12.399415722041864,True
1466458151,14.0,14.040198594681005,14.040198594681005,True
1466458230,14.5,14.5,12.863928500726871,False
1466458324,14.8,14.8,12.411676637720731,False
1466458362,14.8,14.8,11.522733906551943,False
1466458438,14.8,14.8,14.379789357113978,False
1466458454,14.8,11.966083032574076,11.966083032574076,True
1466458496,14.9,14.9,12.58713858334482,False
1466458509,14.9,12.490424506793328,12.490424506793328,True
1466458580,14.9,14.9,11.29687961738836,False
1466458590,14.9,12.961556064254557,12.961556064254557,True
1466458626,14.9,12.003505920029546,12.003505920029546,True
1466458642,14.9,12.040476353105518,12.040476353105518,True
1466458665,14.9,14.9,12.627426327050042,False
1466458694,14.9,14.9,11.284310088962972,False
1466458762,14.9,12.925283712627934,12.925283712627934,True
1466458793,14.9,14.9,11.056298580593616,False
1466458824,14.9,11.692044165330707,11.692044165330707,True
1466458906,14.9,12.924802208443786,12.924802208443786,True
1466458982,14.9,14.9,13.759588345971546,False
1466459068,14.4,11.48894508688301,11.48894508688301,True
1466459159,14.4,12.304531390809135,12.304531390809135,True
1466459184,14.4,13.09813319133532,13.09813319133532,True
1466459273,14.4,14.232759722217876,14.232759722217876,True
1466459372,14.4,14.4,14.335169983947301,False
1466459415,14.0,14.0,14.314439585841985,False
1466459483,14.0,13.443138418272563,13.443138418272563,True
1466459504,14.0,11.200418562071436,11.200418562071436,True
1466459588,14.0,11.495399023258827,11.495399023258827,True
1466459595,14.0,14.317746029451786,14.317746029451786,True
1466459673,14.0,13.800874867372311,13.800874867372311,True
1466459726,13.8,11.601665320611655,11.601665320611655,True
1466459800,13.8,13.8,11.200932993819013,False
1466459857,13.7,13.7,11.470226420659566,False
1466459887,13.7,11.817050363391216,11.817050363391216,True
1466459913,13.7,13.7,11.816869140955346,False
1466459974,13.7,11.651422208766318,11.651422208766318,True
1466459995,13.7,11.437016348635952,11.437016348635952,True
1466460001,13.7,13.7,12.617595305705622,False
1466460054,13.7,13.7,13.469387903502094,False
1466460130,13.7,13.7,14.46021757819347,False
1466460215,13.7,13.7,14.269694463055377,False
1466460252,14.2,14.2,12.094039387292607,False
1466460272,14.2,14.2,11.735564063974351,False
1466460346,14.2,12.291572961774012,12.291572961774012,True
1466460440,14.2,13.286999458315236,13.286999458315236,True
1466460461,13.8,13.8,11.753452232397244,False
1466460528,13.8,12.505800949038317,12.505800949038317,True
1466460610,13.8,12.351523583045688,12.351523583045688,True
1466460630,13.8,13.8,11.885880072837123,False
1466460691,13.8,14.175742464148684,14.175742464148684,True
1466460706,13.8,13.8,13.6183768208846,False
1466460739,13.3,13.3,14.460165980994626,False
1466460765,13.3,12.442689462141916,12.442689462141916,True
1466460795,13.6,11.753509421249415,11.753509421249415,True
1466460877,13.6,13.6,12.782669426834277,False
1466460973,13.6,11.557719751431554,11.557719751431554,True
1466461009,13.6,13.6,12.997914200620556,False
1466461027,13.6,13.6,12.433158416153823,False
1466461032,13.6,13.6,11.591307008535049,False
1466461096,13.6,12.685898501321091,12.685898501321091,True
1466461169,13.6,11.444002704091956,11.444002704091956,True
1466461256,13.6,13.6,11.805136109195466,False
1466461351,13.4,13.4,11.375834078252323,False
1466461451,13.4,13.4,13.460388318915413,False
1466461531,13.1,11.399582999501154,11.399582999501154,True
1466461568,13.1,13.1,11.651775582595308,False
1466461583,13.1,13.1,14.331854599192365,False
1466461647,13.0,11.999099171469554,11.999099171469554,True
1466461703,13.0,13.0,12.618769429502944,False
1466461794,13.0,13.0,11.794962715276545,False
1466461813,13.0,13.0,14.080278446044261,False
1466461910,13.0,13.0,13.220013026164466,False
1466461988,13.0,13.0,11.251902831700832,False
1466462056,13.0,13.0,13.857065174162015,False
1466462101,12.6,11.92187514420765,11.92187514420765,True
1466462155,12.6,11.962321344480598,11.962321344480598,True
1466462215,12.6,12.920241791779846,12.920241791779846,True
1466462278,12.3,12.3,12.741762561947253,False
1466462368,12.3,14.148286672929943,14.148286672929943,True
1466462412,12.3,12.3,14.050397403092663,False
1466462512,12.3,12.861309069952668,12.861309069952668,True
1466462594,12.3,12.329610397174184,12.329610397174184,True
1466462671,12.3,12.3,12.257610274417246,False
1466462716,12.3,12.3,13.098709022947823,False
1466462746,12.2,12.2,13.538120661696999,False
1466462782,11.7,12.47682858463622,12.47682858463622,True
1466462820,11.7,11.7,13.370819749260267,False
1466462833,11.7,11.541985477832124,11.541985477832124,True
1466462842,11.7,11.7,14.169338484355295,False
1466462850,11.7,13.607756260650797,13.607756260650797,True
1466462941,11.7,13.54128287834315,13.54128287834315,True
1466463026,12.0,13.271090274732613,13.271090274732613,True
1466463117,11.7,11.7,11.521534868117184,False
1466463139,11.7,13.38629442169124,13.38629442169124,True
