1466410104,36.6,36.83389864685434,36.83389864685434,True
1466410114,36.6,36.71003801219568,36.71003801219568,True
1466410130,36.6,36.6,36.944007823082735,False
1466410181,36.6,37.41531899189521,37.41531899189521,True
1466410203,36.7,36.7,36.67521829389117,False
1466410250,36.7,36.7,36.824729852716395,False
1466410309,36.7,37.4829281612976,37.4829281612976,True
1466410397,36.7,36.971563488252464,36.971563488252464,True
1466410430,36.6,36.6,36.71692379120397,False
1466410469,36.6,36.6,36.874950283368634,False
1466410483,36.6,36.6,36.78844773766586,False
1466410498,36.9,36.9,37.298579418565,False
1466410502,36.4,36.4,36.55755014094025,False
1466410532,36.4,36.86685550519769,36.86685550519769,True
1466410541,36.4,36.4,36.91191093521164,False
1466410573,36.4,36.4,36.55653316420302,False
1466410630,36.4,36.90313352646297,36.90313352646297,True
1466410653,36.6,37.36469495980212,37.36469495980212,True
1466410746,36.6,37.024424833398704,37.024424833398704,True
1466410814,36.4,36.53787658932805,36.53787658932805,True
1466410890,36.4,36.4,36.84598856049222,False
1466410902,36.4,36.853332386869205,36.853332386869205,True
1466410978,36.4,36.4,36.82829505180193,False
1466411008,36.4,36.5507040566857,36.5507040566857,True
1466411066,36.4,37.013284147669,37.013284147669,True
1466411094,36.8,36.8,37.165253333822896,False
1466411157,36.8,37.16429706991303,37.16429706991303,True
1466411223,36.5,36.5,36.74068220813155,False
1466411226,36.6,37.27914044715603,37.27914044715603,True
1466411272,36.6,36.6,36.547564593361145,False
1466411303,36.6,37.04987585980333,37.04987585980333,True
1466411318,36.4,37.317048143523074,37.317048143523074,True
1466411396,36.4,36.813515746448886,36.813515746448886,True
1466411493,36.4,36.5519342450513,36.5519342450513,True
1466411549,36.4,36.4,36.91754309220872,False
1466411560,36.7,37.332165833292464,37.332165833292464,True
1466411626,36.6,36.94602613344163,36.94602613344163,True
1466411723,36.6,36.6,37.05596432522741,False
1466411763,36.7,36.7,37.062532541616854,False
1466411785,36.7,36.7,36.85221017643455,False
1466411854,36.7,36.7,36.69908255071309,False
1466411889,36.7,36.537588794007824,36.537588794007824,True
1466411988,36.7,36.7,37.002788418765654,False
1466412022,36.7,36.90206900726091,36.90206900726091,True
1466412046,36.7,36.7,37.13618610127121,False
1466412076,36.5,36.5,36.64826367260319,False
1466412152,36.5,36.61788064191682,36.61788064191682,True
1466412181,36.7,36.7,36.902535527804986,False
1466412201,36.7,36.7,36.7510719537824,False
1466412260,36.5,36.5,36.87345892887381,False
1466412347,36.5,37.11803095924297,37.11803095924297,True
1466412360,36.5,37.181060710049394,37.181060710049394,True
1466412438,36.6,37.40979903839177,37.40979903839177,True
1466412521,36.6,36.68602020541864,36.68602020541864,True
1466412599,36.6,37.07653578046938,37.07653578046938,True
1466412639,36.6,37.41966894404621,37.41966894404621,True
1466412691,36.6,36.63065106046845,36.63065106046845,True
1466412747,36.6,36.6,36.94933905294324,False
1466412794,36.5,36.5,36.81690050726527,False
1466412819,36.6,36.95447116987302,36.95447116987302,True
1466412832,36.6,36.98824089627475,36.98824089627475,True
1466412874,36.5,36.5,37.25030566962868,False
1466412943,36.5,36.86785824277414,36.86785824277414,True
1466412971,36.5,37.07243449980167,37.07243449980167,True
1466412990,36.5,36.5,37.36235754253586,False
1466413028,36.5,36.793865665426594,36.793865665426594,True
1466413053,36.6,36.6,36.727266742785915,False
1466413125,36.6,36.6,36.63691908132221,False
1466413200,36.5,36.5,37.01743016100614,False
1466413264,36.4,36.4,36.9980975646111,False
1466413311,36.4,37.46717919467383,37.46717919467383,True
1466413342,36.4,36.54638491699462,36.54638491699462,True
1466413440,36.4,37.31928549198992,37.31928549198992,True
1466413458,36.4,36.955219805176704,36.955219805176704,True
1466413529,36.5,37.47261347771508,37.47261347771508,True
1466413542,36.6,36.6,36.809924048800035,False
1466413638,36.6,36.6,36.51104855373078,False
1466413672,36.6,36.6,37.254250467079224,False
1466413733,36.6,36.6,37.384486864602735,False
1466413779,36.5,36.5,37.04714528532645,False
1466413780,36.5,36.89730133144888,36.89730133144888,True
1466413864,36.5,36.6612813421908,36.6612813421908,True
1466413885,36.4,36.4,36.77796916156925,False
1466413946,36.4,36.4,37.37656986868709,False
1466414033,36.5,36.5,37.01305178954397,False
1466414071,36.5,36.5,37.27089146418835,False
1466414164,36.5,36.5,36.8673864597398,False
1466414225,36.5,36.5,37.10636982813783,False
1466414312,36.6,37.27393340701171,37.27393340701171,True
1466414325,36.4,37.09601974149418,37.09601974149418,True
1466414328,36.4,37.44554840554639,37.44554840554639,True
1466414329,36.4,36.4,36.84655837233415,False
1466414402,36.4,36.4,37.08124193436408,False
1466414407,36.4,36.4,37.335766102370805,False
1466414413,36.4,36.876665028175964,36.876665028175964,True
1466414460,36.4,36.4,36.810713918807764,False
1466414552,36.4,37.28999435973743,37.28999435973743,True
1466414602,36.4,37.338619707865746,37.338619707865746,True
1466414662,36.4,36.4,36.67974548457017,False
1466414746,36.4,36.4,37.06538370094085,False
1466414844,36.4,37.00057871135147,37.00057871135147,True
1466414943,36.4,37.48720710935097,37.48720710935097,True
1466414946,36.4,36.4,36.568882758162964,False
1466414966,36.4,36.96617503454022,36.96617503454022,True
1466415038,36.4,36.4,36.999538794319825,False
1466415106,36.4,37.148459953279065,37.148459953279065,True
1466415130,36.4,36.96265190723761,36.96265190723761,True
1466415145,36.5,36.5,37.091260476521505,False
1466415202,36.4,36.4,37.056569969011896,False
1466415239,36.4,36.98818980885816,36.98818980885816,True
1466415249,36.4,37.15353767873106,37.15353767873106,True
1466415308,36.4,36.4,37.13384646714541,False
1466415357,36.4,36.4,36.50855851101105,False
1466415404,36.4,36.4,37.48510234740822,False
1466415469,36.4,36.4,36.95421318196311,False
1466415548,36.5,37.26808386867362,37.26808386867362,True
1466415588,36.5,36.5,36.51624767102517,False
1466415627,36.5,36.77666614679024,36.77666614679024,True
1466415719,36.5,37.47435530935622,37.47435530935622,True
1466415767,36.5,36.5,37.201841612411094,False
1466415860,36.5,36.99400794818836,36.99400794818836,True
1466415872,36.5,36.5,36.68227856501312,False
1466415914,36.5,37.12902838587221,37.12902838587221,True
1466415934,36.5,36.5,37.01076119393893,False
1466415988,36.5,36.5,36.58460837582907,False
1466416004,36.5,36.5,37.37525955032161,False
1466416050,36.5,36.5,36.553996871769634,False
1466416150,36.5,37.40166119929678,37.40166119929678,True
1466416161,36.5,36.732267993956874,36.732267993956874,True
1466416215,36.7,37.05967554598154,37.05967554598154,True
1466416315,36.5,36.759431659781264,36.759431659781264,True
1466416321,36.5,36.5,36.873079463288406,False
1466416393,36.5,36.5,36.60596100173241,False
1466416440,36.7,36.95164964873876,36.95164964873876,True
1466416510,36.7,37.28569792648883,37.28569792648883,True
1466416541,36.6,36.6,36.86134004826982,False
1466416631,36.6,37.082738426130895,37.082738426130895,True
1466416671,36.6,36.6,36.57634434681734,False
1466416725,36.6,36.6,37.04107399461502,False
1466416815,36.6,36.6,36.57003471517764,False
1466416867,36.5,37.25246283741957,37.25246283741957,True
1466416933,36.5,36.5,36.75775902767478,False
1466416963,36.5,36.5,37.28706965753431,False
1466417034,36.5,36.5,37.16601739510235,False
1466417069,36.5,36.5,36.5694531999917,False
1466417095,36.5,36.71199978709647,36.71199978709647,True
1466417123,36.6,37.38177819676016,37.38177819676016,True
1466417219,36.6,37.485618175339944,37.485618175339944,True
1466417228,36.6,36.6,36.70648401403672,False
1466417235,36.6,36.531406915337605,36.531406915337605,True
1466417266,36.6,36.6,36.92164838559312,False
1466417298,36.6,36.6180330676045,36.6180330676045,True
1466417382,36.6,37.20250639641767,37.20250639641767,True
1466417429,36.6,36.6,36.72836418092395,False
1466417434,36.5,36.5652681684226,36.5652681684226,True
1466417513,36.5,37.2169736134368,37.2169736134368,True
1466417598,36.5,36.853709382901144,36.853709382901144,True
1466417615,36.5,37.10384933106278,37.10384933106278,True
1466417654,36.5,37.029437319411464,37.029437319411464,True
1466417749,36.6,37.08262361671934,37.08262361671934,True
1466417763,36.6,36.79524698338428,36.79524698338428,True
1466417822,36.6,36.6,37.45163760164985,False
1466417851,36.6,36.781778234524346,36.781778234524346,True
1466417855,36.6,36.6,36.68477883207493,False
1466417879,36.6,36.803787269768755,36.803787269768755,True
1466417895,36.6,37.180310073481806,37.180310073481806,True
1466417969,36.5,37.25221684587772,37.25221684587772,True
1466418049,36.6,36.6,37.26351685932476,False
1466418118,36.6,37.28439602791621,37.28439602791621,True
1466418129,36.7,36.7,37.31356037249565,False
1466418179,36.7,37.445275484191775,37.445275484191775,True
1466418254,36.7,37.1176507495506,37.1176507495506,True
1466418332,36.5,36.5,36.66420796417474,False
1466418428,36.5,36.5,37.28691476134508,False
1466418494,36.6,36.796692627489676,36.796692627489676,True
1466418554,36.6,36.6,36.73784942928734,False
1466418563,36.6,36.6,37.1486738693675,False
1466418564,36.6,37.344654594264185,37.344654594264185,True
1466418594,36.6,36.6,37.442466883315234,False
1466418674,36.6,37.09551806971297,37.09551806971297,True
1466418748,36.6,37.26977063793039,37.26977063793039,True
1466418847,36.7,36.7,37.39067133508493,False
1466418877,36.5,36.5,36.78925604390818,False
1466418917,36.5,37.43585088627087,37.43585088627087,True
1466418938,36.5,37.28445302843455,37.28445302843455,True
1466419031,36.6,37.489629558305616,37.489629558305616,True
1466419058,36.6,36.6,36.573179886825315,False
1466419104,36.6,36.86320532713859,36.86320532713859,True
1466419166,36.2,37.40391510199623,37.40391510199623,True
1466419261,36.6,36.6,37.470090645778704,False
1466419349,36.6,36.6,37.05408698349324,False
1466419442,36.5,36.5,36.858293851406714,False
1466419530,36.6,36.6,37.04679609611393,False
1466419595,36.4,37.215052983718756,37.215052983718756,True
1466419646,36.5,36.876112929220206,36.876112929220206,True
1466419737,36.5,36.504421258672124,36.504421258672124,True
1466419826,36.5,36.917069917286085,36.917069917286085,True
1466419880,36.7,36.7,37.46590644856198,False
1466419911,36.7,36.647225552692525,36.647225552692525,True
1466419938,36.7,36.7,36.802326778535786,False
1466420016,36.6,36.613631794149654,36.613631794149654,True
1466420019,36.6,36.6,36.905637721985855,False
1466420108,36.4,36.4,36.68699926738052,False
1466420205,36.4,36.4,36.828445411232344,False
1466420228,36.6,36.6,36.53089715507416,False
1466420257,36.6,37.2155189337631,37.2155189337631,True
1466420270,36.6,36.64993961699141,36.64993961699141,True
1466420296,36.7,36.732963306214565,36.732963306214565,True
1466420331,36.6,36.6,37.43119611836983,False
1466420407,36.6,36.6,37.394367809462835,False
1466420430,36.5,36.846784827003866,36.846784827003866,True
1466420453,36.5,36.5,37.30328950304479,False
1466420474,36.5,37.02061123695356,37.02061123695356,True
1466420566,36.5,36.5,36.893131433063274,False
1466420579,36.5,36.5,36.82158906679093,False
1466420618,36.4,37.07976180400896,37.07976180400896,True
1466420624,36.5,37.318153149714824,37.318153149714824,True
1466420643,36.5,37.456661173464276,37.456661173464276,True
1466420695,36.5,36.5,36.76183564157904,False
1466420788,36.5,36.5,37.357906588878734,False
1466420863,36.5,36.8515835770203,36.8515835770203,True
1466420947,36.5,36.7742659935511,36.7742659935511,True
1466421003,36.6,37.15679387773676,37.15679387773676,True
1466421032,36.5,37.316021909742275,37.316021909742275,True
1466421050,36.5,37.131440229486984,37.131440229486984,True
1466421116,36.6,36.6,37.271044174541174,False
1466421208,36.6,36.731814365499815,36.731814365499815,True
1466421234,36.5,36.5,37.16313210467556,False
1466421262,36.5,36.5,37.058694657996256,False
1466421353,36.5,37.47438973004513,37.47438973004513,True
1466421360,36.5,36.5,36.84540239771667,False
1466421392,36.5,36.5,36.97590979132492,False
1466421480,36.5,36.5,36.97824122105765,False
1466421530,36.5,36.5,37.443985815585464,False
1466421547,36.4,36.4,36.72762552247902,False
1466421591,36.6,36.6,36.997789098416646,False
1466421633,36.6,36.6,37.49289810860703,False
1466421636,36.6,36.6,36.87851401603374,False
1466421670,36.6,36.56853686930953,36.56853686930953,True
1466421695,36.5,36.65422054963027,36.65422054963027,True
1466421721,36.5,36.5,36.67598867901759,False
1466421804,36.5,36.750382931905364,36.750382931905364,True
1466421819,36.5,37.05176109077668,37.05176109077668,True
1466421862,36.7,36.7,37.34874265432669,False
1466421885,36.6,36.767960664129454,36.767960664129454,True
1466421936,36.6,36.95893975367981,36.95893975367981,True
1466422012,36.6,36.6,36.61756427012057,False
1466422044,36.7,36.7,36.513904651296315,False
1466422045,36.7,36.81443864406094,36.81443864406094,True
1466422137,36.7,36.7,36.976646937991546,False
1466422162,36.7,37.34892623768236,37.34892623768236,True
1466422189,36.7,36.69977099703637,36.69977099703637,True
1466422197,36.5,36.5,37.06886661840773,False
1466422264,36.5,36.86629534852862,36.86629534852862,True
1466422330,36.5,36.5,37.471312995303244,False
1466422378,36.7,36.7,37.475773953897075,False
1466422432,36.4,36.4,36.6787586126638,False
1466422488,36.6,36.6,37.245803661374104,False
1466422577,36.6,36.99807982141168,36.99807982141168,True
1466422628,36.6,36.6,36.84239867999104,False
1466422638,36.6,37.12843451625579,37.12843451625579,True
1466422666,36.6,36.6,36.90887888993075,False
1466422706,36.6,36.6,37.44777400237736,False
1466422731,36.6,36.6,36.66894554692672,False
1466422804,36.6,36.6,37.274450414015,False
1466422866,36.6,37.059855289910175,37.059855289910175,True
1466422873,36.6,37.122545356224975,37.122545356224975,True
1466422895,36.6,37.0067223834839,37.0067223834839,True
1466422953,36.6,36.92403948820558,36.92403948820558,True
1466422973,36.5,37.46441376359124,37.46441376359124,True
1466423017,36.5,36.5,37.3675806257214,False
1466423051,36.6,36.815730960137806,36.815730960137806,True
1466423099,36.6,36.6,36.903851870454204,False
1466423150,36.6,36.6,37.00175613187663,False
1466423155,36.6,36.6,37.42019896655026,False
1466423168,36.6,36.6,37.0582596102313,False
1466423205,36.6,37.4695851309539,37.4695851309539,True
1466423275,36.6,36.93098590790625,36.93098590790625,True
1466423287,36.6,36.6,37.312623533158174,False
1466423336,36.6,36.6,37.0617204920587,False
1466423340,36.6,36.9053864696865,36.9053864696865,True
1466423355,36.6,37.44813057539624,37.44813057539624,True
1466423443,36.6,36.879769196717604,36.879769196717604,True
1466423499,36.6,37.46184814619106,37.46184814619106,True
1466423585,36.6,36.7097674300774,36.7097674300774,True
1466423612,36.6,36.74904430321606,36.74904430321606,True
1466423669,36.4,36.4,36.74331711317795,False
1466423705,36.7,36.81123287718926,36.81123287718926,True
1466423770,36.7,36.8800003989854,36.8800003989854,True
1466423844,36.7,36.87078997971878,36.87078997971878,True
1466423902,36.7,36.534360127481804,36.534360127481804,True
1466423913,36.7,36.92487465883344,36.92487465883344,True
1466423972,36.5,36.5,36.87753508688598,False
1466424014,36.5,37.46709652229622,37.46709652229622,True
1466424069,36.5,36.70927402144031,36.70927402144031,True
1466424154,36.7,36.97154832484974,36.97154832484974,True
1466424155,36.7,36.80699490371196,36.80699490371196,True
1466424169,36.7,36.7,37.12746418235504,False
1466424262,36.7,36.7,37.36901729361423,False
1466424339,36.5,37.23265174294809,37.23265174294809,True
1466424398,36.5,36.57444057676158,36.57444057676158,True
1466424497,36.5,36.5,37.06247849509524,False
1466424558,36.7,36.7,37.14288500066335,False
1466424613,36.6,37.38645601907448,37.38645601907448,True
1466424713,36.6,36.797291167006584,36.797291167006584,True
1466424804,36.5,36.77507655002366,36.77507655002366,True
1466424878,36.4,37.17189440771325,37.17189440771325,True
1466424924,36.4,36.4,37.19089919873938,False
1466425009,36.4,36.4,37.4523748765965,False
1466425106,36.4,36.974615913978226,36.974615913978226,True
1466425129,36.5,36.623950017056586,36.623950017056586,True
1466425179,36.5,36.82428888851923,36.82428888851923,True
1466425257,36.6,36.6,37.109050387159165,False
1466425262,36.7,36.95085131593978,36.95085131593978,True
1466425305,36.5,36.5,36.87691611038387,False
1466425331,36.5,37.43401383750289,37.43401383750289,True
1466425338,36.6,36.6,36.67803866168804,False
1466425377,36.6,36.871901656296735,36.871901656296735,True
1466425380,36.5,36.5,37.42182782403918,False
1466425417,36.5,36.5,37.39315408067684,False
1466425484,36.5,37.252014574242445,37.252014574242445,True
1466425517,36.5,37.162800006363085,37.162800006363085,True
1466425553,36.4,36.4,37.358611655398036,False
1466425640,36.6,36.67112270200958,36.67112270200958,True
1466425687,36.6,36.71724952317748,36.71724952317748,True
1466425711,36.6,36.6,36.753782753514976,False
1466425768,36.6,36.6,36.85025501675808,False
1466425811,36.6,36.6,36.89796577917264,False
1466425856,36.6,36.6,36.60294384477337,False
1466425869,36.6,36.6,37.26919979792587,False
1466425884,36.6,37.201222297042925,37.201222297042925,True
1466425962,36.6,36.6,37.07954509254356,False
1466425974,36.6,37.36170431228666,37.36170431228666,True
1466426016,36.7,36.7,36.69802852729128,False
1466426024,36.7,36.7,37.42139074468493,False
1466426034,36.5,36.53841592551644,36.53841592551644,True
1466426130,36.7,37.04787284035784,37.04787284035784,True
1466426189,36.5,36.78740602359775,36.78740602359775,True
1466426198,36.6,36.6,37.28512939685436,False
1466426280,36.5,36.5,37.38166737369381,False
1466426298,36.4,36.85123458539052,36.85123458539052,True
1466426380,36.4,36.76614772557866,36.76614772557866,True
1466426420,36.4,36.4,36.74419411316318,False
1466426509,36.4,36.4,36.65684299551983,False
1466426521,36.4,36.65698913507463,36.65698913507463,True
1466426535,36.4,36.75089809555952,36.75089809555952,True
1466426563,36.5,36.5,36.88203355263773,False
1466426620,36.5,36.5,36.729791362088456,False
1466426694,36.5,36.5,36.73640562176427,False
1466426764,36.6,36.6,36.53623887608561,False
1466426778,36.6,36.9626478165626,36.9626478165626,True
1466426866,36.6,36.6,37.34196791145192,False
1466426938,36.6,37.13049345991508,37.13049345991508,True
1466427022,36.6,37.18298228326513,37.18298228326513,True
1466427059,36.6,36.6,36.50594124889708,False
1466427125,36.7,36.7,36.77404441810646,False
1466427204,36.7,37.15463257245283,37.15463257245283,True
1466427240,36.7,36.7,37.288929198668235,False
1466427317,36.7,36.7,36.92172648415309,False
1466427319,36.7,36.7,36.94297827752045,False
1466427331,36.7,36.7,37.48064313540413,False
1466427425,36.7,37.300660018686095,37.300660018686095,True
1466427458,36.7,37.30072497624942,37.30072497624942,True
1466427495,36.7,37.472736012438794,37.472736012438794,True
1466427543,36.7,36.7,36.63417970632969,False
1466427625,36.6,36.6,36.9802431210373,False
1466427663,36.6,36.6,36.64200114002717,False
1466427672,36.6,37.25857481083578,37.25857481083578,True
1466427684,36.5,36.613813864555816,36.613813864555816,True
1466427739,36.5,36.5,36.64100011616134,False
1466427769,36.5,36.5,37.21282517217406,False
1466427775,36.5,36.983691455487566,36.983691455487566,True
1466427820,36.4,36.4,37.10902105230681,False
1466427837,36.5,37.195717082775246,37.195717082775246,True
1466427846,36.5,36.5,37.011334566114655,False
1466427904,36.5,36.936609207697,36.936609207697,True
1466427997,36.5,37.0545416064528,37.0545416064528,True
1466428027,36.5,37.24418922918793,37.24418922918793,True
1466428114,36.5,36.5,37.330929081446456,False
1466428212,36.5,37.35354699146634,37.35354699146634,True
1466428294,36.5,36.5,37.067608750607924,False
1466428321,36.5,37.17399289809476,37.17399289809476,True
1466428340,36.5,36.901845028671396,36.901845028671396,True
1466428378,36.4,36.4,36.857763568681996,False
1466428463,36.4,36.94283280280627,36.94283280280627,True
1466428551,36.4,36.71892122373718,36.71892122373718,True
1466428575,36.4,36.79284371641182,36.79284371641182,True
1466428593,36.4,36.4,37.13205992588379,False
1466428682,36.6,37.176645072467096,37.176645072467096,True
1466428699,36.6,36.6,36.57273879236083,False
1466428719,36.6,37.20492179278708,37.20492179278708,True
1466428819,36.6,37.41470869630614,37.41470869630614,True
1466428850,36.6,36.92319703491328,36.92319703491328,True
1466428884,36.6,36.755031040160475,36.755031040160475,True
1466428973,36.6,36.55611526979108,36.55611526979108,True
1466429006,36.6,36.82260727634713,36.82260727634713,True
1466429026,36.6,36.5922173083068,36.5922173083068,True
1466429066,36.6,36.6,36.90157775228099,False
1466429072,36.6,36.6,36.666500535991894,False
1466429103,36.6,36.70179198157733,36.70179198157733,True
1466429110,36.6,36.6,37.085020922432236,False
1466429123,36.6,37.0825221312268,37.0825221312268,True
1466429168,36.6,36.6,37.449097362351445,False
1466429182,36.5,37.184355753329925,37.184355753329925,True
1466429184,36.5,37.040644708085026,37.040644708085026,True
1466429197,36.7,36.7,36.97557932781426,False
1466429280,36.7,36.7,37.232196089819624,False
1466429378,36.7,36.7,37.09377066009799,False
1466429450,36.7,36.7,37.10508198394487,False
1466429455,36.7,36.7,36.76864493485244,False
1466429510,36.7,36.7,37.07689738581712,False
1466429565,36.5,37.07724218769183,37.07724218769183,True
1466429566,36.5,36.5,37.26577942581034,False
1466429592,36.5,36.5,37.03561698709358,False
1466429623,36.6,36.84106812926349,36.84106812926349,True
1466429691,36.6,37.074806186758984,37.074806186758984,True
1466429733,36.5,36.5,37.21707221792176,False
1466429803,36.5,36.5,36.74033037752204,False
1466429832,36.5,36.5,36.77665187052987,False
1466429905,36.7,36.74292544205275,36.74292544205275,True
1466429997,36.6,37.01629743828113,37.01629743828113,True
1466430050,36.6,37.15153795106793,37.15153795106793,True
1466430088,36.6,36.6,36.69833390212701,False
1466430174,36.6,36.6,36.89634478446518,False
1466430247,36.6,36.6,36.730812140552665,False
1466430344,36.7,36.7,36.590697996985526,False
1466430375,36.7,36.7,36.7786853724455,False
1466430400,36.5,36.5,37.12205538463967,False
1466430457,36.5,36.5,37.12666280464169,False
1466430483,36.5,36.95057159631851,36.95057159631851,True
1466430517,36.5,37.293424478851406,37.293424478851406,True
1466430524,36.6,36.6,36.51039133147907,False
1466430592,36.6,36.90074474084884,36.90074474084884,True
1466430616,36.5,36.672173992063236,36.672173992063236,True
1466430631,36.5,36.5,37.17277170397974,False
1466430680,36.5,36.5,36.55184396590866,False
1466430734,36.5,37.26480447887896,37.26480447887896,True
1466430790,36.5,36.5,37.178696489702375,False
1466430815,36.5,37.433644443217396,37.433644443217396,True
1466430895,36.5,36.570461838473406,36.570461838473406,True
1466430916,36.5,36.515243928026514,36.515243928026514,True
1466430929,36.5,36.5,36.74825289410554,False
1466430936,36.5,37.45774969105376,37.45774969105376,True
1466431009,36.5,36.5,36.72360609584354,False
1466431036,36.5,36.5,37.277270361985295,False
1466431055,36.6,36.6,36.59596345701439,False
1466431145,36.6,36.6,36.72485427701246,False
1466431218,36.6,37.004203418052654,37.004203418052654,True
1466431290,36.6,37.409776420893586,37.409776420893586,True
1466431324,36.6,36.6,37.41042053326492,False
1466431400,36.6,37.47886499716967,37.47886499716967,True
1466431450,36.7,36.67186322570838,36.67186322570838,True
1466431526,36.7,36.7,36.61960644372924,False
1466431589,36.7,36.7,37.13015150973581,False
1466431661,36.6,36.6,36.66210274750733,False
1466431760,36.6,37.12698452740106,37.12698452740106,True
1466431796,36.7,36.7,36.74240922484929,False
1466431848,36.7,36.7,37.2607403029178,False
1466431879,36.5,36.65706649400515,36.65706649400515,True
1466431954,36.5,37.37748778479154,37.37748778479154,True
1466431958,36.5,36.5,36.767673107936254,False
1466432002,36.5,36.5,36.50595355070469,False
1466432101,36.9,36.9,36.71740403510184,False
1466432177,36.9,36.9,36.736363764112035,False
1466432194,36.9,36.9,37.12929866684245,False
1466432237,36.9,36.9,36.68018885627328,False
1466432280,36.9,36.9,37.250539040723005,False
1466432373,36.9,36.9,36.99619896684998,False
1466432389,36.9,36.9,36.53156497575938,False
1466432415,36.9,37.2108075657738,37.2108075657738,True
1466432417,36.9,37.07800476845807,37.07800476845807,True
1466432506,36.9,36.9,37.103354526171834,False
1466432569,36.9,37.08572563414081,37.08572563414081,True
1466432577,36.9,36.69405010686826,36.69405010686826,True
1466432670,36.9,37.17713222152218,37.17713222152218,True
1466432706,36.4,36.55872003683511,36.55872003683511,True
1466432804,36.4,36.7851269996022,36.7851269996022,True
1466432853,36.4,37.10242255472349,37.10242255472349,True
1466432947,36.9,36.86157759272687,36.86157759272687,True
1466433040,36.8,36.8,37.176535403281214,False
1466433128,36.8,36.8,36.969685353905945,False
1466433145,36.8,36.50130027035336,36.50130027035336,True
1466433195,36.6,36.6,37.1764838739697,False
1466433289,36.6,36.80278695969523,36.80278695969523,True
1466433375,36.6,36.6,37.18553105633284,False
1466433427,36.7,36.80470665140086,36.80470665140086,True
1466433478,36.7,37.14873875950835,37.14873875950835,True
1466433517,36.7,37.12502272827003,37.12502272827003,True
1466433615,37.0,37.0,36.778151498508315,False
1466433672,37.0,37.0,37.03702582008835,False
1466433762,36.9,37.341472021996594,37.341472021996594,True
1466433809,36.9,36.9,36.542732689412055,False
1466433873,37.0,36.642135538084695,36.642135538084695,True
1466433910,36.9,36.9,37.33575716207028,False
1466433994,36.9,36.9,37.255246852141966,False
1466434003,36.9,36.9,36.96593535869682,False
1466434045,36.9,37.089547800885526,37.089547800885526,True
1466434096,37.0,36.961321987295854,36.961321987295854,True
1466434173,37.0,37.0,37.433306153283425,False
1466434199,37.0,37.0,37.188356281308714,False
1466434224,37.0,36.73572519877749,36.73572519877749,True
1466434308,37.0,37.02748740591174,37.02748740591174,True
1466434359,37.0,36.688163064564556,36.688163064564556,True
1466434371,37.0,37.0,36.547778653508715,False
1466434457,36.8,36.8,36.812349133060636,False
1466434498,36.9,36.9,37.03886459442259,False
1466434552,36.9,37.304229274756544,37.304229274756544,True
1466434622,36.9,36.9,37.43615575225843,False
1466434691,36.9,36.9,37.266565884198656,False
1466434718,36.9,37.407884338000486,37.407884338000486,True
1466434727,36.7,36.7,36.780925610061416,False
1466434815,36.7,36.7,36.693122182804224,False
1466434892,36.7,36.7,36.91943921575746,False
1466434915,36.7,37.08303238103827,37.08303238103827,True
1466434946,36.7,36.7,36.799107861274976,False
1466434988,36.7,36.7,37.48868498275314,False
1466435020,36.7,36.7,37.24589855502301,False
1466435090,36.7,37.032967904498946,37.032967904498946,True
1466435099,36.7,37.05941952752744,37.05941952752744,True
1466435145,36.7,36.7,37.48707053939659,False
1466435186,36.7,36.7,36.97819478381603,False
1466435246,36.8,36.99039396836639,36.99039396836639,True
1466435284,36.7,36.7,37.09301245186551,False
1466435327,36.7,37.16887806560229,37.16887806560229,True
1466435369,36.9,37.415453834260084,37.415453834260084,True
1466435408,36.9,36.9,36.814944405822736,False
1466435468,37.0,37.05567815430219,37.05567815430219,True
1466435486,37.0,37.0,36.95604872803467,False
1466435555,37.0,37.0,36.944711379825,False
1466435624,37.0,36.93322769538042,36.93322769538042,True
1466435659,37.0,37.476576879757644,37.476576879757644,True
1466435682,36.7,36.88097286447531,36.88097286447531,True
1466435712,36.7,36.7,36.86731420417273,False
1466435794,36.7,36.7,36.52416192470926,False
1466435878,36.7,36.96336238261961,36.96336238261961,True
1466435904,36.7,37.08939774770538,37.08939774770538,True
1466435971,36.7,37.17922910124698,37.17922910124698,True
1466436041,36.7,37.442234170721896,37.442234170721896,True
1466436059,36.7,36.92608155687778,36.92608155687778,True
1466436093,36.7,36.7,37.239833619380164,False
1466436178,36.7,36.61617629393057,36.61617629393057,True
1466436230,36.9,36.9,36.95430014833834,False
1466436280,37.0,37.0,36.6646132254514,False
1466436332,37.0,36.7405130798677,36.7405130798677,True
1466436333,37.0,37.0,36.677386897022494,False
1466436431,37.0,36.6652102120313,36.6652102120313,True
1466436520,37.0,37.0,37.28644444148255,False
1466436572,37.0,37.0,37.20886240552197,False
1466436647,36.8,36.8,37.35065979611643,False
1466436655,36.8,36.8,37.043156538034005,False
1466436727,36.9,36.9,37.410326694837785,False
1466436793,36.7,36.7,36.754474324719034,False
1466436879,36.6,36.69710939265459,36.69710939265459,True
1466436880,36.6,37.26849205795749,37.26849205795749,True
1466436939,36.6,36.6,36.66457496012368,False
1466437015,37.1,37.1,37.4796150901288,False
1466437048,37.1,37.1,36.81797003161211,False
1466437088,37.0,37.0,36.99435159348198,False
1466437105,37.1,37.1,36.76883121849278,False
1466437122,37.1,36.59466455610306,36.59466455610306,True
1466437160,37.1,37.1,36.866729750658685,False
1466437232,37.1,37.1,37.0817523758037,False
1466437321,37.1,37.08689965743462,37.08689965743462,True
1466437335,37.0,37.0,37.27011916513468,False
1466437358,37.2,37.02885415570247,37.02885415570247,True
1466437441,37.2,37.2,36.57464883229239,False
1466437480,36.7,36.61711101045384,36.61711101045384,True
1466437561,37.1,37.1,36.655451577323966,False
1466437653,36.7,36.95541935896129,36.95541935896129,True
1466437709,36.7,36.7,36.92867205551867,False
1466437798,36.7,36.7,37.495235268771495,False
1466437869,36.7,36.7,36.508462019362604,False
1466437952,36.7,36.7,36.85143233871874,False
1466438037,36.8,37.12729930513834,37.12729930513834,True
1466438054,36.8,36.8,37.41015466903194,False
1466438056,36.9,36.764051108329866,36.764051108329866,True
1466438136,36.9,36.9,37.21934398971525,False
1466438234,36.9,37.27507435881368,37.27507435881368,True
1466438261,37.0,37.0,37.088313797976795,False
1466438348,37.0,36.88895815072908,36.88895815072908,True
1466438407,37.0,37.0,37.07783499355219,False
1466438422,37.0,37.18806182622425,37.18806182622425,True
1466438476,37.0,37.0,36.60396343294671,False
1466438571,37.0,37.0,37.23560131402851,False
1466438612,37.0,37.0,36.99065355455106,False
1466438620,36.8,36.909328849004595,36.909328849004595,True
1466438698,36.8,36.8,37.1552932981149,False
1466438747,36.9,36.79182881500083,36.79182881500083,True
1466438795,36.9,37.01124685868456,37.01124685868456,True
1466438810,36.7,36.7,37.293300563287055,False
1466438888,36.7,36.99701033863407,36.99701033863407,True
1466438975,36.7,36.7,37.32552000967232,False
1466439000,36.8,37.49086768737903,37.49086768737903,True
1466439092,36.8,36.98843645282684,36.98843645282684,True
1466439150,36.8,36.8,37.05556790632766,False
1466439229,36.8,36.8,37.143358312097426,False
1466439279,36.6,36.6,36.76137568022811,False
1466439328,36.6,37.225429917779906,37.225429917779906,True
1466439351,36.6,36.6,36.517561412635004,False
1466439447,36.6,36.6,37.09216604422436,False
1466439466,36.6,36.6,37.143051664375996,False
1466439480,37.1,37.1,37.31863547762965,False
1466439560,37.1,37.221287881139006,37.221287881139006,True
1466439600,37.1,37.1084039827903,37.1084039827903,True
1466439645,37.1,36.71626559226223,36.71626559226223,True
1466439729,37.1,37.1,37.08826113661993,False
1466439772,37.1,37.171757361204115,37.171757361204115,True
1466439827,37.1,37.1,37.31106327983821,False
1466439849,36.9,36.9,37.17246668716796,False
1466439910,37.0,37.0,37.18806205000142,False
1466439990,37.0,37.37563327743658,37.37563327743658,True
1466440005,37.0,37.0,36.90357473094733,False
1466440006,37.0,37.0,36.61049370597334,False
1466440045,37.0,37.0,37.38931324488055,False
1466440066,37.0,37.0,36.6258966077896,False
1466440154,36.8,36.8,36.92060927550333,False
1466440214,37.0,37.18468335892373,37.18468335892373,True
1466440226,37.0,37.0,37.464996834898294,False
1466440304,37.0,37.21149309632641,37.21149309632641,True
1466440385,37.0,37.29332348694474,37.29332348694474,True
1466440451,37.1,37.1,37.454564487860104,False
1466440521,37.1,37.081876465656194,37.081876465656194,True
1466440581,37.1,37.1,37.43464941607589,False
1466440674,37.1,37.1,36.82892432822048,False
1466440727,37.1,37.04845294887939,37.04845294887939,True
1466440821,37.1,37.1,37.215224018594334,False
1466440827,37.1,37.1894831275217,37.1894831275217,True
1466440897,37.1,36.72050929629139,36.72050929629139,True
1466440923,37.1,36.549995086665675,36.549995086665675,True
1466441012,37.1,37.1,36.524404846995715,False
1466441049,36.7,36.62873190052223,36.62873190052223,True
1466441147,36.7,36.7,36.52881037783034,False
1466441213,36.7,36.7,37.44269261524453,False
1466441311,36.8,36.8,37.21634538845965,False
1466441318,36.8,36.8,36.805642533538226,False
1466441418,36.8,37.30884201580329,37.30884201580329,True
1466441510,36.8,37.0546926999039,37.0546926999039,True
1466441541,36.8,37.101977264216515,37.101977264216515,True
1466441579,36.8,36.8,36.885618699915106,False
1466441630,36.8,36.8,36.64391417226117,False
1466441714,36.8,36.91696023282057,36.91696023282057,True
1466441724,36.8,36.8,37.33533823667719,False
1466441741,36.8,37.44356027164503,37.44356027164503,True
1466441822,36.7,36.7,36.50718252264417,False
1466441883,37.0,37.0,36.94698848597644,False
1466441934,36.7,37.24350528915639,37.24350528915639,True
1466441947,36.8,37.40060774460617,37.40060774460617,True
1466442046,36.8,36.8,36.993037219285625,False
1466442137,36.8,36.8,36.94860075323263,False
1466442175,36.8,37.19982250544604,37.19982250544604,True
1466442216,36.8,36.516247750110516,36.516247750110516,True
1466442284,36.8,36.8,37.18634559151832,False
1466442332,36.8,36.8,36.53728270531054,False
1466442358,36.8,36.8,37.35683480664392,False
1466442362,36.8,36.57082231473818,36.57082231473818,True
1466442439,36.8,36.53197503470695,36.53197503470695,True
1466442490,36.6,36.58190153893673,36.58190153893673,True
1466442498,36.6,36.6,37.06507098672386,False
1466442508,36.6,36.6,37.12052905579661,False
1466442518,36.6,36.72837581669748,36.72837581669748,True
1466442556,36.6,36.6,37.283591663349966,False
1466442656,36.6,36.6,36.56433503834503,False
1466442662,36.6,36.6,36.7065357315865,False
1466442703,36.6,36.6,36.81556088948379,False
1466442768,36.9,37.20028085496061,37.20028085496061,True
1466442788,36.7,36.7,36.99286315764364,False
1466442886,36.7,37.415475120708784,37.415475120708784,True
1466442980,36.7,36.7,37.37351343603017,False
1466443000,36.7,36.85235458243733,36.85235458243733,True
1466443029,36.7,36.7,36.537457823870014,False
1466443038,36.7,36.7,37.4781996974972,False
1466443089,36.7,36.959209319991864,36.959209319991864,True
1466443162,36.7,37.223812741916575,37.223812741916575,True
1466443201,36.7,37.07380073784774,37.07380073784774,True
1466443219,36.7,36.58401523611219,36.58401523611219,True
1466443263,36.7,37.19385300227166,37.19385300227166,True
1466443350,36.8,36.92283698713726,36.92283698713726,True
1466443373,36.8,36.73704444714803,36.73704444714803,True
1466443392,36.9,36.9,37.190050453616955,False
1466443402,36.7,36.7,37.07735427635249,False
1466443486,36.7,36.7,36.820317614110444,False
1466443511,36.7,36.7,37.45456873908678,False
1466443584,36.7,36.78988790238844,36.78988790238844,True
1466443677,36.7,36.7,36.72641200110245,False
1466443725,36.7,37.091459412354126,37.091459412354126,True
1466443727,36.7,36.7,36.619002377042214,False
1466443750,36.7,36.7,37.35135599014355,False
1466443761,36.7,36.93974061041304,36.93974061041304,True
1466443808,36.8,36.88437909812164,36.88437909812164,True
1466443861,36.8,36.51324792922522,36.51324792922522,True
1466443929,36.7,36.7,37.34032415136431,False
1466443986,36.7,36.7,37.2759047880054,False
1466444043,36.7,36.96423057853204,36.96423057853204,True
1466444110,36.8,36.8,37.006372636780085,False
1466444192,36.8,36.8,36.685564340459095,False
1466444287,36.8,36.8,36.63045478510325,False
1466444294,36.9,37.44002553659923,37.44002553659923,True
1466444366,36.7,37.09167696861307,37.09167696861307,True
1466444466,36.8,36.8,36.93180368359968,False
1466444505,36.9,37.488407563195196,37.488407563195196,True
1466444556,36.9,36.57282221655878,36.57282221655878,True
1466444624,36.9,37.34504740991909,37.34504740991909,True
1466444663,36.9,36.9,37.35173221513864,False
1466444685,36.9,36.9,37.027044735485894,False
1466444756,36.9,36.50241982898389,36.50241982898389,True
1466444781,36.9,36.73700760975585,36.73700760975585,True
1466444840,36.6,36.92228576181871,36.92228576181871,True
1466444854,36.8,36.8,36.5903544025732,False
1466444860,36.8,36.8,36.91693525486484,False
1466444959,36.8,36.8,36.84867742453123,False
1466445058,36.8,37.06516571071182,37.06516571071182,True
1466445107,36.8,36.8,36.88540916677458,False
1466445165,36.8,37.113653081828396,37.113653081828396,True
1466445170,36.8,37.4388797504364,37.4388797504364,True
1466445173,36.9,36.9,36.8195113734665,False
1466445247,36.9,36.87029039939469,36.87029039939469,True
1466445305,36.9,36.638388157411114,36.638388157411114,True
1466445333,36.9,37.46232952751965,37.46232952751965,True
1466445356,36.9,36.9,36.501323135442384,False
1466445430,37.0,37.0,37.30730750167218,False
1466445491,37.0,37.15149657481266,37.15149657481266,True
1466445497,37.0,37.03917097808142,37.03917097808142,True
1466445514,37.0,37.0,37.04957396937062,False
1466445549,37.0,37.0,37.0279307176654,False
1466445640,37.0,36.82701011141478,36.82701011141478,True
1466445648,37.0,36.9687369912283,36.9687369912283,True
1466445739,37.0,37.0,37.26112904662696,False
1466445814,37.0,36.93140923118245,36.93140923118245,True
1466445879,36.8,36.8,37.28309742714605,False
1466445909,37.2,37.2,37.09818822578444,False
1466445965,37.2,36.78310507716427,36.78310507716427,True
1466446021,37.2,37.291842367862344,37.291842367862344,True
1466446045,37.2,37.017640169678444,37.017640169678444,True
1466446071,37.0,37.38674680287488,37.38674680287488,True
1466446120,37.0,37.0,36.51724012034941,False
1466446168,37.0,37.0,37.294379313936865,False
1466446253,37.0,37.17019854371967,37.17019854371967,True
1466446302,37.0,36.939551528298324,36.939551528298324,True
1466446389,37.0,36.51111912256828,36.51111912256828,True
1466446404,37.2,37.2,36.75485260241623,False
1466446494,37.2,37.2,36.964093481603854,False
1466446594,37.2,37.16246636640546,37.16246636640546,True
1466446643,37.2,37.2,36.973273703642086,False
1466446669,37.2,37.2,37.19031328582765,False
1466446690,37.2,37.31161916350976,37.31161916350976,True
1466446735,37.2,37.09543795852198,37.09543795852198,True
1466446766,37.2,37.24254278376584,37.24254278376584,True
1466446852,37.2,37.2,37.21245140729685,False
1466446902,37.2,37.2,37.470134441699884,False
1466446945,37.2,37.2,36.90498315658782,False
1466446987,37.2,37.2,37.41637580809284,False
1466447036,37.2,37.1539657896915,37.1539657896915,True
1466447112,37.2,37.2,37.42795700207972,False
1466447129,37.2,37.39436406835688,37.39436406835688,True
1466447189,37.2,37.03123599328214,37.03123599328214,True
1466447224,37.2,37.2,37.31589390541226,False
1466447270,37.1,37.1,37.06542932556953,False
1466447272,37.0,37.0,36.78088510965611,False
1466447348,37.0,37.0,36.86664526294286,False
1466447359,37.1,37.39998894489544,37.39998894489544,True
1466447388,37.1,36.61812637759681,36.61812637759681,True
1466447390,36.9,37.31489482254895,37.31489482254895,True
1466447425,36.9,36.9,37.15092174929901,False
1466447463,37.1,37.1,36.93500442437391,False
1466447485,37.1,37.1,36.91035256347129,False
1466447545,36.9,37.04598754816922,37.04598754816922,True
1466447553,37.1,37.1,36.61420443336983,False
1466447554,37.1,36.922703237241244,36.922703237241244,True
1466447573,37.1,37.1,37.481609246279355,False
1466447634,37.1,36.862780386663246,36.862780386663246,True
1466447695,37.0,37.0,36.52478315429824,False
1466447762,37.0,37.0,37.02656517209871,False
1466447844,37.2,36.87177889681267,36.87177889681267,True
1466447885,37.1,37.1,37.06422543620389,False
1466447943,37.1,36.50030231673576,36.50030231673576,True
1466447956,37.1,37.1,36.85578828305268,False
1466448041,37.1,37.17981429927242,37.17981429927242,True
1466448140,37.1,36.95372338820483,36.95372338820483,True
1466448215,37.1,37.1,37.29783156789736,False
1466448270,37.1,37.35214181303125,37.35214181303125,True
1466448302,37.1,37.1,36.993037099942924,False
1466448368,37.1,37.08407157750662,37.08407157750662,True
1466448422,36.9,37.15325486089162,37.15325486089162,True
1466448517,37.1,36.781307509178205,36.781307509178205,True
1466448614,37.1,36.98616120739578,36.98616120739578,True
1466448701,37.1,37.225635069956276,37.225635069956276,True
1466448743,37.1,37.1,37.194780140241285,False
1466448805,37.1,37.1,37.25518379299805,False
1466448844,37.1,36.86586325497965,36.86586325497965,True
1466448896,37.1,37.1,36.50643691609693,False
1466448984,37.2,37.2,36.541748733655474,False
1466449031,37.2,37.2,37.47383515873693,False
1466449045,37.3,37.38719433013295,37.38719433013295,True
1466449099,37.4,36.76355302891513,36.76355302891513,True
1466449171,37.4,36.6237864912861,36.6237864912861,True
1466449261,37.4,37.4,37.26107027304949,False
1466449280,37.1,37.1,36.90218355622451,False
1466449359,37.1,37.221259308739086,37.221259308739086,True
1466449442,37.3,37.3,37.328482046443945,False
1466449496,37.3,37.2698877055098,37.2698877055098,True
1466449537,37.3,37.38134613879881,37.38134613879881,True
1466449555,37.3,36.79934448656235,36.79934448656235,True
1466449629,37.3,37.3,36.82742975727175,False
1466449635,37.3,37.3,37.0414724713464,False
1466449721,37.1,36.70339434728394,36.70339434728394,True
1466449772,37.1,36.966069174999895,36.966069174999895,True
1466449872,37.1,37.19346625819304,37.19346625819304,True
1466449873,37.1,37.1,36.53474979907335,False
1466449884,37.1,36.94797302467864,36.94797302467864,True
1466449937,37.1,37.1,37.14484072518924,False
1466449953,37.1,37.1,37.49078332838836,False
1466449959,37.1,37.12727526428035,37.12727526428035,True
1466449961,37.0,37.0,36.7787972091068,False
1466450018,37.0,37.0,36.81429722660776,False
1466450075,37.4,37.4,36.87351257137357,False
1466450150,37.2,37.2,36.80857594113714,False
1466450177,37.2,37.03930281018558,37.03930281018558,True
1466450255,37.2,37.2,36.9423222277504,False
1466450343,37.1,37.1,37.19830030869339,False
1466450348,37.1,36.650497306655915,36.650497306655915,True
1466450401,37.3,37.064993814046815,37.064993814046815,True
1466450433,37.1,36.50250405651762,36.50250405651762,True
1466450507,37.1,37.1,37.27656583051852,False
1466450536,37.1,37.1,36.7887591696212,False
1466450627,37.1,37.1,37.087732107689064,False
1466450723,37.1,37.23957760473168,37.23957760473168,True
1466450817,37.0,37.328597203445675,37.328597203445675,True
1466450900,36.9,36.9,37.037118604611244,False
1466450902,36.9,37.18296340062887,37.18296340062887,True
1466450971,37.2,37.2,36.84140122870621,False
1466451016,37.2,37.2,36.589114329957326,False
1466451023,37.2,37.2,36.51582839304881,False
1466451073,37.0,36.5947203824696,36.5947203824696,True
1466451166,37.2,37.2,37.43880900872723,False
1466451231,37.0,37.475233944352205,37.475233944352205,True
1466451245,37.2,37.2,36.67010513973551,False
1466451293,37.2,37.082907417484016,37.082907417484016,True
1466451295,37.3,37.3,37.03844184156409,False
1466451378,37.3,36.59338551160428,36.59338551160428,True
1466451445,37.3,37.3,37.1370936729237,False
1466451508,37.3,37.3,36.50083175675805,False
1466451599,37.3,37.3,36.7213044199796,False
1466451686,37.3,37.3,36.98395098435202,False
1466451761,37.3,36.97657352983544,36.97657352983544,True
1466451857,37.2,37.08541051187543,37.08541051187543,True
1466451909,37.2,37.2,37.29828386643665,False
1466451919,37.2,36.635712624328036,36.635712624328036,True
1466452006,37.2,36.73538249536758,36.73538249536758,True
1466452035,37.3,36.598661701224486,36.598661701224486,True
1466452039,37.3,37.3,37.38238648678992,False
1466452104,37.0,36.8368069218224,36.8368069218224,True
1466452167,37.0,37.0,36.72007695891643,False
1466452238,37.2,37.35438974145519,37.35438974145519,True
1466452313,37.2,36.96968475014402,36.96968475014402,True
1466452339,37.2,37.2,36.56763479227007,False
1466452419,37.2,37.485479419420834,37.485479419420834,True
1466452424,37.2,37.2,36.849082744773476,False
1466452435,37.2,37.2,37.463406004704275,False
1466452531,37.3,37.398719283181066,37.398719283181066,True
1466452584,37.1,37.1,37.1263456676761,False
1466452625,37.1,37.036890539934504,37.036890539934504,True
1466452676,37.1,37.1,36.81497994663734,False
1466452752,37.1,37.1,37.094751155438686,False
1466452796,37.3,36.57866752291042,36.57866752291042,True
1466452825,37.3,37.3,37.151265757167046,False
1466452860,37.3,37.20308477525656,37.20308477525656,True
1466452960,37.3,36.73023587469147,36.73023587469147,True
1466452979,37.3,37.3,37.471651340008265,False
1466453002,37.2,37.2,37.35580725619615,False
1466453016,37.2,37.2,37.38967065837385,False
1466453025,37.2,37.04666804920424,37.04666804920424,True
1466453089,37.2,37.1652433222067,37.1652433222067,True
1466453141,37.2,37.2,36.67241255121695,False
1466453154,37.2,36.98136021219073,36.98136021219073,True
1466453184,37.2,37.2,37.24017956847829,False
1466453202,37.2,37.2,36.507201856682656,False
1466453203,37.2,37.2,36.59655375157804,False
1466453222,37.2,36.92130171771224,36.92130171771224,True
1466453321,37.4,37.4,37.11427264712536,False
1466453379,37.4,37.2228095645437,37.2228095645437,True
1466453392,37.4,37.4,36.57764471422491,False
1466453422,37.1,37.46412067698405,37.46412067698405,True
1466453502,37.3,37.3,37.491466351411084,False
1466453518,37.3,36.934420919512746,36.934420919512746,True
1466453563,37.3,37.3,36.59217386770156,False
1466453604,37.3,37.3,37.20076017575835,False
1466453639,37.3,37.3,37.33916950995537,False
1466453705,37.3,37.25050645454649,37.25050645454649,True
1466453795,37.3,37.3,36.642547775278864,False
1466453816,37.3,37.3,37.28933492778931,False
1466453870,37.3,37.3,37.22471204911113,False
1466453910,37.3,36.72854288851343,36.72854288851343,True
1466454002,37.4,37.4,37.10334040969054,False
1466454051,37.4,37.4,36.737275520358814,False
1466454087,37.4,37.495350548679895,37.495350548679895,True
1466454129,37.4,37.4,36.69128015924505,False
1466454227,37.4,37.2472618628819,37.2472618628819,True
1466454259,37.1,36.76366853544481,36.76366853544481,True
1466454262,37.1,36.50170901540109,36.50170901540109,True
1466454298,37.1,37.1,36.869977411544795,False
1466454388,37.4,37.31334913293295,37.31334913293295,True
1466454399,37.4,37.4,36.92220943326968,False
1466454473,37.4,37.4,36.587113625488435,False
1466454529,37.3,37.3,37.09460085384867,False
1466454559,37.1,37.1,37.09756194428041,False
1466454648,37.1,37.24884325029089,37.24884325029089,True
1466454745,37.1,37.1,36.67648490948378,False
1466454763,37.1,37.1,37.32688515111855,False
1466454851,37.1,36.78894766490808,36.78894766490808,True
1466454936,37.1,37.1,37.31057806279031,False
1466454949,37.1,37.1,37.0437622008235,False
1466455032,37.1,36.835211247477154,36.835211247477154,True
1466455065,37.1,37.1,36.59146996224801,False
1466455119,37.2,37.2,37.209281624976974,False
1466455172,37.2,36.95640224098232,36.95640224098232,True
1466455196,37.1,37.1,36.77275386490873,False
1466455271,37.1,37.1,36.78688755078597,False
1466455357,37.1,36.588544344635665,36.588544344635665,True
1466455361,37.1,37.1,36.91763961197146,False
1466455394,37.1,37.318166299041984,37.318166299041984,True
1466455475,37.1,37.12521530415465,37.12521530415465,True
1466455497,37.8,37.8,36.555700310359484,False
1466455561,37.8,36.67966400200619,36.67966400200619,True
1466455575,37.8,37.8,37.24402051719779,False
1466455587,37.8,36.616227823500495,36.616227823500495,True
1466455651,37.6,36.664458034497116,36.664458034497116,True
1466455658,37.6,36.669307460374505,36.669307460374505,True
1466455732,37.9,36.77613065345328,36.77613065345328,True
1466455812,37.9,37.9,36.682264502083186,False
1466455910,37.9,36.69422495826672,36.69422495826672,True
1466455951,37.9,37.9,37.29501208388843,False
1466455999,37.9,36.53236212356301,36.53236212356301,True
1466456054,37.7,36.70204866447585,36.70204866447585,True
1466456058,37.7,37.7,37.04129399426539,False
1466456074,37.7,37.227123491969465,37.227123491969465,True
1466456088,37.6,37.6,37.06971459738963,False
1466456118,37.6,37.6,37.39000770975262,False
1466456218,37.6,36.659409309359674,36.659409309359674,True
1466456265,37.6,37.6,36.87221640371992,False
1466456270,37.6,37.265938195029484,37.265938195029484,True
1466456312,37.6,36.80720934889332,36.80720934889332,True
1466456346,37.5,37.02364657986678,37.02364657986678,True
1466456374,37.5,37.5,36.58357548306359,False
1466456406,37.9,37.9,37.11565409086107,False
1466456482,37.9,37.38565861437376,37.38565861437376,True
1466456512,37.9,37.24174471235429,37.24174471235429,True
1466456610,37.3,36.76621527544739,36.76621527544739,True
1466456683,37.6,37.146931840884655,37.146931840884655,True
1466456768,37.6,36.73464368899006,36.73464368899006,True
1466456856,37.6,37.6,36.90203704367697,False
1466456927,37.6,37.6,36.59191043107779,False
1466457014,37.6,36.74614136500068,36.74614136500068,True
1466457032,37.6,37.34651465265099,37.34651465265099,True
1466457067,37.6,36.52467492975619,36.52467492975619,True
1466457157,37.6,37.07897258197216,37.07897258197216,True
1466457215,37.9,37.9,37.46369599536513,False
1466457267,37.8,37.8,36.75991582112743,False
1466457357,37.8,37.8,36.56039562773088,False
1466457434,37.8,37.8,36.624624765145576,False
1466457487,37.8,37.17182791505297,37.17182791505297,True
1466457559,37.8,36.71191948387904,36.71191948387904,True
1466457603,37.2,36.659976882843054,36.659976882843054,True
1466457671,37.2,36.625901734465465,36.625901734465465,True
1466457713,37.1,37.1,37.47845346179976,False
1466457745,37.1,37.287114889257595,37.287114889257595,True
1466457782,37.9,37.9,36.8866135404828,False
1466457802,37.9,37.9,36.77297909225783,False
1466457817,37.8,37.18940451552468,37.18940451552468,True
1466457865,37.8,37.33297298766965,37.33297298766965,True
1466457884,37.8,37.8,37.04817476215958,False
1466457885,37.8,37.43619214291623,37.43619214291623,True
1466457917,37.8,37.8,36.831277806345184,False
1466457973,37.8,37.23510510508211,37.23510510508211,True
1466458045,37.8,37.41621525203249,37.41621525203249,True
1466458135,37.2,37.1770178808209,37.1770178808209,True
1466458151,37.3,36.546129276573865,36.546129276573865,True
1466458230,37.3,37.49648846232163,37.49648846232163,True
1466458324,37.3,37.3,36.67781255906945,False
1466458362,37.4,37.4,37.08986883186054,False
1466458438,37.4,37.4,37.02166629484365,False
1466458454,37.1,37.1173855024222,37.1173855024222,True
1466458496,37.3,37.17627230486922,37.17627230486922,True
1466458509,37.3,37.3,36.62277324868811,False
1466458580,37.3,37.3,37.39553984195255,False
1466458590,37.2,37.2,36.55022983583179,False
1466458626,37.2,36.58451114879231,36.58451114879231,True
1466458642,37.2,36.905282958762186,36.905282958762186,True
1466458665,37.3,37.07857465169678,37.07857465169678,True
1466458694,37.3,37.3,36.94650053982481,False
1466458762,37.3,37.3,36.63389656491832,False
1466458793,37.4,37.045467443313534,37.045467443313534,True
1466458824,37.2,37.2,37.36478135029528,False
1466458906,37.2,37.2,36.69433436325485,False
1466458982,37.1,37.1,36.83837429596917,False
1466459068,37.1,37.229242811369815,37.229242811369815,True
1466459159,37.1,37.1,36.92257783928697,False
1466459184,37.2,37.2,37.24630448158357,False
1466459273,37.2,36.55603713258885,36.55603713258885,True
1466459372,37.2,37.2,36.99681789073772,False
1466459415,37.2,37.2,36.86001467051374,False
1466459483,37.0,37.1271363406159,37.1271363406159,True
1466459504,37.2,37.2,37.27879765808906,False
1466459588,37.2,37.2,37.48832237874094,False
1466459595,36.9,36.991299982758434,36.991299982758434,True
1466459673,36.9,37.45381501840955,37.45381501840955,True
1466459726,36.9,36.9,37.16194173635044,False
1466459800,37.0,37.0,36.589362130804176,False
1466459857,37.0,37.0,37.30241812452699,False
1466459887,37.0,36.57575613088543,36.57575613088543,True
1466459913,37.0,37.0,36.77313756156684,False
1466459974,37.0,37.38763863646225,37.38763863646225,True
1466459995,36.9,36.69188121349268,36.69188121349268,True
1466460001,36.9,36.9,37.383702960426604,False
1466460054,36.9,37.00562037745877,37.00562037745877,True
1466460130,37.0,37.30163851007717,37.30163851007717,True
1466460215,37.0,37.0,36.94923885764278,False
1466460252,37.0,37.0,36.798647229636614,False
1466460272,37.0,37.31638907581125,37.31638907581125,True
1466460346,37.0,37.0,37.291540306961565,False
1466460440,36.9,36.9,37.038895270447135,False
1466460461,36.9,36.60295203847612,36.60295203847612,True
1466460528,36.9,36.9,37.14757983958235,False
1466460610,36.9,36.86025814507196,36.86025814507196,True
1466460630,36.9,37.16008153606423,37.16008153606423,True
1466460691,36.9,37.017163401790654,37.017163401790654,True
1466460706,37.2,37.2,36.850789586471144,False
1466460739,37.2,37.2,37.25462984856872,False
1466460765,37.0,37.0,36.91920865580975,False
1466460795,37.0,37.0,36.979146255223974,False
1466460877,37.0,37.0,36.54654070666637,False
1466460973,37.0,36.847977867523134,36.847977867523134,True
1466461009,37.0,37.45619821878753,37.45619821878753,True
1466461027,37.2,37.2,36.51093372740235,False
1466461032,37.2,37.34634287305579,37.34634287305579,True
1466461096,37.2,36.66695180214235,36.66695180214235,True
1466461169,37.0,37.0,37.48790143970124,False
1466461256,37.4,37.4,37.11278036463014,False
1466461351,37.2,37.2,37.32476200706448,False
1466461451,37.4,37.4,36.917582222378414,False
1466461531,37.3,37.15409756998715,37.15409756998715,True
1466461568,37.2,37.2,36.87663931017426,False
1466461583,37.2,37.15361463700391,37.15361463700391,True
1466461647,37.2,37.2,36.80019845376759,False
1466461703,37.2,37.2,37.41091832048236,False
1466461794,37.2,36.700630452929516,36.700630452929516,True
1466461813,37.1,37.1,36.72675685160131,False
1466461910,37.1,37.11652580650007,37.11652580650007,True
1466461988,37.1,36.842554573055445,36.842554573055445,True
1466462056,37.3,37.3,37.060282733767494,False
1466462101,37.3,36.97143017133296,36.97143017133296,True
1466462155,37.3,37.3,37.45301978438058,False
1466462215,37.3,36.7947266314209,36.7947266314209,True
1466462278,37.3,37.3,36.649281615899675,False
1466462368,37.3,36.989769175499276,36.989769175499276,True
1466462412,37.2,37.2,36.689009623571486,False
1466462512,37.2,37.2,36.7730144037136,False
1466462594,37.3,37.3,36.56355117443715,False
1466462671,37.3,37.3,36.77622059233984,False
1466462716,37.4,36.810263344342744,36.810263344342744,True
1466462746,37.4,37.4,36.514141221939404,False
1466462782,37.4,36.68726216679676,36.68726216679676,True
1466462820,37.4,37.4,36.866114432579494,False
1466462833,37.2,36.941890973513935,36.941890973513935,True
1466462842,37.2,37.2,37.20116827908899,False
1466462850,37.8,36.84212987049883,36.84212987049883,True
1466462941,37.8,37.22227312662241,37.22227312662241,True
1466463026,37.8,36.8405107271713,36.8405107271713,True
1466463117,37.8,37.8,37.19105063757337,False
1466463139,37.8,36.77737691016648,36.77737691016648,True
