1466410104,7.39,7.388144756233763,7.388144756233763,True
1466410114,7.39,7.3591896116687545,7.3591896116687545,True
1466410130,7.39,7.39,7.4018551254678355,False
1466410181,7.36,7.419459773892407,7.419459773892407,True
1466410203,7.36,7.361738857729193,7.361738857729193,True
1466410250,7.44,7.44,7.40262918972701,False
1466410309,7.44,7.353674302881148,7.353674302881148,True
1466410397,7.41,7.41,7.4200850768199205,False
1466410430,7.41,7.41,7.4309321985718935,False
1466410469,7.41,7.41,7.35714421688188,False
1466410483,7.44,7.44,7.368453448173253,False
1466410498,7.44,7.386750553222114,7.386750553222114,True
1466410502,7.44,7.389421530978657,7.389421530978657,True
1466410532,7.44,7.418707840512649,7.418707840512649,True
1466410541,7.44,7.406673275517123,7.406673275517123,True
1466410573,7.44,7.355198461445131,7.355198461445131,True
1466410630,7.44,7.44,7.354689306258519,False
1466410653,7.44,7.418448178968929,7.418448178968929,True
1466410746,7.44,7.35771042475761,7.35771042475761,True
1466410814,7.44,7.3619169321368885,7.3619169321368885,True
1466410890,7.44,7.403665070142224,7.403665070142224,True
1466410902,7.37,7.424200186747986,7.424200186747986,True
1466410978,7.42,7.42,7.42828482825925,False
1466411008,7.38,7.35524253174523,7.35524253174523,True
1466411066,7.44,7.44,7.358924924275309,False
1466411094,7.4,7.4,7.419681596704786,False
1466411157,7.4,7.352552789774095,7.352552789774095,True
1466411223,7.4,7.4,7.446110060998449,False
1466411226,7.4,7.364447639699968,7.364447639699968,True
1466411272,7.4,7.4,7.394639435739572,False
1466411303,7.4,7.4,7.361264237987207,False
1466411318,7.44,7.44,7.41548717836279,False
1466411396,7.44,7.391028927794605,7.391028927794605,True
1466411493,7.37,7.37,7.448551000904223,False
1466411549,7.37,7.37,7.371551208812577,False
1466411560,7.37,7.37,7.425711457039376,False
1466411626,7.37,7.37,7.434503553854822,False
1466411723,7.44,7.44,7.415223496711114,False
1466411763,7.41,7.380306211728458,7.380306211728458,True
1466411785,7.39,7.417052750492583,7.417052750492583,True
1466411854,7.39,7.386181657553719,7.386181657553719,True
1466411889,7.39,7.380186896346064,7.380186896346064,True
1466411988,7.39,7.435358179309966,7.435358179309966,True
1466412022,7.36,7.3542826893091595,7.3542826893091595,True
1466412046,7.39,7.367964906299149,7.367964906299149,True
1466412076,7.39,7.447526457469148,7.447526457469148,True
1466412152,7.39,7.423648651434975,7.423648651434975,True
1466412181,7.39,7.400036471312408,7.400036471312408,True
1466412201,7.39,7.430680245077071,7.430680245077071,True
1466412260,7.44,7.44,7.400046385044134,False
1466412347,7.44,7.44,7.411844913505299,False
1466412360,7.38,7.38,7.354432824476206,False
1466412438,7.38,7.389110272118174,7.389110272118174,True
1466412521,7.38,7.38,7.389097156065722,False
1466412599,7.38,7.38,7.412977812281447,False
1466412639,7.38,7.38,7.446704789128014,False
1466412691,7.38,7.439149080430161,7.439149080430161,True
1466412747,7.38,7.402170992354496,7.402170992354496,True
1466412794,7.38,7.444917622780261,7.444917622780261,True
1466412819,7.36,7.36,7.350644263309213,False
1466412832,7.36,7.36,7.3612658342979955,False
1466412874,7.36,7.36,7.352123429166431,False
1466412943,7.41,7.38312311282721,7.38312311282721,True
1466412971,7.41,7.390284519296108,7.390284519296108,True
1466412990,7.36,7.382628442804844,7.382628442804844,True
1466413028,7.36,7.415908565087791,7.415908565087791,True
1466413053,7.36,7.387455294772293,7.387455294772293,True
1466413125,7.36,7.371382406406745,7.371382406406745,True
1466413200,7.36,7.365783292140705,7.365783292140705,True
1466413264,7.36,7.36,7.432367208694034,False
1466413311,7.36,7.350931791733568,7.350931791733568,True
1466413342,7.36,7.389866245141298,7.389866245141298,True
1466413440,7.36,7.360157290425341,7.360157290425341,True
1466413458,7.36,7.36,7.389846586997714,False
1466413529,7.36,7.36,7.378699947980476,False
1466413542,7.36,7.36,7.369633751467,False
1466413638,7.35,7.35,7.431569282687663,False
1466413672,7.35,7.3548705850252665,7.3548705850252665,True
1466413733,7.39,7.360105751962206,7.360105751962206,True
1466413779,7.38,7.404234303608059,7.404234303608059,True
1466413780,7.38,7.38,7.431617934445487,False
1466413864,7.35,7.35,7.360955526810369,False
1466413885,7.44,7.440292028015503,7.440292028015503,True
1466413946,7.41,7.420253891309857,7.420253891309857,True
1466414033,7.41,7.41,7.4318757787691005,False
1466414071,7.41,7.41,7.444086696270561,False
1466414164,7.43,7.43,7.444607195585857,False
1466414225,7.43,7.437219305255904,7.437219305255904,True
1466414312,7.4,7.4,7.3764334086399055,False
1466414325,7.4,7.442324884921762,7.442324884921762,True
1466414328,7.4,7.4,7.397359805596667,False
1466414329,7.4,7.396075620832201,7.396075620832201,True
1466414402,7.41,7.4020212352585295,7.4020212352585295,True
1466414407,7.41,7.391192956909388,7.391192956909388,True
1466414413,7.41,7.363162141885805,7.363162141885805,True
1466414460,7.42,7.42,7.404856494988286,False
1466414552,7.42,7.375541596586399,7.375541596586399,True
1466414602,7.42,7.42,7.366644635363504,False
1466414662,7.42,7.412028239305245,7.412028239305245,True
1466414746,7.42,7.42,7.421998670350144,False
1466414844,7.42,7.445655496975731,7.445655496975731,True
1466414943,7.42,7.353760466420186,7.353760466420186,True
1466414946,7.42,7.42,7.419277001183228,False
1466414966,7.35,7.407725706043239,7.407725706043239,True
1466415038,7.35,7.385705058167935,7.385705058167935,True
1466415106,7.44,7.4124074890681,7.4124074890681,True
1466415130,7.44,7.44,7.445737091078648,False
1466415145,7.35,7.449128044410987,7.449128044410987,True
1466415202,7.42,7.446428272832475,7.446428272832475,True
1466415239,7.4,7.4,7.4122095011778,False
1466415249,7.4,7.403810056086126,7.403810056086126,True
1466415308,7.44,7.44,7.400714462691194,False
1466415357,7.43,7.43,7.386947139465644,False
1466415404,7.37,7.37,7.388357813762399,False
1466415469,7.37,7.37,7.434845843487742,False
1466415548,7.45,7.45,7.4191772590302225,False
1466415588,7.45,7.45,7.448911423117149,False
1466415627,7.4,7.405715712705797,7.405715712705797,True
1466415719,7.4,7.43242651535352,7.43242651535352,True
1466415767,7.4,7.417384261381241,7.417384261381241,True
1466415860,7.4,7.4,7.440240513316945,False
1466415872,7.4,7.383655992507196,7.383655992507196,True
1466415914,7.4,7.4,7.3821525846316,False
1466415934,7.4,7.4,7.350051491941241,False
1466415988,7.4,7.4,7.373652822646253,False
1466416004,7.39,7.39,7.382701324098446,False
1466416050,7.39,7.43877865018078,7.43877865018078,True
1466416150,7.37,7.37,7.391654376877291,False
1466416161,7.42,7.35148596632695,7.35148596632695,True
1466416215,7.42,7.371695758108856,7.371695758108856,True
1466416315,7.42,7.42,7.367035644446606,False
1466416321,7.42,7.42,7.419369494011228,False
1466416393,7.42,7.42,7.412784667263218,False
1466416440,7.45,7.45,7.402031661160292,False
1466416510,7.41,7.381408177676807,7.381408177676807,True
1466416541,7.41,7.440065773537208,7.440065773537208,True
1466416631,7.41,7.3959027284089105,7.3959027284089105,True
1466416671,7.41,7.433314773710164,7.433314773710164,True
1466416725,7.41,7.384441645172196,7.384441645172196,True
1466416815,7.41,7.441269302234744,7.441269302234744,True
1466416867,7.41,7.41,7.444751183767912,False
1466416933,7.37,7.37,7.405080781271416,False
1466416963,7.37,7.37,7.418537936946764,False
1466417034,7.37,7.3583828114108325,7.3583828114108325,True
1466417069,7.37,7.37,7.445044740739739,False
1466417095,7.36,7.370212847964758,7.370212847964758,True
1466417123,7.36,7.36,7.428129605994863,False
1466417219,7.37,7.37,7.359369743388197,False
1466417228,7.37,7.37,7.447038126288314,False
1466417235,7.37,7.37,7.427719316813732,False
1466417266,7.37,7.359500449572503,7.359500449572503,True
1466417298,7.37,7.41381792529119,7.41381792529119,True
1466417382,7.37,7.37,7.4441057793318866,False
1466417429,7.37,7.37,7.354493346864408,False
1466417434,7.37,7.3909116590732005,7.3909116590732005,True
1466417513,7.36,7.395763882130551,7.395763882130551,True
1466417598,7.36,7.36,7.4437335066898624,False
1466417615,7.36,7.36,7.354116606878601,False
1466417654,7.36,7.405928671226818,7.405928671226818,True
1466417749,7.36,7.36,7.363198105041533,False
1466417763,7.36,7.36,7.448100774317782,False
1466417822,7.41,7.41,7.4298289677427345,False
1466417851,7.37,7.37,7.357968042377039,False
1466417855,7.37,7.3629078831664385,7.3629078831664385,True
1466417879,7.37,7.37,7.4411078249748135,False
1466417895,7.37,7.37,7.446298087661036,False
1466417969,7.38,7.415266619531414,7.415266619531414,True
1466418049,7.44,7.44,7.3772158584061085,False
1466418118,7.44,7.44,7.445282887314893,False
1466418129,7.43,7.43,7.42415954976127,False
1466418179,7.43,7.43,7.42339544923224,False
1466418254,7.43,7.43,7.4004950253311055,False
1466418332,7.43,7.43,7.414314148412578,False
1466418428,7.43,7.4074593645692515,7.4074593645692515,True
1466418494,7.43,7.449856069589304,7.449856069589304,True
1466418554,7.43,7.4417011051455795,7.4417011051455795,True
1466418563,7.38,7.3539817967251615,7.3539817967251615,True
1466418564,7.38,7.38,7.438560157158039,False
1466418594,7.38,7.38,7.379719058910075,False
1466418674,7.39,7.39,7.372536187813536,False
1466418748,7.39,7.37743550880198,7.37743550880198,True
1466418847,7.39,7.37464837047469,7.37464837047469,True
1466418877,7.39,7.408034859232406,7.408034859232406,True
1466418917,7.39,7.39,7.364443843556997,False
1466418938,7.39,7.414210490516533,7.414210490516533,True
1466419031,7.39,7.387774454863507,7.387774454863507,True
1466419058,7.39,7.39,7.383308776296024,False
1466419104,7.39,7.39,7.38757252086677,False
1466419166,7.39,7.44957022622301,7.44957022622301,True
1466419261,7.39,7.39,7.4284209067443925,False
1466419349,7.44,7.397451889951294,7.397451889951294,True
1466419442,7.44,7.354172277240323,7.354172277240323,True
1466419530,7.41,7.41,7.356917306574241,False
1466419595,7.44,7.44,7.404798878635151,False
1466419646,7.44,7.44,7.442518937548053,False
1466419737,7.36,7.408587387877362,7.408587387877362,True
1466419826,7.36,7.36,7.395349999565056,False
1466419880,7.36,7.36,7.386902736587037,False
1466419911,7.39,7.434166067135658,7.434166067135658,True
1466419938,7.44,7.394941758271481,7.394941758271481,True
1466420016,7.4,7.412855082028105,7.412855082028105,True
1466420019,7.4,7.421211794805697,7.421211794805697,True
1466420108,7.4,7.382243223348609,7.382243223348609,True
1466420205,7.4,7.4,7.430092654132402,False
1466420228,7.41,7.436440570148714,7.436440570148714,True
1466420257,7.41,7.41,7.423910208961575,False
1466420270,7.41,7.41,7.400174432495527,False
1466420296,7.41,7.430056216015557,7.430056216015557,True
1466420331,7.39,7.39,7.422800234739984,False
1466420407,7.39,7.373867804519164,7.373867804519164,True
1466420430,7.42,7.42,7.417544692010206,False
1466420453,7.42,7.42,7.394386039338876,False
1466420474,7.42,7.423279197678975,7.423279197678975,True
1466420566,7.42,7.3809422747195725,7.3809422747195725,True
1466420579,7.4,7.368886972442889,7.368886972442889,True
1466420618,7.4,7.4,7.390681893521307,False
1466420624,7.4,7.4,7.43252723260361,False
1466420643,7.41,7.41,7.411100618234333,False
1466420695,7.41,7.403349130481524,7.403349130481524,True
1466420788,7.39,7.39,7.403676222196261,False
1466420863,7.39,7.426454232341501,7.426454232341501,True
1466420947,7.42,7.42,7.438152001440199,False
1466421003,7.42,7.426149379512131,7.426149379512131,True
1466421032,7.42,7.42,7.357623264059781,False
1466421050,7.42,7.42,7.382694379556215,False
1466421116,7.45,7.45,7.417797478920017,False
1466421208,7.45,7.406492576645846,7.406492576645846,True
1466421234,7.45,7.45,7.448970762975829,False
1466421262,7.39,7.4375360208331385,7.4375360208331385,True
1466421353,7.37,7.432798979609485,7.432798979609485,True
1466421360,7.37,7.357739224108204,7.357739224108204,True
1466421392,7.37,7.40429123717025,7.40429123717025,True
1466421480,7.45,7.45,7.383462980497694,False
1466421530,7.45,7.45,7.449112177136265,False
1466421547,7.36,7.35096751610188,7.35096751610188,True
1466421591,7.36,7.36,7.427401028957102,False
1466421633,7.36,7.36,7.391087290849415,False
1466421636,7.36,7.36,7.434396917986827,False
1466421670,7.36,7.401980512946601,7.401980512946601,True
1466421695,7.36,7.417404853901992,7.417404853901992,True
1466421721,7.36,7.443681933695089,7.443681933695089,True
1466421804,7.36,7.391240592655881,7.391240592655881,True
1466421819,7.43,7.43,7.375048850827489,False
1466421862,7.39,7.350286056727875,7.350286056727875,True
1466421885,7.39,7.395749924831191,7.395749924831191,True
1466421936,7.39,7.448901648121457,7.448901648121457,True
1466422012,7.39,7.39,7.430459201950331,False
1466422044,7.39,7.39,7.390255029461517,False
1466422045,7.39,7.39,7.443726519784266,False
1466422137,7.39,7.355213910136768,7.355213910136768,True
1466422162,7.39,7.37824133847326,7.37824133847326,True
1466422189,7.37,7.437109732799184,7.437109732799184,True
1466422197,7.37,7.414133811720388,7.414133811720388,True
1466422264,7.35,7.377006674439095,7.377006674439095,True
1466422330,7.38,7.357356572789141,7.357356572789141,True
1466422378,7.38,7.38,7.412821941003204,False
1466422432,7.38,7.38,7.39862030628007,False
1466422488,7.36,7.37455605995088,7.37455605995088,True
1466422577,7.36,7.390549692256738,7.390549692256738,True
1466422628,7.44,7.44,7.429195828373551,False
1466422638,7.44,7.44,7.368166725347128,False
1466422666,7.37,7.3978926397248514,7.3978926397248514,True
1466422706,7.37,7.37,7.44579187979641,False
1466422731,7.36,7.428169841752942,7.428169841752942,True
1466422804,7.36,7.36,7.436029874144096,False
1466422866,7.44,7.437061670915249,7.437061670915249,True
1466422873,7.36,7.356456683125875,7.356456683125875,True
1466422895,7.36,7.36,7.392161955657176,False
1466422953,7.36,7.448169396433225,7.448169396433225,True
1466422973,7.36,7.36,7.3903911964400315,False
1466423017,7.36,7.360824290092049,7.360824290092049,True
1466423051,7.36,7.420628389954253,7.420628389954253,True
1466423099,7.39,7.447763427488276,7.447763427488276,True
1466423150,7.39,7.39,7.3777794719468925,False
1466423155,7.39,7.39,7.387238689093529,False
1466423168,7.39,7.428693332348058,7.428693332348058,True
1466423205,7.39,7.39,7.427487157933675,False
1466423275,7.39,7.367995996297971,7.367995996297971,True
1466423287,7.39,7.414244206222543,7.414244206222543,True
1466423336,7.45,7.416373569533181,7.416373569533181,True
1466423340,7.38,7.38,7.3706825646772876,False
1466423355,7.38,7.38,7.439381240226721,False
1466423443,7.38,7.38,7.41011196011225,False
1466423499,7.41,7.369766083696745,7.369766083696745,True
1466423585,7.41,7.41,7.377096202756453,False
1466423612,7.41,7.440205996849542,7.440205996849542,True
1466423669,7.43,7.435351933387876,7.435351933387876,True
1466423705,7.43,7.43,7.426688210793643,False
1466423770,7.43,7.43,7.37965309448011,False
1466423844,7.43,7.4251457644072785,7.4251457644072785,True
1466423902,7.43,7.372507007034752,7.372507007034752,True
1466423913,7.43,7.3883279005765,7.3883279005765,True
1466423972,7.43,7.387500114193444,7.387500114193444,True
1466424014,7.43,7.43,7.375757996823822,False
1466424069,7.41,7.405449201350385,7.405449201350385,True
1466424154,7.41,7.400270137677642,7.400270137677642,True
1466424155,7.4,7.3980864256691765,7.3980864256691765,True
1466424169,7.4,7.4,7.396598853702601,False
1466424262,7.4,7.398376457464033,7.398376457464033,True
1466424339,7.44,7.44,7.357799163648441,False
1466424398,7.43,7.43,7.410883929907678,False
1466424497,7.43,7.4375619953275445,7.4375619953275445,True
1466424558,7.43,7.43,7.448088828415858,False
1466424613,7.43,7.433174465819016,7.433174465819016,True
1466424713,7.43,7.43,7.382827414242363,False
1466424804,7.43,7.388654130438207,7.388654130438207,True
1466424878,7.43,7.372883120958346,7.372883120958346,True
1466424924,7.43,7.425089195791904,7.425089195791904,True
1466425009,7.43,7.43,7.436157780190675,False
1466425106,7.43,7.374472999557275,7.374472999557275,True
1466425129,7.43,7.42517476224037,7.42517476224037,True
1466425179,7.43,7.43,7.364371033388162,False
1466425257,7.43,7.426436281764682,7.426436281764682,True
1466425262,7.43,7.43,7.379171248918009,False
1466425305,7.35,7.35,7.395591631053787,False
1466425331,7.35,7.3887581715006085,7.3887581715006085,True
1466425338,7.43,7.429342943549106,7.429342943549106,True
1466425377,7.36,7.36,7.408089326887932,False
1466425380,7.36,7.36,7.390170148228051,False
1466425417,7.36,7.36,7.404514926636261,False
1466425484,7.36,7.386302980213468,7.386302980213468,True
1466425517,7.36,7.438421483900971,7.438421483900971,True
1466425553,7.36,7.406698271538373,7.406698271538373,True
1466425640,7.36,7.36,7.354949105425151,False
1466425687,7.44,7.44,7.417751610268693,False
1466425711,7.44,7.43114288524351,7.43114288524351,True
1466425768,7.36,7.36,7.383859945585535,False
1466425811,7.39,7.401882116700734,7.401882116700734,True
1466425856,7.39,7.360209331564028,7.360209331564028,True
1466425869,7.39,7.39,7.437426154272703,False
1466425884,7.39,7.39,7.409453000197734,False
1466425962,7.39,7.424868551488105,7.424868551488105,True
1466425974,7.39,7.39,7.381716749543695,False
1466426016,7.39,7.39,7.3704907766743775,False
1466426024,7.39,7.387186199163505,7.387186199163505,True
1466426034,7.39,7.39,7.437882268454728,False
1466426130,7.36,7.36,7.410494280286882,False
1466426189,7.36,7.389798113227761,7.389798113227761,True
1466426198,7.36,7.36,7.391710553558071,False
1466426280,7.36,7.367002877312683,7.367002877312683,True
1466426298,7.36,7.3572057031142215,7.3572057031142215,True
1466426380,7.36,7.36,7.401455641240913,False
1466426420,7.36,7.3596316476983725,7.3596316476983725,True
1466426509,7.36,7.439382617965054,7.439382617965054,True
1466426521,7.4,7.4,7.361933832503754,False
1466426535,7.37,7.409330629742348,7.409330629742348,True
1466426563,7.43,7.43,7.353196640816509,False
1466426620,7.4,7.398140046007511,7.398140046007511,True
1466426694,7.4,7.4,7.3533046889461655,False
1466426764,7.4,7.4,7.427368743772837,False
1466426778,7.43,7.386966101811869,7.386966101811869,True
1466426866,7.41,7.382321958981884,7.382321958981884,True
1466426938,7.41,7.426218598689147,7.426218598689147,True
1466427022,7.41,7.389873864585304,7.389873864585304,True
1466427059,7.43,7.43,7.420569653929573,False
1466427125,7.43,7.433553796158491,7.433553796158491,True
1466427204,7.43,7.387024974745172,7.387024974745172,True
1466427240,7.37,7.37,7.377635751121944,False
1466427317,7.4,7.4,7.441004524044756,False
1466427319,7.4,7.4,7.369035825761562,False
1466427331,7.4,7.447384867507522,7.447384867507522,True
1466427425,7.4,7.380663668217897,7.380663668217897,True
1466427458,7.4,7.4,7.400699312114379,False
1466427495,7.39,7.39,7.404755134508658,False
1466427543,7.39,7.39,7.4001196395575555,False
1466427625,7.39,7.415945379015371,7.415945379015371,True
1466427663,7.39,7.408924391322975,7.408924391322975,True
1466427672,7.44,7.44,7.3707657437400975,False
1466427684,7.44,7.44,7.413842030604382,False
1466427739,7.44,7.44,7.381999450773113,False
1466427769,7.44,7.420378207062503,7.420378207062503,True
1466427775,7.44,7.399391933495442,7.399391933495442,True
1466427820,7.36,7.413162695299435,7.413162695299435,True
1466427837,7.44,7.44,7.392286979940762,False
1466427846,7.42,7.402887941203627,7.402887941203627,True
1466427904,7.4,7.373338447685273,7.373338447685273,True
1466427997,7.36,7.40424367035088,7.40424367035088,True
1466428027,7.36,7.363219836990707,7.363219836990707,True
1466428114,7.41,7.416133958097552,7.416133958097552,True
1466428212,7.41,7.350014316050601,7.350014316050601,True
1466428294,7.37,7.37,7.389686743054053,False
1466428321,7.37,7.37,7.3666497991439615,False
1466428340,7.37,7.37,7.383285723095427,False
1466428378,7.44,7.44,7.384146264872201,False
1466428463,7.44,7.44,7.4000190289531265,False
1466428551,7.44,7.44,7.430256089563159,False
1466428575,7.44,7.392837409725294,7.392837409725294,True
1466428593,7.44,7.44,7.430665877083045,False
1466428682,7.44,7.44,7.374013784679599,False
1466428699,7.44,7.3775459000625006,7.3775459000625006,True
1466428719,7.41,7.41,7.4129491301267505,False
1466428819,7.39,7.434527189707234,7.434527189707234,True
1466428850,7.45,7.45,7.375908267403967,False
1466428884,7.43,7.3654582069304775,7.3654582069304775,True
1466428973,7.39,7.367228796905864,7.367228796905864,True
1466429006,7.39,7.39,7.382010720259585,False
1466429026,7.39,7.39,7.431412526080881,False
1466429066,7.39,7.39,7.368646285020607,False
1466429072,7.35,7.35,7.38479941228899,False
1466429103,7.38,7.444467229156908,7.444467229156908,True
1466429110,7.38,7.415344570384143,7.415344570384143,True
1466429123,7.45,7.395178754865648,7.395178754865648,True
1466429168,7.37,7.37,7.3513564517267875,False
1466429182,7.43,7.449083980846981,7.449083980846981,True
1466429184,7.43,7.377425404218285,7.377425404218285,True
1466429197,7.43,7.363083933298824,7.363083933298824,True
1466429280,7.43,7.40108001432202,7.40108001432202,True
1466429378,7.41,7.432876972555692,7.432876972555692,True
1466429450,7.41,7.395982034245258,7.395982034245258,True
1466429455,7.41,7.41,7.394136576654395,False
1466429510,7.41,7.438741117939858,7.438741117939858,True
1466429565,7.37,7.358880870001495,7.358880870001495,True
1466429566,7.44,7.44,7.402006604434276,False
1466429592,7.42,7.42,7.396956806035557,False
1466429623,7.45,7.381665099777466,7.381665099777466,True
1466429691,7.37,7.428394041661351,7.428394041661351,True
1466429733,7.43,7.43,7.359967133458711,False
1466429803,7.43,7.43,7.436526998572134,False
1466429832,7.43,7.436729303152792,7.436729303152792,True
1466429905,7.43,7.43,7.390821778163557,False
1466429997,7.43,7.397123921096253,7.397123921096253,True
1466430050,7.43,7.413976463352565,7.413976463352565,True
1466430088,7.43,7.43,7.446206096695861,False
1466430174,7.43,7.43,7.403601847505653,False
1466430247,7.44,7.447664846656614,7.447664846656614,True
1466430344,7.44,7.449704372433477,7.449704372433477,True
1466430375,7.41,7.400539535109524,7.400539535109524,True
1466430400,7.4,7.4,7.390709038189956,False
1466430457,7.4,7.371807159428465,7.371807159428465,True
1466430483,7.4,7.4,7.379870144978882,False
1466430517,7.37,7.3690250267769475,7.3690250267769475,True
1466430524,7.38,7.439879880800999,7.439879880800999,True
1466430592,7.38,7.38,7.426735944835694,False
1466430616,7.38,7.38,7.365254681733033,False
1466430631,7.38,7.38,7.400574406877799,False
1466430680,7.44,7.44,7.355530295769225,False
1466430734,7.4,7.4,7.381297026644163,False
1466430790,7.4,7.4,7.435646093122427,False
1466430815,7.43,7.37948568424476,7.37948568424476,True
1466430895,7.43,7.351586561028312,7.351586561028312,True
1466430916,7.43,7.43,7.395796362181551,False
1466430929,7.43,7.43,7.37424102950234,False
1466430936,7.43,7.43,7.370547183086457,False
1466431009,7.43,7.447184279902454,7.447184279902454,True
1466431036,7.43,7.414768303100251,7.414768303100251,True
1466431055,7.43,7.43,7.40167374828153,False
1466431145,7.41,7.4228605520311595,7.4228605520311595,True
1466431218,7.41,7.41,7.4056482328343085,False
1466431290,7.41,7.380228372955288,7.380228372955288,True
1466431324,7.41,7.442131200517521,7.442131200517521,True
1466431400,7.41,7.41,7.4499530274190615,False
1466431450,7.41,7.356687800573893,7.356687800573893,True
1466431526,7.41,7.41,7.382144602870195,False
1466431589,7.4,7.4,7.4255633042171185,False
1466431661,7.43,7.43,7.40692863625924,False
1466431760,7.42,7.446543230675123,7.446543230675123,True
1466431796,7.42,7.443082501686188,7.443082501686188,True
1466431848,7.42,7.421094313003723,7.421094313003723,True
1466431879,7.42,7.42,7.384777240768025,False
1466431954,7.42,7.42,7.404364022654597,False
1466431958,7.42,7.408627357947285,7.408627357947285,True
1466432002,7.38,7.38,7.35298168890646,False
1466432101,7.38,7.373702285700017,7.373702285700017,True
1466432177,7.38,7.421404630915465,7.421404630915465,True
1466432194,7.37,7.352011266340511,7.352011266340511,True
1466432237,7.37,7.37,7.40247504667785,False
1466432280,7.37,7.37,7.402340653688218,False
1466432373,7.35,7.35,7.373093571098289,False
1466432389,7.41,7.38619127718665,7.38619127718665,True
1466432415,7.41,7.41,7.372001035428992,False
1466432417,7.41,7.384263895680639,7.384263895680639,True
1466432506,7.41,7.397508828278421,7.397508828278421,True
1466432569,7.41,7.368664050210731,7.368664050210731,True
1466432577,7.41,7.41,7.390724668298621,False
1466432670,7.41,7.382536108793181,7.382536108793181,True
1466432706,7.41,7.397263071471,7.397263071471,True
1466432804,7.35,7.35,7.361496510544449,False
1466432853,7.36,7.3908612516164744,7.3908612516164744,True
1466432947,7.36,7.404305078820744,7.404305078820744,True
1466433040,7.39,7.3504400281691185,7.3504400281691185,True
1466433128,7.39,7.39,7.408512182622149,False
1466433145,7.39,7.39,7.409407839628204,False
1466433195,7.39,7.39,7.427861192162423,False
1466433289,7.39,7.35342658772544,7.35342658772544,True
1466433375,7.39,7.3504234441423675,7.3504234441423675,True
1466433427,7.39,7.40355746804583,7.40355746804583,True
1466433478,7.39,7.39,7.369447015193876,False
1466433517,7.39,7.375876556775215,7.375876556775215,True
1466433615,7.39,7.39,7.359544462540215,False
1466433672,7.38,7.415221763006341,7.415221763006341,True
1466433762,7.36,7.396350260824324,7.396350260824324,True
1466433809,7.36,7.4315462789650235,7.4315462789650235,True
1466433873,7.36,7.36,7.356562136293083,False
1466433910,7.36,7.426366129077527,7.426366129077527,True
1466433994,7.36,7.409826378672803,7.409826378672803,True
1466434003,7.36,7.36,7.444449470287732,False
1466434045,7.36,7.382327771460597,7.382327771460597,True
1466434096,7.39,7.39,7.352405865623929,False
1466434173,7.39,7.4354377550225905,7.4354377550225905,True
1466434199,7.45,7.4425047080261635,7.4425047080261635,True
1466434224,7.45,7.45,7.3583013648659135,False
1466434308,7.4,7.4,7.381135033689872,False
1466434359,7.4,7.365703434472477,7.365703434472477,True
1466434371,7.4,7.4,7.36694739313763,False
1466434457,7.4,7.44904565102672,7.44904565102672,True
1466434498,7.4,7.412725472376092,7.412725472376092,True
1466434552,7.4,7.4,7.4405103218043,False
1466434622,7.4,7.4,7.427563227893895,False
1466434691,7.4,7.398811440040811,7.398811440040811,True
1466434718,7.4,7.37229143442201,7.37229143442201,True
1466434727,7.4,7.4,7.37439291420954,False
1466434815,7.4,7.4,7.392287179058926,False
1466434892,7.4,7.395844465412262,7.395844465412262,True
1466434915,7.36,7.397368888145637,7.397368888145637,True
1466434946,7.36,7.383875977580609,7.383875977580609,True
1466434988,7.42,7.42,7.425951851381405,False
1466435020,7.42,7.362182154418214,7.362182154418214,True
1466435090,7.36,7.36,7.3907550485112665,False
1466435099,7.37,7.37,7.4182772233415495,False
1466435145,7.37,7.37,7.443243830688496,False
1466435186,7.42,7.42,7.381065717843799,False
1466435246,7.42,7.350594457308239,7.350594457308239,True
1466435284,7.44,7.377061034825341,7.377061034825341,True
1466435327,7.38,7.38,7.393018405556014,False
1466435369,7.38,7.448382171556433,7.448382171556433,True
1466435408,7.38,7.38,7.445978222536974,False
1466435468,7.37,7.36759932191037,7.36759932191037,True
1466435486,7.35,7.357518996413169,7.357518996413169,True
1466435555,7.35,7.35,7.433101250197566,False
1466435624,7.42,7.42,7.385220776259529,False
1466435659,7.42,7.42,7.383918140765115,False
1466435682,7.42,7.42,7.410799934402461,False
1466435712,7.42,7.42,7.413155674541583,False
1466435794,7.41,7.41,7.395990706444465,False
1466435878,7.41,7.439204517496649,7.439204517496649,True
1466435904,7.41,7.41,7.43579833775486,False
1466435971,7.41,7.41,7.388456280260864,False
1466436041,7.39,7.394598514062826,7.394598514062826,True
1466436059,7.39,7.388880777447036,7.388880777447036,True
1466436093,7.4,7.4,7.441252067014341,False
1466436178,7.4,7.4,7.405532447602398,False
1466436230,7.36,7.36,7.386765737645023,False
1466436280,7.36,7.361503441475801,7.361503441475801,True
1466436332,7.36,7.36,7.353954571491379,False
1466436333,7.42,7.42,7.413153200869956,False
1466436431,7.37,7.432517295835233,7.432517295835233,True
1466436520,7.37,7.37,7.415588250561504,False
1466436572,7.37,7.395052674308267,7.395052674308267,True
1466436647,7.41,7.41,7.365753138946072,False
1466436655,7.39,7.376881713963939,7.376881713963939,True
1466436727,7.44,7.373733438761661,7.373733438761661,True
1466436793,7.38,7.38,7.402958266472044,False
1466436879,7.37,7.37,7.358028214887527,False
1466436880,7.36,7.36,7.393978794298168,False
1466436939,7.36,7.36,7.41558996136704,False
1466437015,7.42,7.42907185065683,7.42907185065683,True
1466437048,7.4,7.364179205880504,7.364179205880504,True
1466437088,7.4,7.422085972817117,7.422085972817117,True
1466437105,7.45,7.358642257423541,7.358642257423541,True
1466437122,7.41,7.41,7.430116851951003,False
1466437160,7.36,7.36,7.35540280886709,False
1466437232,7.39,7.39,7.399684760352538,False
1466437321,7.39,7.39,7.449536429657023,False
1466437335,7.45,7.4339671082269305,7.4339671082269305,True
1466437358,7.45,7.45,7.379450642548291,False
1466437441,7.38,7.38,7.410318759576121,False
1466437480,7.38,7.35966597695769,7.35966597695769,True
1466437561,7.39,7.39,7.4290568150350484,False
1466437653,7.41,7.41,7.417955867273652,False
1466437709,7.36,7.401954583515578,7.401954583515578,True
1466437798,7.36,7.4451416583767775,7.4451416583767775,True
1466437869,7.43,7.383535564829005,7.383535564829005,True
1466437952,7.43,7.436186111470291,7.436186111470291,True
1466438037,7.43,7.43,7.377132522416296,False
1466438054,7.38,7.392373460284971,7.392373460284971,True
1466438056,7.4,7.4,7.449425992854038,False
1466438136,7.4,7.4,7.406029099214142,False
1466438234,7.4,7.429268424217875,7.429268424217875,True
1466438261,7.4,7.4,7.4142952942639635,False
1466438348,7.44,7.44,7.376282189836381,False
1466438407,7.44,7.386427755240914,7.386427755240914,True
1466438422,7.44,7.44,7.414324223272989,False
1466438476,7.43,7.402696324485507,7.402696324485507,True
1466438571,7.43,7.403083903294276,7.403083903294276,True
1466438612,7.43,7.4015255088246485,7.4015255088246485,True
1466438620,7.36,7.436717026432605,7.436717026432605,True
1466438698,7.41,7.396674003813502,7.396674003813502,True
1466438747,7.4,7.449967402740398,7.449967402740398,True
1466438795,7.4,7.366949753165285,7.366949753165285,True
1466438810,7.4,7.3574220641178885,7.3574220641178885,True
1466438888,7.4,7.4,7.357846989304432,False
1466438975,7.43,7.38627754718717,7.38627754718717,True
1466439000,7.41,7.435586992111985,7.435586992111985,True
1466439092,7.41,7.41,7.386517172765856,False
1466439150,7.41,7.382091282730352,7.382091282730352,True
1466439229,7.41,7.412489443035491,7.412489443035491,True
1466439279,7.41,7.41,7.4157836260532575,False
1466439328,7.41,7.41,7.353608173761917,False
1466439351,7.42,7.424895786480608,7.424895786480608,True
1466439447,7.39,7.39,7.380224412870516,False
1466439466,7.39,7.420213456877603,7.420213456877603,True
1466439480,7.41,7.41,7.44479977376741,False
1466439560,7.41,7.357307723378711,7.357307723378711,True
1466439600,7.35,7.35,7.441500057640793,False
1466439645,7.35,7.408865593272789,7.408865593272789,True
1466439729,7.35,7.432510465515626,7.432510465515626,True
1466439772,7.38,7.38,7.375868246745778,False
1466439827,7.38,7.388804891333694,7.388804891333694,True
1466439849,7.41,7.41,7.4406306788654035,False
1466439910,7.41,7.417308982625565,7.417308982625565,True
1466439990,7.41,7.429404060722504,7.429404060722504,True
1466440005,7.41,7.4137996750684865,7.4137996750684865,True
1466440006,7.38,7.40681307349675,7.40681307349675,True
1466440045,7.38,7.38,7.436358084035771,False
1466440066,7.38,7.3571237875043565,7.3571237875043565,True
1466440154,7.38,7.438702949879669,7.438702949879669,True
1466440214,7.39,7.385744471922739,7.385744471922739,True
1466440226,7.39,7.433621961976646,7.433621961976646,True
1466440304,7.4,7.375833290525277,7.375833290525277,True
1466440385,7.4,7.394629581869662,7.394629581869662,True
1466440451,7.41,7.379541098752442,7.379541098752442,True
1466440521,7.41,7.41,7.436307719735371,False
1466440581,7.41,7.394363343640247,7.394363343640247,True
1466440674,7.41,7.41,7.448448959350102,False
1466440727,7.41,7.356228392958527,7.356228392958527,True
1466440821,7.37,7.37,7.397688338435688,False
1466440827,7.36,7.36,7.350264317786614,False
1466440897,7.36,7.36,7.430568792664163,False
1466440923,7.36,7.420532035151282,7.420532035151282,True
1466441012,7.45,7.45,7.360693550653376,False
1466441049,7.45,7.45,7.411898262920632,False
1466441147,7.45,7.45,7.392179443080086,False
1466441213,7.35,7.359642019899255,7.359642019899255,True
1466441311,7.35,7.35,7.435922909738013,False
1466441318,7.35,7.398859232218423,7.398859232218423,True
1466441418,7.36,7.353301201975856,7.353301201975856,True
1466441510,7.36,7.36,7.4196086840453646,False
1466441541,7.36,7.36,7.387721627687363,False
1466441579,7.41,7.350904052780196,7.350904052780196,True
1466441630,7.41,7.41,7.420583942733653,False
1466441714,7.41,7.41,7.357436999621294,False
1466441724,7.41,7.41,7.440641539146247,False
1466441741,7.41,7.41,7.431942181543606,False
1466441822,7.41,7.41,7.434728173395264,False
1466441883,7.41,7.41,7.37007334774427,False
1466441934,7.36,7.36,7.3889496656247555,False
1466441947,7.36,7.36,7.424835428827528,False
1466442046,7.36,7.36,7.370780806428804,False
1466442137,7.43,7.4452164678813455,7.4452164678813455,True
1466442175,7.43,7.44741344869448,7.44741344869448,True
1466442216,7.43,7.43,7.391086841605813,False
1466442284,7.43,7.392850296782116,7.392850296782116,True
1466442332,7.39,7.362325101783118,7.362325101783118,True
1466442358,7.39,7.378245887632468,7.378245887632468,True
1466442362,7.39,7.363382028207383,7.363382028207383,True
1466442439,7.44,7.384696484247367,7.384696484247367,True
1466442490,7.44,7.361405787429566,7.361405787429566,True
1466442498,7.41,7.387925271162531,7.387925271162531,True
1466442508,7.41,7.41,7.36421845718421,False
1466442518,7.44,7.44,7.353465878755652,False
1466442556,7.39,7.384813114296568,7.384813114296568,True
1466442656,7.39,7.396970910764053,7.396970910764053,True
1466442662,7.39,7.367862859666358,7.367862859666358,True
1466442703,7.39,7.441590755565344,7.441590755565344,True
1466442768,7.39,7.441376034124519,7.441376034124519,True
1466442788,7.39,7.449324570124648,7.449324570124648,True
1466442886,7.39,7.3621375524494965,7.3621375524494965,True
1466442980,7.39,7.39,7.393559905154876,False
1466443000,7.39,7.39,7.378810026447021,False
1466443029,7.37,7.37,7.437050286500716,False
1466443038,7.41,7.4025263053916435,7.4025263053916435,True
1466443089,7.41,7.41,7.401783103304123,False
1466443162,7.41,7.359500821754716,7.359500821754716,True
1466443201,7.41,7.391424635271609,7.391424635271609,True
1466443219,7.44,7.44,7.35484673261176,False
1466443263,7.44,7.357081997593967,7.357081997593967,True
1466443350,7.44,7.44,7.372602284385678,False
1466443373,7.44,7.433488950919313,7.433488950919313,True
1466443392,7.44,7.373377542703923,7.373377542703923,True
1466443402,7.44,7.362002013391593,7.362002013391593,True
1466443486,7.44,7.44,7.37794935954391,False
1466443511,7.43,7.43,7.373769082922673,False
1466443584,7.36,7.411275656910973,7.411275656910973,True
1466443677,7.41,7.41,7.355195524307206,False
1466443725,7.41,7.41,7.416186190465899,False
1466443727,7.43,7.43,7.359990409436686,False
1466443750,7.43,7.43,7.4339400157170274,False
1466443761,7.43,7.43,7.370933633728058,False
1466443808,7.43,7.43,7.425517804966383,False
1466443861,7.43,7.43,7.368953929775475,False
1466443929,7.43,7.43,7.433513206677988,False
1466443986,7.38,7.38,7.4195544960830935,False
1466444043,7.38,7.4176878634549075,7.4176878634549075,True
1466444110,7.38,7.38,7.445799233315775,False
1466444192,7.38,7.383320134812184,7.383320134812184,True
1466444287,7.38,7.363351046403262,7.363351046403262,True
1466444294,7.38,7.412428817878832,7.412428817878832,True
1466444366,7.4,7.4,7.365826259970171,False
1466444466,7.4,7.351585675425414,7.351585675425414,True
1466444505,7.4,7.4,7.419916415697728,False
1466444556,7.4,7.383773136539665,7.383773136539665,True
1466444624,7.4,7.4,7.427226313160993,False
1466444663,7.4,7.431182958033072,7.431182958033072,True
1466444685,7.45,7.45,7.375238897295591,False
1466444756,7.45,7.386582666069926,7.386582666069926,True
1466444781,7.45,7.357580644944146,7.357580644944146,True
1466444840,7.45,7.45,7.3521713898460215,False
1466444854,7.45,7.45,7.426926964526481,False
1466444860,7.37,7.37,7.383686263405577,False
1466444959,7.37,7.37,7.4075721349659585,False
1466445058,7.37,7.362424786536964,7.362424786536964,True
1466445107,7.44,7.44,7.444880952326227,False
1466445165,7.36,7.36,7.4126517212698735,False
1466445170,7.36,7.36,7.406185663162835,False
1466445173,7.45,7.45,7.382232793586027,False
1466445247,7.43,7.386522261257859,7.386522261257859,True
1466445305,7.43,7.350842389704739,7.350842389704739,True
1466445333,7.43,7.43,7.441692508267186,False
1466445356,7.43,7.43,7.39253460980328,False
1466445430,7.43,7.377207567254921,7.377207567254921,True
1466445491,7.36,7.361645720670759,7.361645720670759,True
1466445497,7.36,7.36,7.418313909555964,False
1466445514,7.36,7.412016561584775,7.412016561584775,True
1466445549,7.39,7.39,7.4031787703621035,False
1466445640,7.36,7.383346863075967,7.383346863075967,True
1466445648,7.4,7.4,7.36698908638285,False
1466445739,7.36,7.36,7.397383254490414,False
1466445814,7.4,7.385713799551098,7.385713799551098,True
1466445879,7.38,7.38,7.391056418429924,False
1466445909,7.38,7.38,7.359593486220212,False
1466445965,7.38,7.407468133845262,7.407468133845262,True
1466446021,7.38,7.403061652947519,7.403061652947519,True
1466446045,7.43,7.412352205656142,7.412352205656142,True
1466446071,7.42,7.425666611020493,7.425666611020493,True
1466446120,7.42,7.365581957630125,7.365581957630125,True
1466446168,7.42,7.42,7.417598880721489,False
1466446253,7.42,7.443813082932603,7.443813082932603,True
1466446302,7.42,7.42,7.382896831920093,False
1466446389,7.42,7.3912566235301425,7.3912566235301425,True
1466446404,7.42,7.42,7.4418374665810925,False
1466446494,7.41,7.435632942613703,7.435632942613703,True
1466446594,7.41,7.41,7.376954367251657,False
1466446643,7.41,7.447983633612381,7.447983633612381,True
1466446669,7.42,7.362486794180819,7.362486794180819,True
1466446690,7.42,7.352635403795383,7.352635403795383,True
1466446735,7.42,7.362638713018493,7.362638713018493,True
1466446766,7.42,7.42,7.365058906490769,False
1466446852,7.42,7.42,7.407598618623608,False
1466446902,7.42,7.396037586802653,7.396037586802653,True
1466446945,7.42,7.405593503775641,7.405593503775641,True
1466446987,7.42,7.379289980665519,7.379289980665519,True
1466447036,7.37,7.37,7.376381989167025,False
1466447112,7.36,7.36,7.392678898960437,False
1466447129,7.36,7.36,7.406608650714847,False
1466447189,7.42,7.42,7.398814592970528,False
1466447224,7.42,7.361837682040096,7.361837682040096,True
1466447270,7.42,7.42,7.431935876366719,False
1466447272,7.44,7.44,7.433755991635264,False
1466447348,7.44,7.44,7.369659147518868,False
1466447359,7.44,7.3951232449290885,7.3951232449290885,True
1466447388,7.44,7.44,7.410452677063415,False
1466447390,7.44,7.44,7.42123410521816,False
1466447425,7.44,7.428494604716298,7.428494604716298,True
1466447463,7.44,7.385957176531046,7.385957176531046,True
1466447485,7.37,7.417914965873186,7.417914965873186,True
1466447545,7.37,7.37,7.449490475925576,False
1466447553,7.37,7.37,7.41191607898288,False
1466447554,7.4,7.416660787429703,7.416660787429703,True
1466447573,7.4,7.3786283631363165,7.3786283631363165,True
1466447634,7.4,7.3815395979308995,7.3815395979308995,True
1466447695,7.4,7.42026736010017,7.42026736010017,True
1466447762,7.43,7.43,7.399454044601866,False
1466447844,7.43,7.43,7.41810019473832,False
1466447885,7.41,7.41,7.44279063992071,False
1466447943,7.41,7.425136091689848,7.425136091689848,True
1466447956,7.42,7.42,7.353131820396951,False
1466448041,7.42,7.3744616660788065,7.3744616660788065,True
1466448140,7.41,7.3891380948088345,7.3891380948088345,True
1466448215,7.38,7.392844409721393,7.392844409721393,True
1466448270,7.42,7.396167096768192,7.396167096768192,True
1466448302,7.42,7.42,7.4155364627625815,False
1466448368,7.44,7.44,7.412435081812107,False
1466448422,7.42,7.423650982848433,7.423650982848433,True
1466448517,7.42,7.42,7.350801261809931,False
1466448614,7.42,7.42,7.366106988585114,False
1466448701,7.42,7.42,7.42681982370179,False
1466448743,7.42,7.448826710244939,7.448826710244939,True
1466448805,7.42,7.406580582531212,7.406580582531212,True
1466448844,7.42,7.42,7.44663104791887,False
1466448896,7.43,7.355416939306297,7.355416939306297,True
1466448984,7.43,7.429606764939788,7.429606764939788,True
1466449031,7.43,7.43,7.424921566221381,False
1466449045,7.37,7.38183498728969,7.38183498728969,True
1466449099,7.42,7.42,7.42877196715227,False
1466449171,7.42,7.42,7.399299435534478,False
1466449261,7.39,7.39,7.352731334349015,False
1466449280,7.39,7.39,7.4038354769829775,False
1466449359,7.38,7.439726418681221,7.439726418681221,True
1466449442,7.4,7.4,7.379593758764093,False
1466449496,7.41,7.41551432049856,7.41551432049856,True
1466449537,7.41,7.429840173043079,7.429840173043079,True
1466449555,7.39,7.374071639359889,7.374071639359889,True
1466449629,7.39,7.39,7.4184538226172245,False
1466449635,7.39,7.402758905632746,7.402758905632746,True
1466449721,7.44,7.365284974433394,7.365284974433394,True
1466449772,7.44,7.429248847508333,7.429248847508333,True
1466449872,7.44,7.3858112316249365,7.3858112316249365,True
1466449873,7.39,7.43259393946224,7.43259393946224,True
1466449884,7.36,7.377555433927118,7.377555433927118,True
1466449937,7.41,7.442260472600841,7.442260472600841,True
1466449953,7.41,7.41,7.3772914041808875,False
1466449959,7.41,7.37040267874624,7.37040267874624,True
1466449961,7.41,7.41,7.405831589741866,False
1466450018,7.36,7.36,7.398713754131066,False
1466450075,7.42,7.4213638897351375,7.4213638897351375,True
1466450150,7.42,7.42,7.429018634733946,False
1466450177,7.42,7.42,7.42448483818162,False
1466450255,7.42,7.42,7.408582588746909,False
1466450343,7.44,7.44,7.392970365197581,False
1466450348,7.44,7.373362452574274,7.373362452574274,True
1466450401,7.44,7.44,7.384104807032294,False
1466450433,7.44,7.3791622774135,7.3791622774135,True
1466450507,7.44,7.44,7.356224606403969,False
1466450536,7.44,7.366131250478593,7.366131250478593,True
1466450627,7.44,7.372210724548362,7.372210724548362,True
1466450723,7.44,7.446021645576864,7.446021645576864,True
1466450817,7.44,7.44,7.386385816395531,False
1466450900,7.35,7.373150313825084,7.373150313825084,True
1466450902,7.35,7.35,7.355916717839931,False
1466450971,7.35,7.447226670327971,7.447226670327971,True
1466451016,7.35,7.431873519031241,7.431873519031241,True
1466451023,7.39,7.39,7.369843788396656,False
1466451073,7.39,7.38794095027543,7.38794095027543,True
1466451166,7.39,7.424296706759275,7.424296706759275,True
1466451231,7.37,7.384962903740727,7.384962903740727,True
1466451245,7.42,7.369572464715654,7.369572464715654,True
1466451293,7.42,7.447797934395352,7.447797934395352,True
1466451295,7.42,7.42,7.385327551147483,False
1466451378,7.42,7.42,7.43274977768706,False
1466451445,7.43,7.393264785978168,7.393264785978168,True
1466451508,7.41,7.411191414854521,7.411191414854521,True
1466451599,7.41,7.41,7.375518077334252,False
1466451686,7.41,7.41,7.395816940936556,False
1466451761,7.41,7.440976697169256,7.440976697169256,True
1466451857,7.41,7.35652212292522,7.35652212292522,True
1466451909,7.41,7.41,7.371437776987417,False
1466451919,7.45,7.412508620554786,7.412508620554786,True
1466452006,7.45,7.38282037523289,7.38282037523289,True
1466452035,7.45,7.353040262153709,7.353040262153709,True
1466452039,7.45,7.373877823691599,7.373877823691599,True
1466452104,7.45,7.426722001347131,7.426722001347131,True
1466452167,7.43,7.43,7.417757479528534,False
1466452238,7.43,7.4496639929263395,7.4496639929263395,True
1466452313,7.43,7.399401948678046,7.399401948678046,True
1466452339,7.43,7.435846832572351,7.435846832572351,True
1466452419,7.35,7.439524662564858,7.439524662564858,True
1466452424,7.35,7.358931569587571,7.358931569587571,True
1466452435,7.4,7.4,7.384970032487941,False
1466452531,7.4,7.44958677638359,7.44958677638359,True
1466452584,7.4,7.4,7.401200387600126,False
1466452625,7.4,7.4,7.398811352950985,False
1466452676,7.4,7.4,7.355214498025996,False
1466452752,7.44,7.439238064067691,7.439238064067691,True
1466452796,7.37,7.412058888337098,7.412058888337098,True
1466452825,7.37,7.37,7.425250880421032,False
1466452860,7.43,7.43,7.4190226095251335,False
1466452960,7.4,7.4430375865517595,7.4430375865517595,True
1466452979,7.4,7.4,7.422134587280747,False
1466453002,7.44,7.44,7.420001955101712,False
1466453016,7.44,7.438155782160803,7.438155782160803,True
1466453025,7.35,7.42046053650384,7.42046053650384,True
1466453089,7.45,7.439297178262739,7.439297178262739,True
1466453141,7.45,7.40784765654755,7.40784765654755,True
1466453154,7.36,7.44302116704335,7.44302116704335,True
1466453184,7.41,7.400400412478729,7.400400412478729,True
1466453202,7.41,7.41,7.378240928544336,False
1466453203,7.43,7.409290089177571,7.409290089177571,True
1466453222,7.43,7.43,7.385772775796646,False
1466453321,7.43,7.44630820869304,7.44630820869304,True
1466453379,7.43,7.43,7.443253289582517,False
1466453392,7.43,7.43,7.4277388315539135,False
1466453422,7.43,7.43,7.422952610134904,False
1466453502,7.35,7.35,7.354494673828618,False
1466453518,7.35,7.35,7.389390220850078,False
1466453563,7.36,7.36,7.404136247951091,False
1466453604,7.36,7.40129296416604,7.40129296416604,True
1466453639,7.36,7.36,7.4060833450535695,False
1466453705,7.36,7.431255699345964,7.431255699345964,True
1466453795,7.39,7.4443449122779795,7.4443449122779795,True
1466453816,7.39,7.405370005938451,7.405370005938451,True
1466453870,7.39,7.39,7.363209630869374,False
1466453910,7.38,7.417632063181226,7.417632063181226,True
1466454002,7.36,7.446940819656494,7.446940819656494,True
1466454051,7.36,7.373662636175148,7.373662636175148,True
1466454087,7.36,7.400268183365666,7.400268183365666,True
1466454129,7.36,7.36,7.419776305154633,False
1466454227,7.36,7.3672036369341996,7.3672036369341996,True
1466454259,7.43,7.373465597293788,7.373465597293788,True
1466454262,7.43,7.43,7.416242060384883,False
1466454298,7.43,7.43,7.385855829927931,False
1466454388,7.43,7.408238800337025,7.408238800337025,True
1466454399,7.43,7.43,7.383863166798869,False
1466454473,7.43,7.43,7.380784242142968,False
1466454529,7.43,7.405379672382247,7.405379672382247,True
1466454559,7.43,7.43,7.40546898460312,False
1466454648,7.43,7.43,7.38303195548391,False
1466454745,7.4,7.4,7.386513613280544,False
1466454763,7.4,7.4,7.425145736386742,False
1466454851,7.4,7.386188078324535,7.386188078324535,True
1466454936,7.4,7.382308891513262,7.382308891513262,True
1466454949,7.36,7.36,7.36109284253927,False
1466455032,7.43,7.43,7.356069533016145,False
1466455065,7.43,7.383146449275257,7.383146449275257,True
1466455119,7.43,7.353521855793868,7.353521855793868,True
1466455172,7.41,7.387058877515765,7.387058877515765,True
1466455196,7.41,7.4105468074112695,7.4105468074112695,True
1466455271,7.4,7.4,7.354028749155568,False
1466455357,7.4,7.40947958411073,7.40947958411073,True
1466455361,7.44,7.44,7.381275778835068,False
1466455394,7.44,7.416341164834996,7.416341164834996,True
1466455475,7.43,7.444895551646361,7.444895551646361,True
1466455497,7.43,7.43,7.4078211730112065,False
1466455561,7.43,7.427422559550535,7.427422559550535,True
1466455575,7.43,7.43,7.444588578967001,False
1466455587,7.43,7.43,7.444273932568819,False
1466455651,7.4,7.398323399211784,7.398323399211784,True
1466455658,7.36,7.36,7.410975283411859,False
1466455732,7.36,7.4102182868226185,7.4102182868226185,True
1466455812,7.36,7.391204051550019,7.391204051550019,True
1466455910,7.41,7.401845417510208,7.401845417510208,True
1466455951,7.41,7.41,7.361631319435329,False
1466455999,7.41,7.429465190294123,7.429465190294123,True
1466456054,7.41,7.41,7.423218722147234,False
1466456058,7.41,7.377939063215311,7.377939063215311,True
1466456074,7.41,7.41,7.3647389876117275,False
1466456088,7.41,7.41,7.421906997880388,False
1466456118,7.36,7.357925342011971,7.357925342011971,True
1466456218,7.44,7.44,7.394836244186143,False
1466456265,7.44,7.44,7.432636699008874,False
1466456270,7.43,7.3729119919674675,7.3729119919674675,True
1466456312,7.36,7.416337745650365,7.416337745650365,True
1466456346,7.36,7.403241154208866,7.403241154208866,True
1466456374,7.36,7.410801942856392,7.410801942856392,True
1466456406,7.43,7.43,7.378545700177453,False
1466456482,7.45,7.353332162622678,7.353332162622678,True
1466456512,7.45,7.378326275391026,7.378326275391026,True
1466456610,7.36,7.36,7.373453386065034,False
1466456683,7.36,7.35435121432542,7.35435121432542,True
1466456768,7.36,7.36,7.429321387684902,False
1466456856,7.36,7.410396005659726,7.410396005659726,True
1466456927,7.36,7.374974563487279,7.374974563487279,True
1466457014,7.36,7.423857946430716,7.423857946430716,True
1466457032,7.36,7.396221787321923,7.396221787321923,True
1466457067,7.36,7.36,7.41540075057463,False
1466457157,7.36,7.36,7.384661459622486,False
1466457215,7.4,7.4,7.364967383201426,False
1466457267,7.4,7.4,7.4004668344413895,False
1466457357,7.4,7.383479399026919,7.383479399026919,True
1466457434,7.35,7.35,7.372693719156594,False
1466457487,7.35,7.35,7.360160515488983,False
1466457559,7.4,7.4,7.421052369462071,False
1466457603,7.4,7.395289322548689,7.395289322548689,True
1466457671,7.38,7.38,7.366096154928487,False
1466457713,7.35,7.35,7.372226788803109,False
1466457745,7.37,7.414497749684551,7.414497749684551,True
1466457782,7.37,7.409774366172947,7.409774366172947,True
1466457802,7.37,7.431843477114134,7.431843477114134,True
1466457817,7.37,7.387645962517825,7.387645962517825,True
1466457865,7.35,7.35,7.394328661184635,False
1466457884,7.35,7.35,7.38413532567827,False
1466457885,7.39,7.36081999932265,7.36081999932265,True
1466457917,7.39,7.39,7.446504318539873,False
1466457973,7.42,7.42,7.374919099643036,False
1466458045,7.42,7.42,7.397829340723678,False
1466458135,7.36,7.36,7.448886751530024,False
1466458151,7.43,7.43,7.379381064922311,False
1466458230,7.43,7.437123733830073,7.437123733830073,True
1466458324,7.42,7.42,7.358996241220207,False
1466458362,7.42,7.42,7.446394593787739,False
1466458438,7.4,7.4,7.356499906764733,False
1466458454,7.4,7.4,7.44515570623597,False
1466458496,7.4,7.353409841783715,7.353409841783715,True
1466458509,7.4,7.430805558772457,7.430805558772457,True
1466458580,7.4,7.407002951961185,7.407002951961185,True
1466458590,7.43,7.43,7.413794555747648,False
1466458626,7.43,7.43,7.436698078547985,False
1466458642,7.42,7.42,7.382291755114591,False
1466458665,7.42,7.42,7.357623428277817,False
1466458694,7.42,7.424351409360913,7.424351409360913,True
1466458762,7.41,7.41,7.4489352560575055,False
1466458793,7.41,7.428049067551104,7.428049067551104,True
1466458824,7.41,7.41,7.374572996255593,False
1466458906,7.41,7.4324111599820615,7.4324111599820615,True
1466458982,7.41,7.41,7.440639813894193,False
1466459068,7.41,7.361388316953877,7.361388316953877,True
1466459159,7.35,7.406249736656448,7.406249736656448,True
1466459184,7.41,7.436929804998036,7.436929804998036,True
1466459273,7.41,7.41,7.369783628580869,False
1466459372,7.41,7.425897966631411,7.425897966631411,True
1466459415,7.41,7.41,7.395180663889211,False
1466459483,7.36,7.36,7.352510259737892,False
1466459504,7.41,7.41,7.412547233727886,False
1466459588,7.35,7.408390138700153,7.408390138700153,True
1466459595,7.35,7.414301803754929,7.414301803754929,True
1466459673,7.35,7.438161329515312,7.438161329515312,True
1466459726,7.35,7.35,7.4376299685954805,False
1466459800,7.35,7.35,7.4336556588904426,False
1466459857,7.35,7.357042537174641,7.357042537174641,True
1466459887,7.35,7.3791378978755535,7.3791378978755535,True
1466459913,7.43,7.43,7.420999466287333,False
1466459974,7.36,7.36,7.381647159418434,False
1466459995,7.36,7.36,7.381692567403541,False
1466460001,7.36,7.386081821707224,7.386081821707224,True
1466460054,7.39,7.39,7.426994174540066,False
1466460130,7.39,7.39,7.385043897780081,False
1466460215,7.39,7.433838564440982,7.433838564440982,True
1466460252,7.39,7.39,7.449943947534998,False
1466460272,7.39,7.39,7.388645789672811,False
1466460346,7.39,7.3808178257780375,7.3808178257780375,True
1466460440,7.39,7.39,7.40436913583537,False
1466460461,7.39,7.4380882718684065,7.4380882718684065,True
1466460528,7.39,7.39,7.4406808113131095,False
1466460610,7.4,7.397491163646685,7.397491163646685,True
1466460630,7.4,7.4,7.430540513638141,False
1466460691,7.44,7.44,7.372272695665997,False
1466460706,7.38,7.446136052497395,7.446136052497395,True
1466460739,7.37,7.37,7.398469149918217,False
1466460765,7.39,7.39,7.4104838107951565,False
1466460795,7.39,7.444647990120288,7.444647990120288,True
1466460877,7.4,7.4,7.3930282480303715,False
1466460973,7.4,7.3642766092916645,7.3642766092916645,True
1466461009,7.4,7.367838185159379,7.367838185159379,True
1466461027,7.4,7.373843570093784,7.373843570093784,True
1466461032,7.38,7.38,7.4326652319579765,False
1466461096,7.45,7.409656240202375,7.409656240202375,True
1466461169,7.39,7.375657152336888,7.375657152336888,True
1466461256,7.39,7.355180605390715,7.355180605390715,True
1466461351,7.39,7.368301633306134,7.368301633306134,True
1466461451,7.39,7.429570881867711,7.429570881867711,True
1466461531,7.39,7.39,7.407549603163854,False
1466461568,7.39,7.397111034176588,7.397111034176588,True
1466461583,7.45,7.3856406851238035,7.3856406851238035,True
1466461647,7.45,7.45,7.373540649144331,False
1466461703,7.36,7.400532881061237,7.400532881061237,True
1466461794,7.39,7.446125430168813,7.446125430168813,True
1466461813,7.39,7.40303293586602,7.40303293586602,True
1466461910,7.36,7.36,7.405579158173697,False
1466461988,7.37,7.441591646207323,7.441591646207323,True
1466462056,7.37,7.365528662516911,7.365528662516911,True
1466462101,7.37,7.423554421580904,7.423554421580904,True
1466462155,7.37,7.3760652627078755,7.3760652627078755,True
1466462215,7.37,7.385414977480137,7.385414977480137,True
1466462278,7.37,7.37,7.408326378820029,False
1466462368,7.43,7.43,7.425539068138798,False
1466462412,7.42,7.356349061942817,7.356349061942817,True
1466462512,7.38,7.430216422136291,7.430216422136291,True
1466462594,7.36,7.359778649087873,7.359778649087873,True
1466462671,7.38,7.38,7.357408335013203,False
1466462716,7.37,7.37,7.36866123611461,False
1466462746,7.37,7.37,7.3762418269015795,False
1466462782,7.44,7.44,7.435100375583972,False
1466462820,7.42,7.42,7.363868763781669,False
1466462833,7.39,7.397069201011156,7.397069201011156,True
1466462842,7.39,7.39,7.356217505249606,False
1466462850,7.38,7.424380152094027,7.424380152094027,True
1466462941,7.38,7.387901463393845,7.387901463393845,True
1466463026,7.38,7.38,7.4428223409021275,False
1466463117,7.38,7.3955364961085355,7.3955364961085355,True
1466463139,7.37,7.37,7.388882379809632,False
