1466410104,65.5,62.78673418352434,62.78673418352434,True
1466410114,68.5,22.309348942179458,22.309348942179458,True
1466410130,68.5,9.54746226095304,9.54746226095304,True
1466410181,68.5,68.5,25.110302479996548,False
1466410203,71.7,71.7,4.102067560597385,False
1466410250,71.7,71.7,24.438616182236597,False
1466410309,71.7,83.1069338935776,83.1069338935776,True
1466410397,71.7,21.81437999482011,21.81437999482011,True
1466410430,71.7,14.87135569705393,14.87135569705393,True
1466410469,71.7,73.40877405690631,73.40877405690631,True
1466410483,71.7,42.05210346509112,42.05210346509112,True
1466410498,71.7,71.7,11.457627638012722,False
1466410502,71.7,41.265322507818574,41.265322507818574,True
1466410532,71.7,45.32892515186346,45.32892515186346,True
1466410541,71.8,82.83015894579597,82.83015894579597,True
1466410573,71.8,71.8,51.10452958801787,False
1466410630,71.8,87.47336487392678,87.47336487392678,True
1466410653,71.8,38.17543529007606,38.17543529007606,True
1466410746,71.8,27.462856769682848,27.462856769682848,True
1466410814,71.8,71.8,25.89923444774668,False
1466410890,71.8,71.8,5.332075440237436,False
1466410902,71.8,71.8,61.92271046644321,False
1466410978,72.7,72.7,5.86919051944947,False
1466411008,72.7,72.7,83.98794949013374,False
1466411066,68.9,68.9,70.96237309100792,False
1466411094,67.2,67.2,26.58099810183194,False
1466411157,67.2,67.2,2.7100095043029824,False
1466411223,67.2,45.86047751292759,45.86047751292759,True
1466411226,69.2,11.384758030093234,11.384758030093234,True
1466411272,69.2,69.2,42.2669330280211,False
1466411303,67.1,67.1,61.6236691390453,False
1466411318,67.1,25.699018932221584,25.699018932221584,True
1466411396,67.1,43.11476836107205,43.11476836107205,True
1466411493,67.1,58.002391574156285,58.002391574156285,True
1466411549,67.1,67.1,3.695523026407505,False
1466411560,67.1,67.1,4.37604569303348,False
1466411626,69.2,17.770548021447723,17.770548021447723,True
1466411723,69.2,1.8133715264345132,1.8133715264345132,True
1466411763,69.2,10.242576462778565,10.242576462778565,True
1466411785,69.2,20.440174495151016,20.440174495151016,True
1466411854,69.2,69.2,8.93888654191338,False
1466411889,69.2,40.593854661006425,40.593854661006425,True
1466411988,69.2,22.9472521989901,22.9472521989901,True
1466412022,69.2,69.2,60.59497348753665,False
1466412046,69.2,85.43376751895742,85.43376751895742,True
1466412076,69.2,83.06463312628047,83.06463312628047,True
1466412152,69.2,55.52194717491602,55.52194717491602,True
1466412181,69.2,79.68100221240009,79.68100221240009,True
1466412201,69.2,69.2,53.40729341346435,False
1466412260,69.1,69.1,32.44877768603723,False
1466412347,69.1,69.1,72.84517760847648,False
1466412360,69.1,69.1,77.71745791414857,False
1466412438,69.1,26.19802997440442,26.19802997440442,True
1466412521,65.2,86.60936990121346,86.60936990121346,True
1466412599,65.2,32.78006184290907,32.78006184290907,True
1466412639,63.8,33.05160408375843,33.05160408375843,True
1466412691,63.8,4.151976307361826,4.151976307361826,True
1466412747,63.8,63.8,32.642444145379784,False
1466412794,63.8,84.12663971244613,84.12663971244613,True
1466412819,66.4,73.41561300683573,73.41561300683573,True
1466412832,66.4,66.4,26.460930004186967,False
1466412874,64.4,64.4,12.271395811999355,False
1466412943,69.4,64.4013584751018,64.4013584751018,True
1466412971,73.2,73.2,10.150102210864574,False
1466412990,73.2,46.29111073190304,46.29111073190304,True
1466413028,73.2,2.563066722272475,2.563066722272475,True
1466413053,73.2,73.2,83.80514535738924,False
1466413125,77.1,58.93332820842076,58.93332820842076,True
1466413200,77.1,77.1,58.12683139636433,False
1466413264,77.1,77.1,65.45805898143598,False
1466413311,77.1,77.1,79.7903421977105,False
1466413342,77.1,23.193061567072068,23.193061567072068,True
1466413440,77.1,85.42643881258176,85.42643881258176,True
1466413458,81.5,4.126922521698715,4.126922521698715,True
1466413529,81.5,64.13871238355681,64.13871238355681,True
1466413542,81.5,81.5,49.1087250057685,False
1466413638,76.2,76.2,52.10845402117401,False
1466413672,76.2,76.2,16.836953895314814,False
1466413733,76.2,76.2,24.46068469263342,False
1466413779,76.2,26.240528148605428,26.240528148605428,True
1466413780,76.2,26.937992749516123,26.937992749516123,True
1466413864,76.2,76.2,41.192548994386414,False
1466413885,81.3,87.40234804210144,87.40234804210144,True
1466413946,81.3,22.00484947721598,22.00484947721598,True
1466414033,81.3,4.388041858037511,4.388041858037511,True
1466414071,81.3,81.3,12.182933552018829,False
1466414164,81.3,81.3,33.77206607562741,False
1466414225,81.3,65.19707144353063,65.19707144353063,True
1466414312,84.6,84.6,1.6125731680129685,False
1466414325,84.6,77.08548343156282,77.08548343156282,True
1466414328,84.6,42.571218857263815,42.571218857263815,True
1466414329,84.6,84.6,7.605883273323796,False
1466414402,84.6,18.87789207952952,18.87789207952952,True
1466414407,84.6,84.6,21.22232757054825,False
1466414413,84.6,84.6,14.33472455503814,False
1466414460,80.3,11.637445684692807,11.637445684692807,True
1466414552,80.3,15.495925271987407,15.495925271987407,True
1466414602,80.3,80.3,21.685644847019553,False
1466414662,80.3,17.291230514043257,17.291230514043257,True
1466414746,80.3,80.3,1.596363790914773,False
1466414844,76.9,74.42043743802965,74.42043743802965,True
1466414943,76.9,31.69773750980633,31.69773750980633,True
1466414946,76.9,76.9,59.636924535389674,False
1466414966,76.9,76.9,21.563673774791674,False
1466415038,76.9,76.9,57.03813477253086,False
1466415106,76.9,8.601417274764488,8.601417274764488,True
1466415130,76.9,76.9,81.56179371670612,False
1466415145,76.9,77.84979841948388,77.84979841948388,True
1466415202,76.9,76.9,44.72666872596594,False
1466415239,76.9,50.678621615716295,50.678621615716295,True
1466415249,76.9,76.9,25.754173253629727,False
1466415308,76.9,76.9,8.33800949635856,False
1466415357,76.9,66.43808612234174,66.43808612234174,True
1466415404,72.9,72.9,14.777136163064117,False
1466415469,72.9,62.506481595238824,62.506481595238824,True
1466415548,72.9,72.9,38.78175303096341,False
1466415588,72.9,72.9,68.87427791815891,False
1466415627,72.9,51.612623340566,51.612623340566,True
1466415719,72.9,1.6852073963413279,1.6852073963413279,True
1466415767,72.9,17.78217103490303,17.78217103490303,True
1466415860,72.9,84.81258433430513,84.81258433430513,True
1466415872,72.9,73.35754590008679,73.35754590008679,True
1466415914,72.9,22.599606521104352,22.599606521104352,True
1466415934,72.9,72.9,64.41599204241619,False
1466415988,72.9,81.18853903404494,81.18853903404494,True
1466416004,72.9,5.567794894479064,5.567794894479064,True
1466416050,72.9,46.782625800405064,46.782625800405064,True
1466416150,72.9,57.263234504430365,57.263234504430365,True
1466416161,72.9,72.9,8.569256029384977,False
1466416215,70.4,3.3540042050510723,3.3540042050510723,True
1466416315,70.4,70.4,87.39295353184856,False
1466416321,70.4,77.42917487814877,77.42917487814877,True
1466416393,70.4,25.86302554541912,25.86302554541912,True
1466416440,66.6,66.6,9.845033641046768,False
1466416510,66.6,65.4950775064054,65.4950775064054,True
1466416541,66.6,76.5555748269274,76.5555748269274,True
1466416631,66.6,66.6,6.9471366384809645,False
1466416671,66.6,49.77034931591274,49.77034931591274,True
1466416725,71.9,71.9,29.417864194676184,False
1466416815,71.9,78.7927003441413,78.7927003441413,True
1466416867,71.9,71.9,8.628179807370495,False
1466416933,76.6,6.325853384537001,6.325853384537001,True
1466416963,76.2,62.30902627084069,62.30902627084069,True
1466417034,76.2,76.2,18.1503330627602,False
1466417069,76.2,76.2,43.55103785529811,False
1466417095,76.2,28.239057940963058,28.239057940963058,True
1466417123,72.2,70.47363111880466,70.47363111880466,True
1466417219,72.2,2.6236866147464535,2.6236866147464535,True
1466417228,77.4,77.4,88.61269133763044,False
1466417235,77.4,41.651816315796864,41.651816315796864,True
1466417266,77.4,77.4,26.6652527631234,False
1466417298,77.4,52.251557991050056,52.251557991050056,True
1466417382,77.4,77.4,53.0843236321518,False
1466417429,77.4,31.651511117961554,31.651511117961554,True
1466417434,77.4,12.138027534992794,12.138027534992794,True
1466417513,77.4,84.77084413890117,84.77084413890117,True
1466417598,77.4,77.4,27.76521431105015,False
1466417615,77.4,77.4,46.33108442981981,False
1466417654,77.4,76.25177508046853,76.25177508046853,True
1466417749,77.4,10.045773462931162,10.045773462931162,True
1466417763,77.4,77.4,1.8106915031801123,False
1466417822,77.4,77.4,29.59599348415605,False
1466417851,77.4,0.5114311340370717,0.5114311340370717,True
1466417855,77.4,77.4,65.1892878497197,False
1466417879,77.4,40.47067376942062,40.47067376942062,True
1466417895,77.4,77.4,23.44339597928069,False
1466417969,77.4,77.4,25.35034068998774,False
1466418049,72.3,57.322483201067186,57.322483201067186,True
1466418118,71.7,71.7,52.63178699977051,False
1466418129,71.7,71.7,10.52317972918534,False
1466418179,72.0,47.13954487633393,47.13954487633393,True
1466418254,72.0,72.0,28.472521938893795,False
1466418332,72.0,35.41045595287943,35.41045595287943,True
1466418428,72.0,73.74279456289683,73.74279456289683,True
1466418494,71.8,71.8,77.30898582225961,False
1466418554,71.8,71.8,46.01690493335054,False
1466418563,71.8,71.8,82.62437658128326,False
1466418564,74.4,74.4,23.573923329796756,False
1466418594,74.4,74.4,42.59754728752257,False
1466418674,74.4,74.4,6.868687275410104,False
1466418748,74.4,18.30104870603222,18.30104870603222,True
1466418847,74.4,74.57787481354603,74.57787481354603,True
1466418877,74.4,77.86009933911431,77.86009933911431,True
1466418917,73.6,73.6,40.15171639565571,False
1466418938,73.6,73.6,41.42565519086335,False
1466419031,73.6,73.6,14.240332643834183,False
1466419058,73.9,73.9,42.567699023917754,False
1466419104,73.9,73.9,36.6243708814625,False
1466419166,70.9,70.9,73.4714480215669,False
1466419261,70.9,70.9,42.070514539311816,False
1466419349,70.9,26.868523360464835,26.868523360464835,True
1466419442,70.9,67.9392898939701,67.9392898939701,True
1466419530,76.3,76.3,80.05983643471357,False
1466419595,76.3,76.3,2.787527239885994,False
1466419646,76.3,76.3,15.72478233453804,False
1466419737,76.3,76.3,42.951061955175746,False
1466419826,76.3,34.46420493134281,34.46420493134281,True
1466419880,78.4,78.4,31.645895933565566,False
1466419911,78.4,78.4,71.06387500762305,False
1466419938,78.4,39.71507897767946,39.71507897767946,True
1466420016,78.4,78.4,40.34927843875648,False
1466420019,78.4,78.4,20.004854034790764,False
1466420108,77.8,67.31036161445755,67.31036161445755,True
1466420205,77.8,87.92827482773951,87.92827482773951,True
1466420228,77.8,36.23702283540058,36.23702283540058,True
1466420257,77.8,77.8,80.78267137663694,False
1466420270,82.2,82.2,43.776703187120404,False
1466420296,82.2,24.500402155300463,24.500402155300463,True
1466420331,82.2,5.37374315119604,5.37374315119604,True
1466420407,82.2,63.851166702607685,63.851166702607685,True
1466420430,82.2,83.14635138824832,83.14635138824832,True
1466420453,82.2,0.047339329283593856,0.047339329283593856,True
1466420474,82.2,82.2,5.067053466449649,False
1466420566,82.2,66.37677442925794,66.37677442925794,True
1466420579,81.9,81.9,57.71961798591778,False
1466420618,81.9,81.9,66.98505940557367,False
1466420624,81.9,47.20486584654428,47.20486584654428,True
1466420643,81.9,78.3915760799206,78.3915760799206,True
1466420695,81.9,46.00344490610809,46.00344490610809,True
1466420788,81.9,81.9,40.647221834544105,False
1466420863,81.9,22.791158403164662,22.791158403164662,True
1466420947,78.7,78.7,9.726883403389879,False
1466421003,78.7,1.239797170599382,1.239797170599382,True
1466421032,78.7,30.854664610931938,30.854664610931938,True
1466421050,78.7,78.7,60.578839522569616,False
1466421116,78.7,83.62018790465294,83.62018790465294,True
1466421208,78.7,78.7,38.62588251104801,False
1466421234,78.7,78.7,86.15382507046331,False
1466421262,78.7,1.8595390049990268,1.8595390049990268,True
1466421353,78.7,14.13446877091792,14.13446877091792,True
1466421360,78.7,78.7,31.780193221445153,False
1466421392,78.7,42.3858809476995,42.3858809476995,True
1466421480,78.7,78.7,13.119784158607683,False
1466421530,79.4,79.4,47.15902622988357,False
1466421547,79.4,79.4,49.54126443387095,False
1466421591,79.4,27.705895625617163,27.705895625617163,True
1466421633,84.1,84.75716365866606,84.75716365866606,True
1466421636,84.1,24.308924606257936,24.308924606257936,True
1466421670,84.1,84.1,14.356840404624055,False
1466421695,84.1,56.49828198646362,56.49828198646362,True
1466421721,80.5,80.5,20.258742325749353,False
1466421804,80.5,80.5,73.0581032020924,False
1466421819,80.5,1.3016377770035499,1.3016377770035499,True
1466421862,80.5,28.76716417748233,28.76716417748233,True
1466421885,81.6,48.4052823111274,48.4052823111274,True
1466421936,81.6,81.6,10.806828056414338,False
1466422012,81.6,81.6,63.95216375189166,False
1466422044,81.6,50.26041517001009,50.26041517001009,True
1466422045,81.6,15.707184784485312,15.707184784485312,True
1466422137,81.6,70.64444982183065,70.64444982183065,True
1466422162,81.6,14.710003879877005,14.710003879877005,True
1466422189,81.6,81.6,68.97204463671419,False
1466422197,81.6,81.6,70.3590551995215,False
1466422264,81.6,74.3324498651353,74.3324498651353,True
1466422330,81.6,30.322156298885776,30.322156298885776,True
1466422378,81.6,81.6,80.1651281933193,False
1466422432,79.7,44.58447862260397,44.58447862260397,True
1466422488,79.7,85.47752314473485,85.47752314473485,True
1466422577,79.7,79.7,70.92685925369264,False
1466422628,79.7,65.73595674447512,65.73595674447512,True
1466422638,79.7,79.7,27.826708543520716,False
1466422666,79.7,76.31421684898426,76.31421684898426,True
1466422706,79.7,48.35236596947794,48.35236596947794,True
1466422731,79.7,79.7,16.205385959040917,False
1466422804,79.7,79.7,71.97121740432743,False
1466422866,79.7,70.00305105946704,70.00305105946704,True
1466422873,84.3,84.3,34.268965721616006,False
1466422895,84.3,84.3,11.559629297369302,False
1466422953,84.3,81.25672695850207,81.25672695850207,True
1466422973,84.3,84.3,87.44352346988114,False
1466423017,80.4,6.757967957453871,6.757967957453871,True
1466423051,85.4,85.4,22.738447119974555,False
1466423099,85.4,32.581411298333684,32.581411298333684,True
1466423150,85.4,85.4,61.770082292306476,False
1466423155,85.4,85.4,16.427971231044193,False
1466423168,85.4,2.4206312592392436,2.4206312592392436,True
1466423205,85.4,24.706520718899494,24.706520718899494,True
1466423275,85.4,25.031208428997836,25.031208428997836,True
1466423287,85.4,85.4,74.91873676849319,False
1466423336,85.4,38.8010789555819,38.8010789555819,True
1466423340,85.4,42.78125789120328,42.78125789120328,True
1466423355,85.4,73.76534120432727,73.76534120432727,True
1466423443,85.4,85.4,70.8941123870371,False
1466423499,85.4,65.70503376766558,65.70503376766558,True
1466423585,85.4,50.63837017493106,50.63837017493106,True
1466423612,85.4,85.4,11.66773522444873,False
1466423669,85.4,85.4,53.00557751677863,False
1466423705,85.4,36.3236573709196,36.3236573709196,True
1466423770,85.4,36.26279676732923,36.26279676732923,True
1466423844,82.9,43.23985789289465,43.23985789289465,True
1466423902,82.9,29.8418594159241,29.8418594159241,True
1466423913,79.0,14.26092402247016,14.26092402247016,True
1466423972,79.0,37.3227201153925,37.3227201153925,True
1466424014,79.0,79.0,42.95675456549769,False
1466424069,79.0,79.0,14.331974108154954,False
1466424154,79.0,79.0,6.877178505035788,False
1466424155,79.0,79.0,37.67598087331524,False
1466424169,79.0,26.58093845322285,26.58093845322285,True
1466424262,79.0,79.0,48.529557609037184,False
1466424339,79.0,65.72655278408557,65.72655278408557,True
1466424398,78.2,64.74298080194937,64.74298080194937,True
1466424497,78.2,78.2,44.09176612222928,False
1466424558,78.2,78.2,61.12512565054502,False
1466424613,78.2,78.2,33.13998425513416,False
1466424713,78.2,78.2,45.53819695202447,False
1466424804,78.2,78.2,30.55666412139351,False
1466424878,78.2,76.43347680549482,76.43347680549482,True
1466424924,78.2,61.9237903027199,61.9237903027199,True
1466425009,78.2,44.062351300439715,44.062351300439715,True
1466425106,81.6,81.6,4.324269626624576,False
1466425129,76.2,76.2,52.01565617052772,False
1466425179,76.2,76.2,54.00626512710632,False
1466425257,72.2,56.2872906670464,56.2872906670464,True
1466425262,72.2,31.251443862915593,31.251443862915593,True
1466425305,72.2,72.2,5.820456560587683,False
1466425331,72.2,72.2,45.81560025582317,False
1466425338,72.2,72.2,78.78706803824569,False
1466425377,72.2,72.2,34.85610186657022,False
1466425380,72.2,46.83607693700509,46.83607693700509,True
1466425417,76.9,76.9,16.062472490157855,False
1466425484,76.9,73.27588180056044,73.27588180056044,True
1466425517,76.9,76.9,55.870161857384154,False
1466425553,80.5,80.5,27.031928386190824,False
1466425640,76.0,25.83878856523416,25.83878856523416,True
1466425687,76.0,76.0,59.20705154912189,False
1466425711,76.0,76.0,10.743476950625563,False
1466425768,76.0,76.0,13.228225429663711,False
1466425811,76.0,76.0,55.356733741609176,False
1466425856,73.7,33.005037040566236,33.005037040566236,True
1466425869,73.7,73.7,71.28477343413563,False
1466425884,73.7,73.7,8.425172879170674,False
1466425962,73.7,73.7,58.62511381082112,False
1466425974,78.7,52.24237166308771,52.24237166308771,True
1466426016,78.7,78.7,74.5920450819764,False
1466426024,78.7,78.7,85.82884405653954,False
1466426034,78.7,78.7,27.498554665621057,False
1466426130,78.7,78.7,50.62623097084461,False
1466426189,81.7,14.511200889826883,14.511200889826883,True
1466426198,81.7,33.46698539145977,33.46698539145977,True
1466426280,81.7,81.7,40.85942497809715,False
1466426298,77.6,18.993148189231214,18.993148189231214,True
1466426380,77.6,77.6,58.88588399031336,False
1466426420,76.2,60.76404442054487,60.76404442054487,True
1466426509,76.2,42.84238949784605,42.84238949784605,True
1466426521,80.4,68.55566372875874,68.55566372875874,True
1466426535,80.4,80.4,37.443649339081674,False
1466426563,80.4,46.11793926590084,46.11793926590084,True
1466426620,75.6,17.120297200400845,17.120297200400845,True
1466426694,72.5,14.907357370021316,14.907357370021316,True
1466426764,72.5,71.87207748164039,71.87207748164039,True
1466426778,72.5,72.5,30.358329893252787,False
1466426866,72.5,72.5,20.963528427600767,False
1466426938,72.5,43.45952124014405,43.45952124014405,True
1466427022,72.5,57.00634261595845,57.00634261595845,True
1466427059,67.3,13.690367211082652,13.690367211082652,True
1466427125,67.3,55.431370068952546,55.431370068952546,True
1466427204,67.3,88.10214320082548,88.10214320082548,True
1466427240,67.3,67.3,77.52328344079582,False
1466427317,67.3,41.04405459523139,41.04405459523139,True
1466427319,63.0,63.0,53.636152583315855,False
1466427331,63.0,41.93086411299291,41.93086411299291,True
1466427425,63.0,63.0,23.022698500854684,False
1466427458,63.6,44.96128297569957,44.96128297569957,True
1466427495,63.6,21.79404543385898,21.79404543385898,True
1466427543,63.6,63.6,84.81609138793532,False
1466427625,63.6,34.33382110219389,34.33382110219389,True
1466427663,63.6,63.6,77.71700199129985,False
1466427672,63.6,63.6,34.396437612524764,False
1466427684,63.6,63.6,58.912709796765405,False
1466427739,63.6,63.6,38.985927191282656,False
1466427769,63.6,63.6,47.858758451727596,False
1466427775,63.6,40.1977440009378,40.1977440009378,True
1466427820,63.6,63.6,43.50727393054323,False
1466427837,63.6,63.6,73.0276669136116,False
1466427846,63.6,63.6,54.239412110294715,False
1466427904,65.6,53.030408327681855,53.030408327681855,True
1466427997,65.6,65.6,18.211823289723945,False
1466428027,65.6,65.6,45.176095404916154,False
1466428114,66.5,66.5,43.33120669957462,False
1466428212,66.5,66.5,64.88322234273106,False
1466428294,66.5,66.5,17.81222774412716,False
1466428321,66.5,66.5,66.123221500739,False
1466428340,66.5,23.769370774484443,23.769370774484443,True
1466428378,66.5,76.4999545402462,76.4999545402462,True
1466428463,69.0,5.681628280802653,5.681628280802653,True
1466428551,69.0,15.445211118643465,15.445211118643465,True
1466428575,69.0,36.776820386203525,36.776820386203525,True
1466428593,71.5,27.73312262786176,27.73312262786176,True
1466428682,74.3,74.3,16.252802493361997,False
1466428699,74.3,74.3,58.92539972598259,False
1466428719,74.3,42.46113011644049,42.46113011644049,True
1466428819,75.1,76.55366853150939,76.55366853150939,True
1466428850,75.1,42.38498656019418,42.38498656019418,True
1466428884,75.1,75.1,78.49316223675203,False
1466428973,70.1,22.325258230997807,22.325258230997807,True
1466429006,71.4,71.4,56.879037575241924,False
1466429026,71.4,36.00012332448528,36.00012332448528,True
1466429066,71.4,51.94369653945786,51.94369653945786,True
1466429072,71.4,71.4,5.08575768341454,False
1466429103,71.4,71.4,81.76115055601458,False
1466429110,71.4,71.4,29.11786960404175,False
1466429123,71.4,71.4,6.3217001783450995,False
1466429168,71.4,61.75479856668121,61.75479856668121,True
1466429182,71.4,71.4,76.52678749084915,False
1466429184,71.4,71.4,42.327923596166656,False
1466429197,76.8,76.8,11.569231203434514,False
1466429280,76.8,54.63898294074369,54.63898294074369,True
1466429378,76.8,76.8,48.37860423978181,False
1466429450,76.8,76.8,82.00150684248548,False
1466429455,78.0,78.0,87.17290558769916,False
1466429510,78.0,47.246905173134195,47.246905173134195,True
1466429565,78.0,78.0,15.375894809028802,False
1466429566,78.0,78.0,10.19542555645937,False
1466429592,78.0,78.0,33.570530797650505,False
1466429623,78.0,78.0,5.408186062822668,False
1466429691,78.0,80.04448300420181,80.04448300420181,True
1466429733,78.0,56.85046063205191,56.85046063205191,True
1466429803,78.0,78.0,36.383776862284854,False
1466429832,78.0,74.84047532175637,74.84047532175637,True
1466429905,78.0,78.0,64.55788483742013,False
1466429997,78.7,78.7,28.329494448583155,False
1466430050,78.7,78.7,60.574484254496305,False
1466430088,79.6,32.17563099417046,32.17563099417046,True
1466430174,79.6,41.57573546566069,41.57573546566069,True
1466430247,79.6,19.5018488109471,19.5018488109471,True
1466430344,79.6,30.01297649981512,30.01297649981512,True
1466430375,79.6,79.6,87.89405199317127,False
1466430400,79.6,79.6,56.241295410523364,False
1466430457,79.6,79.6,16.011299826488955,False
1466430483,76.0,79.35309176924777,79.35309176924777,True
1466430517,76.0,76.0,58.73888525057798,False
1466430524,76.0,76.0,21.23818897945282,False
1466430592,76.0,74.92987919944855,74.92987919944855,True
1466430616,76.0,76.0,61.05637610903034,False
1466430631,76.0,76.0,23.60055106856576,False
1466430680,76.0,4.921041441720851,4.921041441720851,True
1466430734,76.0,76.0,58.42088090784016,False
1466430790,76.0,76.0,87.83871468209766,False
1466430815,76.0,36.26396956733121,36.26396956733121,True
1466430895,76.0,76.0,57.43092212899375,False
1466430916,76.0,57.750161048031195,57.750161048031195,True
1466430929,76.0,46.98162353100471,46.98162353100471,True
1466430936,81.2,65.30543570165364,65.30543570165364,True
1466431009,81.2,38.69779471254291,38.69779471254291,True
1466431036,86.3,13.641144210943587,13.641144210943587,True
1466431055,91.4,8.76874530530325,8.76874530530325,True
1466431145,87.5,71.6185834767724,71.6185834767724,True
1466431218,87.5,87.5,43.32942781118494,False
1466431290,90.8,85.90720923107196,85.90720923107196,True
1466431324,90.8,26.731490659101723,26.731490659101723,True
1466431400,90.8,90.8,86.17571419425856,False
1466431450,95.7,57.952616653720746,57.952616653720746,True
1466431526,95.7,95.7,25.17203341323771,False
1466431589,95.1,23.5197617942808,23.5197617942808,True
1466431661,96.9,96.9,72.90672067809359,False
1466431760,97.8,71.38054816107065,71.38054816107065,True
1466431796,97.8,0.277869690545116,0.277869690545116,True
1466431848,97.8,97.8,46.53599170711228,False
1466431879,97.8,17.46904709114521,17.46904709114521,True
1466431954,97.8,34.872686095278034,34.872686095278034,True
1466431958,97.8,97.8,46.78139811777183,False
1466432002,97.8,97.8,18.34688888257503,False
1466432101,97.8,53.84040216765196,53.84040216765196,True
1466432177,97.8,97.8,5.94979164900008,False
1466432194,97.8,97.8,51.57883521106949,False
1466432237,97.8,1.1101406747299645,1.1101406747299645,True
1466432280,97.8,20.194712787260407,20.194712787260407,True
1466432373,97.8,97.8,67.28758081335008,False
1466432389,97.8,97.8,10.549545341545898,False
1466432415,97.8,97.8,60.28397494701746,False
1466432417,97.8,97.8,65.62377718399352,False
1466432506,97.8,97.8,55.05591847685866,False
1466432569,97.8,97.8,33.97117657902694,False
1466432577,97.8,30.451696544341925,30.451696544341925,True
1466432670,99.1,99.1,39.25551713885801,False
1466432706,99.1,99.1,12.480075435525476,False
1466432804,99.1,84.42769974752893,84.42769974752893,True
1466432853,99.1,99.1,63.05819808029667,False
1466432947,99.1,71.3314505452146,71.3314505452146,True
1466433040,99.1,99.1,14.82163432431992,False
1466433128,99.1,23.291718599374576,23.291718599374576,True
1466433145,99.1,99.1,15.936874771367096,False
1466433195,99.1,99.1,83.46305163786558,False
1466433289,99.1,99.1,1.4782863323834197,False
1466433375,99.1,99.1,67.53288053960414,False
1466433427,99.1,69.07253471450868,69.07253471450868,True
1466433478,99.1,99.1,17.80960316786059,False
1466433517,93.9,12.620703410058276,12.620703410058276,True
1466433615,93.9,44.02800940863201,44.02800940863201,True
1466433672,93.9,93.9,77.72934821493685,False
1466433762,93.9,93.9,77.92149061516285,False
1466433809,93.9,93.9,12.390013457979283,False
1466433873,93.9,56.87200676961515,56.87200676961515,True
1466433910,93.9,93.9,53.08967748007132,False
1466433994,93.9,93.9,73.27521267114201,False
1466434003,93.9,88.65229585316196,88.65229585316196,True
1466434045,93.9,72.41266167231365,72.41266167231365,True
1466434096,93.9,93.9,59.17769287891926,False
1466434173,93.9,9.918838537001593,9.918838537001593,True
1466434199,93.9,93.9,5.749217338514257,False
1466434224,93.9,46.18287336997773,46.18287336997773,True
1466434308,93.9,11.707375465663352,11.707375465663352,True
1466434359,93.9,65.46093397860552,65.46093397860552,True
1466434371,93.9,93.9,7.882452295692175,False
1466434457,93.9,10.179454241509486,10.179454241509486,True
1466434498,93.5,93.5,62.671553982961576,False
1466434552,89.9,89.9,36.493204176245555,False
1466434622,89.9,89.9,34.44092800045243,False
1466434691,89.9,73.65392260770929,73.65392260770929,True
1466434718,89.9,89.9,76.56448426486128,False
1466434727,89.9,89.9,59.618509520206395,False
1466434815,89.9,89.9,25.584998681411065,False
1466434892,89.9,20.9828116618826,20.9828116618826,True
1466434915,89.9,7.722817150247892,7.722817150247892,True
1466434946,89.6,89.6,27.20518442695576,False
1466434988,88.9,2.723836655843803,2.723836655843803,True
1466435020,88.9,88.9,5.621958615571082,False
1466435090,89.4,19.71710022799041,19.71710022799041,True
1466435099,89.4,16.211535665063995,16.211535665063995,True
1466435145,89.4,39.228428622521584,39.228428622521584,True
1466435186,89.4,5.089313254591398,5.089313254591398,True
1466435246,89.4,31.59613252230376,31.59613252230376,True
1466435284,89.4,89.4,59.8985959930182,False
1466435327,89.4,89.4,88.05818756965517,False
1466435369,89.4,78.49872322172736,78.49872322172736,True
1466435408,94.1,94.1,47.344674152164245,False
1466435468,94.1,5.22873084609609,5.22873084609609,True
1466435486,94.1,12.061788556051393,12.061788556051393,True
1466435555,94.1,94.1,0.6799101881218312,False
1466435624,94.1,4.923131669680949,4.923131669680949,True
1466435659,94.1,59.3313707827793,59.3313707827793,True
1466435682,94.1,38.07067241868602,38.07067241868602,True
1466435712,94.1,55.29332559022724,55.29332559022724,True
1466435794,94.1,94.1,88.51144662163179,False
1466435878,94.1,94.1,6.088357129536065,False
1466435904,94.1,94.1,80.29406914350972,False
1466435971,94.1,94.1,85.43373069975127,False
1466436041,94.1,94.1,56.64646639826987,False
1466436059,94.1,65.967989032515,65.967989032515,True
1466436093,99.3,99.3,0.868733926559245,False
1466436178,99.3,99.3,39.066107025858734,False
1466436230,99.3,42.608011536659546,42.608011536659546,True
1466436280,101.8,7.619744808953666,7.619744808953666,True
1466436332,101.8,101.8,84.5783285637251,False
1466436333,101.8,101.8,55.0974172586704,False
1466436431,101.8,36.832703425696515,36.832703425696515,True
1466436520,101.8,101.8,44.13168723964525,False
1466436572,101.8,101.8,75.43291075307863,False
1466436647,101.8,26.300806114356927,26.300806114356927,True
1466436655,96.6,5.44522756544728,5.44522756544728,True
1466436727,96.6,96.6,84.18244198611265,False
1466436793,96.6,96.6,61.50448698080555,False
1466436879,97.2,97.2,86.29991843995813,False
1466436880,97.2,97.2,2.163792757197085,False
1466436939,97.2,9.34353628656541,9.34353628656541,True
1466437015,97.9,97.9,58.24508645760464,False
1466437048,97.9,65.09501651431127,65.09501651431127,True
1466437088,97.9,68.88681176273062,68.88681176273062,True
1466437105,97.9,74.80114502768575,74.80114502768575,True
1466437122,97.9,29.89764708711239,29.89764708711239,True
1466437160,97.9,97.9,85.33280359375559,False
1466437232,97.9,59.6614007471037,59.6614007471037,True
1466437321,97.9,97.9,12.291265573509161,False
1466437335,97.9,97.9,25.20954886338124,False
1466437358,93.6,93.6,79.33597183059432,False
1466437441,93.6,10.12416864006189,10.12416864006189,True
1466437480,93.6,71.88791008442657,71.88791008442657,True
1466437561,93.6,78.02162031758314,78.02162031758314,True
1466437653,93.6,93.6,79.33558690280285,False
1466437709,93.6,93.6,76.98668648922542,False
1466437798,89.8,89.8,47.12294179953307,False
1466437869,89.8,62.56975630675035,62.56975630675035,True
1466437952,89.8,89.8,8.610993396523817,False
1466438037,89.8,45.65732247315189,45.65732247315189,True
1466438054,89.8,54.91417227313492,54.91417227313492,True
1466438056,89.8,83.81795406228133,83.81795406228133,True
1466438136,91.1,91.1,8.414569157213558,False
1466438234,91.1,17.830425494776165,17.830425494776165,True
1466438261,91.1,75.01409982087789,75.01409982087789,True
1466438348,94.6,38.464337455311146,38.464337455311146,True
1466438407,94.6,94.6,42.392887049227696,False
1466438422,98.8,31.149952204951095,31.149952204951095,True
1466438476,98.8,72.05491595639582,72.05491595639582,True
1466438571,98.8,98.8,51.549492831077295,False
1466438612,98.8,98.8,11.215875333256417,False
1466438620,98.8,38.71007425444761,38.71007425444761,True
1466438698,98.8,98.8,24.268118762586084,False
1466438747,98.8,98.8,84.43226893159884,False
1466438795,98.8,14.360601694678556,14.360601694678556,True
1466438810,98.8,34.61216359796227,34.61216359796227,True
1466438888,103.7,103.7,68.35524791123254,False
1466438975,103.7,103.7,20.102095458260692,False
1466439000,103.7,3.0748259742283732,3.0748259742283732,True
1466439092,103.7,75.03138722433192,75.03138722433192,True
1466439150,103.7,103.7,38.5574058215128,False
1466439229,103.7,38.90542031812769,38.90542031812769,True
1466439279,103.7,103.7,60.12652992101249,False
1466439328,103.7,103.7,78.97245095597434,False
1466439351,103.7,103.7,6.436196850531644,False
1466439447,103.7,103.7,13.320522897792827,False
1466439466,103.7,23.9892540252145,23.9892540252145,True
1466439480,103.7,46.92079892008979,46.92079892008979,True
1466439560,103.7,103.7,6.75149510104374,False
1466439600,103.7,103.7,5.0897636474165475,False
1466439645,103.7,103.7,6.275175770443787,False
1466439729,103.7,14.743367564124245,14.743367564124245,True
1466439772,103.7,103.7,83.80729094827818,False
1466439827,101.9,47.84339915788414,47.84339915788414,True
1466439849,101.9,62.49255360752569,62.49255360752569,True
1466439910,101.9,84.85274423878876,84.85274423878876,True
1466439990,101.9,101.9,33.96642870245049,False
1466440005,101.9,101.9,7.535646909687828,False
1466440006,101.9,29.68444770203348,29.68444770203348,True
1466440045,101.9,21.31973139684332,21.31973139684332,True
1466440066,101.9,13.593824077245046,13.593824077245046,True
1466440154,101.9,101.9,53.009836227716676,False
1466440214,101.9,20.891643088610405,20.891643088610405,True
1466440226,101.7,101.7,39.12441491402017,False
1466440304,101.7,101.7,31.889281223015864,False
1466440385,101.7,34.463761587907065,34.463761587907065,True
1466440451,101.7,101.7,15.123123621591612,False
1466440521,104.1,80.69745007071575,80.69745007071575,True
1466440581,104.1,104.1,65.60287099837885,False
1466440674,104.1,104.1,36.949405627941566,False
1466440727,104.1,15.38998680854807,15.38998680854807,True
1466440821,102.1,102.1,68.98739527627708,False
1466440827,102.1,47.49546788404831,47.49546788404831,True
1466440897,100.8,2.638460876618669,2.638460876618669,True
1466440923,100.8,100.8,47.24963596345424,False
1466441012,100.8,100.8,7.116373743999607,False
1466441049,100.8,100.8,23.083580107772413,False
1466441147,100.8,83.78073710271686,83.78073710271686,True
1466441213,100.8,100.8,20.49319097078826,False
1466441311,100.8,0.33952564350625913,0.33952564350625913,True
1466441318,100.8,100.8,4.115299378011199,False
1466441418,100.8,100.8,52.15270925745954,False
1466441510,100.8,100.8,54.554815426902344,False
1466441541,100.8,73.06101965817355,73.06101965817355,True
1466441579,101.4,101.4,3.3735501856410064,False
1466441630,101.4,72.28624777013945,72.28624777013945,True
1466441714,101.4,101.4,30.7736849750641,False
1466441724,101.4,101.4,26.494642740449155,False
1466441741,101.4,81.98316364977741,81.98316364977741,True
1466441822,101.4,101.4,58.06501388539807,False
1466441883,101.4,88.75367984302054,88.75367984302054,True
1466441934,101.4,101.4,45.96553161432653,False
1466441947,101.4,101.4,27.28394351821402,False
1466442046,101.4,101.4,83.26491713617729,False
1466442137,99.2,79.88240351835984,79.88240351835984,True
1466442175,99.2,99.2,3.5018698416981664,False
1466442216,98.6,98.6,53.93588060629867,False
1466442284,101.6,101.6,55.96251403463292,False
1466442332,101.6,11.148596071285363,11.148596071285363,True
1466442358,96.6,28.76875135453016,28.76875135453016,True
1466442362,96.6,96.6,83.66881197684656,False
1466442439,96.6,96.6,64.16438746700089,False
1466442490,96.6,62.509739128986006,62.509739128986006,True
1466442498,96.9,54.768420260264534,54.768420260264534,True
1466442508,96.9,60.16130902258641,60.16130902258641,True
1466442518,96.3,96.3,31.381268678593706,False
1466442556,96.3,63.8453090610811,63.8453090610811,True
1466442656,96.3,96.3,77.06016490467304,False
1466442662,95.1,88.16357796253557,88.16357796253557,True
1466442703,95.1,18.59380640487517,18.59380640487517,True
1466442768,95.1,95.1,33.247795410326034,False
1466442788,95.1,41.38107956964756,41.38107956964756,True
1466442886,95.1,95.1,70.4800918484459,False
1466442980,95.1,95.1,16.999158827945852,False
1466443000,95.1,37.58096308114863,37.58096308114863,True
1466443029,96.7,96.7,61.18528430387357,False
1466443038,96.7,16.967267615099907,16.967267615099907,True
1466443089,96.7,31.15121066268399,31.15121066268399,True
1466443162,96.7,96.7,54.19771974672251,False
1466443201,96.7,96.7,30.48864632418634,False
1466443219,96.7,5.5201195917479176,5.5201195917479176,True
1466443263,96.7,86.83023951775763,86.83023951775763,True
1466443350,96.7,58.56905396572546,58.56905396572546,True
1466443373,96.7,28.8846211786785,28.8846211786785,True
1466443392,96.7,96.7,5.598823448896856,False
1466443402,96.7,86.89954225777528,86.89954225777528,True
1466443486,96.7,49.16047044645389,49.16047044645389,True
1466443511,96.7,86.39136107687752,86.39136107687752,True
1466443584,96.7,96.7,50.41463556413465,False
1466443677,96.7,96.7,58.66750829958352,False
1466443725,99.6,56.0699457566186,56.0699457566186,True
1466443727,99.6,53.50426568788915,53.50426568788915,True
1466443750,99.6,99.6,73.92507885932716,False
1466443761,99.6,1.8915420986006342,1.8915420986006342,True
1466443808,94.6,0.6318196975978676,0.6318196975978676,True
1466443861,94.6,63.577559319447325,63.577559319447325,True
1466443929,94.6,94.6,40.02382518230843,False
1466443986,94.6,94.6,68.51133294923024,False
1466444043,94.6,94.6,76.64383817463778,False
1466444110,94.6,94.6,13.023869642198612,False
1466444192,94.6,94.6,56.18189126070539,False
1466444287,94.6,54.3683962374163,54.3683962374163,True
1466444294,94.6,94.6,55.34993067680283,False
1466444366,94.6,94.6,49.83210964732999,False
1466444466,94.6,67.65026089620432,67.65026089620432,True
1466444505,94.6,94.6,16.965948719032312,False
1466444556,94.6,94.6,47.51403201983689,False
1466444624,94.6,30.24842175674295,30.24842175674295,True
1466444663,94.6,25.975848277329263,25.975848277329263,True
1466444685,94.6,94.6,50.57819995231296,False
1466444756,94.6,94.6,77.13670097171989,False
1466444781,94.6,94.6,59.538441741386116,False
1466444840,94.6,94.6,57.090435315455586,False
1466444854,94.6,7.715914375750648,7.715914375750648,True
1466444860,99.2,17.7182351946609,17.7182351946609,True
1466444959,96.3,84.11646752159574,84.11646752159574,True
1466445058,96.3,96.3,12.522944239896876,False
1466445107,96.3,24.915218669634577,24.915218669634577,True
1466445165,96.3,28.82846651365833,28.82846651365833,True
1466445170,96.3,96.3,87.29105923348015,False
1466445173,101.3,101.3,1.757307631136757,False
1466445247,95.7,95.7,54.07043237292469,False
1466445305,95.7,95.7,27.139541764851913,False
1466445333,95.7,46.30091407388169,46.30091407388169,True
1466445356,95.7,95.7,61.86255927463431,False
1466445430,95.7,95.7,65.58619816497007,False
1466445491,95.7,21.56363927116422,21.56363927116422,True
1466445497,95.7,95.7,47.58017946299518,False
1466445514,91.6,49.20381681124324,49.20381681124324,True
1466445549,91.6,91.6,13.81554498297875,False
1466445640,91.6,60.317694850632954,60.317694850632954,True
1466445648,91.6,57.970062104530776,57.970062104530776,True
1466445739,91.6,21.533303307680352,21.533303307680352,True
1466445814,91.6,91.6,1.9173014494378147,False
1466445879,91.6,91.6,84.97146557982413,False
1466445909,91.6,47.06758740533928,47.06758740533928,True
1466445965,91.6,65.1855451270625,65.1855451270625,True
1466446021,91.6,91.6,13.058887076323344,False
1466446045,91.6,78.30792448315998,78.30792448315998,True
1466446071,97.2,97.2,30.10313807192254,False
1466446120,97.2,97.2,45.5947343781644,False
1466446168,97.2,29.569174055848524,29.569174055848524,True
1466446253,99.6,99.6,44.748404995538486,False
1466446302,99.6,99.6,5.304942267726228,False
1466446389,99.6,25.307870254846577,25.307870254846577,True
1466446404,103.2,69.06219245327242,69.06219245327242,True
1466446494,103.2,103.2,73.67225490174496,False
1466446594,99.0,33.09022861091945,33.09022861091945,True
1466446643,99.0,99.0,42.109641943196735,False
1466446669,93.6,93.6,13.257848362643859,False
1466446690,93.6,93.6,16.363718094668283,False
1466446735,93.6,82.55454357685345,82.55454357685345,True
1466446766,93.6,53.58386804505558,53.58386804505558,True
1466446852,94.1,72.58557519035617,72.58557519035617,True
1466446902,94.1,19.577935979837147,19.577935979837147,True
1466446945,94.1,94.1,26.75799891341326,False
1466446987,94.1,94.1,80.67339303540578,False
1466447036,90.0,60.89876348808667,60.89876348808667,True
1466447112,90.0,90.0,82.95905612597409,False
1466447129,90.0,90.0,66.03480505219952,False
1466447189,90.0,33.399216932399035,33.399216932399035,True
1466447224,86.3,78.76638071076229,78.76638071076229,True
1466447270,86.3,7.638900771832727,7.638900771832727,True
1466447272,86.3,86.3,69.82850658034272,False
1466447348,82.7,82.7,18.278152866002735,False
1466447359,82.7,40.6021170404877,40.6021170404877,True
1466447388,82.7,46.834087975760056,46.834087975760056,True
1466447390,82.7,82.7,29.503768569595085,False
1466447425,82.7,60.48648450944894,60.48648450944894,True
1466447463,81.2,81.2,18.92838991922505,False
1466447485,81.2,81.2,46.061028431525486,False
1466447545,81.2,38.906492999427755,38.906492999427755,True
1466447553,81.2,3.120241436349488,3.120241436349488,True
1466447554,81.2,81.2,41.22335496427914,False
1466447573,81.2,24.529189642927026,24.529189642927026,True
1466447634,81.2,81.2,71.03925537393206,False
1466447695,81.2,84.67724938811746,84.67724938811746,True
1466447762,81.2,81.2,73.8215705437907,False
1466447844,84.7,40.020738731757426,40.020738731757426,True
1466447885,84.7,64.11526050296217,64.11526050296217,True
1466447943,87.1,13.839489950802248,13.839489950802248,True
1466447956,87.1,61.008383635484016,61.008383635484016,True
1466448041,87.1,87.1,32.67179039662548,False
1466448140,90.8,90.8,47.60364617000629,False
1466448215,90.8,79.87655257942916,79.87655257942916,True
1466448270,90.8,30.40147044827991,30.40147044827991,True
1466448302,90.8,26.2793282934262,26.2793282934262,True
1466448368,91.2,55.59791537178624,55.59791537178624,True
1466448422,87.6,87.6,5.965975114615421,False
1466448517,87.6,87.6,81.47510269750498,False
1466448614,87.6,35.41317394858332,35.41317394858332,True
1466448701,87.6,17.678996993171676,17.678996993171676,True
1466448743,87.6,87.6,81.53141132420787,False
1466448805,87.6,71.21544530486017,71.21544530486017,True
1466448844,87.6,87.6,52.06085677954103,False
1466448896,87.6,87.6,75.0101016423996,False
1466448984,87.6,87.6,48.86116418231754,False
1466449031,87.6,33.30846618605896,33.30846618605896,True
1466449045,87.6,87.6,23.47704055664654,False
1466449099,88.5,86.2972490295715,86.2972490295715,True
1466449171,88.5,49.92605801120969,49.92605801120969,True
1466449261,88.5,88.5,85.74892650531933,False
1466449280,88.5,88.5,11.397970355667892,False
1466449359,88.5,88.5,5.001797220234993,False
1466449442,88.5,60.98958594460604,60.98958594460604,True
1466449496,88.5,88.5,25.15628934850732,False
1466449537,88.5,88.5,80.24900718982747,False
1466449555,88.5,88.5,25.027811622517184,False
1466449629,88.5,88.5,11.000203642255414,False
1466449635,85.7,71.0934843335436,71.0934843335436,True
1466449721,85.7,39.34184992343477,39.34184992343477,True
1466449772,85.7,85.7,36.98389021258682,False
1466449872,85.7,85.7,16.040542018848903,False
1466449873,85.7,24.745182356320694,24.745182356320694,True
1466449884,85.7,85.7,68.78884976589144,False
1466449937,85.7,85.7,31.31480474505714,False
1466449953,85.7,3.7145438469950296,3.7145438469950296,True
1466449959,85.7,85.7,41.42755859696473,False
1466449961,85.7,26.806797319919063,26.806797319919063,True
1466450018,85.7,27.47465624901216,27.47465624901216,True
1466450075,85.7,47.61330422088303,47.61330422088303,True
1466450150,85.7,16.290637340927706,16.290637340927706,True
1466450177,83.2,83.2,80.86657613514451,False
1466450255,83.2,83.2,28.6355436323583,False
1466450343,83.2,59.68987047273776,59.68987047273776,True
1466450348,83.2,83.2,27.098654200705393,False
1466450401,83.2,38.56973331974456,38.56973331974456,True
1466450433,80.9,80.9,7.9862053887316105,False
1466450507,80.9,80.9,58.46403715127743,False
1466450536,80.9,80.9,32.49160058674552,False
1466450627,80.9,19.61183629620148,19.61183629620148,True
1466450723,80.9,80.9,27.25572252215196,False
1466450817,80.9,86.02268292304532,86.02268292304532,True
1466450900,80.9,80.9,27.54154193716236,False
1466450902,78.9,78.9,6.617294710606919,False
1466450971,79.1,79.1,66.28367445950634,False
1466451016,79.1,79.1,59.64136954103328,False
1466451023,79.1,79.1,48.663306884641784,False
1466451073,79.1,79.1,79.02622455641148,False
1466451166,77.7,3.3865782837093423,3.3865782837093423,True
1466451231,77.7,64.29283715390687,64.29283715390687,True
1466451245,72.3,72.3,33.60402985382678,False
1466451293,72.3,67.25809064739391,67.25809064739391,True
1466451295,72.3,72.3,55.3237246555458,False
1466451378,72.3,72.3,27.718636075778456,False
1466451445,72.3,68.34944993745387,68.34944993745387,True
1466451508,72.3,48.283383542258726,48.283383542258726,True
1466451599,72.3,79.60722255066504,79.60722255066504,True
1466451686,72.3,72.3,46.01128419410303,False
1466451761,72.3,72.3,3.5546460508975453,False
1466451857,72.3,58.80753044141204,58.80753044141204,True
1466451909,72.3,72.3,32.37845405649312,False
1466451919,72.3,72.3,70.67377355242593,False
1466452006,72.3,72.3,76.13338778332103,False
1466452035,72.3,8.134792636533964,8.134792636533964,True
1466452039,72.3,72.3,52.26105618663047,False
1466452104,72.3,73.42729014767568,73.42729014767568,True
1466452167,72.3,10.238767597185698,10.238767597185698,True
1466452238,72.3,51.561275243698766,51.561275243698766,True
1466452313,72.3,39.22789619685123,39.22789619685123,True
1466452339,72.3,72.3,79.0012519291081,False
1466452419,72.3,44.138926656982704,44.138926656982704,True
1466452424,72.3,2.9797454108709704,2.9797454108709704,True
1466452435,72.3,72.3,1.7527978441391783,False
1466452531,72.3,72.3,26.439810705227877,False
1466452584,72.3,72.3,0.3866738130093428,False
1466452625,72.3,58.07191881271075,58.07191881271075,True
1466452676,72.3,72.3,9.66026103529312,False
1466452752,74.0,74.0,70.01168970779048,False
1466452796,74.0,74.0,63.59104662777342,False
1466452825,68.8,88.68271087477193,88.68271087477193,True
1466452860,68.8,68.8,47.70864391091796,False
1466452960,68.8,1.6262217203625884,1.6262217203625884,True
1466452979,68.8,68.8,67.4849244666754,False
1466453002,68.8,68.8,38.299431756224436,False
1466453016,68.8,68.8,39.64884836267362,False
1466453025,68.8,68.8,65.24524742662699,False
1466453089,68.8,68.8,88.94887813738109,False
1466453141,68.8,84.97367398918276,84.97367398918276,True
1466453154,68.8,68.8,23.15350434676837,False
1466453184,68.8,68.8,0.10457770391352328,False
1466453202,68.8,68.8,15.59243464951131,False
1466453203,68.8,68.8,76.10177836591976,False
1466453222,68.8,65.7269460407414,65.7269460407414,True
1466453321,68.8,31.769952788260525,31.769952788260525,True
1466453379,72.8,72.8,77.87826820407308,False
1466453392,72.8,58.608168536273,58.608168536273,True
1466453422,72.8,72.8,39.612529545081074,False
1466453502,72.8,72.8,15.531253769022321,False
1466453518,72.8,72.8,51.84095353211048,False
1466453563,68.3,70.93737138995371,70.93737138995371,True
1466453604,68.3,53.07050865151772,53.07050865151772,True
1466453639,69.4,88.25044992419532,88.25044992419532,True
1466453705,69.4,69.4,84.13147170443162,False
1466453795,69.4,70.65947544667232,70.65947544667232,True
1466453816,69.4,25.262252742240474,25.262252742240474,True
1466453870,69.4,69.4,18.68689367449901,False
1466453910,69.4,5.7728784149286465,5.7728784149286465,True
1466454002,69.4,69.4,46.334090843815204,False
1466454051,70.3,55.43974393964526,55.43974393964526,True
1466454087,70.3,70.3,48.74841149895825,False
1466454129,70.3,16.488314140701593,16.488314140701593,True
1466454227,70.3,70.3,17.917677283276266,False
1466454259,70.3,70.3,74.443569480694,False
1466454262,70.3,70.3,74.28785364427081,False
1466454298,70.3,70.3,50.01733817650987,False
1466454388,70.3,6.239318901668628,6.239318901668628,True
1466454399,70.3,43.01908157481989,43.01908157481989,True
1466454473,70.3,44.47911752264916,44.47911752264916,True
1466454529,70.3,70.3,3.9732317630194856,False
1466454559,70.3,40.17411659773986,40.17411659773986,True
1466454648,70.3,70.3,73.60856675307751,False
1466454745,68.2,68.2,50.35635688620248,False
1466454763,68.2,68.2,34.30235969270259,False
1466454851,68.2,9.870163530718683,9.870163530718683,True
1466454936,68.2,78.91004534234426,78.91004534234426,True
1466454949,68.2,68.2,69.26883911105584,False
1466455032,68.2,0.3303916027942303,0.3303916027942303,True
1466455065,68.2,68.2,49.84821583316231,False
1466455119,68.2,57.80391620049065,57.80391620049065,True
1466455172,68.2,68.2,61.22760746502567,False
1466455196,63.2,72.28557032349178,72.28557032349178,True
1466455271,63.2,61.46655913016525,61.46655913016525,True
1466455357,63.2,63.2,64.75336110647376,False
1466455361,58.2,35.03177221171669,35.03177221171669,True
1466455394,58.2,58.2,68.0097158621654,False
1466455475,58.2,58.2,16.05426502495433,False
1466455497,58.2,58.2,86.19666827983177,False
1466455561,58.2,88.76092236147151,88.76092236147151,True
1466455575,58.2,49.39786294089219,49.39786294089219,True
1466455587,58.2,40.3618868777135,40.3618868777135,True
1466455651,59.0,59.0,1.773772456194847,False
1466455658,59.0,59.0,85.32991523565079,False
1466455732,59.0,31.48026579480401,31.48026579480401,True
1466455812,59.0,40.65460409262527,40.65460409262527,True
1466455910,59.0,3.7813826815057205,3.7813826815057205,True
1466455951,59.0,15.365568742812904,15.365568742812904,True
1466455999,59.0,77.09191115772663,77.09191115772663,True
1466456054,59.0,59.0,24.923859459519324,False
1466456058,55.8,55.8,53.94566166897482,False
1466456074,55.8,55.8,88.12212946416236,False
1466456088,55.8,55.8,68.93273049348088,False
1466456118,55.8,55.8,79.54667258440386,False
1466456218,55.8,55.8,20.03446677334799,False
1466456265,55.1,55.1,67.1250052458955,False
1466456270,60.6,60.6,12.292434499848053,False
1466456312,59.0,59.0,19.621934149662888,False
1466456346,59.0,59.0,53.05885771583216,False
1466456374,61.0,61.0,85.97792088548847,False
1466456406,61.0,61.0,72.94724777720106,False
1466456482,62.8,55.86058399091743,55.86058399091743,True
1466456512,62.8,62.8,8.763362179674342,False
1466456610,61.6,61.6,37.98108371626523,False
1466456683,61.6,61.6,67.35373113201337,False
1466456768,61.6,88.62278720750159,88.62278720750159,True
1466456856,61.6,61.6,28.083888261088944,False
1466456927,57.0,53.833042876304624,53.833042876304624,True
1466457014,57.0,52.97680846568422,52.97680846568422,True
1466457032,57.0,57.0,40.74664373353087,False
1466457067,57.0,46.47724951654253,46.47724951654253,True
1466457157,57.0,57.0,72.62658420043215,False
1466457215,57.3,57.3,67.94277631871786,False
1466457267,57.3,38.61285079099265,38.61285079099265,True
1466457357,57.3,57.3,21.142018494462675,False
1466457434,57.3,57.21472186607434,57.21472186607434,True
1466457487,57.3,56.84966406718785,56.84966406718785,True
1466457559,57.3,11.112191079127061,11.112191079127061,True
1466457603,57.3,57.3,3.192085333531712,False
1466457671,57.3,40.04736352098297,40.04736352098297,True
1466457713,57.3,75.40128876852899,75.40128876852899,True
1466457745,59.9,59.9,43.42536875815843,False
1466457782,59.9,59.9,84.90599085986841,False
1466457802,59.9,59.9,81.37317080172832,False
1466457817,59.9,59.9,45.536605456527774,False
1466457865,59.9,59.9,86.33566792677524,False
1466457884,59.9,21.129724412804567,21.129724412804567,True
1466457885,59.9,59.9,81.11123964837836,False
1466457917,59.9,59.9,25.68388528019199,False
1466457973,64.7,43.26426231822503,43.26426231822503,True
1466458045,64.7,64.7,13.837272881767378,False
1466458135,64.7,64.7,46.74046235810515,False
1466458151,64.7,64.7,78.2550130223318,False
1466458230,61.8,61.8,41.794654838011944,False
1466458324,61.8,61.8,57.959767520558174,False
1466458362,61.8,61.8,84.71168594279837,False
1466458438,61.8,61.8,83.36053418520498,False
1466458454,57.4,57.4,64.29338477205872,False
1466458496,57.4,71.52994868059467,71.52994868059467,True
1466458509,57.4,57.4,26.323028884809176,False
1466458580,59.4,59.4,9.633970417641684,False
1466458590,60.4,60.4,16.253908140158757,False
1466458626,63.1,63.1,36.50245497524881,False
1466458642,63.1,67.45902181985376,67.45902181985376,True
1466458665,66.9,69.95426186424467,69.95426186424467,True
1466458694,66.9,66.9,38.37386459057116,False
1466458762,66.9,66.9,64.09844827147936,False
1466458793,66.9,66.9,79.31112427270894,False
1466458824,66.9,66.9,39.0739982369306,False
1466458906,66.4,72.43966811581592,72.43966811581592,True
1466458982,70.1,11.677449748533256,11.677449748533256,True
1466459068,70.1,36.82704744056768,36.82704744056768,True
1466459159,70.1,37.52986034393708,37.52986034393708,True
1466459184,70.1,70.1,11.424164340758988,False
1466459273,70.1,70.1,60.00382732639277,False
1466459372,70.1,70.1,28.366338553978427,False
1466459415,71.9,71.9,47.67975132419535,False
1466459483,67.4,67.4,53.17339880048745,False
1466459504,71.2,71.2,12.397459191681275,False
1466459588,71.2,30.9063602187424,30.9063602187424,True
1466459595,71.2,0.5858921383024662,0.5858921383024662,True
1466459673,71.7,71.7,71.416438233432,False
1466459726,71.7,71.7,82.61018426186824,False
1466459800,71.7,59.00229300050969,59.00229300050969,True
1466459857,72.4,72.4,23.817697525134584,False
1466459887,75.4,75.4,8.336190909493439,False
1466459913,75.4,75.4,82.82023243346609,False
1466459974,76.1,76.1,4.519827673989383,False
1466459995,80.6,80.6,78.44149680779407,False
1466460001,80.6,52.45529627312149,52.45529627312149,True
1466460054,80.6,82.87736963228595,82.87736963228595,True
1466460130,80.6,27.95587891418267,27.95587891418267,True
1466460215,80.6,61.66232778517996,61.66232778517996,True
1466460252,80.6,36.354410036800246,36.354410036800246,True
1466460272,80.6,49.48694668447742,49.48694668447742,True
1466460346,80.6,11.641680680138855,11.641680680138855,True
1466460440,80.6,21.124067568749613,21.124067568749613,True
1466460461,80.6,80.6,50.585713419493416,False
1466460528,80.6,80.6,3.110594777763833,False
1466460610,80.6,38.96974394911377,38.96974394911377,True
1466460630,80.6,80.6,73.02229382132671,False
1466460691,80.6,44.367499375235184,44.367499375235184,True
1466460706,80.9,80.9,21.03783558005927,False
1466460739,78.5,52.77088004750304,52.77088004750304,True
1466460765,78.5,4.700501270246862,4.700501270246862,True
1466460795,78.5,78.5,75.8353461226566,False
1466460877,77.2,74.72045128074754,74.72045128074754,True
1466460973,77.2,77.2,3.1575100165383216,False
1466461009,80.6,80.6,65.44425250311147,False
1466461027,84.9,2.2418053805945646,2.2418053805945646,True
1466461032,84.9,86.11065307665713,86.11065307665713,True
1466461096,80.1,37.173505226757406,37.173505226757406,True
1466461169,80.1,13.565192537173061,13.565192537173061,True
1466461256,80.1,80.1,77.73490336240879,False
1466461351,80.1,84.1294683602435,84.1294683602435,True
1466461451,80.1,80.1,45.331550503640074,False
1466461531,75.9,75.9,55.381730989969014,False
1466461568,80.7,80.7,40.77380327079223,False
1466461583,80.7,80.7,58.493139691907885,False
1466461647,80.7,56.104663748350745,56.104663748350745,True
1466461703,77.0,0.844540243167428,0.844540243167428,True
1466461794,81.2,2.0648217213729323,2.0648217213729323,True
1466461813,81.2,81.2,10.956821984763701,False
1466461910,81.2,0.4211103536868409,0.4211103536868409,True
1466461988,81.2,81.2,21.714647055538876,False
1466462056,81.2,28.24833519557088,28.24833519557088,True
1466462101,81.2,81.2,14.332762783641725,False
1466462155,81.2,81.2,55.127296010186555,False
1466462215,81.2,88.83438131336808,88.83438131336808,True
1466462278,81.2,81.2,39.57816831301318,False
1466462368,81.2,15.802536851655223,15.802536851655223,True
1466462412,81.2,3.339596902743376,3.339596902743376,True
1466462512,81.2,65.53819290012652,65.53819290012652,True
1466462594,81.2,81.2,88.77880562657964,False
1466462671,84.8,84.8,44.58217065220993,False
1466462716,84.8,84.8,52.177284002293476,False
1466462746,81.8,81.8,49.55288534997793,False
1466462782,76.3,22.16187933680995,22.16187933680995,True
1466462820,76.3,66.06766199022213,66.06766199022213,True
1466462833,76.3,16.647090547219847,16.647090547219847,True
1466462842,76.3,79.47987085034556,79.47987085034556,True
1466462850,76.3,71.40506723113828,71.40506723113828,True
1466462941,75.9,75.9,32.264889190021826,False
1466463026,74.9,74.9,57.764632654060286,False
1466463117,72.7,72.7,55.38022655791002,False
1466463139,72.7,72.7,85.05417109546171,False
