1466410104,113.3,71.10567360402217,71.10567360402217,True
1466410114,113.3,22.399807068986267,22.399807068986267,True
1466410130,113.3,113.3,89.24071309444237,False
1466410181,115.8,115.8,22.67719127107005,False
1466410203,115.8,37.479987057526806,37.479987057526806,True
1466410250,115.8,115.8,93.96493969961419,False
1466410309,115.8,115.8,129.02010323896107,False
1466410397,115.8,115.8,109.73819421187909,False
1466410430,115.8,90.86478736793009,90.86478736793009,True
1466410469,115.8,115.8,51.08485657488363,False
1466410483,115.8,115.8,57.8130416166213,False
1466410498,115.8,115.8,14.728109686719684,False
1466410502,115.8,124.08841906917536,124.08841906917536,True
1466410532,123.0,123.0,76.02281878170658,False
1466410541,126.3,40.71085304271894,40.71085304271894,True
1466410573,126.3,126.3,125.40351157325478,False
1466410630,123.0,123.0,136.0465325430389,False
1466410653,123.0,4.737362767651491,4.737362767651491,True
1466410746,123.0,123.0,74.93195677847643,False
1466410814,123.0,98.51824725340389,98.51824725340389,True
1466410890,123.0,3.137700493544065,3.137700493544065,True
1466410902,123.0,5.458951154783276,5.458951154783276,True
1466410978,123.0,128.83708771685767,128.83708771685767,True
1466411008,123.0,123.0,51.4539102089272,False
1466411066,123.0,136.84561980305293,136.84561980305293,True
1466411094,123.0,123.0,116.27212691117695,False
1466411157,123.0,95.74191198822287,95.74191198822287,True
1466411223,123.0,94.89690419035468,94.89690419035468,True
1466411226,129.2,129.2,122.65509112015592,False
1466411272,137.0,59.00862683271089,59.00862683271089,True
1466411303,137.0,137.0,138.02347681048238,False
1466411318,137.0,137.0,40.44708132086363,False
1466411396,137.0,137.0,128.26984460871822,False
1466411493,137.0,104.19601398600409,104.19601398600409,True
1466411549,137.0,137.0,114.57538650019163,False
1466411560,137.0,137.0,96.72831810635675,False
1466411626,137.0,87.58354745797511,87.58354745797511,True
1466411723,137.0,137.0,34.551666487027745,False
1466411763,137.0,137.0,46.28948109797766,False
1466411785,132.1,89.3576165832367,89.3576165832367,True
1466411854,126.7,126.7,79.65140998208877,False
1466411889,126.7,126.7,10.758996196846535,False
1466411988,126.7,115.39752039958843,115.39752039958843,True
1466412022,126.7,36.124662678195726,36.124662678195726,True
1466412046,127.0,130.7877009945017,130.7877009945017,True
1466412076,127.0,3.2373329803306405,3.2373329803306405,True
1466412152,127.0,127.0,1.4676974124061826,False
1466412181,127.0,6.084234262676172,6.084234262676172,True
1466412201,127.0,127.0,85.70147316690955,False
1466412260,121.4,121.4,44.33967438559806,False
1466412347,112.4,112.4,93.10414152282152,False
1466412360,112.4,112.4,136.27391530587093,False
1466412438,112.4,112.4,77.41802071811631,False
1466412521,112.4,3.0171634365319266,3.0171634365319266,True
1466412599,112.4,112.4,96.77989825370233,False
1466412639,112.4,108.70553120959163,108.70553120959163,True
1466412691,112.4,112.4,81.52095886540224,False
1466412747,112.4,80.11381271367247,80.11381271367247,True
1466412794,112.4,123.33346822710867,123.33346822710867,True
1466412819,112.4,70.8458197566604,70.8458197566604,True
1466412832,112.4,23.14336736155725,23.14336736155725,True
1466412874,112.4,41.154404187841806,41.154404187841806,True
1466412943,112.4,10.948770245310051,10.948770245310051,True
1466412971,112.4,124.9654946150811,124.9654946150811,True
1466412990,112.4,50.19462371766879,50.19462371766879,True
1466413028,112.4,113.58617854747486,113.58617854747486,True
1466413053,105.4,3.49781145259419,3.49781145259419,True
1466413125,105.4,105.4,9.522744472685993,False
1466413200,105.4,105.4,102.6486313495132,False
1466413264,97.6,67.96597346332297,67.96597346332297,True
1466413311,97.6,66.64294910498337,66.64294910498337,True
1466413342,97.6,107.42499434675388,107.42499434675388,True
1466413440,97.6,97.6,97.31314982922507,False
1466413458,97.6,66.01292586449156,66.01292586449156,True
1466413529,97.6,97.6,93.92976753620503,False
1466413542,97.6,129.38421095070066,129.38421095070066,True
1466413638,97.6,85.38020166489072,85.38020166489072,True
1466413672,97.6,97.6,80.30264453413838,False
1466413733,97.6,92.35773730398769,92.35773730398769,True
1466413779,103.1,127.64847292708293,127.64847292708293,True
1466413780,108.4,108.4,138.71472228006564,False
1466413864,108.4,112.32513538676632,112.32513538676632,True
1466413885,108.4,79.12549396023094,79.12549396023094,True
1466413946,108.4,108.4,63.2702394646502,False
1466414033,108.4,108.4,20.546756903618647,False
1466414071,118.0,118.0,22.32010037510084,False
1466414164,118.0,52.1869719630111,52.1869719630111,True
1466414225,118.0,118.0,111.46697369025894,False
1466414312,118.0,115.06511565579183,115.06511565579183,True
1466414325,118.0,118.0,67.20684414128105,False
1466414328,118.0,118.0,50.66231954869965,False
1466414329,118.0,67.49420223246923,67.49420223246923,True
1466414402,118.0,118.0,53.923865831736826,False
1466414407,118.0,118.0,47.460220174351626,False
1466414413,118.0,4.2729815114824445,4.2729815114824445,True
1466414460,112.0,112.0,16.422415429565074,False
1466414552,112.0,112.0,2.1208245112801998,False
1466414602,112.0,112.0,107.80338683571385,False
1466414662,112.0,112.0,10.540132724560484,False
1466414746,112.0,112.0,48.05841891240199,False
1466414844,112.0,117.07605407262672,117.07605407262672,True
1466414943,110.0,42.17503018593649,42.17503018593649,True
1466414946,110.0,24.007006116328196,24.007006116328196,True
1466414966,110.0,22.592281333808167,22.592281333808167,True
1466415038,110.0,110.0,34.441685543877554,False
1466415106,110.0,110.0,125.45751418796536,False
1466415130,110.0,45.92925317637037,45.92925317637037,True
1466415145,110.0,25.226474423124962,25.226474423124962,True
1466415202,110.0,110.0,43.36671538968861,False
1466415239,110.0,126.56762230982787,126.56762230982787,True
1466415249,110.0,67.97669678313999,67.97669678313999,True
1466415308,110.0,85.05588555776566,85.05588555776566,True
1466415357,110.0,121.88454092127618,121.88454092127618,True
1466415404,110.0,110.0,112.66682078822669,False
1466415469,110.0,46.09278807391236,46.09278807391236,True
1466415548,110.0,110.0,14.414277415998042,False
1466415588,110.0,110.0,134.6098478471621,False
1466415627,110.0,110.0,86.24352743445645,False
1466415719,110.0,7.029667279006737,7.029667279006737,True
1466415767,109.3,111.93053749556056,111.93053749556056,True
1466415860,109.3,103.20520697164653,103.20520697164653,True
1466415872,105.9,74.60974410584706,74.60974410584706,True
1466415914,105.9,121.79312535963282,121.79312535963282,True
1466415934,105.9,105.9,131.87773254996014,False
1466415988,105.9,31.03390703105643,31.03390703105643,True
1466416004,105.9,47.726327608632694,47.726327608632694,True
1466416050,99.4,99.4,128.52256815806888,False
1466416150,99.4,99.4,64.33478841234796,False
1466416161,99.4,94.57010920378679,94.57010920378679,True
1466416215,99.4,115.26093419965635,115.26093419965635,True
1466416315,99.4,99.4,94.06830422260443,False
1466416321,99.4,99.86254655684235,99.86254655684235,True
1466416393,99.4,105.3828012787876,105.3828012787876,True
1466416440,99.8,137.65086653076037,137.65086653076037,True
1466416510,99.8,89.79350243466483,89.79350243466483,True
1466416541,99.8,99.8,137.89542911526271,False
1466416631,105.7,4.467259695216783,4.467259695216783,True
1466416671,105.7,58.442139195767055,58.442139195767055,True
1466416725,105.7,117.91920561608204,117.91920561608204,True
1466416815,105.7,105.7,12.917043566624931,False
1466416867,105.7,105.7,61.75105641424111,False
1466416933,105.7,105.7,69.64007813531083,False
1466416963,101.6,101.6,84.0321690300344,False
1466417034,96.8,51.03155693506203,51.03155693506203,True
1466417069,96.8,61.703473272113065,61.703473272113065,True
1466417095,97.4,97.4,33.10248488339642,False
1466417123,97.4,97.4,97.53620671703723,False
1466417219,104.2,104.2,132.44605904064636,False
1466417228,104.2,104.2,6.631470166097463,False
1466417235,104.2,62.47488000902193,62.47488000902193,True
1466417266,104.2,104.2,75.1716523854522,False
1466417298,104.2,12.633421106668662,12.633421106668662,True
1466417382,104.2,104.2,89.05747523208277,False
1466417429,104.2,104.2,63.08700971910226,False
1466417434,104.2,72.76203630382982,72.76203630382982,True
1466417513,104.2,104.2,36.702623024583886,False
1466417598,104.2,107.5119154551843,107.5119154551843,True
1466417615,104.2,104.2,118.19688957457242,False
1466417654,112.7,112.7,75.44476623112558,False
1466417749,112.7,112.7,114.64873876489082,False
1466417763,112.7,112.7,33.362082895325905,False
1466417822,112.7,112.7,31.866986337226223,False
1466417851,107.5,107.5,108.71000889926147,False
1466417855,102.2,102.2,39.37094620095891,False
1466417879,102.2,21.706955240606813,21.706955240606813,True
1466417895,102.2,102.2,124.82696457910569,False
1466417969,102.2,102.2,86.09933268242025,False
1466418049,102.2,102.2,18.8552157966983,False
1466418118,102.2,102.2,46.248733568302704,False
1466418129,102.2,46.456922816890106,46.456922816890106,True
1466418179,102.2,102.2,127.71945010124354,False
1466418254,102.2,7.693275465084753,7.693275465084753,True
1466418332,102.2,102.2,116.62844741188773,False
1466418428,102.2,102.2,70.08878617307175,False
1466418494,102.2,102.2,88.67805858324877,False
1466418554,102.2,124.60469704753217,124.60469704753217,True
1466418563,102.2,102.2,113.58769705430426,False
1466418564,102.2,102.2,62.25594964763606,False
1466418594,110.9,110.9,54.376302159373516,False
1466418674,110.9,119.43576859415121,119.43576859415121,True
1466418748,110.9,110.9,100.83267567223763,False
1466418847,110.9,112.08365311112262,112.08365311112262,True
1466418877,110.9,110.9,117.48028832394937,False
1466418917,102.3,102.3,28.81068475397044,False
1466418938,102.3,102.3,68.10516640847197,False
1466419031,102.3,102.3,24.891198160497062,False
1466419058,102.3,87.18071256603682,87.18071256603682,True
1466419104,102.3,126.04558584054949,126.04558584054949,True
1466419166,97.4,97.4,124.88973493694394,False
1466419261,95.2,95.2,74.40659457827677,False
1466419349,95.2,95.2,93.79446008835104,False
1466419442,104.7,104.7,31.823622919269166,False
1466419530,104.7,44.55668142550609,44.55668142550609,True
1466419595,104.7,88.81588056768852,88.81588056768852,True
1466419646,104.7,104.7,129.8756214383297,False
1466419737,104.7,104.7,54.81630389188939,False
1466419826,111.8,60.359704598263306,60.359704598263306,True
1466419880,111.8,2.396443112907236,2.396443112907236,True
1466419911,111.8,111.8,123.44003510348576,False
1466419938,119.4,13.535543945673027,13.535543945673027,True
1466420016,119.4,119.4,131.86329724428762,False
1466420019,119.4,119.4,119.67183770157071,False
1466420108,119.4,119.4,136.48333683935962,False
1466420205,115.9,55.21841840101333,55.21841840101333,True
1466420228,115.9,39.16758621892799,39.16758621892799,True
1466420257,115.9,115.9,41.94499075221804,False
1466420270,115.9,101.25177683974108,101.25177683974108,True
1466420296,117.5,20.447192625617422,20.447192625617422,True
1466420331,117.5,117.5,96.68408675873067,False
1466420407,117.5,114.83782135708167,114.83782135708167,True
1466420430,117.5,52.840225781060035,52.840225781060035,True
1466420453,117.5,117.5,81.4158443888293,False
1466420474,117.5,12.933993292582791,12.933993292582791,True
1466420566,117.5,51.33036000934961,51.33036000934961,True
1466420579,117.5,117.5,9.88846061823079,False
1466420618,117.5,41.68566197652273,41.68566197652273,True
1466420624,117.5,63.41556265620315,63.41556265620315,True
1466420643,117.5,68.29861912714536,68.29861912714536,True
1466420695,119.0,119.0,14.45738754050468,False
1466420788,119.0,22.400652634322846,22.400652634322846,True
1466420863,119.0,119.0,54.273523029529436,False
1466420947,119.0,119.0,85.54908723377906,False
1466421003,119.0,84.78549518624315,84.78549518624315,True
1466421032,119.0,84.19756457280135,84.19756457280135,True
1466421050,119.0,119.0,74.71198619097107,False
1466421116,119.0,8.668429353261255,8.668429353261255,True
1466421208,119.0,135.12634342988986,135.12634342988986,True
1466421234,113.8,113.8,88.92328504025517,False
1466421262,113.8,113.8,47.55851496185237,False
1466421353,113.8,136.45666189565185,136.45666189565185,True
1466421360,113.8,30.395873929173163,30.395873929173163,True
1466421392,113.8,113.8,43.41047082847542,False
1466421480,113.8,113.8,40.96495571859703,False
1466421530,113.8,113.76198061215285,113.76198061215285,True
1466421547,122.1,122.1,16.40759944758404,False
1466421591,122.1,5.069451460818337,5.069451460818337,True
1466421633,128.2,137.6260044909713,137.6260044909713,True
1466421636,128.2,128.2,97.72312387179086,False
1466421670,128.2,128.2,38.902913164287575,False
1466421695,128.2,64.52468864127223,64.52468864127223,True
1466421721,128.2,128.2,58.21569091107745,False
1466421804,128.2,128.2,34.51978456905325,False
1466421819,122.9,122.9,32.97885129105275,False
1466421862,122.9,43.69660741270866,43.69660741270866,True
1466421885,122.9,106.91291011530767,106.91291011530767,True
1466421936,122.9,97.11382812308719,97.11382812308719,True
1466422012,122.9,122.9,81.20406878189962,False
1466422044,130.1,120.46035030442148,120.46035030442148,True
1466422045,130.1,48.83854578529993,48.83854578529993,True
1466422137,130.1,130.1,42.68487517726639,False
1466422162,130.1,128.97020097731163,128.97020097731163,True
1466422189,130.1,40.81364552732703,40.81364552732703,True
1466422197,130.1,30.420175374236713,30.420175374236713,True
1466422264,130.1,127.49635454241213,127.49635454241213,True
1466422330,130.1,34.82296328990676,34.82296328990676,True
1466422378,130.1,28.421094192998382,28.421094192998382,True
1466422432,126.5,16.198869309162983,16.198869309162983,True
1466422488,126.6,44.95729422105955,44.95729422105955,True
1466422577,126.6,126.6,48.91515831721787,False
1466422628,126.8,126.8,47.881033593759064,False
1466422638,126.8,126.8,61.34990542442044,False
1466422666,117.7,117.7,89.29515839276083,False
1466422706,117.7,117.7,71.52694959363278,False
1466422731,116.9,67.05136222021841,67.05136222021841,True
1466422804,116.9,32.836558599274554,32.836558599274554,True
1466422866,125.0,125.0,106.05135306327479,False
1466422873,125.0,125.0,93.21464607734023,False
1466422895,125.0,118.15769407665373,118.15769407665373,True
1466422953,116.4,77.82478186629812,77.82478186629812,True
1466422973,108.1,108.1,113.07541960042062,False
1466423017,108.1,108.1,44.26860230927222,False
1466423051,108.1,120.15905596302328,120.15905596302328,True
1466423099,108.1,31.621166546092947,31.621166546092947,True
1466423150,108.1,118.68685774340274,118.68685774340274,True
1466423155,108.1,112.79088586607102,112.79088586607102,True
1466423168,108.1,108.1,3.3882313210643265,False
1466423205,108.1,108.1,134.78501376382684,False
1466423275,108.1,80.8916576390737,80.8916576390737,True
1466423287,108.1,67.5039391403204,67.5039391403204,True
1466423336,112.0,11.891909117318978,11.891909117318978,True
1466423340,120.0,120.0,100.06993495265355,False
1466423355,117.4,30.689573220605876,30.689573220605876,True
1466423443,117.4,125.27437390987461,125.27437390987461,True
1466423499,109.3,9.103169676397135,9.103169676397135,True
1466423585,109.3,109.3,67.72645773878077,False
1466423612,109.3,34.67243302931199,34.67243302931199,True
1466423669,109.3,109.3,70.43690092562383,False
1466423705,101.8,101.8,110.18148368523056,False
1466423770,101.8,5.585351986495323,5.585351986495323,True
1466423844,101.8,53.218196498077496,53.218196498077496,True
1466423902,101.8,101.8,99.94001577503602,False
1466423913,103.5,84.781487876719,84.781487876719,True
1466423972,103.5,103.5,123.59027149764422,False
1466424014,103.5,57.148956837850065,57.148956837850065,True
1466424069,103.5,122.53801516355503,122.53801516355503,True
1466424154,103.5,29.6138974683027,29.6138974683027,True
1466424155,107.4,107.4,70.34406001595458,False
1466424169,99.4,99.4,26.185897579964962,False
1466424262,104.0,104.0,29.128020719202688,False
1466424339,104.0,27.037284361883906,27.037284361883906,True
1466424398,104.0,104.0,78.17146700045913,False
1466424497,104.0,4.015074361063854,4.015074361063854,True
1466424558,104.0,104.0,87.73870316061772,False
1466424613,104.0,104.0,18.15847298315356,False
1466424713,104.0,104.0,70.27013432011466,False
1466424804,104.0,103.13180837055741,103.13180837055741,True
1466424878,111.1,36.092488857530086,36.092488857530086,True
1466424924,111.1,12.148541797466809,12.148541797466809,True
1466425009,111.1,111.1,133.41266591868813,False
1466425106,111.1,21.47544253793589,21.47544253793589,True
1466425129,111.1,25.031296320637463,25.031296320637463,True
1466425179,111.1,80.15542036183443,80.15542036183443,True
1466425257,111.1,98.03977324779083,98.03977324779083,True
1466425262,111.1,59.84180341985762,59.84180341985762,True
1466425305,111.1,111.1,46.40700650547026,False
1466425331,111.1,13.501471003813402,13.501471003813402,True
1466425338,111.1,62.765371862787454,62.765371862787454,True
1466425377,111.1,132.18649462115292,132.18649462115292,True
1466425380,111.1,102.661455942058,102.661455942058,True
1466425417,111.1,111.1,117.40996394637152,False
1466425484,111.1,66.11066535141524,66.11066535141524,True
1466425517,111.1,111.1,126.87017435363462,False
1466425553,111.1,31.454072695839113,31.454072695839113,True
1466425640,111.1,111.1,86.0456204320662,False
1466425687,109.4,109.4,20.376457266396713,False
1466425711,109.4,109.4,110.43468485400156,False
1466425768,109.4,109.4,2.571166379471496,False
1466425811,109.4,109.4,27.268301177272996,False
1466425856,100.3,100.3,21.185687614333435,False
1466425869,100.3,100.3,90.86756644565614,False
1466425884,100.3,100.3,57.689052230625954,False
1466425962,100.3,100.3,11.864490037547519,False
1466425974,107.7,59.81430611602295,59.81430611602295,True
1466426016,107.7,92.82407769818128,92.82407769818128,True
1466426024,107.7,134.12082311800458,134.12082311800458,True
1466426034,107.7,107.7,42.81927874034801,False
1466426130,107.7,68.84119041796471,68.84119041796471,True
1466426189,107.7,0.11330724388335423,0.11330724388335423,True
1466426198,107.7,108.9893284026681,108.9893284026681,True
1466426280,110.7,40.829859663655945,40.829859663655945,True
1466426298,110.7,110.7,117.57947271070175,False
1466426380,110.7,110.7,82.01329703665877,False
1466426420,110.7,66.11577726322301,66.11577726322301,True
1466426509,110.7,0.38343104011500784,0.38343104011500784,True
1466426521,110.7,110.7,12.351090845343801,False
1466426535,101.2,101.2,111.16723912033076,False
1466426563,107.8,48.407792729932844,48.407792729932844,True
1466426620,107.8,106.10653492231376,106.10653492231376,True
1466426694,107.8,107.8,89.66438553601121,False
1466426764,107.8,107.8,130.06583782542265,False
1466426778,106.8,70.67799897649424,70.67799897649424,True
1466426866,106.8,102.9138343525466,102.9138343525466,True
1466426938,106.8,106.8,67.77904167209337,False
1466427022,106.8,106.8,10.710489595084516,False
1466427059,106.8,77.92543824703131,77.92543824703131,True
1466427125,106.8,71.45691175331471,71.45691175331471,True
1466427204,106.8,106.8,84.30621070882754,False
1466427240,102.0,21.512958346989127,21.512958346989127,True
1466427317,102.0,7.917994512178475,7.917994512178475,True
1466427319,102.0,102.0,5.893192372686133,False
1466427331,102.0,11.621243972575387,11.621243972575387,True
1466427425,102.0,102.0,71.23933682085077,False
1466427458,102.0,37.11312461085366,37.11312461085366,True
1466427495,102.0,102.0,26.878333596864238,False
1466427543,102.0,102.0,74.73402743027155,False
1466427625,109.4,109.4,32.83417643683079,False
1466427663,109.4,109.4,24.77176135086511,False
1466427672,109.4,109.4,23.216738668217676,False
1466427684,109.4,109.4,17.299913753106086,False
1466427739,109.4,109.4,54.503380006534016,False
1466427769,109.4,109.4,113.44866756317953,False
1466427775,109.4,57.18063727040962,57.18063727040962,True
1466427820,109.4,128.9970567083931,128.9970567083931,True
1466427837,102.4,131.44423156674029,131.44423156674029,True
1466427846,102.4,100.10866748804033,100.10866748804033,True
1466427904,102.4,4.080832750665915,4.080832750665915,True
1466427997,102.4,102.4,5.455938155915755,False
1466428027,102.4,102.4,89.68453176329753,False
1466428114,112.0,121.91256988953016,121.91256988953016,True
1466428212,117.5,81.94793267435598,81.94793267435598,True
1466428294,117.5,59.759373034006394,59.759373034006394,True
1466428321,117.5,42.87548452649666,42.87548452649666,True
1466428340,125.0,76.18956923163418,76.18956923163418,True
1466428378,125.0,125.0,71.52125925724185,False
1466428463,131.8,22.411297022311594,22.411297022311594,True
1466428551,130.9,23.70486038002182,23.70486038002182,True
1466428575,139.0,139.0,30.785119953330895,False
1466428593,139.0,8.462380578147148,8.462380578147148,True
1466428682,139.0,31.979449173466886,31.979449173466886,True
1466428699,139.0,7.035187854179437,7.035187854179437,True
1466428719,139.0,139.0,28.494855542043336,False
1466428819,139.0,30.806533452205723,30.806533452205723,True
1466428850,139.0,28.334641420735633,28.334641420735633,True
1466428884,139.0,57.631031783814684,57.631031783814684,True
1466428973,139.0,122.27085604646437,122.27085604646437,True
1466429006,139.0,139.0,86.04212264080427,False
1466429026,139.0,4.948976355066341,4.948976355066341,True
1466429066,139.0,139.0,34.1107430270334,False
1466429072,139.0,5.2998988096658195,5.2998988096658195,True
1466429103,139.0,115.40252646224634,115.40252646224634,True
1466429110,139.0,139.0,102.1491512326186,False
1466429123,131.5,131.5,90.62399032704845,False
1466429168,131.5,131.5,53.84015434617612,False
1466429182,131.5,131.5,25.352911319426383,False
1466429184,131.5,107.9151745389519,107.9151745389519,True
1466429197,131.5,131.5,37.27745890147711,False
1466429280,132.1,69.47912479061033,69.47912479061033,True
1466429378,136.5,136.5,79.38438101037353,False
1466429450,136.5,136.5,124.21734749619682,False
1466429455,136.5,27.557646325411515,27.557646325411515,True
1466429510,136.5,136.5,16.369486795371525,False
1466429565,136.5,136.5,17.462040643343226,False
1466429566,136.5,13.247880414292105,13.247880414292105,True
1466429592,136.5,58.64467348536511,58.64467348536511,True
1466429623,136.5,136.5,107.86712170681365,False
1466429691,136.5,136.5,46.31496060471703,False
1466429733,136.5,136.5,101.5942197206523,False
1466429803,136.5,63.263524588399825,63.263524588399825,True
1466429832,136.5,136.5,62.4341973295777,False
1466429905,128.2,45.71462560197367,45.71462560197367,True
1466429997,128.2,6.614217560840779,6.614217560840779,True
1466430050,128.2,128.2,127.43098745364755,False
1466430088,128.2,128.2,76.02895336542475,False
1466430174,128.2,138.90028306672147,138.90028306672147,True
1466430247,128.2,128.2,92.61696063931345,False
1466430344,124.3,124.3,90.40139932203661,False
1466430375,124.3,35.35783109721724,35.35783109721724,True
1466430400,124.3,10.483216625391103,10.483216625391103,True
1466430457,129.0,129.0,28.79563214627004,False
1466430483,129.0,30.59063105664054,30.59063105664054,True
1466430517,129.0,135.80131083179919,135.80131083179919,True
1466430524,129.0,129.0,75.39833041137113,False
1466430592,129.0,129.0,28.724520267940985,False
1466430616,129.0,129.0,81.4075362060832,False
1466430631,129.0,87.14641311612772,87.14641311612772,True
1466430680,129.0,89.60640879473053,89.60640879473053,True
1466430734,129.0,129.0,40.959897003397906,False
1466430790,129.0,129.0,114.14812435436947,False
1466430815,119.9,94.8159342962802,94.8159342962802,True
1466430895,112.6,61.8723875216117,61.8723875216117,True
1466430916,112.6,73.28837702270839,73.28837702270839,True
1466430929,112.6,105.81472645716894,105.81472645716894,True
1466430936,112.6,112.6,81.71236637316612,False
1466431009,112.6,137.18246532857688,137.18246532857688,True
1466431036,112.6,112.6,76.47699015925794,False
1466431055,112.6,5.246846863663319,5.246846863663319,True
1466431145,112.6,114.48329335664647,114.48329335664647,True
1466431218,112.6,112.6,94.75320887088324,False
1466431290,116.7,47.894772064249,47.894772064249,True
1466431324,113.3,46.570911172273426,46.570911172273426,True
1466431400,113.3,113.3,55.1316450181974,False
1466431450,114.0,114.0,72.97280790775231,False
1466431526,114.0,89.59241543207511,89.59241543207511,True
1466431589,114.0,133.0972320353739,133.0972320353739,True
1466431661,114.0,49.981045558208905,49.981045558208905,True
1466431760,114.0,7.349197702626374,7.349197702626374,True
1466431796,114.0,114.0,112.26595904581714,False
1466431848,114.0,114.0,112.14463658731312,False
1466431879,114.0,114.0,32.14537558905201,False
1466431954,114.0,87.16339061841703,87.16339061841703,True
1466431958,114.0,114.0,103.40978316778833,False
1466432002,114.0,130.41130453791044,130.41130453791044,True
1466432101,114.0,114.0,73.40384199687266,False
1466432177,114.0,49.75263373267097,49.75263373267097,True
1466432194,114.0,114.0,35.597025400150905,False
1466432237,114.0,114.0,64.49938565968625,False
1466432280,114.0,66.2115371126343,66.2115371126343,True
1466432373,114.0,117.10778157902568,117.10778157902568,True
1466432389,114.0,94.78944441596128,94.78944441596128,True
1466432415,114.0,22.81638254073151,22.81638254073151,True
1466432417,114.0,8.13125268932608,8.13125268932608,True
1466432506,114.0,114.0,40.39266266137885,False
1466432569,119.6,76.88481399694398,76.88481399694398,True
1466432577,119.6,119.6,116.81854809829282,False
1466432670,119.6,119.6,88.3757653183896,False
1466432706,125.8,71.32280406966125,71.32280406966125,True
1466432804,125.8,71.30901201358255,71.30901201358255,True
1466432853,125.8,125.8,37.26568814125755,False
1466432947,125.8,87.83617865140124,87.83617865140124,True
1466433040,121.8,121.8,77.90523157946488,False
1466433128,117.6,76.97589254482901,76.97589254482901,True
1466433145,114.2,114.2,28.967774979223154,False
1466433195,114.2,74.02645110167842,74.02645110167842,True
1466433289,114.2,114.2,125.57992880898853,False
1466433375,114.2,112.72037795597663,112.72037795597663,True
1466433427,122.9,122.9,28.09589125459145,False
1466433478,122.9,54.876893000113846,54.876893000113846,True
1466433517,122.9,125.90125709709037,125.90125709709037,True
1466433615,122.9,117.0166715818687,117.0166715818687,True
1466433672,122.9,20.446532816029837,20.446532816029837,True
1466433762,122.9,122.9,136.66038880314827,False
1466433809,122.9,39.06065570112351,39.06065570112351,True
1466433873,126.0,11.269094783464778,11.269094783464778,True
1466433910,126.0,126.0,100.77678521354648,False
1466433994,126.0,79.21476153758941,79.21476153758941,True
1466434003,126.0,138.20171371505475,138.20171371505475,True
1466434045,126.0,74.37376109170314,74.37376109170314,True
1466434096,124.2,124.2,66.2358330697589,False
1466434173,124.2,56.860349919243575,56.860349919243575,True
1466434199,124.2,103.78580389085748,103.78580389085748,True
1466434224,133.1,133.1,25.96116277994807,False
1466434308,133.1,111.76595916619223,111.76595916619223,True
1466434359,133.1,16.933212990241707,16.933212990241707,True
1466434371,130.3,30.57526917482866,30.57526917482866,True
1466434457,130.3,0.16647946638120747,0.16647946638120747,True
1466434498,130.3,47.853449691661886,47.853449691661886,True
1466434552,130.3,138.88408584411658,138.88408584411658,True
1466434622,125.3,125.3,114.99864082223904,False
1466434691,125.3,105.35866780459891,105.35866780459891,True
1466434718,126.6,85.32629967608622,85.32629967608622,True
1466434727,126.6,90.34578022874285,90.34578022874285,True
1466434815,126.6,126.6,47.36206070855173,False
1466434892,126.6,18.548632973398487,18.548632973398487,True
1466434915,126.6,126.6,83.55049957710978,False
1466434946,126.6,126.6,97.80542309044226,False
1466434988,126.6,126.6,115.25768004683528,False
1466435020,122.8,122.8,75.17022521501617,False
1466435090,122.8,129.69257711049164,129.69257711049164,True
1466435099,122.8,48.30680388269981,48.30680388269981,True
1466435145,122.8,122.8,103.20371730696476,False
1466435186,122.8,94.53996209392088,94.53996209392088,True
1466435246,118.4,118.4,113.92359722646297,False
1466435284,118.4,21.5243475699614,21.5243475699614,True
1466435327,118.4,9.61019038835292,9.61019038835292,True
1466435369,118.4,121.19254054466565,121.19254054466565,True
1466435408,118.4,79.67575692476694,79.67575692476694,True
1466435468,118.4,118.4,8.018518868877933,False
1466435486,119.0,18.650574118469553,18.650574118469553,True
1466435555,119.0,51.16238154866862,51.16238154866862,True
1466435624,127.6,127.6,111.17810464497069,False
1466435659,127.6,33.358712562665495,33.358712562665495,True
1466435682,127.6,86.93897645858578,86.93897645858578,True
1466435712,127.6,127.6,50.266468823039595,False
1466435794,127.6,127.6,34.46940807216014,False
1466435878,127.6,127.6,67.4117989619258,False
1466435904,131.7,48.95351583847015,48.95351583847015,True
1466435971,131.7,131.7,79.12369345022994,False
1466436041,131.7,23.175356194435913,23.175356194435913,True
1466436059,131.7,64.20219877750112,64.20219877750112,True
1466436093,131.7,131.7,29.082949083955512,False
1466436178,131.7,131.7,84.60440491112688,False
1466436230,131.7,118.02420054010732,118.02420054010732,True
1466436280,131.7,37.75615309170511,37.75615309170511,True
1466436332,131.7,12.373433349755791,12.373433349755791,True
1466436333,131.7,131.7,54.51598598437446,False
1466436431,131.7,51.324467471229205,51.324467471229205,True
1466436520,131.7,52.49819763967274,52.49819763967274,True
1466436572,131.7,69.95221970501854,69.95221970501854,True
1466436647,131.7,131.7,118.95228046640399,False
1466436655,131.7,131.7,103.901971805521,False
1466436727,131.7,74.4588561949915,74.4588561949915,True
1466436793,131.7,131.7,108.06310521122259,False
1466436879,137.7,107.12613977113497,107.12613977113497,True
1466436880,137.7,13.057390808556356,13.057390808556356,True
1466436939,137.7,112.51522602609595,112.51522602609595,True
1466437015,137.7,137.7,12.489307297086084,False
1466437048,137.7,137.7,23.146071639551618,False
1466437088,141.2,141.2,133.57696858096926,False
1466437105,141.2,141.2,45.226179781191014,False
1466437122,141.2,113.68690900924629,113.68690900924629,True
1466437160,141.2,141.2,64.4191220978205,False
1466437232,136.9,136.9,66.28761124807806,False
1466437321,136.9,23.489687117645545,23.489687117645545,True
1466437335,136.9,107.86155961964565,107.86155961964565,True
1466437358,136.9,11.073954902683031,11.073954902683031,True
1466437441,136.9,67.58315018137473,67.58315018137473,True
1466437480,139.4,139.4,102.04035444175598,False
1466437561,139.4,135.55942221874727,135.55942221874727,True
1466437653,139.4,139.4,57.61110203983856,False
1466437709,144.6,49.42771677449085,49.42771677449085,True
1466437798,139.6,139.6,61.31669565623573,False
1466437869,139.6,105.76342497808939,105.76342497808939,True
1466437952,139.6,139.6,42.60300074773611,False
1466438037,139.6,139.6,22.411514113714524,False
1466438054,139.6,118.7762956347002,118.7762956347002,True
1466438056,139.6,4.065310683499716,4.065310683499716,True
1466438136,139.6,139.6,64.45419950204648,False
1466438234,139.6,139.6,124.01313036853001,False
1466438261,139.6,132.27725347407505,132.27725347407505,True
1466438348,139.6,118.26126271005394,118.26126271005394,True
1466438407,144.1,144.1,37.0553009483702,False
1466438422,144.1,144.1,53.10976398364314,False
1466438476,144.1,84.13198071209186,84.13198071209186,True
1466438571,144.1,47.16052459581716,47.16052459581716,True
1466438612,144.1,112.90844780565833,112.90844780565833,True
1466438620,139.6,138.57145347997653,138.57145347997653,True
1466438698,139.6,139.6,27.020848165911854,False
1466438747,136.2,136.2,51.30800100031736,False
1466438795,136.2,136.2,124.19340059674207,False
1466438810,136.2,136.2,33.69411212862974,False
1466438888,136.2,136.2,87.70846715100396,False
1466438975,142.3,18.00853463171421,18.00853463171421,True
1466439000,142.3,142.3,4.630672107525626,False
1466439092,142.3,100.66974429741549,100.66974429741549,True
1466439150,136.4,136.4,123.23421362667386,False
1466439229,136.4,108.76238299754266,108.76238299754266,True
1466439279,132.0,79.27639853004003,79.27639853004003,True
1466439328,132.0,137.9782588682968,137.9782588682968,True
1466439351,132.0,132.0,100.63692678755385,False
1466439447,132.0,132.0,61.14186341634327,False
1466439466,137.1,137.1,76.46398626827794,False
1466439480,137.1,39.62147450525923,39.62147450525923,True
1466439560,137.1,12.578899935075231,12.578899935075231,True
1466439600,138.5,138.5,117.4713909748924,False
1466439645,138.5,138.5,57.63413026157829,False
1466439729,138.5,40.706722078826125,40.706722078826125,True
1466439772,136.8,63.6232052262666,63.6232052262666,True
1466439827,136.8,45.98794334134332,45.98794334134332,True
1466439849,136.8,31.871944409506597,31.871944409506597,True
1466439910,127.1,127.1,55.78642043956914,False
1466439990,127.1,127.1,70.85196224304225,False
1466440005,127.1,127.1,18.3010872070076,False
1466440006,127.1,33.69068718278951,33.69068718278951,True
1466440045,127.1,9.837988869596915,9.837988869596915,True
1466440066,119.1,18.595877555538415,18.595877555538415,True
1466440154,119.1,113.72870186351172,113.72870186351172,True
1466440214,120.5,120.5,24.986227656254776,False
1466440226,124.7,127.37607004519484,127.37607004519484,True
1466440304,124.7,92.51376540812224,92.51376540812224,True
1466440385,124.7,43.516974216397934,43.516974216397934,True
1466440451,124.7,6.529317808387608,6.529317808387608,True
1466440521,124.7,124.7,127.37998580437359,False
1466440581,124.7,83.98517706893375,83.98517706893375,True
1466440674,124.7,124.7,129.69913398116398,False
1466440727,124.7,124.15364230525876,124.15364230525876,True
1466440821,124.7,124.7,36.83002051542511,False
1466440827,124.7,124.7,8.425637610358503,False
1466440897,124.7,124.7,89.54056944385148,False
1466440923,124.7,124.7,90.55966014013227,False
1466441012,132.3,130.73693655291365,130.73693655291365,True
1466441049,132.3,132.3,36.97692547057905,False
1466441147,140.5,110.35578716748779,110.35578716748779,True
1466441213,140.5,93.04731399624664,93.04731399624664,True
1466441311,142.5,70.97441001162811,70.97441001162811,True
1466441318,140.7,140.7,15.921907045702412,False
1466441418,140.7,90.1207533938466,90.1207533938466,True
1466441510,140.7,140.7,93.31883439411047,False
1466441541,140.7,140.7,71.83210993218592,False
1466441579,144.2,33.8445308957929,33.8445308957929,True
1466441630,144.2,89.80577609529153,89.80577609529153,True
1466441714,144.2,117.8908483674611,117.8908483674611,True
1466441724,144.2,144.2,105.61327843497116,False
1466441741,140.8,40.11231457248343,40.11231457248343,True
1466441822,140.8,46.02998433461887,46.02998433461887,True
1466441883,140.8,86.64569790488734,86.64569790488734,True
1466441934,140.8,16.27306232085958,16.27306232085958,True
1466441947,138.2,73.0942274960433,73.0942274960433,True
1466442046,138.2,134.84299454466597,134.84299454466597,True
1466442137,133.9,133.9,109.96725957114961,False
1466442175,133.9,127.26570127866755,127.26570127866755,True
1466442216,133.9,126.11002750677702,126.11002750677702,True
1466442284,133.9,133.9,124.11007659213537,False
1466442332,133.9,133.9,131.03135151184492,False
1466442358,124.4,124.4,117.57855576708353,False
1466442362,124.4,95.5575922152239,95.5575922152239,True
1466442439,124.4,37.03312534112077,37.03312534112077,True
1466442490,124.4,85.73084407544411,85.73084407544411,True
1466442498,124.4,124.4,41.12523320150534,False
1466442508,124.4,124.4,114.01968510799581,False
1466442518,124.4,90.01124437088862,90.01124437088862,True
1466442556,124.4,32.674814559230406,32.674814559230406,True
1466442656,120.3,19.212673928206478,19.212673928206478,True
1466442662,120.3,120.3,129.77825302376223,False
1466442703,120.3,80.32132941540178,80.32132941540178,True
1466442768,120.3,56.94546458248292,56.94546458248292,True
1466442788,120.3,120.3,96.29240193997333,False
1466442886,120.3,72.35199591322379,72.35199591322379,True
1466442980,120.3,113.69456062923581,113.69456062923581,True
1466443000,120.3,120.3,104.67385848861399,False
1466443029,120.3,120.3,29.615302093376975,False
1466443038,120.3,120.3,103.47647908085995,False
1466443089,120.3,125.45618612337935,125.45618612337935,True
1466443162,120.3,120.3,115.94572798572929,False
1466443201,120.3,120.3,16.461546352894292,False
1466443219,120.3,120.3,5.703712902803934,False
1466443263,120.3,44.284067452444376,44.284067452444376,True
1466443350,113.9,113.9,0.8509728749893272,False
1466443373,113.9,27.975576461486405,27.975576461486405,True
1466443392,113.9,98.47684800573,98.47684800573,True
1466443402,113.9,20.372983194615532,20.372983194615532,True
1466443486,113.9,31.099289641142153,31.099289641142153,True
1466443511,113.9,113.9,54.18375626110519,False
1466443584,113.9,113.9,93.14839732095957,False
1466443677,113.9,113.9,131.47769566780556,False
1466443725,113.9,113.9,91.62901148904538,False
1466443727,113.9,113.9,8.620828878914873,False
1466443750,121.2,121.2,109.58960613728131,False
1466443761,123.0,98.51278539248106,98.51278539248106,True
1466443808,115.5,115.5,22.465677922811707,False
1466443861,115.5,34.00462959506469,34.00462959506469,True
1466443929,115.5,84.28797673081688,84.28797673081688,True
1466443986,115.5,115.5,19.291271666867182,False
1466444043,115.5,70.8939288380337,70.8939288380337,True
1466444110,115.5,115.5,61.13513995859513,False
1466444192,120.6,116.84651775824034,116.84651775824034,True
1466444287,125.1,103.03663048308839,103.03663048308839,True
1466444294,125.1,49.45015274136974,49.45015274136974,True
1466444366,125.1,125.1,55.36184565551155,False
1466444466,125.1,115.57437828125846,115.57437828125846,True
1466444505,129.2,122.06645324271983,122.06645324271983,True
1466444556,129.2,102.26239565296702,102.26239565296702,True
1466444624,129.2,104.6124530521757,104.6124530521757,True
1466444663,129.2,29.759191010633785,29.759191010633785,True
1466444685,129.2,114.87176578712138,114.87176578712138,True
1466444756,129.2,31.862284816327943,31.862284816327943,True
1466444781,129.2,129.2,122.64817917899693,False
1466444840,136.8,45.529130370153815,45.529130370153815,True
1466444854,136.8,135.57911775715795,135.57911775715795,True
1466444860,144.6,36.748483053075404,36.748483053075404,True
1466444959,144.6,10.039313012970828,10.039313012970828,True
1466445058,144.6,100.00768319023807,100.00768319023807,True
1466445107,144.6,51.78205756430877,51.78205756430877,True
1466445165,136.5,74.46986157888482,74.46986157888482,True
1466445170,144.2,104.67291019126675,104.67291019126675,True
1466445173,144.2,144.2,72.09656613515352,False
1466445247,144.2,25.26195870614465,25.26195870614465,True
1466445305,144.2,18.372532712694568,18.372532712694568,True
1466445333,144.2,144.2,101.74519167176366,False
1466445356,144.2,51.94785680597806,51.94785680597806,True
1466445430,144.2,104.95213264021152,104.95213264021152,True
1466445491,144.2,67.70411093294571,67.70411093294571,True
1466445497,144.2,144.2,49.79852238780659,False
1466445514,144.2,28.45869251988451,28.45869251988451,True
1466445549,144.2,144.2,56.375747869818646,False
1466445640,144.2,17.290875934429096,17.290875934429096,True
1466445648,144.2,51.454217189653846,51.454217189653846,True
1466445739,144.2,25.583805517461162,25.583805517461162,True
1466445814,144.2,75.36850589670415,75.36850589670415,True
1466445879,144.2,144.2,38.86380648086406,False
1466445909,143.1,49.81134876947959,49.81134876947959,True
1466445965,143.1,143.1,56.569582289055646,False
1466446021,143.1,103.47072311463486,103.47072311463486,True
1466446045,143.1,143.1,93.46305387709984,False
1466446071,140.7,104.00408990711543,104.00408990711543,True
1466446120,140.7,140.7,33.21630062622361,False
1466446168,140.7,19.330253797498212,19.330253797498212,True
1466446253,140.7,140.7,137.21301953978804,False
1466446302,140.7,64.66146685171832,64.66146685171832,True
1466446389,140.7,140.7,89.36811594031349,False
1466446404,140.7,25.476409861548078,25.476409861548078,True
1466446494,140.7,36.776745867493,36.776745867493,True
1466446594,140.8,140.8,23.920258323697936,False
1466446643,140.8,120.03776254885715,120.03776254885715,True
1466446669,140.8,9.221044816471803,9.221044816471803,True
1466446690,140.8,140.8,44.537429009110454,False
1466446735,140.8,68.63135642783453,68.63135642783453,True
1466446766,140.8,140.8,83.86715990212784,False
1466446852,140.8,140.8,43.98750667470042,False
1466446902,140.8,140.8,96.19769785223862,False
1466446945,140.8,53.10323463094435,53.10323463094435,True
1466446987,140.8,140.8,130.77128336204862,False
1466447036,140.8,140.8,137.53662209183256,False
1466447112,140.8,140.8,45.11414123553481,False
1466447129,140.8,19.924381912875585,19.924381912875585,True
1466447189,131.3,131.3,31.25480979707655,False
1466447224,131.3,131.3,38.79914824291948,False
1466447270,129.3,129.3,80.7909842813239,False
1466447272,123.8,6.197548467428374,6.197548467428374,True
1466447348,119.4,69.29782306968711,69.29782306968711,True
1466447359,119.4,129.40230567361746,129.40230567361746,True
1466447388,119.4,13.728729960633851,13.728729960633851,True
1466447390,119.4,119.4,83.57310495260359,False
1466447425,121.5,68.65645619096894,68.65645619096894,True
1466447463,121.5,110.25986415004243,110.25986415004243,True
1466447485,121.5,55.4108120268953,55.4108120268953,True
1466447545,131.1,5.383484494937331,5.383484494937331,True
1466447553,136.7,100.57006294762441,100.57006294762441,True
1466447554,136.7,87.11407687901603,87.11407687901603,True
1466447573,136.7,136.7,2.1912798395008877,False
1466447634,136.7,136.7,128.25530557446342,False
1466447695,136.7,136.7,103.31041097374455,False
1466447762,136.7,136.7,89.56732193812242,False
1466447844,141.9,141.9,4.900727107310986,False
1466447885,141.9,61.023404223857234,61.023404223857234,True
1466447943,141.9,104.15267033518414,104.15267033518414,True
1466447956,141.9,141.9,67.78946500468187,False
1466448041,138.0,138.0,69.03135730954882,False
1466448140,138.0,138.0,14.517079762044546,False
1466448215,138.0,138.0,49.20746993064327,False
1466448270,138.0,138.0,84.67184374465924,False
1466448302,133.0,127.34578041897981,127.34578041897981,True
1466448368,133.0,133.0,49.345783000279724,False
1466448422,133.0,22.518161470375865,22.518161470375865,True
1466448517,133.0,42.23709081123056,42.23709081123056,True
1466448614,133.0,51.68931536039699,51.68931536039699,True
1466448701,138.1,21.183959610565015,21.183959610565015,True
1466448743,138.1,134.74992305133736,134.74992305133736,True
1466448805,135.6,138.76873628100995,138.76873628100995,True
1466448844,135.6,124.27429822349099,124.27429822349099,True
1466448896,135.6,98.81697140518172,98.81697140518172,True
1466448984,135.6,135.6,15.77793327837784,False
1466449031,135.6,135.6,91.97950074302308,False
1466449045,135.6,5.902275692057227,5.902275692057227,True
1466449099,135.6,105.84965616331425,105.84965616331425,True
1466449171,135.6,135.6,135.992381206975,False
1466449261,135.6,135.6,85.45483845939205,False
1466449280,139.4,20.65767463724454,20.65767463724454,True
1466449359,139.4,139.4,86.61285424955945,False
1466449442,139.4,139.4,111.6714903436769,False
1466449496,138.2,138.2,13.263412150724628,False
1466449537,138.2,13.29582361959652,13.29582361959652,True
1466449555,138.2,138.2,57.161023537035696,False
1466449629,138.2,52.41640660919003,52.41640660919003,True
1466449635,138.2,92.50839978908895,92.50839978908895,True
1466449721,138.2,138.2,11.736712761814996,False
1466449772,138.2,138.2,31.953851349054517,False
1466449872,138.2,127.0099186611511,127.0099186611511,True
1466449873,144.1,76.28966784007574,76.28966784007574,True
1466449884,144.1,133.51015227173988,133.51015227173988,True
1466449937,144.1,144.1,127.91750185878256,False
1466449953,144.1,144.1,103.97731575704083,False
1466449959,144.1,144.1,132.58592571975203,False
1466449961,144.1,24.30357983212413,24.30357983212413,True
1466450018,138.0,68.02118187357252,68.02118187357252,True
1466450075,138.0,66.16137228811472,66.16137228811472,True
1466450150,138.0,138.0,64.53106855763602,False
1466450177,138.0,117.96015539795042,117.96015539795042,True
1466450255,138.0,138.0,2.201186044432953,False
1466450343,138.0,138.0,84.43696689017041,False
1466450348,138.0,112.37938568458473,112.37938568458473,True
1466450401,136.4,109.15754121888796,109.15754121888796,True
1466450433,136.4,136.4,47.43352874500676,False
1466450507,136.4,136.4,74.95308455776208,False
1466450536,136.4,64.88415124423568,64.88415124423568,True
1466450627,136.4,134.05093445672767,134.05093445672767,True
1466450723,136.4,136.4,39.417948186117826,False
1466450817,136.4,24.470756424810563,24.470756424810563,True
1466450900,136.4,136.4,114.2286679690555,False
1466450902,130.6,130.6,61.825448411109825,False
1466450971,130.6,130.6,88.66420401540208,False
1466451016,130.6,130.6,1.5986197456480187,False
1466451023,130.6,130.6,96.60185001054352,False
1466451073,130.6,105.65153654032609,105.65153654032609,True
1466451166,122.5,22.43559579628111,22.43559579628111,True
1466451231,122.5,138.60809924352014,138.60809924352014,True
1466451245,114.6,114.6,18.41516138529628,False
1466451293,114.6,114.6,14.362569622566031,False
1466451295,114.6,99.5847931270899,99.5847931270899,True
1466451378,114.6,23.54457269630431,23.54457269630431,True
1466451445,111.5,111.5,100.53352453040084,False
1466451508,111.5,111.5,118.89453085397726,False
1466451599,111.5,30.029197584790616,30.029197584790616,True
1466451686,111.5,111.5,24.714469583497394,False
1466451761,118.4,118.4,134.86368928332934,False
1466451857,118.4,11.097884432670591,11.097884432670591,True
1466451909,122.6,122.6,1.5480879336327236,False
1466451919,122.6,122.6,2.839179971390356,False
1466452006,130.0,58.002335825511274,58.002335825511274,True
1466452035,130.0,130.0,34.00825833408798,False
1466452039,130.0,130.0,30.49420172740103,False
1466452104,130.0,121.6547200444242,121.6547200444242,True
1466452167,130.0,130.0,31.577041095416774,False
1466452238,130.0,26.400940109010406,26.400940109010406,True
1466452313,130.0,130.0,92.61304491588236,False
1466452339,126.5,99.38350260565922,99.38350260565922,True
1466452419,126.5,126.5,10.862010843704773,False
1466452424,126.5,126.5,31.266170493399624,False
1466452435,126.5,126.5,83.52144876760161,False
1466452531,126.5,116.88237877489469,116.88237877489469,True
1466452584,126.5,119.03669524373365,119.03669524373365,True
1466452625,126.5,5.063107325624424,5.063107325624424,True
1466452676,126.5,49.46610507874674,49.46610507874674,True
1466452752,126.5,135.06116294819293,135.06116294819293,True
1466452796,126.5,126.5,76.92928079366773,False
1466452825,126.5,105.25223898445039,105.25223898445039,True
1466452860,126.5,103.20091294197609,103.20091294197609,True
1466452960,126.5,126.66414970411202,126.66414970411202,True
1466452979,126.5,126.5,6.4380210385450845,False
1466453002,126.5,10.864909787451037,10.864909787451037,True
1466453016,126.5,126.5,21.356076942935942,False
1466453025,126.5,107.82557238226389,107.82557238226389,True
1466453089,126.5,37.54742454726345,37.54742454726345,True
1466453141,126.5,126.5,108.17918274030222,False
1466453154,126.5,126.5,100.28358203315317,False
1466453184,126.5,113.76682461915499,113.76682461915499,True
1466453202,126.5,126.5,43.571320964520005,False
1466453203,126.5,111.1592748722876,111.1592748722876,True
1466453222,126.5,126.5,27.31139188763863,False
1466453321,126.5,126.5,80.55656385257909,False
1466453379,126.5,45.04842962040997,45.04842962040997,True
1466453392,126.5,33.63498449942434,33.63498449942434,True
1466453422,136.0,80.91165952504485,80.91165952504485,True
1466453502,136.0,136.0,90.60890188569951,False
1466453518,136.0,123.41431983031494,123.41431983031494,True
1466453563,136.0,39.84175759005732,39.84175759005732,True
1466453604,136.0,136.0,99.32213289688534,False
1466453639,136.0,136.0,39.755969336548674,False
1466453705,136.0,108.04254737013957,108.04254737013957,True
1466453795,136.0,136.0,132.20646892448391,False
1466453816,136.0,112.22768523224241,112.22768523224241,True
1466453870,135.9,135.9,49.53583936752357,False
1466453910,135.9,135.9,8.339561925436708,False
1466454002,135.9,137.5761076150221,137.5761076150221,True
1466454051,142.4,142.4,121.47757702131854,False
1466454087,142.4,30.227163191207893,30.227163191207893,True
1466454129,142.4,142.4,94.93123940241931,False
1466454227,142.4,142.4,93.77918226736037,False
1466454259,142.4,142.4,131.91807036127247,False
1466454262,142.4,142.4,54.79450560181689,False
1466454298,142.4,142.4,80.94973718585335,False
1466454388,142.4,142.4,70.90626874256714,False
1466454399,133.2,133.2,38.465919817040046,False
1466454473,133.2,133.2,119.8392267138127,False
1466454529,133.2,133.2,70.30337296328344,False
1466454559,133.2,84.97773590293879,84.97773590293879,True
1466454648,127.9,127.9,97.65825128271388,False
1466454745,127.9,127.9,67.45083939945377,False
1466454763,127.9,97.53460542082131,97.53460542082131,True
1466454851,126.8,126.8,126.9304558034825,False
1466454936,135.4,42.14953158412143,42.14953158412143,True
1466454949,135.4,135.4,116.3888579372692,False
1466455032,135.4,28.683611386974565,28.683611386974565,True
1466455065,129.7,129.7,48.65415244938438,False
1466455119,129.7,129.7,119.93532538374143,False
1466455172,129.7,129.7,12.47667987912769,False
1466455196,129.7,48.15767761628182,48.15767761628182,True
1466455271,126.1,126.1,60.088037978293364,False
1466455357,126.1,81.16472335885825,81.16472335885825,True
1466455361,126.1,126.1,27.45210876515078,False
1466455394,126.1,58.83635360612756,58.83635360612756,True
1466455475,126.1,126.1,37.339758091132374,False
1466455497,126.1,97.34603654349964,97.34603654349964,True
1466455561,126.1,67.19925226150086,67.19925226150086,True
1466455575,126.1,126.1,72.15379223131978,False
1466455587,126.1,126.1,89.62282644077598,False
1466455651,126.1,100.18435795437792,100.18435795437792,True
1466455658,135.7,87.71366069061386,87.71366069061386,True
1466455732,135.7,135.7,28.709828215982288,False
1466455812,135.7,127.01161300317858,127.01161300317858,True
1466455910,135.7,121.88631031611563,121.88631031611563,True
1466455951,135.7,135.7,127.33582723045723,False
1466455999,135.7,135.7,96.21813242569233,False
1466456054,132.5,125.12428778773241,125.12428778773241,True
1466456058,132.5,132.5,22.722970254182943,False
1466456074,132.4,14.165766756369496,14.165766756369496,True
1466456088,132.4,132.4,131.5509808480508,False
1466456118,132.4,132.4,124.9573443007083,False
1466456218,123.1,50.616914800582784,50.616914800582784,True
1466456265,123.1,133.06040196189733,133.06040196189733,True
1466456270,123.1,81.59993592337275,81.59993592337275,True
1466456312,117.6,117.6,101.59628586235705,False
1466456346,117.6,117.6,119.51299267551333,False
1466456374,117.6,117.6,83.64534988110643,False
1466456406,117.6,123.92785915315979,123.92785915315979,True
1466456482,117.6,114.71385683537898,114.71385683537898,True
1466456512,117.6,117.6,100.61355785920601,False
1466456610,117.6,117.6,47.16648222162113,False
1466456683,117.6,83.06990147274823,83.06990147274823,True
1466456768,117.6,16.11775767994945,16.11775767994945,True
1466456856,117.6,117.6,99.9500911337477,False
1466456927,117.6,117.6,17.00970705340849,False
1466457014,117.6,77.62538933323984,77.62538933323984,True
1466457032,117.6,117.6,136.5861954901659,False
1466457067,117.6,86.27432606120215,86.27432606120215,True
1466457157,117.6,22.087278180188605,22.087278180188605,True
1466457215,117.6,117.6,47.52688717135442,False
1466457267,117.6,95.45649078071153,95.45649078071153,True
1466457357,117.6,36.3853818499407,36.3853818499407,True
1466457434,117.6,117.6,34.051082488425465,False
1466457487,117.6,67.22969451127521,67.22969451127521,True
1466457559,117.6,39.77868619302786,39.77868619302786,True
1466457603,119.9,119.9,8.608745308867482,False
1466457671,119.9,128.03172298548822,128.03172298548822,True
1466457713,119.9,119.9,56.92885700932501,False
1466457745,124.5,7.749058497094567,7.749058497094567,True
1466457782,131.9,131.9,76.75420129198015,False
1466457802,132.1,77.46700948846468,77.46700948846468,True
1466457817,132.1,25.92119349023098,25.92119349023098,True
1466457865,132.1,132.1,3.3547270325059504,False
1466457884,132.1,132.1,113.24109064898241,False
1466457885,132.1,12.722885657823106,12.722885657823106,True
1466457917,126.7,89.88634166117677,89.88634166117677,True
1466457973,126.7,126.7,6.04877807257628,False
1466458045,126.7,126.7,76.35742040651638,False
1466458135,126.7,134.76084231257155,134.76084231257155,True
1466458151,126.7,0.19750269297408363,0.19750269297408363,True
1466458230,126.7,93.85850074290784,93.85850074290784,True
1466458324,119.0,126.61211486584851,126.61211486584851,True
1466458362,119.0,119.0,48.67375467113048,False
1466458438,118.4,96.94604306411846,96.94604306411846,True
1466458454,118.4,130.48460358939798,130.48460358939798,True
1466458496,118.4,45.21934185575444,45.21934185575444,True
1466458509,118.4,123.67750831631251,123.67750831631251,True
1466458580,118.4,118.4,45.07715979846017,False
1466458590,127.4,69.9913648978415,69.9913648978415,True
1466458626,128.6,128.6,62.381728714791535,False
1466458642,127.3,127.3,6.884272635268583,False
1466458665,127.3,80.58464707627395,80.58464707627395,True
1466458694,127.3,68.8869295873976,68.8869295873976,True
1466458762,122.6,122.6,31.429930962028994,False
1466458793,122.6,128.03653743843472,128.03653743843472,True
1466458824,131.1,131.1,15.768301468908062,False
1466458906,131.1,9.892519432800151,9.892519432800151,True
1466458982,131.1,131.1,25.872885135398143,False
1466459068,131.1,123.19359078325611,123.19359078325611,True
1466459159,137.9,137.9,92.52453957949757,False
1466459184,137.9,15.60755828771521,15.60755828771521,True
1466459273,137.9,137.9,44.18025322889013,False
1466459372,137.9,88.15569897329321,88.15569897329321,True
1466459415,137.9,137.9,57.267383040126994,False
1466459483,137.9,137.9,32.479583577424535,False
1466459504,137.9,83.23905420353432,83.23905420353432,True
1466459588,137.9,137.9,112.539145049223,False
1466459595,137.9,116.67778738050404,116.67778738050404,True
1466459673,137.9,110.4527362032122,110.4527362032122,True
1466459726,137.9,68.14418931287204,68.14418931287204,True
1466459800,137.9,137.9,113.680017656135,False
1466459857,137.9,137.9,79.54267773925484,False
1466459887,137.9,55.59482344179146,55.59482344179146,True
1466459913,137.9,137.9,99.0617903819934,False
1466459974,137.9,137.9,14.014867946019892,False
1466459995,138.3,112.2204673066095,112.2204673066095,True
1466460001,138.3,138.3,56.76342016699407,False
1466460054,140.7,43.74888577273806,43.74888577273806,True
1466460130,140.7,30.069022098130418,30.069022098130418,True
1466460215,140.7,48.03354902267848,48.03354902267848,True
1466460252,140.7,23.39725160139542,23.39725160139542,True
1466460272,141.4,141.4,72.78827206256425,False
1466460346,141.4,112.88940024286944,112.88940024286944,True
1466460440,141.4,28.67812230552927,28.67812230552927,True
1466460461,141.4,40.53849004874053,40.53849004874053,True
1466460528,141.4,36.13327243808544,36.13327243808544,True
1466460610,141.4,141.4,28.8182987270938,False
1466460630,141.4,80.15222622920803,80.15222622920803,True
1466460691,141.4,55.03707425300283,55.03707425300283,True
1466460706,141.4,141.4,7.115405684619776,False
1466460739,141.4,141.4,72.64505911432735,False
1466460765,141.4,141.4,39.95615538609682,False
1466460795,141.4,141.4,90.50644890804445,False
1466460877,141.4,132.7412550831584,132.7412550831584,True
1466460973,141.4,85.46761333917175,85.46761333917175,True
1466461009,143.0,49.530134722935024,49.530134722935024,True
1466461027,143.0,130.89584695245586,130.89584695245586,True
1466461032,140.2,140.2,6.226118366218832,False
1466461096,140.2,94.58745289034351,94.58745289034351,True
1466461169,140.2,140.2,105.08830035959772,False
1466461256,140.2,140.2,101.69178931407805,False
1466461351,140.2,99.19789089924524,99.19789089924524,True
1466461451,140.2,133.30826649310134,133.30826649310134,True
1466461531,140.2,13.554292832823977,13.554292832823977,True
1466461568,140.2,26.234767381248574,26.234767381248574,True
1466461583,135.0,135.0,49.67828957148508,False
1466461647,135.0,102.58575203551975,102.58575203551975,True
1466461703,135.0,112.36995036890228,112.36995036890228,True
1466461794,135.0,104.66613945427956,104.66613945427956,True
1466461813,133.7,133.7,74.63894941331395,False
1466461910,133.7,56.801179554145186,56.801179554145186,True
1466461988,133.7,133.7,8.347736273723397,False
1466462056,133.7,31.136244934218706,31.136244934218706,True
1466462101,133.7,100.15184764931772,100.15184764931772,True
1466462155,133.7,48.13756188022022,48.13756188022022,True
1466462215,133.7,133.7,66.56873944786854,False
1466462278,133.7,49.43786300696802,49.43786300696802,True
1466462368,133.7,58.406526241619645,58.406526241619645,True
1466462412,133.7,15.115990643844823,15.115990643844823,True
1466462512,125.1,109.09370195101059,109.09370195101059,True
1466462594,123.0,123.0,47.7664748238787,False
1466462671,123.0,121.51824730837234,121.51824730837234,True
1466462716,123.0,19.607048700206047,19.607048700206047,True
1466462746,123.0,123.0,52.1458267314269,False
1466462782,123.0,96.3833079652734,96.3833079652734,True
1466462820,123.0,123.0,18.63426252931093,False
1466462833,123.0,1.7520107684579966,1.7520107684579966,True
1466462842,123.0,123.0,58.09067096203081,False
1466462850,123.0,123.0,65.8303594810311,False
1466462941,123.0,102.79788686600453,102.79788686600453,True
1466463026,123.0,54.72159305404623,54.72159305404623,True
1466463117,123.0,123.0,30.4644352329924,False
1466463139,129.0,129.0,76.76818167628595,False
