1466410104,0.3,0.6601242915895202,0.6601242915895202,True
1466410114,0.3,0.04305177000381988,0.04305177000381988,True
1466410130,0.3,0.23526036232994674,0.23526036232994674,True
1466410181,0.3,0.709603169895298,0.709603169895298,True
1466410203,0.3,0.3954057779704845,0.3954057779704845,True
1466410250,0.3,0.44156381048422566,0.44156381048422566,True
1466410309,0.3,0.3,0.2373191242912298,False
1466410397,0.3,0.3,0.588549035530838,False
1466410430,0.3,0.26618134627834533,0.26618134627834533,True
1466410469,0.1,0.894525772069412,0.894525772069412,True
1466410483,0.1,0.1,0.8008150313294173,False
1466410498,0.1,0.8379462464400426,0.8379462464400426,True
1466410502,0.1,0.1,0.4161618179660185,False
1466410532,0.1,0.9145393455136254,0.9145393455136254,True
1466410541,0.1,0.5817563856512689,0.5817563856512689,True
1466410573,0.1,0.5221557631461984,0.5221557631461984,True
1466410630,0.1,0.5484766908179654,0.5484766908179654,True
1466410653,0.1,0.1,0.6338638333117778,False
1466410746,0.1,0.7314425109850408,0.7314425109850408,True
1466410814,0.1,0.6924037312049595,0.6924037312049595,True
1466410890,0.1,0.3207055931068541,0.3207055931068541,True
1466410902,0.1,0.624872642512087,0.624872642512087,True
1466410978,0.1,0.1,0.90710802046656,False
1466411008,0.1,0.2852446358980675,0.2852446358980675,True
1466411066,0.1,0.1,0.10228768991096382,False
1466411094,0.1,0.1,0.2596609970869086,False
1466411157,0.1,0.1,0.6967665977458926,False
1466411223,0.1,0.8320065130019703,0.8320065130019703,True
1466411226,0.1,0.1,0.8880020384702504,False
1466411272,0.1,0.1,0.7006172484088511,False
1466411303,0.1,0.1,0.15853270960407206,False
1466411318,0.1,0.1,0.4219617802100236,False
1466411396,0.1,0.9281014486873184,0.9281014486873184,True
1466411493,0.1,0.7390685891696271,0.7390685891696271,True
1466411549,0.1,0.1,0.14969146355200313,False
1466411560,0.1,0.8151131883594591,0.8151131883594591,True
1466411626,0.1,0.18809562429125293,0.18809562429125293,True
1466411723,0.1,0.1,0.08902551403523262,False
1466411763,0.1,0.8362406502030605,0.8362406502030605,True
1466411785,0.1,0.1,0.17677199189262904,False
1466411854,0.1,0.1,0.7649588022175614,False
1466411889,0.1,0.1,0.98088680709298,False
1466411988,0.1,0.1,0.639193955666306,False
1466412022,0.1,0.4451491563594149,0.4451491563594149,True
1466412046,0.1,0.9570229854938664,0.9570229854938664,True
1466412076,0.1,0.03060102495980943,0.03060102495980943,True
1466412152,0.1,0.1,0.2899460748659918,False
1466412181,0.1,0.1,0.004907451337952229,False
1466412201,0.1,0.23168480315484585,0.23168480315484585,True
1466412260,0.1,0.1,0.9514642998561041,False
1466412347,0.1,0.1,0.9876623034587702,False
1466412360,0.1,0.1,0.5043386185729084,False
1466412438,0.1,0.1,0.002043566352426751,False
1466412521,0.1,0.1,0.5492964395784493,False
1466412599,0.1,0.1,0.2506223658143836,False
1466412639,0.1,0.1,0.22126986749423494,False
1466412691,0.1,0.1,0.16779113091296283,False
1466412747,0.1,0.6997230190138666,0.6997230190138666,True
1466412794,0.1,0.7463724202820582,0.7463724202820582,True
1466412819,0.1,0.1,0.2520807328019986,False
1466412832,0.1,0.1,0.9725805559429006,False
1466412874,0.1,0.1,0.44682988666027823,False
1466412943,0.1,0.1,0.9194675828424848,False
1466412971,0.1,0.32244641778688254,0.32244641778688254,True
1466412990,0.1,0.1,0.35501487851502245,False
1466413028,0.1,0.1,0.4088079259275206,False
1466413053,0.1,0.1,0.606619916149588,False
1466413125,0.1,0.08559892782313594,0.08559892782313594,True
1466413200,0.1,0.1,0.6199902800820062,False
1466413264,0.1,0.1,0.050967714612171755,False
1466413311,0.1,0.1,0.20167543841829783,False
1466413342,0.1,0.6006439465196597,0.6006439465196597,True
1466413440,0.1,0.5291557673474774,0.5291557673474774,True
1466413458,0.1,0.1,0.9556787518931472,False
1466413529,0.1,0.45612193966019265,0.45612193966019265,True
1466413542,0.1,0.4515967639694628,0.4515967639694628,True
1466413638,0.1,0.1,0.8306989921389702,False
1466413672,0.1,0.819587067509341,0.819587067509341,True
1466413733,0.1,0.1,0.6286670328334923,False
1466413779,0.1,0.1,0.36058142368622315,False
1466413780,0.1,0.186034629779263,0.186034629779263,True
1466413864,0.1,0.1,0.10704017283301992,False
1466413885,0.1,0.5456407407819811,0.5456407407819811,True
1466413946,0.1,0.4807093666893598,0.4807093666893598,True
1466414033,0.1,0.1,0.7479754481751444,False
1466414071,0.1,0.1,0.19664219684913053,False
1466414164,0.1,0.1,0.6727053616861024,False
1466414225,0.1,0.1,0.12319169610431813,False
1466414312,0.1,0.1,0.9232574600166542,False
1466414325,0.1,0.1,0.9886757707186563,False
1466414328,0.1,0.7779938931675318,0.7779938931675318,True
1466414329,0.1,0.6187009448911394,0.6187009448911394,True
1466414402,0.1,0.1,0.11719526514264267,False
1466414407,0.1,0.1,0.47174931941680553,False
1466414413,0.1,0.28222890609251605,0.28222890609251605,True
1466414460,0.1,0.07857772258752638,0.07857772258752638,True
1466414552,0.1,0.1,0.8440108758634735,False
1466414602,0.1,0.1,0.518904956059115,False
1466414662,0.1,0.4078387659015543,0.4078387659015543,True
1466414746,0.1,0.2544885063494643,0.2544885063494643,True
1466414844,0.1,0.4185236454329955,0.4185236454329955,True
1466414943,0.1,0.3893465756460601,0.3893465756460601,True
1466414946,0.1,0.1,0.23376472856790342,False
1466414966,0.1,0.5370702748891087,0.5370702748891087,True
1466415038,0.1,0.27215863695171616,0.27215863695171616,True
1466415106,0.1,0.1,0.13987588363676307,False
1466415130,0.1,0.1,0.5108721986512927,False
1466415145,0.1,0.1,0.5123531544348836,False
1466415202,0.1,0.027806741761637443,0.027806741761637443,True
1466415239,0.1,0.3846132861334488,0.3846132861334488,True
1466415249,0.1,0.1,0.6394794666966837,False
1466415308,0.1,0.1,0.1980447804660781,False
1466415357,0.1,0.1,0.628217491760056,False
1466415404,0.1,0.1,0.39169426522807893,False
1466415469,0.1,0.312383255142031,0.312383255142031,True
1466415548,0.1,0.1,0.9341387166415184,False
1466415588,0.1,0.5073759747118637,0.5073759747118637,True
1466415627,0.1,0.07284893392075709,0.07284893392075709,True
1466415719,0.1,0.9318465229948864,0.9318465229948864,True
1466415767,0.1,0.3124663669626142,0.3124663669626142,True
1466415860,0.1,0.9904571543029892,0.9904571543029892,True
1466415872,0.1,0.623018444717485,0.623018444717485,True
1466415914,0.1,0.1,0.25592366096052144,False
1466415934,0.1,0.1,0.6089933059916253,False
1466415988,0.1,0.14650265884589864,0.14650265884589864,True
1466416004,0.1,0.7178214571528598,0.7178214571528598,True
1466416050,0.1,0.6315459123765601,0.6315459123765601,True
1466416150,0.1,0.6469554871821872,0.6469554871821872,True
1466416161,0.1,0.3405463596755176,0.3405463596755176,True
1466416215,0.1,0.1,0.4544593034910903,False
1466416315,0.1,0.1,0.17745959025482194,False
1466416321,0.1,0.5695458003974173,0.5695458003974173,True
1466416393,0.1,0.007075328898060951,0.007075328898060951,True
1466416440,0.1,0.1,0.25975554086853136,False
1466416510,0.1,0.1,0.15632628358694933,False
1466416541,0.1,0.1,0.13881516397302562,False
1466416631,0.1,0.1,0.05784864852446803,False
1466416671,0.1,0.1,0.4165492302584872,False
1466416725,0.1,0.682969988492219,0.682969988492219,True
1466416815,0.1,0.1,0.02920101902351846,False
1466416867,0.1,0.7699540012356992,0.7699540012356992,True
1466416933,0.1,0.1,0.2903237506476144,False
1466416963,0.1,0.1,0.34129457469179636,False
1466417034,0.1,0.18122754790184903,0.18122754790184903,True
1466417069,0.1,0.8551983610811679,0.8551983610811679,True
1466417095,0.1,0.1,0.5968480277524457,False
1466417123,0.1,0.7582560993379607,0.7582560993379607,True
1466417219,0.1,0.1,0.8202336294050775,False
1466417228,0.1,0.1,0.43850306184702126,False
1466417235,0.1,0.1,0.1445601993078055,False
1466417266,0.1,0.12327101075242575,0.12327101075242575,True
1466417298,0.1,0.7532765860357017,0.7532765860357017,True
1466417382,0.1,0.1,0.8128908259474273,False
1466417429,0.1,0.2103054609242403,0.2103054609242403,True
1466417434,0.1,0.1,0.5517493605724954,False
1466417513,0.1,0.1,0.3863296922239712,False
1466417598,0.1,0.1,0.2217926755477082,False
1466417615,0.1,0.5271326352310813,0.5271326352310813,True
1466417654,0.1,0.28982022232967586,0.28982022232967586,True
1466417749,0.1,0.5735708897030357,0.5735708897030357,True
1466417763,0.1,0.1311299785550193,0.1311299785550193,True
1466417822,0.1,0.1,0.3378726752468205,False
1466417851,0.1,0.1,0.7762025979242985,False
1466417855,0.1,0.10970925654741737,0.10970925654741737,True
1466417879,0.1,0.1,0.8940535827285624,False
1466417895,0.1,0.1,0.49306803951436995,False
1466417969,0.1,0.1,0.01082160318069092,False
1466418049,0.1,0.5308713146592043,0.5308713146592043,True
1466418118,0.1,0.1,0.4238691243303425,False
1466418129,0.1,0.7259037404809306,0.7259037404809306,True
1466418179,0.1,0.1,0.415823092698713,False
1466418254,0.1,0.7228173163627245,0.7228173163627245,True
1466418332,0.1,0.45425973892948,0.45425973892948,True
1466418428,0.1,0.1,0.2785555048680969,False
1466418494,0.1,0.1,0.5690821637042732,False
1466418554,0.1,0.9667458227748824,0.9667458227748824,True
1466418563,0.1,0.19330768583708147,0.19330768583708147,True
1466418564,0.1,0.1,0.3183925294233575,False
1466418594,0.1,0.2300022954646912,0.2300022954646912,True
1466418674,0.1,0.9097715417644952,0.9097715417644952,True
1466418748,0.1,0.1,0.6999885876676845,False
1466418847,0.1,0.1,0.2322276599798121,False
1466418877,0.1,0.1,0.9415067858146334,False
1466418917,0.1,0.1,0.08388364671094117,False
1466418938,0.1,0.5498984508218763,0.5498984508218763,True
1466419031,0.8,0.8,0.7740861393810703,False
1466419058,0.8,0.820210019451811,0.820210019451811,True
1466419104,0.8,0.1432110675766176,0.1432110675766176,True
1466419166,0.8,0.20714784851493173,0.20714784851493173,True
1466419261,0.8,0.8,0.6372798719787044,False
1466419349,0.8,0.5016923389048016,0.5016923389048016,True
1466419442,0.8,0.8,0.44837992639073676,False
1466419530,0.8,0.8,0.7622900698784724,False
1466419595,0.8,0.3816686618004883,0.3816686618004883,True
1466419646,0.8,0.8,0.9129028162706162,False
1466419737,0.8,0.8,0.4228484024446052,False
1466419826,0.8,0.9040859150126737,0.9040859150126737,True
1466419880,0.8,0.8,0.18033597095472165,False
1466419911,0.8,0.8,0.3323684745517941,False
1466419938,0.8,0.17391199566502158,0.17391199566502158,True
1466420016,0.8,0.5413792515004093,0.5413792515004093,True
1466420019,0.8,0.8,0.5069739641128528,False
1466420108,0.8,0.1452266177345639,0.1452266177345639,True
1466420205,0.8,0.6679315891500419,0.6679315891500419,True
1466420228,0.8,0.8,0.05658857893751701,False
1466420257,0.8,0.8,0.7352773497024201,False
1466420270,0.8,0.8268886349628232,0.8268886349628232,True
1466420296,0.8,0.7655511279134548,0.7655511279134548,True
1466420331,0.8,0.9595089159115547,0.9595089159115547,True
1466420407,0.8,0.4609699616661619,0.4609699616661619,True
1466420430,0.8,0.8,0.1971576484574995,False
1466420453,0.8,0.8,0.5172432212708278,False
1466420474,0.8,0.8,0.2443945734570978,False
1466420566,0.8,0.27317286862076817,0.27317286862076817,True
1466420579,0.8,0.8,0.5132487171428894,False
1466420618,0.8,0.8,0.5530203770801386,False
1466420624,0.8,0.419491121672673,0.419491121672673,True
1466420643,0.8,0.8956944799865317,0.8956944799865317,True
1466420695,0.8,0.8,0.29436469472392857,False
1466420788,0.8,0.1518030822882116,0.1518030822882116,True
1466420863,0.8,0.6653232100772197,0.6653232100772197,True
1466420947,0.8,0.8,0.7605428051804759,False
1466421003,0.8,0.8,0.5211242535069447,False
1466421032,0.8,0.21624211597463017,0.21624211597463017,True
1466421050,0.8,0.28295612609728593,0.28295612609728593,True
1466421116,0.8,0.47955045877053415,0.47955045877053415,True
1466421208,0.8,0.2521338143523413,0.2521338143523413,True
1466421234,0.8,0.021762879634969146,0.021762879634969146,True
1466421262,0.8,0.5541423507698291,0.5541423507698291,True
1466421353,0.8,0.8763272651841217,0.8763272651841217,True
1466421360,0.8,0.9792836471331914,0.9792836471331914,True
1466421392,0.8,0.8,0.32688757378870603,False
1466421480,0.8,0.3817833165643987,0.3817833165643987,True
1466421530,0.8,0.5738413878323706,0.5738413878323706,True
1466421547,0.8,0.5654544453599701,0.5654544453599701,True
1466421591,0.8,0.8,0.06046231006980818,False
1466421633,0.8,0.8191291168987422,0.8191291168987422,True
1466421636,0.8,0.5163884202408263,0.5163884202408263,True
1466421670,0.8,0.8,0.13201925367910794,False
1466421695,0.8,0.6498645727200533,0.6498645727200533,True
1466421721,0.8,0.22413888805771442,0.22413888805771442,True
1466421804,0.8,0.483201693172044,0.483201693172044,True
1466421819,0.8,0.8,0.2084831458901003,False
1466421862,0.8,0.27689205724557253,0.27689205724557253,True
1466421885,0.8,0.05671591956532951,0.05671591956532951,True
1466421936,0.8,0.7773930063380374,0.7773930063380374,True
1466422012,0.8,0.9575753006573184,0.9575753006573184,True
1466422044,0.8,0.8,0.5216983530748232,False
1466422045,0.8,0.8,0.7139901022184613,False
1466422137,0.8,0.5905397908959366,0.5905397908959366,True
1466422162,0.8,0.8,0.3981468720160959,False
1466422189,0.8,0.8,0.12417918280005691,False
1466422197,0.8,0.5981605372345241,0.5981605372345241,True
1466422264,0.8,0.8,0.21311198600376946,False
1466422330,0.8,0.8,0.25377981076575185,False
1466422378,0.8,0.8,0.5119850929031046,False
1466422432,0.8,0.37936772512041583,0.37936772512041583,True
1466422488,0.8,0.9856383681054042,0.9856383681054042,True
1466422577,0.8,0.8,0.4508227681874053,False
1466422628,0.8,0.158477384817028,0.158477384817028,True
1466422638,0.8,0.8,0.7725121746224073,False
1466422666,0.5,0.5,0.365276019841151,False
1466422706,0.5,0.5,0.12382847448997414,False
1466422731,0.2,0.0038672476492779273,0.0038672476492779273,True
1466422804,0.2,0.2,0.20930895043986963,False
1466422866,0.2,0.6039922706592713,0.6039922706592713,True
1466422873,0.2,0.2,0.12222238766596694,False
1466422895,0.2,0.6307076896683437,0.6307076896683437,True
1466422953,0.6,0.6,0.26424980180148017,False
1466422973,0.6,0.6289802273600528,0.6289802273600528,True
1466423017,0.6,0.42159493209289967,0.42159493209289967,True
1466423051,0.6,0.6,0.3673596829158966,False
1466423099,0.6,0.6,0.9125146722441466,False
1466423150,0.6,0.9090914928454313,0.9090914928454313,True
1466423155,0.6,0.1431867157302792,0.1431867157302792,True
1466423168,0.6,0.6,0.7623493591156689,False
1466423205,0.6,0.6,0.6052281598962753,False
1466423275,0.6,0.6,0.9834819535190892,False
1466423287,0.6,0.357992677804004,0.357992677804004,True
1466423336,0.6,0.8324621607145712,0.8324621607145712,True
1466423340,0.6,0.638502447896286,0.638502447896286,True
1466423355,0.6,0.9555622968467001,0.9555622968467001,True
1466423443,0.6,0.06717263727507494,0.06717263727507494,True
1466423499,0.6,0.4979136611776127,0.4979136611776127,True
1466423585,0.6,0.954044249780998,0.954044249780998,True
1466423612,0.6,0.6,0.25836003308310784,False
1466423669,0.6,0.7893774166333123,0.7893774166333123,True
1466423705,0.6,0.319428241910107,0.319428241910107,True
1466423770,0.6,0.6,0.7952281155291494,False
1466423844,0.6,0.6,0.11955153194689827,False
1466423902,0.6,0.9988969479577174,0.9988969479577174,True
1466423913,0.6,0.45812787047823256,0.45812787047823256,True
1466423972,0.6,0.6,0.22126406377717556,False
1466424014,0.6,0.8882599973010109,0.8882599973010109,True
1466424069,0.6,0.6,0.743429313018258,False
1466424154,0.6,0.6,0.549496245296722,False
1466424155,0.6,0.6,0.7940373927585195,False
1466424169,0.6,0.6517315453165118,0.6517315453165118,True
1466424262,0.6,0.6,0.3423652767653953,False
1466424339,0.6,0.6,0.799663791361728,False
1466424398,0.6,0.6,0.4472303942212764,False
1466424497,0.6,0.027074436684722314,0.027074436684722314,True
1466424558,0.6,0.6,0.7689762206473981,False
1466424613,0.6,0.017453241224332783,0.017453241224332783,True
1466424713,0.6,0.9860825749567842,0.9860825749567842,True
1466424804,0.6,0.6,0.38508556786515025,False
1466424878,0.6,0.6,0.6283180615453664,False
1466424924,0.6,0.6375142213691661,0.6375142213691661,True
1466425009,0.6,0.6,0.7641733607388046,False
1466425106,0.6,0.6,0.9299354264362717,False
1466425129,0.6,0.45470593476663734,0.45470593476663734,True
1466425179,0.6,0.0983658481058739,0.0983658481058739,True
1466425257,0.6,0.17267078325224083,0.17267078325224083,True
1466425262,0.6,0.6,0.6408917481150228,False
1466425305,0.6,0.6695662342935386,0.6695662342935386,True
1466425331,0.6,0.498481433669794,0.498481433669794,True
1466425338,0.6,0.6,0.4970882355604712,False
1466425377,0.6,0.947210816984699,0.947210816984699,True
1466425380,0.6,0.36390204772099466,0.36390204772099466,True
1466425417,0.6,0.6,0.9610103291069592,False
1466425484,0.6,0.6,0.740290653644697,False
1466425517,0.6,0.6,0.5609345349763213,False
1466425553,0.6,0.9642467316915675,0.9642467316915675,True
1466425640,0.6,0.6,0.8407576372559068,False
1466425687,0.6,0.8066862773911408,0.8066862773911408,True
1466425711,0.6,0.5429742024181639,0.5429742024181639,True
1466425768,0.6,0.7024750678809113,0.7024750678809113,True
1466425811,0.6,0.009904184334341815,0.009904184334341815,True
1466425856,0.6,0.04645365727173689,0.04645365727173689,True
1466425869,0.6,0.6,0.6115455807972817,False
1466425884,0.6,0.9069306936839958,0.9069306936839958,True
1466425962,0.6,0.6979995729602123,0.6979995729602123,True
1466425974,0.6,0.6,0.12364168514776142,False
1466426016,0.6,0.6,0.9770445701424814,False
1466426024,0.6,0.6,0.5035540057993999,False
1466426034,0.6,0.6,0.5092510592614325,False
1466426130,0.6,0.6,0.7562567222307991,False
1466426189,0.6,0.7663277620668025,0.7663277620668025,True
1466426198,0.6,0.6,0.05196637424708628,False
1466426280,0.6,0.6,0.24225549827336312,False
1466426298,0.6,0.5669774938720119,0.5669774938720119,True
1466426380,0.6,0.32387150056994474,0.32387150056994474,True
1466426420,0.6,0.6,0.5800018803745429,False
1466426509,0.6,0.7328237304017923,0.7328237304017923,True
1466426521,0.6,0.6,0.8565106585146233,False
1466426535,0.6,0.6,0.19534933914302166,False
1466426563,0.6,0.7640058874733449,0.7640058874733449,True
1466426620,0.6,0.8087546497193356,0.8087546497193356,True
1466426694,0.6,0.6,0.25657999414071286,False
1466426764,0.6,0.4620906572349306,0.4620906572349306,True
1466426778,0.6,0.020929624382072354,0.020929624382072354,True
1466426866,0.6,0.6,0.7332752956990923,False
1466426938,0.6,0.6,0.8909726154539137,False
1466427022,0.6,0.7198596242744962,0.7198596242744962,True
1466427059,0.6,0.6,0.9130706413208558,False
1466427125,0.6,0.6,0.06595766690442095,False
1466427204,0.6,0.9112687684422285,0.9112687684422285,True
1466427240,0.6,0.8165666024831448,0.8165666024831448,True
1466427317,0.6,0.5943438666065962,0.5943438666065962,True
1466427319,0.6,0.6,0.9397410760384789,False
1466427331,0.6,0.6,0.9014594156186824,False
1466427425,0.6,0.5513393408563031,0.5513393408563031,True
1466427458,0.6,0.6,0.4810934765131625,False
1466427495,0.6,0.6,0.49416493973320896,False
1466427543,0.6,0.4024201252298216,0.4024201252298216,True
1466427625,0.6,0.6,0.1368895744157822,False
1466427663,0.6,0.05182441874235211,0.05182441874235211,True
1466427672,0.6,0.6,0.9285409911965689,False
1466427684,0.6,0.3379559087807109,0.3379559087807109,True
1466427739,0.6,0.6,0.6272236132853435,False
1466427769,0.6,0.6,0.3684726134285867,False
1466427775,0.6,0.6,0.2714625085809498,False
1466427820,0.6,0.6,0.052786038032796134,False
1466427837,0.6,0.30984959318799676,0.30984959318799676,True
1466427846,0.6,0.5510213890477407,0.5510213890477407,True
1466427904,0.6,0.6,0.1995134692449706,False
1466427997,0.6,0.6,0.22275483517869832,False
1466428027,0.6,0.2082454083845362,0.2082454083845362,True
1466428114,0.6,0.6,0.5610915549519375,False
1466428212,0.6,0.041077179253420804,0.041077179253420804,True
1466428294,0.6,0.6,0.12311134644540456,False
1466428321,0.6,0.6,0.770300311509223,False
1466428340,0.6,0.1611446449349203,0.1611446449349203,True
1466428378,0.6,0.12756399192167545,0.12756399192167545,True
1466428463,0.6,0.46282618046687785,0.46282618046687785,True
1466428551,0.6,0.12788592909510554,0.12788592909510554,True
1466428575,0.6,0.6,0.13166697264921656,False
1466428593,0.6,0.4449228900920005,0.4449228900920005,True
1466428682,0.6,0.6,0.026956899148024238,False
1466428699,0.6,0.6,0.8316306047404913,False
1466428719,0.6,0.6,0.947407673569912,False
1466428819,0.6,0.11824879921985654,0.11824879921985654,True
1466428850,0.6,0.1483117816784757,0.1483117816784757,True
1466428884,0.6,0.6,0.5960473200511237,False
1466428973,0.6,0.5800785225195392,0.5800785225195392,True
1466429006,0.6,0.780037690842072,0.780037690842072,True
1466429026,0.6,0.6,0.46262244971418254,False
1466429066,0.6,0.6,0.08464724382005939,False
1466429072,0.6,0.6,0.7569006843811532,False
1466429103,0.6,0.6,0.5629493032072775,False
1466429110,0.6,0.4003953699368942,0.4003953699368942,True
1466429123,0.6,0.8992337790314864,0.8992337790314864,True
1466429168,0.6,0.6,0.14873199393434788,False
1466429182,0.6,0.04803014168209374,0.04803014168209374,True
1466429184,0.6,0.506033937217215,0.506033937217215,True
1466429197,0.6,0.6,0.4627194908704362,False
1466429280,0.1,0.3090847147123922,0.3090847147123922,True
1466429378,0.1,0.1,0.524948105339592,False
1466429450,0.1,0.12333192905501544,0.12333192905501544,True
1466429455,0.1,0.11750477244548008,0.11750477244548008,True
1466429510,0.1,0.1,0.7441050124771135,False
1466429565,0.1,0.1,0.8774255379060744,False
1466429566,0.1,0.1,0.5571634245984777,False
1466429592,0.1,0.1,0.1865038222159784,False
1466429623,0.1,0.1,0.16560236330931055,False
1466429691,0.1,0.0931434063292319,0.0931434063292319,True
1466429733,0.1,0.1,0.6129498524182546,False
1466429803,0.1,0.3479743142496493,0.3479743142496493,True
1466429832,0.1,0.1,0.47080573910003365,False
1466429905,0.1,0.1,0.3010931250397947,False
1466429997,0.1,0.1,0.6241585167226253,False
1466430050,0.1,0.4454843686077289,0.4454843686077289,True
1466430088,0.1,0.1,0.634254378508839,False
1466430174,0.1,0.49925414457632744,0.49925414457632744,True
1466430247,0.1,0.2681842167824112,0.2681842167824112,True
1466430344,0.1,0.1,0.194992910600564,False
1466430375,0.1,0.1,0.528498379059276,False
1466430400,0.1,0.015686175170127048,0.015686175170127048,True
1466430457,0.1,0.1,0.19703483534746147,False
1466430483,0.1,0.9312388289009068,0.9312388289009068,True
1466430517,0.1,0.1,0.5405570745689704,False
1466430524,0.1,0.1,0.8026194864933265,False
1466430592,0.1,0.5488686828094088,0.5488686828094088,True
1466430616,0.1,0.1,0.0012703102565172486,False
1466430631,0.1,0.13148965412530034,0.13148965412530034,True
1466430680,0.1,0.9234672891037373,0.9234672891037373,True
1466430734,0.1,0.1,0.23826135371200174,False
1466430790,0.1,0.4187807152364017,0.4187807152364017,True
1466430815,0.1,0.1,0.4059367475929847,False
1466430895,0.1,0.6456231006728603,0.6456231006728603,True
1466430916,0.1,0.1,0.524497794709117,False
1466430929,0.1,0.6980724478355876,0.6980724478355876,True
1466430936,0.1,0.9734723445318902,0.9734723445318902,True
1466431009,0.1,0.3720014624619554,0.3720014624619554,True
1466431036,0.1,0.10780017788094787,0.10780017788094787,True
1466431055,0.1,0.7905014771179893,0.7905014771179893,True
1466431145,0.1,0.1,0.1788681686524214,False
1466431218,0.1,0.1,0.3179431883759032,False
1466431290,0.1,0.7694682486798672,0.7694682486798672,True
1466431324,0.1,0.6576219356337691,0.6576219356337691,True
1466431400,0.1,0.291660475697039,0.291660475697039,True
1466431450,0.1,0.12090352385452852,0.12090352385452852,True
1466431526,0.1,0.1,0.923364604462935,False
1466431589,0.1,0.9199632319193194,0.9199632319193194,True
1466431661,0.1,0.9047083793963469,0.9047083793963469,True
1466431760,0.1,0.1,0.029513260897508053,False
1466431796,0.1,0.30125952786745946,0.30125952786745946,True
1466431848,0.1,0.014608879150513343,0.014608879150513343,True
1466431879,0.1,0.03473750700168188,0.03473750700168188,True
1466431954,0.1,0.1,0.568551578603058,False
1466431958,0.1,0.21066492570863715,0.21066492570863715,True
1466432002,0.1,0.9135200637026689,0.9135200637026689,True
1466432101,0.1,0.1,0.9030546528085639,False
1466432177,0.1,0.25078581638547304,0.25078581638547304,True
1466432194,0.1,0.1,0.8876320812839433,False
1466432237,0.1,0.1,0.6265439660252765,False
1466432280,0.1,0.3579839678400556,0.3579839678400556,True
1466432373,0.1,0.1,0.8509842326232024,False
1466432389,0.1,0.1,0.03163894764718078,False
1466432415,0.1,0.1,0.7071118095856822,False
1466432417,0.1,0.1,0.09351578700640073,False
1466432506,0.1,0.1,0.9924933314954154,False
1466432569,0.1,0.8112614375318118,0.8112614375318118,True
1466432577,0.1,0.34216976377453345,0.34216976377453345,True
1466432670,0.1,0.1,0.23724243876509932,False
1466432706,0.1,0.1,0.08042595627110438,False
1466432804,0.1,0.5985954285221166,0.5985954285221166,True
1466432853,0.1,0.33750664776602457,0.33750664776602457,True
1466432947,0.1,0.9124981173200769,0.9124981173200769,True
1466433040,0.1,0.1,0.3996385681480923,False
1466433128,0.1,0.1,0.5607444089459332,False
1466433145,0.1,0.15625816526334269,0.15625816526334269,True
1466433195,0.1,0.1,0.2995066037516939,False
1466433289,0.1,0.8169498713627753,0.8169498713627753,True
1466433375,0.1,0.1,0.5776814767916729,False
1466433427,0.1,0.1,0.36688775575783805,False
1466433478,0.1,0.1,0.9703248029338825,False
1466433517,0.1,0.9909580969362757,0.9909580969362757,True
1466433615,0.1,0.7164572108221253,0.7164572108221253,True
1466433672,0.1,0.1,0.1358122982048403,False
1466433762,0.1,0.6198296756404651,0.6198296756404651,True
1466433809,0.1,0.14683451170263861,0.14683451170263861,True
1466433873,0.1,0.9822452538528116,0.9822452538528116,True
1466433910,0.1,0.1,0.5178778723369899,False
1466433994,0.1,0.1,0.4862857634578929,False
1466434003,0.1,0.1,0.40808548014522084,False
1466434045,0.1,0.6646983676436955,0.6646983676436955,True
1466434096,0.1,0.1,0.5037292370439331,False
1466434173,0.1,0.5230594463175543,0.5230594463175543,True
1466434199,0.1,0.1,0.9132519046733001,False
1466434224,0.1,0.3394415410791395,0.3394415410791395,True
1466434308,0.1,0.013146266947035912,0.013146266947035912,True
1466434359,0.1,0.1,0.02770549338414574,False
1466434371,0.1,0.1,0.012313767964808986,False
1466434457,0.1,0.34215566493357885,0.34215566493357885,True
1466434498,0.1,0.6784787938769337,0.6784787938769337,True
1466434552,0.1,0.3525070311134094,0.3525070311134094,True
1466434622,0.1,0.24548611405384257,0.24548611405384257,True
1466434691,0.1,0.1,0.8663551010572048,False
1466434718,0.1,0.9365760135320188,0.9365760135320188,True
1466434727,0.1,0.04783716101381619,0.04783716101381619,True
1466434815,0.1,0.1,0.4594399161015036,False
1466434892,0.1,0.11304955958980978,0.11304955958980978,True
1466434915,0.1,0.1,0.4866116399581629,False
1466434946,0.1,0.2384917342757188,0.2384917342757188,True
1466434988,0.1,0.6899832909966799,0.6899832909966799,True
1466435020,0.1,0.8727297918384871,0.8727297918384871,True
1466435090,0.1,0.9227694627921589,0.9227694627921589,True
1466435099,0.1,0.1,0.3241558294843533,False
1466435145,0.1,0.20746174172599585,0.20746174172599585,True
1466435186,0.1,0.7591527833088644,0.7591527833088644,True
1466435246,0.1,0.28534279093913095,0.28534279093913095,True
1466435284,0.1,0.1,0.4016795734117461,False
1466435327,0.1,0.8594946097266323,0.8594946097266323,True
1466435369,0.1,0.16819387649781403,0.16819387649781403,True
1466435408,0.1,0.9271279589300416,0.9271279589300416,True
1466435468,0.1,0.3228498352791973,0.3228498352791973,True
1466435486,0.1,0.1,0.0841689856748078,False
1466435555,0.1,0.7756288743452607,0.7756288743452607,True
1466435624,0.1,0.1,0.5242421074740392,False
1466435659,0.1,0.4381684519016391,0.4381684519016391,True
1466435682,0.1,0.891920226369044,0.891920226369044,True
1466435712,0.1,0.5668280153656358,0.5668280153656358,True
1466435794,0.1,0.9841005937539034,0.9841005937539034,True
1466435878,0.1,0.1,0.2961135212126561,False
1466435904,0.1,0.8003666844674131,0.8003666844674131,True
1466435971,0.1,0.1,0.8711546457478256,False
1466436041,0.1,0.859978343643208,0.859978343643208,True
1466436059,0.1,0.1,0.2374482168748001,False
1466436093,0.1,0.1,0.6993393396871311,False
1466436178,0.1,0.5410267874135273,0.5410267874135273,True
1466436230,0.8,0.8,0.44594054053054455,False
1466436280,0.8,0.8,0.2543358549107716,False
1466436332,0.8,0.8,0.7450625168122461,False
1466436333,0.8,0.8,0.20369001325917424,False
1466436431,0.8,0.20066220703711068,0.20066220703711068,True
1466436520,0.8,0.8,0.5795066836210442,False
1466436572,0.8,0.8,0.29013541605509974,False
1466436647,0.8,0.8482948319110934,0.8482948319110934,True
1466436655,0.8,0.8,0.09906834878234616,False
1466436727,0.8,0.8,0.7596845658796548,False
1466436793,0.8,0.7096539702057549,0.7096539702057549,True
1466436879,0.8,0.8,0.5931539012807152,False
1466436880,0.8,0.8,0.7858795378008205,False
1466436939,0.8,0.2133187771910936,0.2133187771910936,True
1466437015,0.8,0.9920148017424983,0.9920148017424983,True
1466437048,0.8,0.879025945357059,0.879025945357059,True
1466437088,0.8,0.7071259222542272,0.7071259222542272,True
1466437105,0.8,0.8,0.6344023942371072,False
1466437122,0.8,0.9719677550586971,0.9719677550586971,True
1466437160,0.8,0.22043108308571746,0.22043108308571746,True
1466437232,0.8,0.24851898891767077,0.24851898891767077,True
1466437321,0.8,0.8,0.6670014441886564,False
1466437335,0.8,0.8,0.08576857632609447,False
1466437358,0.8,0.5801176303548329,0.5801176303548329,True
1466437441,0.8,0.8,0.3349571757343568,False
1466437480,0.8,0.8,0.04039194102936805,False
1466437561,0.8,0.8,0.6110177700402297,False
1466437653,0.8,0.8959009417815972,0.8959009417815972,True
1466437709,0.8,0.41967881918601024,0.41967881918601024,True
1466437798,0.8,0.8,0.3304801440413594,False
1466437869,0.8,0.48352674785246985,0.48352674785246985,True
1466437952,0.8,0.8,0.5489912569334909,False
1466438037,0.8,0.6011511353185323,0.6011511353185323,True
1466438054,0.8,0.8,0.8909378951941186,False
1466438056,0.8,0.1659762737909789,0.1659762737909789,True
1466438136,0.8,0.8,0.13219485354892957,False
1466438234,0.8,0.8,0.12569019103161638,False
1466438261,0.8,0.8,0.5171186807636597,False
1466438348,0.8,0.8,0.7927492218728347,False
1466438407,0.8,0.8,0.5337669344187057,False
1466438422,0.8,0.8,0.33113306738978077,False
1466438476,0.8,0.30691986277404204,0.30691986277404204,True
1466438571,0.8,0.8,0.7137972995984909,False
1466438612,0.8,0.6908781377634171,0.6908781377634171,True
1466438620,0.8,0.8,0.6480185469417608,False
1466438698,0.8,0.8,0.6101876895585026,False
1466438747,0.8,0.8,0.889082758145102,False
1466438795,0.8,0.11013418633571759,0.11013418633571759,True
1466438810,0.8,0.8,0.12456817354638738,False
1466438888,0.8,0.47087988693902316,0.47087988693902316,True
1466438975,0.8,0.8,0.9479084975483664,False
1466439000,0.8,0.5696529372922954,0.5696529372922954,True
1466439092,0.8,0.8,0.8531099605263466,False
1466439150,0.8,0.5155001933733547,0.5155001933733547,True
1466439229,0.8,0.8536463063014698,0.8536463063014698,True
1466439279,0.8,0.21041356595248373,0.21041356595248373,True
1466439328,0.8,0.8,0.5545823268956445,False
1466439351,0.8,0.6615660352022936,0.6615660352022936,True
1466439447,0.8,0.35565334448866803,0.35565334448866803,True
1466439466,0.8,0.8,0.9714569734109156,False
1466439480,0.8,0.8,0.9445553518081864,False
1466439560,0.8,0.6517124927951025,0.6517124927951025,True
1466439600,0.8,0.3870633106989092,0.3870633106989092,True
1466439645,0.8,0.8,0.8788974349467115,False
1466439729,0.8,0.7476723492726699,0.7476723492726699,True
1466439772,0.8,0.9628398288287047,0.9628398288287047,True
1466439827,0.8,0.8852218490690315,0.8852218490690315,True
1466439849,0.8,0.8721375238547484,0.8721375238547484,True
1466439910,0.8,0.8,0.36038381738848513,False
1466439990,0.8,0.8,0.9593176715379129,False
1466440005,0.8,0.6834515251303106,0.6834515251303106,True
1466440006,0.8,0.3231595575705202,0.3231595575705202,True
1466440045,0.8,0.10319630666555712,0.10319630666555712,True
1466440066,0.8,0.8,0.30899455716244817,False
1466440154,0.8,0.06573487464067562,0.06573487464067562,True
1466440214,0.8,0.42306019385282556,0.42306019385282556,True
1466440226,0.8,0.17931524350989292,0.17931524350989292,True
1466440304,0.8,0.47457075463509146,0.47457075463509146,True
1466440385,0.8,0.8,0.778249773662414,False
1466440451,0.8,0.8,0.10437442221998339,False
1466440521,0.8,0.6733467373620274,0.6733467373620274,True
1466440581,0.8,0.4756715612527016,0.4756715612527016,True
1466440674,0.8,0.44382716532268196,0.44382716532268196,True
1466440727,0.8,0.13927096777935632,0.13927096777935632,True
1466440821,0.8,0.3603835906595565,0.3603835906595565,True
1466440827,0.8,0.8,0.02810496284195796,False
1466440897,0.8,0.8,0.7631129087760157,False
1466440923,0.8,0.6478031303637906,0.6478031303637906,True
1466441012,0.8,0.8,0.45150307729099104,False
1466441049,0.8,0.8,0.5328763748581175,False
1466441147,0.8,0.8,0.5939768794334701,False
1466441213,0.8,0.44020081319833126,0.44020081319833126,True
1466441311,0.8,0.8,0.9538957618781501,False
1466441318,0.8,0.23458193340531064,0.23458193340531064,True
1466441418,0.8,0.8,0.9587783036606891,False
1466441510,0.8,0.8,0.8763234623808281,False
1466441541,0.8,0.8,0.04193982187190781,False
1466441579,0.8,0.6441508684123964,0.6441508684123964,True
1466441630,0.8,0.8,0.1298543271193927,False
1466441714,0.8,0.96134213441165,0.96134213441165,True
1466441724,0.8,0.8,0.4861955834067869,False
1466441741,0.8,0.8,0.5573742137015646,False
1466441822,0.8,0.8,0.6310926931096439,False
1466441883,0.8,0.8676716435960532,0.8676716435960532,True
1466441934,0.8,0.6946600085800477,0.6946600085800477,True
1466441947,0.8,0.8,0.3077579348155093,False
1466442046,0.8,0.3760283797479923,0.3760283797479923,True
1466442137,0.8,0.39404254718181275,0.39404254718181275,True
1466442175,0.8,0.8,0.17823376755985854,False
1466442216,0.8,0.8,0.8918274970536183,False
1466442284,0.8,0.8,0.3484680561747928,False
1466442332,0.8,0.4525130729032453,0.4525130729032453,True
1466442358,0.8,0.6889030038081315,0.6889030038081315,True
1466442362,0.8,0.7116071073151807,0.7116071073151807,True
1466442439,0.8,0.8,0.6618013973926287,False
1466442490,0.8,0.8,0.9881152467791144,False
1466442498,0.8,0.7871920961070307,0.7871920961070307,True
1466442508,0.8,0.30293965514930676,0.30293965514930676,True
1466442518,0.8,0.8,0.5012404016549356,False
1466442556,0.8,0.8,0.6812151799243663,False
1466442656,0.8,0.8,0.31716319058183295,False
1466442662,0.8,0.8,0.052982294605835256,False
1466442703,0.8,0.7939086321072215,0.7939086321072215,True
1466442768,0.8,0.8,0.9331749071120269,False
1466442788,0.8,0.8,0.4902007064618302,False
1466442886,0.8,0.16043994065673028,0.16043994065673028,True
1466442980,0.8,0.057964181956635885,0.057964181956635885,True
1466443000,0.8,0.5612795760822581,0.5612795760822581,True
1466443029,0.8,0.8,0.5895942403412183,False
1466443038,0.8,0.8,0.8651156632889744,False
1466443089,0.8,0.8852207883547815,0.8852207883547815,True
1466443162,0.8,0.8,0.15478850721402815,False
1466443201,0.8,0.9165810626413786,0.9165810626413786,True
1466443219,0.8,0.165838957485142,0.165838957485142,True
1466443263,0.8,0.5004532075021865,0.5004532075021865,True
1466443350,0.8,0.4052524316758518,0.4052524316758518,True
1466443373,0.8,0.5063614091821534,0.5063614091821534,True
1466443392,0.8,0.11883803721520914,0.11883803721520914,True
1466443402,0.8,0.5773955862956647,0.5773955862956647,True
1466443486,0.8,0.4052373398659057,0.4052373398659057,True
1466443511,0.8,0.8,0.5985392160668921,False
1466443584,0.8,0.9692489602437865,0.9692489602437865,True
1466443677,0.8,0.15737217175767715,0.15737217175767715,True
1466443725,0.8,0.6412079331177591,0.6412079331177591,True
1466443727,0.8,0.7337340951510448,0.7337340951510448,True
1466443750,0.8,0.2826599255797533,0.2826599255797533,True
1466443761,0.8,0.8,0.5124141538527702,False
1466443808,0.8,0.8314873320779935,0.8314873320779935,True
1466443861,0.8,0.5942024080362703,0.5942024080362703,True
1466443929,0.8,0.8,0.5887421674106406,False
1466443986,0.8,0.6938638125149985,0.6938638125149985,True
1466444043,0.8,0.4915802386939302,0.4915802386939302,True
1466444110,0.8,0.1915576486263848,0.1915576486263848,True
1466444192,0.8,0.9572773148527923,0.9572773148527923,True
1466444287,0.8,0.9252252890636091,0.9252252890636091,True
1466444294,0.8,0.5599164014382945,0.5599164014382945,True
1466444366,0.8,0.3072203029501813,0.3072203029501813,True
1466444466,0.8,0.8,0.8661909165713344,False
1466444505,0.8,0.05103115476267017,0.05103115476267017,True
1466444556,0.8,0.8,0.9301335937171162,False
1466444624,0.8,0.06445555668924752,0.06445555668924752,True
1466444663,0.8,0.8,0.8624819454319785,False
1466444685,0.8,0.809488712939555,0.809488712939555,True
1466444756,0.4,0.4,0.895295320040789,False
1466444781,0.4,0.4228431509239815,0.4228431509239815,True
1466444840,0.4,0.2617400609411773,0.2617400609411773,True
1466444854,0.4,0.4,0.15871945102407892,False
1466444860,0.4,0.6660201128142446,0.6660201128142446,True
1466444959,0.4,0.5049140962718227,0.5049140962718227,True
1466445058,0.4,0.31558256981898025,0.31558256981898025,True
1466445107,0.4,0.07495020110058259,0.07495020110058259,True
1466445165,0.4,0.4,0.23010017725497844,False
1466445170,0.4,0.024986297079834907,0.024986297079834907,True
1466445173,0.4,0.6028277409892258,0.6028277409892258,True
1466445247,0.4,0.4,0.2886342988021676,False
1466445305,0.4,0.4,0.8346245149461654,False
1466445333,0.4,0.4,0.9229060561371102,False
1466445356,0.4,0.9953840608525096,0.9953840608525096,True
1466445430,0.4,0.4842243625959589,0.4842243625959589,True
1466445491,0.4,0.73440927787709,0.73440927787709,True
1466445497,0.4,0.4,0.7493341639798572,False
1466445514,0.4,0.4,0.016798075225890607,False
1466445549,0.4,0.14873319929044626,0.14873319929044626,True
1466445640,0.4,0.9873588317341012,0.9873588317341012,True
1466445648,0.4,0.4,0.7049001862452284,False
1466445739,0.4,0.4,0.9547530983270646,False
1466445814,0.4,0.4,0.8861365238736355,False
1466445879,0.4,0.5884864711349108,0.5884864711349108,True
1466445909,0.4,0.459305446224086,0.459305446224086,True
1466445965,0.4,0.4,0.8362231136040913,False
1466446021,0.4,0.6700224329691848,0.6700224329691848,True
1466446045,0.4,0.6750756929902273,0.6750756929902273,True
1466446071,0.4,0.4,0.9974097100136473,False
1466446120,0.4,0.4,0.5509467776880856,False
1466446168,0.4,0.005179874984600374,0.005179874984600374,True
1466446253,0.4,0.4,0.4451327594733526,False
1466446302,0.4,0.4,0.4744730166416069,False
1466446389,0.4,0.3772740693755404,0.3772740693755404,True
1466446404,0.4,0.4,0.27101468624815406,False
1466446494,0.4,0.09045430339334037,0.09045430339334037,True
1466446594,0.4,0.8877203465427825,0.8877203465427825,True
1466446643,0.4,0.4,0.9142818674921919,False
1466446669,0.4,0.4,0.5923461570831231,False
1466446690,0.4,0.4,0.1441250603836819,False
1466446735,0.4,0.4,0.5874431262813565,False
1466446766,0.4,0.4,0.57845340578829,False
1466446852,0.4,0.4,0.17402356616755776,False
1466446902,0.4,0.6991545149566827,0.6991545149566827,True
1466446945,0.4,0.4,0.2974657934969347,False
1466446987,0.4,0.4,0.6737975637094396,False
1466447036,0.4,0.4,0.49381916854793084,False
1466447112,0.4,0.4,0.743917176498664,False
1466447129,0.4,0.7965009692037327,0.7965009692037327,True
1466447189,0.4,0.4,0.6554171436519993,False
1466447224,0.4,0.4,0.07899562678850769,False
1466447270,0.4,0.4,0.39609001920819753,False
1466447272,0.4,0.6541593786957554,0.6541593786957554,True
1466447348,0.4,0.7040074264696,0.7040074264696,True
1466447359,0.4,0.3284133489834562,0.3284133489834562,True
1466447388,0.4,0.4,0.5345263959765905,False
1466447390,0.4,0.4,0.975262413120089,False
1466447425,0.4,0.6529318049486139,0.6529318049486139,True
1466447463,0.4,0.7068077062130168,0.7068077062130168,True
1466447485,0.4,0.6716962243542554,0.6716962243542554,True
1466447545,0.4,0.4,0.7521761462775064,False
1466447553,0.4,0.94937642086864,0.94937642086864,True
1466447554,0.4,0.2381632196839819,0.2381632196839819,True
1466447573,0.4,0.4,0.3110398585899601,False
1466447634,0.4,0.1637777326342622,0.1637777326342622,True
1466447695,0.4,0.8148490922989468,0.8148490922989468,True
1466447762,0.4,0.4,0.6562569443970431,False
1466447844,0.4,0.29518272206763463,0.29518272206763463,True
1466447885,0.4,0.4,0.9499095747891703,False
1466447943,0.4,0.1859288784004277,0.1859288784004277,True
1466447956,0.4,0.4,0.17271152152834213,False
1466448041,0.4,0.10806851212707524,0.10806851212707524,True
1466448140,0.4,0.4,0.5988057723296465,False
1466448215,0.4,0.4,0.1796517977584019,False
1466448270,0.4,0.20832036216573002,0.20832036216573002,True
1466448302,0.4,0.13188159638403685,0.13188159638403685,True
1466448368,0.4,0.4,0.31054451763887403,False
1466448422,0.4,0.4,0.14471862282005254,False
1466448517,0.4,0.2916846441714994,0.2916846441714994,True
1466448614,0.4,0.6605191458933043,0.6605191458933043,True
1466448701,0.4,0.4,0.36720345608499716,False
1466448743,0.4,0.1046747109940237,0.1046747109940237,True
1466448805,0.4,0.4,0.3580131866409373,False
1466448844,0.4,0.4,0.5681978295502219,False
1466448896,0.4,0.4,0.9184158409611127,False
1466448984,0.4,0.4,0.7520281074345183,False
1466449031,0.4,0.5842586791869974,0.5842586791869974,True
1466449045,0.4,0.178120930704887,0.178120930704887,True
1466449099,0.4,0.4,0.9100833730017388,False
1466449171,0.4,0.9515793736564041,0.9515793736564041,True
1466449261,0.4,0.5612391358516219,0.5612391358516219,True
1466449280,0.4,0.526523392831642,0.526523392831642,True
1466449359,0.4,0.7827251344106044,0.7827251344106044,True
1466449442,0.4,0.70626999204972,0.70626999204972,True
1466449496,0.4,0.4,0.6898037498274746,False
1466449537,0.4,0.48600617541788727,0.48600617541788727,True
1466449555,0.4,0.4,0.10976186986480374,False
1466449629,0.4,0.016189910928345874,0.016189910928345874,True
1466449635,0.4,0.4,0.4252403621450843,False
1466449721,0.4,0.4,0.26080698679582703,False
1466449772,0.4,0.12977988145838903,0.12977988145838903,True
1466449872,0.4,0.4,0.26885883530073273,False
1466449873,0.4,0.8990716532810289,0.8990716532810289,True
1466449884,0.4,0.4,0.1581880149028676,False
1466449937,0.4,0.10492433800033718,0.10492433800033718,True
1466449953,0.4,0.8104849928109653,0.8104849928109653,True
1466449959,0.4,0.6988060593310139,0.6988060593310139,True
1466449961,0.4,0.4,0.6925646783710107,False
1466450018,0.4,0.41507947325469086,0.41507947325469086,True
1466450075,0.4,0.533642052917223,0.533642052917223,True
1466450150,1.0,0.9707493746304209,0.9707493746304209,True
1466450177,1.0,1.0,0.008849638313968677,False
1466450255,1.0,1.0,0.1165696678634115,False
1466450343,1.0,1.0,0.008793555791961616,False
1466450348,1.0,0.5537190617860032,0.5537190617860032,True
1466450401,1.0,1.0,0.7394188719894648,False
1466450433,1.0,0.946156962264698,0.946156962264698,True
1466450507,1.0,1.0,0.9372445529244496,False
1466450536,1.0,0.12075269538067746,0.12075269538067746,True
1466450627,1.0,1.0,0.9112109572502473,False
1466450723,1.0,0.6111893143284706,0.6111893143284706,True
1466450817,1.0,0.145263705019255,0.145263705019255,True
1466450900,1.0,1.0,0.9415756584783563,False
1466450902,1.0,1.0,0.2252396484113981,False
1466450971,1.0,1.0,0.8808540949042564,False
1466451016,1.0,0.0353239844492621,0.0353239844492621,True
1466451023,1.0,1.0,0.6459986547609039,False
1466451073,1.0,1.0,0.6841915495441103,False
1466451166,1.0,0.8389250191183693,0.8389250191183693,True
1466451231,1.0,1.0,0.003998124285321203,False
1466451245,1.0,1.0,0.8866623089627778,False
1466451293,1.0,1.0,0.9168305711316442,False
1466451295,1.0,1.0,0.19393287509824508,False
1466451378,1.0,0.4047736331011096,0.4047736331011096,True
1466451445,1.0,1.0,0.4244433460347715,False
1466451508,1.0,1.0,0.6100972766070734,False
1466451599,1.0,1.0,0.010571157836109846,False
1466451686,1.0,1.0,0.8423765236957133,False
1466451761,1.0,0.5836678750588746,0.5836678750588746,True
1466451857,1.0,1.0,0.27698499693791157,False
1466451909,1.0,1.0,0.37989138240943765,False
1466451919,1.0,1.0,0.09578284480802302,False
1466452006,1.0,0.8766748595595506,0.8766748595595506,True
1466452035,1.0,0.1809097677563759,0.1809097677563759,True
1466452039,1.0,0.6919033419618486,0.6919033419618486,True
1466452104,1.0,1.0,0.7370359816088002,False
1466452167,1.0,1.0,0.323755603881443,False
1466452238,1.0,0.41789229481828694,0.41789229481828694,True
1466452313,1.0,0.9371854675186402,0.9371854675186402,True
1466452339,1.0,1.0,0.9054949956310545,False
1466452419,1.0,0.9193652074670258,0.9193652074670258,True
1466452424,1.0,0.7884880639410239,0.7884880639410239,True
1466452435,1.0,1.0,0.6009081141353858,False
1466452531,1.0,1.0,0.9045577442014883,False
1466452584,1.0,0.23032055036216614,0.23032055036216614,True
1466452625,1.0,0.5947514636955673,0.5947514636955673,True
1466452676,1.0,1.0,0.37591415088283275,False
1466452752,1.0,1.0,0.14610678553125267,False
1466452796,1.0,1.0,0.7494202305840997,False
1466452825,1.0,1.0,0.4990103611422314,False
1466452860,1.0,0.26161377625445714,0.26161377625445714,True
1466452960,1.0,0.984410294831527,0.984410294831527,True
1466452979,1.0,1.0,0.9215960101177023,False
1466453002,1.0,1.0,0.010870725925543168,False
1466453016,1.0,0.8741539258514668,0.8741539258514668,True
1466453025,1.0,1.0,0.3663937487644906,False
1466453089,1.0,1.0,0.9443922100422018,False
1466453141,1.0,0.600552466173512,0.600552466173512,True
1466453154,1.0,0.845191110680228,0.845191110680228,True
1466453184,1.0,1.0,0.12195182644006741,False
1466453202,1.0,1.0,0.5361417567764637,False
1466453203,1.0,0.541597459633656,0.541597459633656,True
1466453222,1.0,0.8794069894426365,0.8794069894426365,True
1466453321,1.0,0.6055565739119155,0.6055565739119155,True
1466453379,1.0,0.06336417455192145,0.06336417455192145,True
1466453392,1.0,0.10901726723824312,0.10901726723824312,True
1466453422,1.0,0.20388536233958376,0.20388536233958376,True
1466453502,0.8,0.43693972021636285,0.43693972021636285,True
1466453518,0.8,0.4461229275413373,0.4461229275413373,True
1466453563,0.8,0.8,0.9800098682487612,False
1466453604,0.8,0.8,0.7844889753137412,False
1466453639,0.8,0.8,0.5761220234893207,False
1466453705,0.8,0.5605295723349574,0.5605295723349574,True
1466453795,0.8,0.8,0.31680005691737145,False
1466453816,0.8,0.6688229357337572,0.6688229357337572,True
1466453870,0.8,0.8,0.7823031954873928,False
1466453910,0.8,0.8,0.43491773405351786,False
1466454002,0.8,0.8,0.3679686945074194,False
1466454051,0.8,0.8,0.7321711654542978,False
1466454087,0.8,0.2175798695864415,0.2175798695864415,True
1466454129,0.8,0.03257530625344274,0.03257530625344274,True
1466454227,0.8,0.8,0.8606557778886152,False
1466454259,0.8,0.451652257001952,0.451652257001952,True
1466454262,0.8,0.8,0.7217859921540644,False
1466454298,0.8,0.6018206616530459,0.6018206616530459,True
1466454388,0.8,0.7740716661989423,0.7740716661989423,True
1466454399,0.8,0.13333822425725128,0.13333822425725128,True
1466454473,0.8,0.48736767107968304,0.48736767107968304,True
1466454529,0.8,0.8,0.9785976721805324,False
1466454559,0.8,0.8,0.804197388028695,False
1466454648,0.8,0.20915715536987223,0.20915715536987223,True
1466454745,0.8,0.8,0.15442632926028765,False
1466454763,0.8,0.002529898050101065,0.002529898050101065,True
1466454851,0.8,0.8,0.3774459129657203,False
1466454936,0.8,0.2790341249866535,0.2790341249866535,True
1466454949,0.8,0.8,0.032721789483199926,False
1466455032,0.8,0.9401402884407963,0.9401402884407963,True
1466455065,0.8,0.34281999456791934,0.34281999456791934,True
1466455119,0.8,0.7700189293057158,0.7700189293057158,True
1466455172,0.8,0.3394373255457698,0.3394373255457698,True
1466455196,0.8,0.8,0.4579657687411085,False
1466455271,0.8,0.4150305909552048,0.4150305909552048,True
1466455357,0.8,0.8,0.6016420122960077,False
1466455361,0.8,0.1668633495336762,0.1668633495336762,True
1466455394,0.8,0.6433638196705089,0.6433638196705089,True
1466455475,0.8,0.9925881689662273,0.9925881689662273,True
1466455497,0.8,0.019438118772858948,0.019438118772858948,True
1466455561,0.8,0.49773904294425275,0.49773904294425275,True
1466455575,0.8,0.19971584973722722,0.19971584973722722,True
1466455587,0.8,0.9346241298195039,0.9346241298195039,True
1466455651,0.3,0.3,0.4137050071935059,False
1466455658,0.3,0.2680721595507418,0.2680721595507418,True
1466455732,0.3,0.6025855421663577,0.6025855421663577,True
1466455812,0.3,0.12907656821634406,0.12907656821634406,True
1466455910,0.3,0.0746466433172357,0.0746466433172357,True
1466455951,0.3,0.3,0.1906735570757333,False
1466455999,0.3,0.3,0.09159597072413539,False
1466456054,0.3,0.5479857301187544,0.5479857301187544,True
1466456058,0.3,0.3,0.4683856317002485,False
1466456074,0.3,0.3180999252601312,0.3180999252601312,True
1466456088,0.3,0.3,0.3241930463081154,False
1466456118,0.3,0.8154345346701249,0.8154345346701249,True
1466456218,0.3,0.23212683319832406,0.23212683319832406,True
1466456265,0.3,0.6525702991532606,0.6525702991532606,True
1466456270,0.3,0.3,0.2278046153541693,False
1466456312,0.3,0.714031189096312,0.714031189096312,True
1466456346,0.3,0.8495483305763591,0.8495483305763591,True
1466456374,0.3,0.9531220218317833,0.9531220218317833,True
1466456406,0.3,0.3,0.8437498252968428,False
1466456482,0.3,0.3,0.5438999412434826,False
1466456512,0.3,0.3,0.49394101304221116,False
1466456610,0.3,0.3,0.7985166476330924,False
1466456683,0.3,0.3,0.33881082060404066,False
1466456768,0.3,0.5663084810352614,0.5663084810352614,True
1466456856,0.3,0.870853500323362,0.870853500323362,True
1466456927,0.3,0.3,0.42858823863572837,False
1466457014,0.3,0.021079088445890903,0.021079088445890903,True
1466457032,0.3,0.9687586873952138,0.9687586873952138,True
1466457067,0.3,0.21629362938488794,0.21629362938488794,True
1466457157,0.3,0.8222003733852817,0.8222003733852817,True
1466457215,0.3,0.3,0.005730289826883839,False
1466457267,0.4,0.2369909011736404,0.2369909011736404,True
1466457357,0.4,0.06735765066490496,0.06735765066490496,True
1466457434,0.4,0.3033947749149104,0.3033947749149104,True
1466457487,0.4,0.4,0.4448389952750581,False
1466457559,0.4,0.9207305893238968,0.9207305893238968,True
1466457603,0.4,0.4,0.6024483223536669,False
1466457671,0.4,0.4,0.1449792350586102,False
1466457713,0.4,0.4131649117721965,0.4131649117721965,True
1466457745,0.4,0.6486648695605095,0.6486648695605095,True
1466457782,0.4,0.44811045573799413,0.44811045573799413,True
1466457802,0.4,0.4,0.8900567766514238,False
1466457817,0.4,0.4,0.6129492536799435,False
1466457865,0.4,0.38332249884585423,0.38332249884585423,True
1466457884,0.4,0.4,0.9555150770660145,False
1466457885,0.4,0.18662859311938618,0.18662859311938618,True
1466457917,0.4,0.9005159225296874,0.9005159225296874,True
1466457973,0.4,0.1734473363520217,0.1734473363520217,True
1466458045,0.4,0.4,0.5943183454875709,False
1466458135,0.4,0.4,0.8339310656704346,False
1466458151,0.4,0.4,0.3277520359858721,False
1466458230,0.4,0.4,0.7133587222874829,False
1466458324,0.4,0.4,0.059801236381211154,False
1466458362,0.4,0.755537010011775,0.755537010011775,True
1466458438,0.4,0.4,0.6585936037671074,False
1466458454,0.4,0.4,0.3826406567390057,False
1466458496,0.4,0.4,0.6415931918802227,False
1466458509,0.4,0.48355640226073293,0.48355640226073293,True
1466458580,0.4,0.4,0.2953012995536285,False
1466458590,0.4,0.26477257580053215,0.26477257580053215,True
1466458626,0.4,0.4407549275981222,0.4407549275981222,True
1466458642,0.4,0.3974986924460987,0.3974986924460987,True
1466458665,0.4,0.4,0.023815785041170878,False
1466458694,0.4,0.4,0.9864386833270603,False
1466458762,0.4,0.4,0.6354172832349511,False
1466458793,0.4,0.5862594920191326,0.5862594920191326,True
1466458824,0.4,0.4,0.5175349697681123,False
1466458906,0.4,0.23234208769224418,0.23234208769224418,True
1466458982,0.4,0.4,0.25302391743760755,False
1466459068,0.4,0.9820020782804147,0.9820020782804147,True
1466459159,0.4,0.14684702114053338,0.14684702114053338,True
1466459184,0.4,0.2109801394887031,0.2109801394887031,True
1466459273,0.4,0.4,0.18207096231492514,False
1466459372,0.4,0.8714466435797917,0.8714466435797917,True
1466459415,0.4,0.4,0.7203155793645056,False
1466459483,0.4,0.7324702447270233,0.7324702447270233,True
1466459504,0.4,0.4,0.5506022705490518,False
1466459588,0.4,0.2548850516398128,0.2548850516398128,True
1466459595,0.4,0.9792162412567597,0.9792162412567597,True
1466459673,0.4,0.4,0.7598172917814634,False
1466459726,0.4,0.4744085615456527,0.4744085615456527,True
1466459800,0.4,0.6362174271414781,0.6362174271414781,True
1466459857,0.4,0.4,0.35095086777165885,False
1466459887,0.4,0.5632418242740546,0.5632418242740546,True
1466459913,0.4,0.4,0.6309675429156397,False
1466459974,0.4,0.8278902117640798,0.8278902117640798,True
1466459995,0.4,0.18958396246171472,0.18958396246171472,True
1466460001,0.4,0.4,0.14085954170745252,False
1466460054,0.4,0.4,0.11251676577380099,False
1466460130,0.4,0.7031520727902779,0.7031520727902779,True
1466460215,0.4,0.4,0.9275667941500034,False
1466460252,0.4,0.730175959839307,0.730175959839307,True
1466460272,0.4,0.021506804546193914,0.021506804546193914,True
1466460346,0.4,0.4,0.3544324398864198,False
1466460440,0.4,0.7885147856970879,0.7885147856970879,True
1466460461,0.4,0.4,0.16267233425923167,False
1466460528,0.4,0.4,0.5834956972330506,False
1466460610,0.4,0.4,0.763766208246544,False
1466460630,0.4,0.4,0.0799235790504812,False
1466460691,0.4,0.4,0.9828565480179803,False
1466460706,0.4,0.3473023838986625,0.3473023838986625,True
1466460739,0.4,0.4,0.023307754633124955,False
1466460765,0.4,0.4,0.1959542828641383,False
1466460795,0.4,0.9158813103079056,0.9158813103079056,True
1466460877,0.4,0.4,0.4313931690660271,False
1466460973,0.4,0.2067139558166562,0.2067139558166562,True
1466461009,0.4,0.4,0.39204240286276926,False
1466461027,0.4,0.4,0.627469914542943,False
1466461032,0.4,0.4,0.6747540699878608,False
1466461096,0.4,0.712397870251623,0.712397870251623,True
1466461169,0.4,0.4,0.4040153306418047,False
1466461256,0.4,0.025066008010442786,0.025066008010442786,True
1466461351,0.4,0.3135377472825498,0.3135377472825498,True
1466461451,0.4,0.08950162722014476,0.08950162722014476,True
1466461531,0.4,0.6706362517214894,0.6706362517214894,True
1466461568,0.4,0.053669403405507965,0.053669403405507965,True
1466461583,0.4,0.8705854294827062,0.8705854294827062,True
1466461647,0.4,0.4,0.44803239725289024,False
1466461703,0.4,0.4,0.9884569912831638,False
1466461794,0.4,0.4,0.05257804685816969,False
1466461813,0.4,0.4,0.40761474377724316,False
1466461910,0.4,0.4,0.3220236447979452,False
1466461988,0.4,0.4,0.9598855004277532,False
1466462056,0.4,0.5036117798801364,0.5036117798801364,True
1466462101,0.4,0.08908607217410158,0.08908607217410158,True
1466462155,0.4,0.4,0.8497465817028238,False
1466462215,0.4,0.3972526775854933,0.3972526775854933,True
1466462278,0.4,0.489151678892379,0.489151678892379,True
1466462368,0.4,0.4,0.23552742183533137,False
1466462412,0.4,0.9600715470503183,0.9600715470503183,True
1466462512,0.4,0.6680741837730725,0.6680741837730725,True
1466462594,0.4,0.2690462512163454,0.2690462512163454,True
1466462671,0.4,0.4,0.9208248656846212,False
1466462716,0.4,0.4,0.5409434573801754,False
1466462746,0.4,0.10141832809784901,0.10141832809784901,True
1466462782,0.4,0.26036432873153115,0.26036432873153115,True
1466462820,0.4,0.4,0.5294401426265073,False
1466462833,0.4,0.4,0.6518910264284069,False
1466462842,0.4,0.4,0.09424254236499818,False
1466462850,0.4,0.4554838789113529,0.4554838789113529,True
1466462941,0.4,0.4,0.21680714053792605,False
1466463026,0.4,0.4,0.6656464131774931,False
1466463117,0.4,0.4,0.4237510228802871,False
1466463139,0.4,0.4,0.9915344850541719,False
