1466410104,4.5,4.899680571825723,4.899680571825723,True
1466410114,4.5,4.832733200250106,4.832733200250106,True
1466410130,4.5,4.642517528934933,4.642517528934933,True
1466410181,4.5,4.591110163128118,4.591110163128118,True
1466410203,4.5,4.5,4.811493268855646,False
1466410250,4.5,4.5,4.603562052773361,False
1466410309,4.8,4.8,4.402884067080885,False
1466410397,4.8,4.303534815624788,4.303534815624788,True
1466410430,5.1,4.813737650164128,4.813737650164128,True
1466410469,5.1,4.8110061171715435,4.8110061171715435,True
1466410483,5.4,5.4,4.683042947631211,False
1466410498,5.4,5.4,4.620317964294614,False
1466410502,5.0,4.962694229551467,4.962694229551467,True
1466410532,5.2,5.2,4.473009225059855,False
1466410541,5.5,5.5,4.976581227073538,False
1466410573,5.5,5.5,4.278096744987875,False
1466410630,5.4,4.870353637201173,4.870353637201173,True
1466410653,5.2,5.2,4.146454760459554,False
1466410746,5.2,5.2,4.825633944651313,False
1466410814,5.2,5.2,4.464015433207192,False
1466410890,5.4,5.008706880785031,5.008706880785031,True
1466410902,5.1,4.836106897962101,4.836106897962101,True
1466410978,5.1,5.1,4.121832075233764,False
1466411008,5.1,5.1,4.923778407631693,False
1466411066,5.1,4.308494573542166,4.308494573542166,True
1466411094,5.1,5.003300563860925,5.003300563860925,True
1466411157,4.7,4.26226070925469,4.26226070925469,True
1466411223,4.7,4.7,4.609287695557321,False
1466411226,4.7,4.7,4.1583739523820284,False
1466411272,4.6,4.072684252958652,4.072684252958652,True
1466411303,4.6,4.6,4.279851922468887,False
1466411318,4.4,4.5046043782383745,4.5046043782383745,True
1466411396,4.4,4.4,4.051520937612088,False
1466411493,4.4,4.236243958021557,4.236243958021557,True
1466411549,4.4,4.4,4.329276057448919,False
1466411560,4.4,4.4,4.665766712832606,False
1466411626,4.7,4.638693318856201,4.638693318856201,True
1466411723,4.3,4.0270887571866965,4.0270887571866965,True
1466411763,4.3,4.3,4.114829293849688,False
1466411785,4.3,4.64262314300238,4.64262314300238,True
1466411854,4.2,4.2,4.177962408036819,False
1466411889,4.3,4.953737973586176,4.953737973586176,True
1466411988,4.4,4.4,4.076384103153966,False
1466412022,4.4,4.016803864605471,4.016803864605471,True
1466412046,4.7,4.505695198312326,4.505695198312326,True
1466412076,4.7,4.496962662925202,4.496962662925202,True
1466412152,4.6,4.6,4.894346047446868,False
1466412181,4.6,4.6,4.304416932692631,False
1466412201,4.5,4.369654661126338,4.369654661126338,True
1466412260,4.5,4.177837220185168,4.177837220185168,True
1466412347,4.2,4.448079385372533,4.448079385372533,True
1466412360,4.2,4.11684169748976,4.11684169748976,True
1466412438,4.2,4.2,4.25686831099426,False
1466412521,4.2,4.2,4.534223942391493,False
1466412599,4.2,4.463473064440846,4.463473064440846,True
1466412639,4.2,4.9564299941489,4.9564299941489,True
1466412691,4.2,4.2,4.34483065296663,False
1466412747,4.2,4.7379840796116435,4.7379840796116435,True
1466412794,4.2,4.2,4.753785345549545,False
1466412819,4.0,4.698590921614821,4.698590921614821,True
1466412832,4.1,4.481410670715857,4.481410670715857,True
1466412874,4.1,4.1,4.619479185716006,False
1466412943,4.1,4.1,4.307454392732735,False
1466412971,4.0,4.0,4.425417594818482,False
1466412990,4.0,4.846343581688959,4.846343581688959,True
1466413028,4.0,4.0,4.103607347334364,False
1466413053,4.3,4.3,4.172200799577981,False
1466413125,4.6,4.6,4.330271415500636,False
1466413200,4.4,4.4,4.873051696756493,False
1466413264,4.4,4.4,4.848512792175987,False
1466413311,4.4,4.4,4.3968241140566615,False
1466413342,4.4,4.691519907955667,4.691519907955667,True
1466413440,4.6,4.6,4.710954519327076,False
1466413458,4.2,4.96210025134952,4.96210025134952,True
1466413529,4.2,4.443578423084493,4.443578423084493,True
1466413542,3.9,3.9,4.245357444267271,False
1466413638,4.2,4.2,4.745594299468398,False
1466413672,4.2,5.089430327156511,5.089430327156511,True
1466413733,3.9,4.514375839254746,4.514375839254746,True
1466413779,3.7,4.310712937596778,4.310712937596778,True
1466413780,3.9,4.739215960971993,4.739215960971993,True
1466413864,4.2,4.915696989511087,4.915696989511087,True
1466413885,4.5,4.195746617768221,4.195746617768221,True
1466413946,4.5,4.252703689694389,4.252703689694389,True
1466414033,4.5,4.5,4.123383517264068,False
1466414071,4.2,4.2,4.877764808085903,False
1466414164,4.2,4.2,4.159660669372525,False
1466414225,4.2,4.2,4.004422098255698,False
1466414312,4.5,4.5,4.312877485269251,False
1466414325,4.5,4.02606278045353,4.02606278045353,True
1466414328,4.4,4.895893870594605,4.895893870594605,True
1466414329,4.6,4.901525225074943,4.901525225074943,True
1466414402,4.3,4.3,4.828492446611226,False
1466414407,4.0,4.809762168609087,4.809762168609087,True
1466414413,4.0,4.861042574335835,4.861042574335835,True
1466414460,4.0,4.0,4.286832205850552,False
1466414552,4.0,4.056740045450732,4.056740045450732,True
1466414602,4.0,4.942146981302284,4.942146981302284,True
1466414662,4.0,4.0,4.802198583793846,False
1466414746,3.8,3.8,4.694116497782156,False
1466414844,3.5,3.5,5.096479787776242,False
1466414943,3.5,5.032952006835866,5.032952006835866,True
1466414946,3.5,3.5,4.697378481955062,False
1466414966,3.8,4.255073520151251,4.255073520151251,True
1466415038,3.6,4.0235116499584125,4.0235116499584125,True
1466415106,3.6,3.6,4.23356377895081,False
1466415130,3.6,4.198046527523997,4.198046527523997,True
1466415145,3.6,4.56175995980281,4.56175995980281,True
1466415202,3.6,4.512562252005157,4.512562252005157,True
1466415239,3.6,5.075024695558977,5.075024695558977,True
1466415249,3.6,4.5603981037631245,4.5603981037631245,True
1466415308,3.7,3.7,5.0370186122586755,False
1466415357,3.7,3.7,4.242521252882849,False
1466415404,3.7,3.7,4.085747940456187,False
1466415469,3.7,4.947594761769954,4.947594761769954,True
1466415548,3.9,4.715354643780349,4.715354643780349,True
1466415588,3.6,4.859018120918346,4.859018120918346,True
1466415627,3.6,4.892576746350416,4.892576746350416,True
1466415719,3.6,4.911398132706388,4.911398132706388,True
1466415767,3.6,3.6,4.078904032901385,False
1466415860,3.8,4.414974058347212,4.414974058347212,True
1466415872,3.8,3.8,4.388959562415989,False
1466415914,4.1,4.395394351023848,4.395394351023848,True
1466415934,4.1,4.544009056196592,4.544009056196592,True
1466415988,4.1,5.064367456870018,5.064367456870018,True
1466416004,4.4,4.921908649303842,4.921908649303842,True
1466416050,4.7,4.7,4.869972183798808,False
1466416150,4.7,4.084526078134389,4.084526078134389,True
1466416161,4.7,4.218776931360095,4.218776931360095,True
1466416215,4.7,4.661941288506361,4.661941288506361,True
1466416315,5.0,4.053680300782599,4.053680300782599,True
1466416321,4.9,4.508659384261159,4.508659384261159,True
1466416393,4.8,4.8,4.100729540766566,False
1466416440,4.7,4.989829795600694,4.989829795600694,True
1466416510,4.7,4.106278617325787,4.106278617325787,True
1466416541,4.7,5.04049069064437,5.04049069064437,True
1466416631,4.9,4.9,4.6760944871746934,False
1466416671,4.9,4.660579257097207,4.660579257097207,True
1466416725,4.6,4.776151322675993,4.776151322675993,True
1466416815,4.6,4.973953680620297,4.973953680620297,True
1466416867,4.6,4.6,4.708120576479551,False
1466416933,4.2,5.034579364240384,5.034579364240384,True
1466416963,4.3,4.3,4.860148389575319,False
1466417034,4.3,4.3,4.611975992864738,False
1466417069,4.6,4.372331455954862,4.372331455954862,True
1466417095,4.6,4.6,4.478481110517114,False
1466417123,4.2,4.2,4.244666108273541,False
1466417219,3.9,4.9669759751953375,4.9669759751953375,True
1466417228,3.5,3.5,5.034189677591737,False
1466417235,3.5,3.5,4.8010792066392805,False
1466417266,3.5,3.5,5.034305800310943,False
1466417298,3.5,5.076307451726539,5.076307451726539,True
1466417382,3.7,4.884175657864947,4.884175657864947,True
1466417429,3.7,3.7,4.264984188332031,False
1466417434,3.7,4.50511003994403,4.50511003994403,True
1466417513,3.8,4.258368757553995,4.258368757553995,True
1466417598,3.7,5.003820366337794,5.003820366337794,True
1466417615,3.7,4.128131589859986,4.128131589859986,True
1466417654,3.7,3.7,4.2739675464215345,False
1466417749,3.7,4.248808856324795,4.248808856324795,True
1466417763,3.8,3.8,4.091520211034811,False
1466417822,3.8,5.094900323139233,5.094900323139233,True
1466417851,3.8,4.948704752758111,4.948704752758111,True
1466417855,3.8,3.8,4.6190137463502845,False
1466417879,3.8,4.713949442027655,4.713949442027655,True
1466417895,3.8,4.444966203127549,4.444966203127549,True
1466417969,3.8,3.8,4.013857338388531,False
1466418049,4.0,4.848249938759869,4.848249938759869,True
1466418118,3.6,4.23864210426448,4.23864210426448,True
1466418129,3.6,3.6,4.887636760479477,False
1466418179,3.6,4.387540300172125,4.387540300172125,True
1466418254,3.8,4.783783084508875,4.783783084508875,True
1466418332,3.8,4.426536562126754,4.426536562126754,True
1466418428,4.1,4.1,4.112333749404371,False
1466418494,3.9,3.9,5.073566322316714,False
1466418554,4.2,4.2,4.4887481231511615,False
1466418563,4.2,4.2,5.035593886466913,False
1466418564,4.3,4.627263425698022,4.627263425698022,True
1466418594,4.4,4.4,4.708811180942059,False
1466418674,4.4,4.752264314797032,4.752264314797032,True
1466418748,4.2,4.2,5.031298525989666,False
1466418847,4.1,4.1,4.374960112229919,False
1466418877,4.1,4.461808075207211,4.461808075207211,True
1466418917,3.8,4.222010771558347,4.222010771558347,True
1466418938,3.8,4.153816443056226,4.153816443056226,True
1466419031,3.7,3.7,4.631981711720597,False
1466419058,3.7,5.055903632784893,5.055903632784893,True
1466419104,3.7,3.7,4.038849460408715,False
1466419166,3.7,3.7,4.6353489454588015,False
1466419261,3.7,3.7,4.865417582881303,False
1466419349,3.7,4.846521106662527,4.846521106662527,True
1466419442,4.0,4.345016236071556,4.345016236071556,True
1466419530,4.0,4.0,4.99869346698746,False
1466419595,4.0,4.0,4.268794855229035,False
1466419646,4.0,5.066201257146789,5.066201257146789,True
1466419737,4.0,4.3602664653750525,4.3602664653750525,True
1466419826,4.0,4.0,5.040084230782302,False
1466419880,4.0,4.0,4.920339622993321,False
1466419911,3.8,3.8,4.028387081919903,False
1466419938,4.0,4.0,4.263436229517277,False
1466420016,4.0,5.066043638562821,5.066043638562821,True
1466420019,4.0,4.993488597932441,4.993488597932441,True
1466420108,4.0,4.0,4.564794808429992,False
1466420205,3.8,3.8,4.98946132780414,False
1466420228,3.5,3.5,4.000564862556411,False
1466420257,3.5,4.168155219785037,4.168155219785037,True
1466420270,3.7,3.7,4.798659574351597,False
1466420296,3.8,4.406707365565441,4.406707365565441,True
1466420331,3.8,4.15064463780324,4.15064463780324,True
1466420407,3.8,4.912616832165023,4.912616832165023,True
1466420430,4.2,4.715058730103227,4.715058730103227,True
1466420453,4.2,4.2,4.330722346751008,False
1466420474,4.3,4.007598569495763,4.007598569495763,True
1466420566,4.3,4.3,4.051151815490012,False
1466420579,4.3,4.3,4.594528784747617,False
1466420618,4.0,4.0019763297841635,4.0019763297841635,True
1466420624,4.3,4.881471675939743,4.881471675939743,True
1466420643,4.3,4.3,4.920581050066689,False
1466420695,4.1,4.694470555814399,4.694470555814399,True
1466420788,4.1,4.1,4.578979116854075,False
1466420863,3.8,4.385886325422304,4.385886325422304,True
1466420947,3.8,3.8,4.39334628578831,False
1466421003,3.9,3.9,4.687489104016773,False
1466421032,3.9,3.9,4.524811282102177,False
1466421050,3.5,4.664152270953843,4.664152270953843,True
1466421116,3.5,3.5,4.932472478867478,False
1466421208,3.8,5.0921928551246705,5.0921928551246705,True
1466421234,3.7,3.7,4.802880593254855,False
1466421262,3.7,4.302015455534716,4.302015455534716,True
1466421353,3.7,4.929167100346329,4.929167100346329,True
1466421360,3.7,4.559929717844742,4.559929717844742,True
1466421392,3.6,3.6,4.789252063459754,False
1466421480,3.8,4.247810225242045,4.247810225242045,True
1466421530,3.8,3.8,4.757201742702261,False
1466421547,3.8,3.8,4.735149106352724,False
1466421591,3.9,3.9,4.994576791933144,False
1466421633,3.9,3.9,4.287111229016648,False
1466421636,3.9,4.986532089983316,4.986532089983316,True
1466421670,3.8,3.8,4.820164951619599,False
1466421695,3.8,3.8,4.367168101005169,False
1466421721,3.6,4.379325287695083,4.379325287695083,True
1466421804,4.0,4.0,4.658209426255005,False
1466421819,4.0,4.590676796828706,4.590676796828706,True
1466421862,4.1,4.801119778651934,4.801119778651934,True
1466421885,3.7,4.073916135903991,4.073916135903991,True
1466421936,3.9,4.467735265594296,4.467735265594296,True
1466422012,3.8,3.8,4.463786577895497,False
1466422044,3.9,3.9,4.959224467861361,False
1466422045,3.9,4.318535704438724,4.318535704438724,True
1466422137,3.5,3.5,5.031171231881657,False
1466422162,3.7,3.7,4.903975488722336,False
1466422189,3.7,4.3520807061667695,4.3520807061667695,True
1466422197,4.1,4.1,4.253771974040764,False
1466422264,3.9,4.440190174484764,4.440190174484764,True
1466422330,3.5,4.630539409613052,4.630539409613052,True
1466422378,3.6,4.565323903540831,4.565323903540831,True
1466422432,3.9,4.828243452728278,4.828243452728278,True
1466422488,3.9,4.2501892599008775,4.2501892599008775,True
1466422577,3.9,4.173676155289984,4.173676155289984,True
1466422628,4.1,4.1,4.127182820695356,False
1466422638,4.1,4.1,4.392168273771728,False
1466422666,4.1,4.5321665375314,4.5321665375314,True
1466422706,4.1,4.1,4.527612947694925,False
1466422731,3.8,4.282226837054707,4.282226837054707,True
1466422804,3.8,4.297470449911607,4.297470449911607,True
1466422866,3.6,3.6,4.137915026118693,False
1466422873,3.8,4.258664669304851,4.258664669304851,True
1466422895,3.8,4.86169326917145,4.86169326917145,True
1466422953,3.7,4.332485703327042,4.332485703327042,True
1466422973,3.7,3.7,5.058874788567505,False
1466423017,3.7,3.7,4.488726738471347,False
1466423051,3.7,3.7,4.617496489657404,False
1466423099,3.7,3.7,4.785461630135225,False
1466423150,3.9,3.9,4.101372775925798,False
1466423155,3.9,4.404326592134487,4.404326592134487,True
1466423168,3.9,4.7567029459488595,4.7567029459488595,True
1466423205,3.9,4.421835140782166,4.421835140782166,True
1466423275,3.9,3.9,4.903587432479239,False
1466423287,3.9,3.9,5.024320588677116,False
1466423336,4.0,4.844376399890378,4.844376399890378,True
1466423340,4.0,4.0,4.201241478838177,False
1466423355,3.7,3.7,4.786591031896062,False
1466423443,3.7,3.7,4.881832130568701,False
1466423499,4.1,4.1,4.008720407960165,False
1466423585,4.1,4.189063064120802,4.189063064120802,True
1466423612,3.9,3.9,4.171009118405759,False
1466423669,3.6,3.6,4.544353909741154,False
1466423705,3.6,4.699422534130322,4.699422534130322,True
1466423770,3.6,4.123600735009094,4.123600735009094,True
1466423844,3.8,3.8,4.946111606641894,False
1466423902,3.8,3.8,4.273803088963185,False
1466423913,3.8,4.238545712048985,4.238545712048985,True
1466423972,3.8,3.8,4.308934111351722,False
1466424014,3.8,3.8,5.002617760921536,False
1466424069,3.8,3.8,4.20362517591245,False
1466424154,3.8,3.8,4.096517524264017,False
1466424155,3.8,3.8,4.501424891095399,False
1466424169,3.8,4.9347527314942,4.9347527314942,True
1466424262,3.6,4.861279046379242,4.861279046379242,True
1466424339,3.7,3.7,4.228135545312386,False
1466424398,3.6,3.6,4.089492356359264,False
1466424497,3.6,4.00291786259321,4.00291786259321,True
1466424558,3.6,3.6,4.328924190058815,False
1466424613,3.8,3.8,4.114494605447724,False
1466424713,3.8,4.485325759692682,4.485325759692682,True
1466424804,3.5,4.758560881269097,4.758560881269097,True
1466424878,3.8,3.8,4.656093351630421,False
1466424924,3.8,4.052765641885248,4.052765641885248,True
1466425009,3.7,4.236251653174109,4.236251653174109,True
1466425106,3.7,4.211627250780644,4.211627250780644,True
1466425129,3.7,3.7,4.059770563467281,False
1466425179,3.7,4.285332373647074,4.285332373647074,True
1466425257,3.7,4.775076957129235,4.775076957129235,True
1466425262,4.1,4.4759636940773175,4.4759636940773175,True
1466425305,4.1,4.1,4.561494168555392,False
1466425331,4.2,4.2,4.669688735339513,False
1466425338,4.2,4.2,4.858078040514623,False
1466425377,4.1,4.1315533989213815,4.1315533989213815,True
1466425380,4.1,4.1,4.253933887973527,False
1466425417,4.1,4.169094339289731,4.169094339289731,True
1466425484,4.0,4.0,5.038521428829044,False
1466425517,3.8,3.8,4.056074956744542,False
1466425553,3.8,4.8711929600168915,4.8711929600168915,True
1466425640,3.8,3.8,4.255195635044323,False
1466425687,3.8,3.8,4.548010626669559,False
1466425711,3.8,3.8,4.891354165413356,False
1466425768,3.8,3.8,4.651749339084447,False
1466425811,3.8,3.8,4.416805089853581,False
1466425856,4.0,4.062051789317671,4.062051789317671,True
1466425869,4.0,5.065311999752397,5.065311999752397,True
1466425884,4.0,4.646814309077336,4.646814309077336,True
1466425962,4.2,4.54325694921789,4.54325694921789,True
1466425974,4.2,4.0447513461165805,4.0447513461165805,True
1466426016,4.6,4.6,4.800518194737437,False
1466426024,4.4,4.4,4.766745671144109,False
1466426034,4.4,4.4,4.347122856222787,False
1466426130,4.2,5.041178606316783,5.041178606316783,True
1466426189,4.2,4.2,5.094657838152268,False
1466426198,3.9,4.478214332341922,4.478214332341922,True
1466426280,3.9,3.9,4.512669828289366,False
1466426298,4.3,4.007408067955238,4.007408067955238,True
1466426380,4.3,4.334739171265486,4.334739171265486,True
1466426420,4.3,4.3,4.760942666861532,False
1466426509,4.3,4.904300464946187,4.904300464946187,True
1466426521,4.7,4.7,4.821644626059975,False
1466426535,4.8,4.371856599295594,4.371856599295594,True
1466426563,4.9,4.3591199860736065,4.3591199860736065,True
1466426620,4.6,4.6,4.620085197045404,False
1466426694,4.2,4.2,4.115960880037718,False
1466426764,4.2,4.2,4.071531170758195,False
1466426778,4.0,4.961691934503851,4.961691934503851,True
1466426866,4.1,4.589596812204047,4.589596812204047,True
1466426938,4.0,4.17461720677029,4.17461720677029,True
1466427022,4.0,4.410967610334775,4.410967610334775,True
1466427059,4.2,4.2,4.534900316435229,False
1466427125,4.2,4.2,4.260955433795911,False
1466427204,3.9,4.189225025869173,4.189225025869173,True
1466427240,3.9,5.015300115725818,5.015300115725818,True
1466427317,3.9,3.9,4.38883741425943,False
1466427319,3.9,4.528487209526646,4.528487209526646,True
1466427331,3.9,3.9,5.0256951758155095,False
1466427425,3.7,3.7,4.563630442599628,False
1466427458,3.8,3.8,5.014868926864577,False
1466427495,3.8,3.8,4.7129933101524335,False
1466427543,3.8,4.455596612097179,4.455596612097179,True
1466427625,3.8,3.8,4.25572373637875,False
1466427663,3.8,3.8,5.008348139767849,False
1466427672,3.8,3.8,4.640871041226605,False
1466427684,4.1,4.140822047195111,4.140822047195111,True
1466427739,4.3,4.4254755353760755,4.4254755353760755,True
1466427769,4.4,4.4,4.507927835108849,False
1466427775,4.8,4.672474380814186,4.672474380814186,True
1466427820,4.9,4.99370158085791,4.99370158085791,True
1466427837,5.1,4.91406915340967,4.91406915340967,True
1466427846,5.1,4.029149876948232,4.029149876948232,True
1466427904,5.4,5.4,5.054745302611108,False
1466427997,5.2,5.2,4.548163722065156,False
1466428027,5.2,5.2,4.276978077580608,False
1466428114,4.8,4.8,4.202982984051038,False
1466428212,4.8,4.8,4.405898033857824,False
1466428294,4.6,4.6,4.2441007678834515,False
1466428321,4.6,4.743507567202138,4.743507567202138,True
1466428340,4.6,4.109856459326338,4.109856459326338,True
1466428378,4.6,4.6,4.058382779459751,False
1466428463,4.6,4.6,4.905757232261021,False
1466428551,4.6,4.920507828076888,4.920507828076888,True
1466428575,4.7,4.822791720306144,4.822791720306144,True
1466428593,4.7,4.7,5.014620092267659,False
1466428682,4.8,4.8,4.68814854075586,False
1466428699,4.8,4.8,4.021468181356023,False
1466428719,4.6,4.6,4.785049758545591,False
1466428819,4.6,4.233431784110706,4.233431784110706,True
1466428850,4.6,4.218339965963856,4.218339965963856,True
1466428884,4.6,5.007366401941335,5.007366401941335,True
1466428973,4.5,5.002420603654033,5.002420603654033,True
1466429006,4.5,4.073631289675209,4.073631289675209,True
1466429026,4.7,4.555515837427127,4.555515837427127,True
1466429066,5.1,5.1,4.5727965512606765,False
1466429072,5.1,5.033500449617678,5.033500449617678,True
1466429103,5.1,4.993687248331429,4.993687248331429,True
1466429110,4.8,4.352063541998189,4.352063541998189,True
1466429123,4.8,4.8,4.606648580024615,False
1466429168,4.5,4.578507905976933,4.578507905976933,True
1466429182,4.7,4.7,5.055017081793161,False
1466429184,4.7,4.128349836140028,4.128349836140028,True
1466429197,4.4,4.4,4.1315505886578485,False
1466429280,4.6,4.89141077608209,4.89141077608209,True
1466429378,4.6,4.6,4.912295064465358,False
1466429450,4.6,4.510519784996641,4.510519784996641,True
1466429455,4.6,4.865961856594243,4.865961856594243,True
1466429510,4.6,4.6,5.003649484049008,False
1466429565,4.6,4.1513461486074705,4.1513461486074705,True
1466429566,4.6,4.59885540308215,4.59885540308215,True
1466429592,4.6,4.5001526938422325,4.5001526938422325,True
1466429623,4.6,4.008552218364081,4.008552218364081,True
1466429691,5.0,4.7064707386020075,4.7064707386020075,True
1466429733,5.0,4.903664458355342,4.903664458355342,True
1466429803,5.0,5.0,4.8052845311104715,False
1466429832,4.7,4.7,4.090043861135021,False
1466429905,4.7,4.034984071651091,4.034984071651091,True
1466429997,4.4,4.4,4.1030071057634165,False
1466430050,4.6,4.6,4.8997107225325465,False
1466430088,4.6,4.355550902109267,4.355550902109267,True
1466430174,4.4,4.4,4.312982858253086,False
1466430247,4.4,4.69635776583911,4.69635776583911,True
1466430344,4.4,4.806922918254458,4.806922918254458,True
1466430375,4.4,4.4,4.575424913099663,False
1466430400,4.4,4.4,5.003017706349858,False
1466430457,4.4,4.4,4.898406030807894,False
1466430483,4.4,4.653283734322205,4.653283734322205,True
1466430517,4.4,4.4,4.054868241848728,False
1466430524,4.4,4.4,4.738200901619682,False
1466430592,4.4,4.4,4.848953360073439,False
1466430616,4.4,4.4,4.3113308705822915,False
1466430631,4.3,4.3,4.378603313903319,False
1466430680,4.3,4.3,4.65086790667712,False
1466430734,4.3,4.3,4.982043742764463,False
1466430790,4.1,4.527294119748865,4.527294119748865,True
1466430815,3.9,4.509597659659692,4.509597659659692,True
1466430895,3.9,4.24716766978564,4.24716766978564,True
1466430916,3.9,4.291009452014816,4.291009452014816,True
1466430929,3.9,4.3642834601592275,4.3642834601592275,True
1466430936,3.9,3.9,4.36303718164842,False
1466431009,3.6,3.6,4.465357457396911,False
1466431036,3.6,4.715589301786709,4.715589301786709,True
1466431055,3.6,4.437857508415461,4.437857508415461,True
1466431145,3.9,3.9,4.384080848005295,False
1466431218,3.7,3.7,4.758569889091103,False
1466431290,3.6,4.5836025052830776,4.5836025052830776,True
1466431324,3.6,4.4119760981259315,4.4119760981259315,True
1466431400,3.6,3.6,4.619804209182188,False
1466431450,3.6,3.6,4.292413173194964,False
1466431526,3.8,4.243119496675754,4.243119496675754,True
1466431589,3.8,3.8,4.887746364708293,False
1466431661,3.8,4.60752299695806,4.60752299695806,True
1466431760,3.8,4.52692472312582,4.52692472312582,True
1466431796,3.8,3.8,4.42623172493986,False
1466431848,3.8,3.8,4.879426054321047,False
1466431879,3.6,3.6,4.832718507575815,False
1466431954,3.6,4.8932504307523335,4.8932504307523335,True
1466431958,3.6,3.6,4.1830883110890555,False
1466432002,3.6,5.02132227880784,5.02132227880784,True
1466432101,3.6,4.1851594403583166,4.1851594403583166,True
1466432177,3.7,3.7,5.07886149429279,False
1466432194,3.7,4.9450319897628745,4.9450319897628745,True
1466432237,3.7,4.119003070946082,4.119003070946082,True
1466432280,4.1,5.093979695593068,5.093979695593068,True
1466432373,4.1,4.638071100440058,4.638071100440058,True
1466432389,4.1,4.1,4.897804064461249,False
1466432415,4.1,4.1,4.392674198273574,False
1466432417,3.9,3.9,4.2123713630196935,False
1466432506,3.9,4.598616414954565,4.598616414954565,True
1466432569,4.1,4.028746405743826,4.028746405743826,True
1466432577,4.1,4.1,4.92938212978845,False
1466432670,4.1,4.1,4.7682135683084,False
1466432706,4.1,4.1,4.827394782164037,False
1466432804,4.1,4.328805644602792,4.328805644602792,True
1466432853,4.1,4.1,5.011687208352978,False
1466432947,4.1,4.1,5.013248774868968,False
1466433040,4.1,4.1,4.011184370259302,False
1466433128,4.2,4.2703255580180235,4.2703255580180235,True
1466433145,4.2,4.129485358894932,4.129485358894932,True
1466433195,4.2,4.821630337512161,4.821630337512161,True
1466433289,4.2,4.730611999581721,4.730611999581721,True
1466433375,4.2,4.976102585274884,4.976102585274884,True
1466433427,4.2,5.075093992962668,5.075093992962668,True
1466433478,4.3,4.3,4.820755507814525,False
1466433517,4.7,4.7,4.7623126136647755,False
1466433615,4.3,4.947020713853516,4.947020713853516,True
1466433672,4.3,4.993947111443566,4.993947111443566,True
1466433762,4.3,4.170907376002569,4.170907376002569,True
1466433809,4.1,4.1,4.23332755007741,False
1466433873,4.1,4.1,4.094947828465381,False
1466433910,4.1,4.633516804171027,4.633516804171027,True
1466433994,4.1,4.024535337435597,4.024535337435597,True
1466434003,4.1,4.1,4.030415351696755,False
1466434045,4.1,5.078106968218572,5.078106968218572,True
1466434096,4.1,4.906447220686841,4.906447220686841,True
1466434173,4.1,4.065463229433414,4.065463229433414,True
1466434199,4.5,4.605624645599848,4.605624645599848,True
1466434224,4.5,4.647500555870324,4.647500555870324,True
1466434308,4.7,4.7,4.220700406060034,False
1466434359,4.7,4.7,4.768279573663544,False
1466434371,4.9,4.572924168751876,4.572924168751876,True
1466434457,4.9,4.9,4.822810192023483,False
1466434498,5.0,5.0,4.772501481490038,False
1466434552,5.0,4.493346776162383,4.493346776162383,True
1466434622,4.7,4.7,5.017399586571121,False
1466434691,4.7,4.7,5.013982114976875,False
1466434718,5.0,4.025710295631247,4.025710295631247,True
1466434727,5.0,5.0,4.598484501402051,False
1466434815,5.0,5.0,4.332596149897673,False
1466434892,5.0,5.0,4.834381322033017,False
1466434915,5.0,5.0,4.034830106413262,False
1466434946,5.4,5.4,4.068543354721892,False
1466434988,5.4,5.4,4.6617790094193525,False
1466435020,5.4,4.456387050783564,4.456387050783564,True
1466435090,5.4,4.713985555714979,4.713985555714979,True
1466435099,5.0,5.0,4.3711961197224225,False
1466435145,5.0,5.0,4.560811920456893,False
1466435186,5.0,4.371325857010856,4.371325857010856,True
1466435246,5.0,5.0,4.79129836097977,False
1466435284,5.4,5.075617295894926,5.075617295894926,True
1466435327,5.2,5.2,4.698043942254989,False
1466435369,5.2,5.2,4.389233467003676,False
1466435408,5.2,4.683595483297924,4.683595483297924,True
1466435468,5.5,4.944537301696661,4.944537301696661,True
1466435486,5.5,4.294972458161191,4.294972458161191,True
1466435555,5.5,4.900207449133631,4.900207449133631,True
1466435624,5.5,5.020198696604941,5.020198696604941,True
1466435659,5.4,5.4,4.180395144614872,False
1466435682,5.4,5.4,4.458625739252222,False
1466435712,5.4,5.4,4.263086807289534,False
1466435794,5.5,4.9250915440741885,4.9250915440741885,True
1466435878,5.5,5.5,4.989233228098528,False
1466435904,5.5,5.5,5.015962778184006,False
1466435971,5.2,5.2,4.71696120249132,False
1466436041,5.2,4.425677670115466,4.425677670115466,True
1466436059,5.0,5.0,4.738798447401663,False
1466436093,5.3,5.3,4.482034784779763,False
1466436178,5.3,4.092761405457612,4.092761405457612,True
1466436230,5.3,5.3,4.503880884269603,False
1466436280,4.9,4.198251783507738,4.198251783507738,True
1466436332,4.9,4.9,4.2918949714942904,False
1466436333,4.9,4.9,4.829610518068149,False
1466436431,5.1,5.1,4.968472844765191,False
1466436520,5.3,5.3,4.197370703309302,False
1466436572,5.2,4.097336262780636,4.097336262780636,True
1466436647,5.2,4.042582453709718,4.042582453709718,True
1466436655,5.2,4.291285772199097,4.291285772199097,True
1466436727,5.2,5.2,4.982244867152874,False
1466436793,5.4,5.4,4.761181345768882,False
1466436879,5.4,5.4,4.635593811649296,False
1466436880,5.1,4.009671391897149,4.009671391897149,True
1466436939,5.5,4.72162591837996,4.72162591837996,True
1466437015,5.4,5.4,4.687168822718896,False
1466437048,5.4,4.312526190841863,4.312526190841863,True
1466437088,5.4,4.912223143252104,4.912223143252104,True
1466437105,5.0,5.0,4.204435898358083,False
1466437122,4.8,4.8,4.239400807146512,False
1466437160,4.6,4.6,4.547006241927127,False
1466437232,4.5,4.3309541198555,4.3309541198555,True
1466437321,4.5,4.5,4.860160437694768,False
1466437335,4.3,4.3,4.814152881924465,False
1466437358,4.0,4.960116338614791,4.960116338614791,True
1466437441,4.3,4.705002383046913,4.705002383046913,True
1466437480,4.3,4.3,4.761894764476452,False
1466437561,4.3,4.946031832867734,4.946031832867734,True
1466437653,4.3,4.046226971826801,4.046226971826801,True
1466437709,4.3,4.525176687800836,4.525176687800836,True
1466437798,4.4,4.4,4.45189203540122,False
1466437869,4.4,4.613652045025261,4.613652045025261,True
1466437952,4.4,4.4,4.4742028959744955,False
1466438037,4.0,4.380134049776127,4.380134049776127,True
1466438054,3.9,3.9,4.071656186613898,False
1466438056,3.7,3.7,4.618778071377525,False
1466438136,3.8,4.868757875916275,4.868757875916275,True
1466438234,3.8,4.871137551206116,4.871137551206116,True
1466438261,3.8,3.8,4.4014709666605825,False
1466438348,4.1,4.57161906280747,4.57161906280747,True
1466438407,3.9,4.0666997439499974,4.0666997439499974,True
1466438422,3.9,3.9,4.147002786518476,False
1466438476,3.9,3.9,4.7873367240191875,False
1466438571,4.2,4.2,4.1218007168763755,False
1466438612,4.2,4.296951082752498,4.296951082752498,True
1466438620,4.5,4.3490452919129075,4.3490452919129075,True
1466438698,4.5,4.8834399508486115,4.8834399508486115,True
1466438747,4.6,4.6,4.70439398664473,False
1466438795,4.7,4.694662977975462,4.694662977975462,True
1466438810,4.7,4.476992153908903,4.476992153908903,True
1466438888,4.6,4.2480384057548655,4.2480384057548655,True
1466438975,4.5,4.015457701340334,4.015457701340334,True
1466439000,4.2,4.197750572551322,4.197750572551322,True
1466439092,4.4,4.179581190549112,4.179581190549112,True
1466439150,4.8,4.814069367034449,4.814069367034449,True
1466439229,5.0,4.417951767865071,4.417951767865071,True
1466439279,4.8,4.350504784349873,4.350504784349873,True
1466439328,4.8,4.737277854686626,4.737277854686626,True
1466439351,4.8,4.8,4.257674508884756,False
1466439447,4.8,4.8,4.206035622495098,False
1466439466,4.8,4.8,5.020330435337762,False
1466439480,4.8,4.8,5.06165862252239,False
1466439560,4.8,4.8,4.993916000981828,False
1466439600,4.8,4.335308042743763,4.335308042743763,True
1466439645,5.0,4.669684019107702,4.669684019107702,True
1466439729,5.0,4.2761150506004535,4.2761150506004535,True
1466439772,5.0,4.031082030201775,4.031082030201775,True
1466439827,5.0,4.267635487594448,4.267635487594448,True
1466439849,5.0,4.841050527227124,4.841050527227124,True
1466439910,5.0,5.0,4.383673640305521,False
1466439990,5.0,4.699398544544769,4.699398544544769,True
1466440005,4.6,4.676031383698718,4.676031383698718,True
1466440006,4.6,4.914857088052404,4.914857088052404,True
1466440045,4.4,4.4,4.014555155695082,False
1466440066,4.4,4.324734419675103,4.324734419675103,True
1466440154,4.3,4.3,5.077293551280245,False
1466440214,4.3,4.3,4.447822163811165,False
1466440226,4.3,4.3,5.045996396672277,False
1466440304,4.0,4.0,4.162073265497222,False
1466440385,4.0,4.0,4.409044425529219,False
1466440451,3.7,4.869371564745542,4.869371564745542,True
1466440521,3.9,4.380604689444903,4.380604689444903,True
1466440581,3.9,3.9,4.412712309125234,False
1466440674,4.2,4.2,4.363573295720999,False
1466440727,4.2,4.2,4.661098733699432,False
1466440821,3.9,4.974976498335069,4.974976498335069,True
1466440827,4.1,4.410278948804152,4.410278948804152,True
1466440897,3.8,3.8,4.22037697662289,False
1466440923,4.0,4.082092135396981,4.082092135396981,True
1466441012,4.0,4.974970794041753,4.974970794041753,True
1466441049,4.0,4.9722217622572105,4.9722217622572105,True
1466441147,4.0,4.923067124514168,4.923067124514168,True
1466441213,4.2,4.5507237449096145,4.5507237449096145,True
1466441311,4.2,4.2,4.21233019011983,False
1466441318,4.2,4.2,4.015533110561668,False
1466441418,4.2,4.2,4.52172157366741,False
1466441510,4.2,4.974587919567026,4.974587919567026,True
1466441541,3.9,4.4940302142586015,4.4940302142586015,True
1466441579,3.9,3.9,4.050733851960125,False
1466441630,4.0,4.0,5.064863964330086,False
1466441714,4.0,4.095332162329774,4.095332162329774,True
1466441724,4.0,4.0,4.309840274436607,False
1466441741,4.0,4.0,4.589182992734193,False
1466441822,3.8,3.8,4.672048808646918,False
1466441883,3.8,3.8,4.911170776019654,False
1466441934,3.8,3.8,4.882206219903699,False
1466441947,3.8,3.8,4.112865360208062,False
1466442046,3.5,4.672164064309283,4.672164064309283,True
1466442137,3.5,3.5,4.360385767311886,False
1466442175,3.8,3.8,4.10928083155543,False
1466442216,3.8,4.892904556665972,4.892904556665972,True
1466442284,3.8,4.718192161287331,4.718192161287331,True
1466442332,3.7,4.5429364580176355,4.5429364580176355,True
1466442358,3.7,3.7,4.005522109593388,False
1466442362,3.9,4.956869397726925,4.956869397726925,True
1466442439,3.9,3.9,4.30140827785578,False
1466442490,3.9,3.9,4.1026783826467765,False
1466442498,4.0,4.0,4.200820721831794,False
1466442508,4.0,4.302898741346451,4.302898741346451,True
1466442518,4.0,4.0,4.173507221026713,False
1466442556,3.8,4.493266552027483,4.493266552027483,True
1466442656,3.8,4.753442193686312,4.753442193686312,True
1466442662,3.7,3.7,4.8514235588990715,False
1466442703,3.7,4.677365159021302,4.677365159021302,True
1466442768,4.0,4.56578352453465,4.56578352453465,True
1466442788,4.3,4.3,4.748132953052667,False
1466442886,4.3,4.3,4.396126212777699,False
1466442980,4.3,4.3,4.212338043732704,False
1466443000,4.3,4.3,4.256672547048324,False
1466443029,4.3,4.596734158005395,4.596734158005395,True
1466443038,4.2,4.80658983902686,4.80658983902686,True
1466443089,4.1,4.1,4.373000017937178,False
1466443162,4.4,4.4,4.172465901056175,False
1466443201,4.4,4.274552753949925,4.274552753949925,True
1466443219,4.7,4.4084696152924545,4.4084696152924545,True
1466443263,4.8,4.8,5.044013947084202,False
1466443350,5.2,5.2,5.0188502114414275,False
1466443373,5.4,4.884660124980973,4.884660124980973,True
1466443392,5.4,5.4,4.1141405359192476,False
1466443402,5.1,4.707182629140289,4.707182629140289,True
1466443486,5.4,5.4,4.03885086946781,False
1466443511,5.4,5.4,5.082370467684102,False
1466443584,5.0,5.03906778001862,5.03906778001862,True
1466443677,5.0,4.7017440467283835,4.7017440467283835,True
1466443725,5.1,5.1,4.154370153920674,False
1466443727,5.0,5.0,4.525471734034535,False
1466443750,5.0,5.0,4.432123900958824,False
1466443761,4.9,4.273247818842587,4.273247818842587,True
1466443808,5.2,4.291733655954882,4.291733655954882,True
1466443861,5.2,4.713196446386494,4.713196446386494,True
1466443929,5.2,5.0496808577273695,5.0496808577273695,True
1466443986,5.2,5.2,4.494805654320929,False
1466444043,5.3,5.3,4.198435880033809,False
1466444110,5.0,5.0,4.410800352119472,False
1466444192,5.0,4.906727141530177,4.906727141530177,True
1466444287,4.7,4.7,4.744470357761955,False
1466444294,4.5,5.037291038959679,5.037291038959679,True
1466444366,4.5,4.078830277508134,4.078830277508134,True
1466444466,4.5,4.5,5.007685527431125,False
1466444505,4.5,4.5,4.480132199609313,False
1466444556,4.8,4.8,4.894174769541067,False
1466444624,4.8,4.8,4.759568886055226,False
1466444663,4.6,4.255354448030894,4.255354448030894,True
1466444685,4.6,4.6,4.7894369045304845,False
1466444756,4.5,4.5,4.8018575162059225,False
1466444781,4.6,4.8800644981574,4.8800644981574,True
1466444840,4.6,4.964166823695673,4.964166823695673,True
1466444854,4.6,4.540649584419684,4.540649584419684,True
1466444860,4.6,4.434322706753328,4.434322706753328,True
1466444959,4.6,4.6,4.309390386914223,False
1466445058,4.5,4.5735346115231295,4.5735346115231295,True
1466445107,4.4,4.319967850738664,4.319967850738664,True
1466445165,4.4,4.4,5.013758616729526,False
1466445170,4.3,4.81498870488913,4.81498870488913,True
1466445173,4.2,4.8560373457444905,4.8560373457444905,True
1466445247,4.1,4.367520058156644,4.367520058156644,True
1466445305,4.4,4.8416587048008095,4.8416587048008095,True
1466445333,4.4,4.197849608204148,4.197849608204148,True
1466445356,4.5,4.5,4.1460531125831945,False
1466445430,4.2,4.2,4.07474347134114,False
1466445491,4.2,4.662524691132452,4.662524691132452,True
1466445497,4.2,4.2,4.7573812140517635,False
1466445514,4.2,4.2,4.471536595539773,False
1466445549,4.6,4.6,4.863728570696782,False
1466445640,4.6,4.6,4.127955694574039,False
1466445648,4.9,4.004942710690693,4.004942710690693,True
1466445739,4.9,4.9,4.847185016088796,False
1466445814,4.9,4.915634759075379,4.915634759075379,True
1466445879,4.9,5.0303357740455255,5.0303357740455255,True
1466445909,4.9,4.198095100482088,4.198095100482088,True
1466445965,5.0,5.0,4.184287394732093,False
1466446021,5.3,4.454982699656442,4.454982699656442,True
1466446045,5.3,4.205153002860961,4.205153002860961,True
1466446071,5.5,4.425546810108734,4.425546810108734,True
1466446120,5.4,5.4,4.695870561545714,False
1466446168,5.4,5.4,4.993136351154117,False
1466446253,5.3,4.286814957485758,4.286814957485758,True
1466446302,5.1,5.1,4.295063767263226,False
1466446389,5.4,5.4,4.5896446735531145,False
1466446404,5.0,4.3668076529781015,4.3668076529781015,True
1466446494,5.1,5.1,4.756725580221572,False
1466446594,5.1,4.29254805690926,4.29254805690926,True
1466446643,4.7,4.7,4.87733422256111,False
1466446669,4.7,4.7,4.257812858056766,False
1466446690,4.7,4.7,4.62388356669598,False
1466446735,4.7,4.479292253317829,4.479292253317829,True
1466446766,4.7,4.4540726843655,4.4540726843655,True
1466446852,5.0,4.457621766825276,4.457621766825276,True
1466446902,4.8,4.525026647659535,4.525026647659535,True
1466446945,4.8,4.24689459060664,4.24689459060664,True
1466446987,4.8,4.8,4.437441069913025,False
1466447036,4.8,4.114698959248565,4.114698959248565,True
1466447112,4.8,4.8,4.299650879127459,False
1466447129,4.8,4.8,4.682628250258454,False
1466447189,4.8,4.8,4.5534408110164115,False
1466447224,4.8,5.080767762284679,5.080767762284679,True
1466447270,4.6,4.6,4.120642156492869,False
1466447272,4.9,4.9,4.818036611081659,False
1466447348,4.8,4.8,4.779369372595402,False
1466447359,4.8,4.185657215114946,4.185657215114946,True
1466447388,5.2,5.2,4.3383703499950474,False
1466447390,5.3,5.3,4.294386164891027,False
1466447425,5.1,4.819747690637892,4.819747690637892,True
1466447463,4.7,4.7,4.709809089831149,False
1466447485,4.7,4.833737260350764,4.833737260350764,True
1466447545,4.9,4.9,5.044331929335048,False
1466447553,5.3,4.611260053090259,4.611260053090259,True
1466447554,5.2,5.2,4.075647637080927,False
1466447573,5.2,5.2,4.604628661797083,False
1466447634,5.0,4.518726861970951,4.518726861970951,True
1466447695,4.9,4.9,4.460854453747839,False
1466447762,5.3,4.589803502703733,4.589803502703733,True
1466447844,5.3,5.3,4.21244568968224,False
1466447885,5.3,5.3,4.758489325533843,False
1466447943,5.3,4.993955131017764,4.993955131017764,True
1466447956,5.3,5.3,4.425968400136249,False
1466448041,5.2,5.2,4.002406429997692,False
1466448140,4.8,4.8,4.882102995630994,False
1466448215,4.8,4.618093670638148,4.618093670638148,True
1466448270,4.6,4.6,4.238167930795064,False
1466448302,4.6,4.6,4.075607976555165,False
1466448368,4.5,4.419552112268258,4.419552112268258,True
1466448422,4.3,5.050959933136951,5.050959933136951,True
1466448517,4.3,4.03493038163421,4.03493038163421,True
1466448614,4.3,4.3,4.923948051556472,False
1466448701,4.3,4.3,4.343789898343721,False
1466448743,4.3,4.612035620347035,4.612035620347035,True
1466448805,4.3,4.3,4.219021793887172,False
1466448844,4.3,4.756686289943646,4.756686289943646,True
1466448896,4.3,4.3,4.846047053137547,False
1466448984,4.2,4.528368000243601,4.528368000243601,True
1466449031,4.2,4.2,4.484556342992691,False
1466449045,4.2,4.741031894349407,4.741031894349407,True
1466449099,4.3,4.461782887555161,4.461782887555161,True
1466449171,4.3,4.3,4.6114590296020435,False
1466449261,3.9,4.466217684193725,4.466217684193725,True
1466449280,3.6,3.6,4.621571381359298,False
1466449359,3.6,4.6374595980380455,4.6374595980380455,True
1466449442,4.0,4.0,4.0380050612210745,False
1466449496,4.0,4.665927386043683,4.665927386043683,True
1466449537,4.0,4.478504524637153,4.478504524637153,True
1466449555,4.1,4.762537639227857,4.762537639227857,True
1466449629,4.1,4.1,4.116693958107573,False
1466449635,4.1,4.1,4.068202628860592,False
1466449721,4.1,4.1,4.835014764537213,False
1466449772,3.9,4.014182566986086,4.014182566986086,True
1466449872,3.9,3.9,4.074160243183328,False
1466449873,4.3,4.3,4.028935027335067,False
1466449884,4.3,4.423581901011411,4.423581901011411,True
1466449937,4.3,4.3,4.471530838963513,False
1466449953,4.3,4.3,4.6593855318878665,False
1466449959,4.3,4.285908564525259,4.285908564525259,True
1466449961,4.3,4.3,4.8158895073134005,False
1466450018,4.4,4.4,4.8712417438458315,False
1466450075,4.1,4.1,4.593867076084728,False
1466450150,4.0,5.084571456793452,5.084571456793452,True
1466450177,4.0,4.0,4.219817328907784,False
1466450255,3.7,3.7,4.709586449625508,False
1466450343,3.7,4.956230893703271,4.956230893703271,True
1466450348,3.9,3.9,4.563269787518956,False
1466450401,3.7,4.061431317138377,4.061431317138377,True
1466450433,3.8,4.799434563450766,4.799434563450766,True
1466450507,3.9,4.563771835557479,4.563771835557479,True
1466450536,3.5,4.465659047544996,4.465659047544996,True
1466450627,3.5,3.5,4.71746673514149,False
1466450723,3.7,3.7,4.590443189714511,False
1466450817,3.7,3.7,4.421416913867571,False
1466450900,3.7,5.033544753233235,5.033544753233235,True
1466450902,3.7,3.7,4.214516674462608,False
1466450971,3.7,4.174496867972417,4.174496867972417,True
1466451016,4.0,4.558956876028046,4.558956876028046,True
1466451023,4.0,4.086710351591546,4.086710351591546,True
1466451073,4.2,4.2,4.020172364798685,False
1466451166,4.2,4.2,4.6335839907785905,False
1466451231,4.5,4.921928193403988,4.921928193403988,True
1466451245,4.3,4.3,4.245237476533062,False
1466451293,4.4,4.4,4.541807996534855,False
1466451295,4.4,4.25424876673567,4.25424876673567,True
1466451378,4.4,4.959293620992885,4.959293620992885,True
1466451445,4.6,4.370949404501171,4.370949404501171,True
1466451508,4.4,4.647576060451418,4.647576060451418,True
1466451599,4.4,4.931310488040577,4.931310488040577,True
1466451686,4.4,4.4,4.736312301127019,False
1466451761,4.4,4.471717103671177,4.471717103671177,True
1466451857,4.4,4.4,5.090521794622521,False
1466451909,4.7,4.7,4.054722196712778,False
1466451919,4.7,4.7,4.14149962362982,False
1466452006,4.3,4.985341530830889,4.985341530830889,True
1466452035,3.9,3.9,4.487333975745648,False
1466452039,3.8,4.402919764051507,4.402919764051507,True
1466452104,3.8,3.8,4.670535813129243,False
1466452167,3.6,4.784488068214429,4.784488068214429,True
1466452238,3.7,4.904420933840317,4.904420933840317,True
1466452313,3.8,4.706388798735701,4.706388798735701,True
1466452339,3.9,4.458810339569524,4.458810339569524,True
1466452419,3.9,3.9,4.498939207470133,False
1466452424,4.0,4.0,4.977616324561648,False
1466452435,3.7,4.600679247221681,4.600679247221681,True
1466452531,4.0,4.0,4.3317857632447785,False
1466452584,4.3,4.3,4.78572057002237,False
1466452625,4.3,4.3,4.2014890789154515,False
1466452676,4.2,4.630528032207445,4.630528032207445,True
1466452752,4.1,5.014629254093085,5.014629254093085,True
1466452796,3.9,4.444670554047127,4.444670554047127,True
1466452825,3.9,4.835420679401443,4.835420679401443,True
1466452860,3.8,4.947131072339134,4.947131072339134,True
1466452960,4.1,4.1,4.59328114073893,False
1466452979,3.9,4.764929249189076,4.764929249189076,True
1466453002,3.9,3.9,4.586652143921448,False
1466453016,3.9,4.812810471611394,4.812810471611394,True
1466453025,3.9,3.9,4.483567130226045,False
1466453089,3.9,4.018172293656057,4.018172293656057,True
1466453141,3.9,4.031276927748042,4.031276927748042,True
1466453154,3.8,5.064708230792601,5.064708230792601,True
1466453184,3.8,4.713022049596201,4.713022049596201,True
1466453202,3.8,4.559801442929169,4.559801442929169,True
1466453203,3.6,3.6,5.007694070195564,False
1466453222,3.6,3.6,4.481524344458863,False
1466453321,3.5,3.5,4.760427113571535,False
1466453379,3.5,4.4479357351041084,4.4479357351041084,True
1466453392,3.9,3.9,4.922552535359916,False
1466453422,3.5,3.5,4.486296364966129,False
1466453502,3.7,3.7,5.047606481289696,False
1466453518,3.9,4.692538028607646,4.692538028607646,True
1466453563,3.9,4.496378667195659,4.496378667195659,True
1466453604,4.2,4.813771687345348,4.813771687345348,True
1466453639,4.1,4.1,4.562195726034561,False
1466453705,4.1,4.978533212661713,4.978533212661713,True
1466453795,4.1,5.082261737884605,5.082261737884605,True
1466453816,4.1,5.020914975699147,5.020914975699147,True
1466453870,4.1,4.1,4.657889781297602,False
1466453910,4.1,4.1,4.251692886593589,False
1466454002,4.1,4.1,5.020400941023287,False
1466454051,4.1,4.505932704708974,4.505932704708974,True
1466454087,4.3,4.3,4.352402937927421,False
1466454129,4.3,4.281090224569707,4.281090224569707,True
1466454227,4.6,4.684336452335551,4.684336452335551,True
1466454259,4.2,4.6258992826855625,4.6258992826855625,True
1466454262,3.9,3.9,4.399315928600217,False
1466454298,4.1,5.092091910814105,5.092091910814105,True
1466454388,4.1,4.857515485925344,4.857515485925344,True
1466454399,4.1,4.75868272615759,4.75868272615759,True
1466454473,4.1,4.1,5.0534339779549,False
1466454529,4.1,4.1,4.7890532086098405,False
1466454559,4.1,4.1,4.732862939311016,False
1466454648,4.2,4.315357544985835,4.315357544985835,True
1466454745,4.2,4.654841597413714,4.654841597413714,True
1466454763,4.0,4.520151865773633,4.520151865773633,True
1466454851,3.6,4.806911148958987,4.806911148958987,True
1466454936,3.6,4.0352452723717125,4.0352452723717125,True
1466454949,3.7,4.913594523762709,4.913594523762709,True
1466455032,3.7,4.250106046574971,4.250106046574971,True
1466455065,4.0,4.0,4.948419972718889,False
1466455119,4.1,4.1,4.565583303108082,False
1466455172,4.2,4.2,4.852611333415851,False
1466455196,4.2,4.678309408753542,4.678309408753542,True
1466455271,4.2,4.2,4.109215372723823,False
1466455357,4.3,4.369034188934989,4.369034188934989,True
1466455361,4.5,4.5,4.417547710285279,False
1466455394,4.5,4.5,5.066448376298715,False
1466455475,4.5,4.5,4.502279101249162,False
1466455497,4.5,4.5,4.286694905078143,False
1466455561,4.7,4.7,5.074380669679718,False
1466455575,4.7,5.074047411200058,5.074047411200058,True
1466455587,4.8,4.8,4.450548544600525,False
1466455651,4.8,5.041649884361706,5.041649884361706,True
1466455658,4.8,4.8,4.186982066320057,False
1466455732,4.6,4.6,4.261919346960572,False
1466455812,4.6,4.6,4.331216986398498,False
1466455910,4.6,5.019273356751051,5.019273356751051,True
1466455951,4.8,4.8,4.268075478232651,False
1466455999,4.8,4.664299817761539,4.664299817761539,True
1466456054,5.0,4.059710835030386,4.059710835030386,True
1466456058,5.2,5.2,4.608160684733099,False
1466456074,5.2,4.1035485919706085,4.1035485919706085,True
1466456088,5.4,5.4,4.036505115715308,False
1466456118,5.5,4.572155465839664,4.572155465839664,True
1466456218,5.5,5.5,5.015124531182925,False
1466456265,5.1,4.341875775769064,4.341875775769064,True
1466456270,4.9,4.9,4.528215590563186,False
1466456312,4.9,4.9,4.235320587162866,False
1466456346,5.1,5.1,5.041842793456999,False
1466456374,5.1,5.1,5.0161512839032,False
1466456406,5.1,5.013871101898763,5.013871101898763,True
1466456482,4.9,4.897002626301701,4.897002626301701,True
1466456512,4.9,4.9,4.198673300331212,False
1466456610,4.9,4.9,4.128963341648129,False
1466456683,4.7,4.7,4.562112252155458,False
1466456768,4.7,4.7,4.195802465116553,False
1466456856,4.7,4.4500327205054635,4.4500327205054635,True
1466456927,4.7,4.7,4.699108126625612,False
1466457014,4.7,4.7,4.163617880069066,False
1466457032,4.9,4.732830183398036,4.732830183398036,True
1466457067,4.9,4.609213885713115,4.609213885713115,True
1466457157,4.9,4.9,4.764519004779463,False
1466457215,4.7,4.7,4.251562395629827,False
1466457267,4.7,4.309665263185445,4.309665263185445,True
1466457357,4.7,4.250061210442316,4.250061210442316,True
1466457434,4.6,4.6,4.25723484037365,False
1466457487,4.9,4.9,5.016623787808668,False
1466457559,5.3,4.762140249661262,4.762140249661262,True
1466457603,5.2,4.658826471339706,4.658826471339706,True
1466457671,5.2,4.362087945384749,4.362087945384749,True
1466457713,5.3,4.712843825613081,4.712843825613081,True
1466457745,5.3,4.394716758555732,4.394716758555732,True
1466457782,5.3,4.957142448459292,4.957142448459292,True
1466457802,5.1,5.1,4.53840087068376,False
1466457817,5.1,5.1,4.510392063166381,False
1466457865,5.4,5.4,4.130196971730101,False
1466457884,5.4,5.4,4.898875696095988,False
1466457885,5.1,4.295876258005301,4.295876258005301,True
1466457917,5.1,4.623635200977331,4.623635200977331,True
1466457973,5.1,5.1,5.076358628655566,False
1466458045,5.0,4.4000060224365685,4.4000060224365685,True
1466458135,5.2,5.2,4.65815952563279,False
1466458151,5.4,5.4,4.193844639412594,False
1466458230,5.4,4.979741461851897,4.979741461851897,True
1466458324,5.5,5.5,4.568827320094923,False
1466458362,5.5,5.018907433378108,5.018907433378108,True
1466458438,5.5,4.9360426486934585,4.9360426486934585,True
1466458454,5.5,5.5,4.506112060957009,False
1466458496,5.5,4.379746211753363,4.379746211753363,True
1466458509,5.3,4.7331885362969865,4.7331885362969865,True
1466458580,5.1,5.1,4.788731249844684,False
1466458590,5.4,5.4,4.626507237717391,False
1466458626,5.4,5.053680789738479,5.053680789738479,True
1466458642,5.1,4.793854347768672,4.793854347768672,True
1466458665,4.8,4.8,4.6082704225514926,False
1466458694,4.6,4.6,4.411287971237231,False
1466458762,4.9,4.9,4.542708185510636,False
1466458793,4.9,4.660104807666508,4.660104807666508,True
1466458824,4.9,4.9,4.5271213401604875,False
1466458906,5.2,5.2,4.582455255005628,False
1466458982,5.2,4.102285185278497,4.102285185278497,True
1466459068,5.2,5.2,4.254204172190831,False
1466459159,5.2,5.2,5.088980029831898,False
1466459184,5.5,4.0562228347487075,4.0562228347487075,True
1466459273,5.4,4.0090488451113915,4.0090488451113915,True
1466459372,5.4,4.308022260391531,4.308022260391531,True
1466459415,5.2,5.2,4.062868140091529,False
1466459483,4.8,4.921015141162528,4.921015141162528,True
1466459504,4.8,4.10773515641913,4.10773515641913,True
1466459588,4.8,4.448132813407601,4.448132813407601,True
1466459595,4.8,4.8,4.817988744959108,False
1466459673,4.8,4.8,5.0112432011119,False
1466459726,4.9,4.9,4.338894162551776,False
1466459800,5.3,4.220401851099286,4.220401851099286,True
1466459857,5.1,5.1,4.471225883648853,False
1466459887,5.3,5.3,4.891166701743186,False
1466459913,5.3,4.7223082377099095,4.7223082377099095,True
1466459974,5.3,4.240304924917091,4.240304924917091,True
1466459995,5.3,4.774973662947993,4.774973662947993,True
1466460001,5.1,5.1,4.020892829117776,False
1466460054,5.5,5.5,4.4986660440018404,False
1466460130,5.5,5.5,4.696338036300249,False
1466460215,5.1,5.1,4.488095045996406,False
1466460252,4.7,4.080509481823063,4.080509481823063,True
1466460272,5.0,4.55373595904185,4.55373595904185,True
1466460346,5.0,5.0,5.008697920682133,False
1466460440,4.9,4.9,4.266072653784053,False
1466460461,4.9,4.9,5.017642930088067,False
1466460528,5.0,4.35103564091375,4.35103564091375,True
1466460610,5.0,5.0,4.04147785765558,False
1466460630,5.0,5.0,4.486067645900811,False
1466460691,5.0,5.0,4.978000927331073,False
1466460706,4.7,4.2590388455781065,4.2590388455781065,True
1466460739,4.7,4.112215275756662,4.112215275756662,True
1466460765,4.7,4.7,4.359502589698442,False
1466460795,4.8,4.8,4.848790980593017,False
1466460877,4.8,4.8,4.599420202019504,False
1466460973,4.5,4.5690440619842505,4.5690440619842505,True
1466461009,4.1,4.987881519321568,4.987881519321568,True
1466461027,4.1,4.1,4.397826541393732,False
1466461032,4.4,4.4,4.873912785491618,False
1466461096,4.4,4.4,5.0245031030292475,False
1466461169,4.5,5.012996603033385,5.012996603033385,True
1466461256,4.5,4.005660643115178,4.005660643115178,True
1466461351,4.7,4.215879970386345,4.215879970386345,True
1466461451,4.5,4.957711322073133,4.957711322073133,True
1466461531,4.5,4.5,4.019531656514461,False
1466461568,4.5,4.5,4.3786550175165555,False
1466461583,4.5,4.5,4.355094054323686,False
1466461647,4.5,4.5,5.075109806641169,False
1466461703,4.6,4.6,4.762009880849665,False
1466461794,4.5,4.167528354640766,4.167528354640766,True
1466461813,4.3,4.123869386853318,4.123869386853318,True
1466461910,4.6,4.6,4.417248965325596,False
1466461988,4.6,4.6,4.449183447407576,False
1466462056,4.6,5.098108719341644,5.098108719341644,True
1466462101,4.4,4.4,4.090221694296558,False
1466462155,4.4,4.1690203405851,4.1690203405851,True
1466462215,4.2,4.2,4.684762024924728,False
1466462278,3.9,3.9,4.062439790025835,False
1466462368,4.0,4.861252390481585,4.861252390481585,True
1466462412,3.7,4.5960492523275125,4.5960492523275125,True
1466462512,3.7,3.7,4.726582310098462,False
1466462594,3.7,4.002561054902581,4.002561054902581,True
1466462671,3.8,4.417326074959344,4.417326074959344,True
1466462716,3.8,4.2360997090879895,4.2360997090879895,True
1466462746,4.1,4.1,4.302819948767104,False
1466462782,4.1,4.1,5.084993219669501,False
1466462820,4.1,4.182855750709063,4.182855750709063,True
1466462833,4.0,4.0,4.3482153818031435,False
1466462842,4.0,5.081807291174203,5.081807291174203,True
1466462850,4.3,4.183840680887807,4.183840680887807,True
1466462941,4.3,4.052475722838937,4.052475722838937,True
1466463026,4.5,4.5433402798280875,4.5433402798280875,True
1466463117,4.3,4.3,4.450110632693896,False
1466463139,4.2,4.147348185781206,4.147348185781206,True
