1466410104,0.4,0.2913515116747338,0.2913515116747338,True
1466410114,0.4,0.35088323701559293,0.35088323701559293,True
1466410130,0.4,0.3036545024058052,0.3036545024058052,True
1466410181,0.4,0.22983791425111777,0.22983791425111777,True
1466410203,0.4,0.4,0.5518821795973035,False
1466410250,0.4,0.5165938036095841,0.5165938036095841,True
1466410309,0.4,0.4,0.9411738210119893,False
1466410397,0.4,0.4078884511217806,0.4078884511217806,True
1466410430,0.4,0.2799519684990746,0.2799519684990746,True
1466410469,0.4,0.2547417488047824,0.2547417488047824,True
1466410483,0.4,0.9136181434408746,0.9136181434408746,True
1466410498,0.4,0.4,0.5047508308891376,False
1466410502,0.4,0.9195297315190101,0.9195297315190101,True
1466410532,0.4,0.4,0.696372894624075,False
1466410541,0.4,0.8062852918657415,0.8062852918657415,True
1466410573,0.4,0.4,0.751392438418754,False
1466410630,0.4,0.7632585311565321,0.7632585311565321,True
1466410653,0.4,0.4,0.4950940281995381,False
1466410746,0.4,0.6771841035967845,0.6771841035967845,True
1466410814,0.4,0.6410435862872927,0.6410435862872927,True
1466410890,0.4,0.4,0.6664363227247354,False
1466410902,0.4,0.4,0.4306725910314826,False
1466410978,0.4,0.4,0.7947493842221698,False
1466411008,0.4,0.4,0.2747577941269646,False
1466411066,0.4,0.4444781392663688,0.4444781392663688,True
1466411094,0.4,0.4,0.5874595511468457,False
1466411157,0.4,0.4,0.21622823547048223,False
1466411223,0.4,0.4,0.25306917454243627,False
1466411226,0.4,0.4,0.2726375420583317,False
1466411272,0.4,0.45152596483572005,0.45152596483572005,True
1466411303,0.4,0.22864698569867992,0.22864698569867992,True
1466411318,0.4,0.7381241591973635,0.7381241591973635,True
1466411396,0.4,0.42465107406617664,0.42465107406617664,True
1466411493,0.4,0.5057868017038583,0.5057868017038583,True
1466411549,0.4,0.3551546496589292,0.3551546496589292,True
1466411560,0.4,0.4,0.4527253783388656,False
1466411626,0.4,0.4,0.21166513134302029,False
1466411723,0.4,0.4,0.8868780409352306,False
1466411763,0.4,0.4,0.907638680456198,False
1466411785,0.4,0.6975167114045773,0.6975167114045773,True
1466411854,0.4,0.4,0.37043375981298854,False
1466411889,0.4,0.4,0.8918652488043881,False
1466411988,0.4,0.5779084773925252,0.5779084773925252,True
1466412022,0.4,0.8751425966096678,0.8751425966096678,True
1466412046,0.4,0.4,0.975102055723345,False
1466412076,0.4,0.4,0.4061363214165137,False
1466412152,0.4,0.4,0.799906829434369,False
1466412181,0.4,0.4,0.24759896333344128,False
1466412201,0.4,0.4,0.5823146311176635,False
1466412260,0.4,0.5229381336283156,0.5229381336283156,True
1466412347,0.4,0.524899841174818,0.524899841174818,True
1466412360,0.4,0.4,0.9486319974812993,False
1466412438,0.4,0.7052381739599205,0.7052381739599205,True
1466412521,0.4,0.6450318840684679,0.6450318840684679,True
1466412599,0.4,0.4206412425553236,0.4206412425553236,True
1466412639,0.4,0.4,0.3371472915705993,False
1466412691,0.4,0.4,0.9436950374778115,False
1466412747,0.4,0.4,0.9659072770835386,False
1466412794,0.4,0.4,0.9534688639624564,False
1466412819,0.4,0.4569054210539929,0.4569054210539929,True
1466412832,0.4,0.4,0.5917743168921852,False
1466412874,0.4,0.3080335411902924,0.3080335411902924,True
1466412943,0.4,0.4,0.622059754393983,False
1466412971,0.4,0.3537080222524354,0.3537080222524354,True
1466412990,0.4,0.4,0.603211448865844,False
1466413028,0.4,0.7125771565672867,0.7125771565672867,True
1466413053,0.4,0.4914884402982573,0.4914884402982573,True
1466413125,0.4,0.9322004153724277,0.9322004153724277,True
1466413200,0.4,0.4,0.7236694067813763,False
1466413264,0.4,0.5493639495705607,0.5493639495705607,True
1466413311,0.4,0.7143893887050667,0.7143893887050667,True
1466413342,0.4,0.2845259677025199,0.2845259677025199,True
1466413440,0.4,0.4,0.3756673181319415,False
1466413458,0.4,0.9481934242669545,0.9481934242669545,True
1466413529,0.4,0.4,0.5958529535368032,False
1466413542,0.4,0.815095909042161,0.815095909042161,True
1466413638,0.4,0.4,0.6042081439428646,False
1466413672,0.4,0.3433507340719827,0.3433507340719827,True
1466413733,0.4,0.4,0.44327821205584217,False
1466413779,0.4,0.7393405319802846,0.7393405319802846,True
1466413780,0.4,0.7945862105358967,0.7945862105358967,True
1466413864,0.4,0.707551429153706,0.707551429153706,True
1466413885,0.4,0.5845224535226454,0.5845224535226454,True
1466413946,0.4,0.49618379937521584,0.49618379937521584,True
1466414033,0.4,0.3522050124575855,0.3522050124575855,True
1466414071,0.4,0.8394002438779053,0.8394002438779053,True
1466414164,0.4,0.4972102000924438,0.4972102000924438,True
1466414225,0.4,0.4,0.20477721469125296,False
1466414312,0.4,0.5381426122018542,0.5381426122018542,True
1466414325,0.4,0.4,0.8311425302039792,False
1466414328,0.4,0.6357716091286529,0.6357716091286529,True
1466414329,0.4,0.6293530078935441,0.6293530078935441,True
1466414402,0.4,0.4,0.9721205830503223,False
1466414407,0.4,0.4,0.6841209387508518,False
1466414413,0.4,0.4,0.9432668334125396,False
1466414460,0.4,0.4,0.7352423314387417,False
1466414552,0.4,0.20424198089808146,0.20424198089808146,True
1466414602,0.4,0.6984027704447923,0.6984027704447923,True
1466414662,0.4,0.4,0.37123907875945383,False
1466414746,0.4,0.4,0.788786096912665,False
1466414844,0.4,0.4,0.2055422403601929,False
1466414943,0.4,0.4,0.34585011684214617,False
1466414946,0.4,0.4,0.7472770926559391,False
1466414966,0.4,0.6447968626110361,0.6447968626110361,True
1466415038,0.4,0.4,0.8670962742222885,False
1466415106,0.4,0.4,0.4745987749759082,False
1466415130,0.4,0.49800360775793023,0.49800360775793023,True
1466415145,0.4,0.4,0.9726393189763036,False
1466415202,0.4,0.4,0.49250907729086635,False
1466415239,0.4,0.6999204924219372,0.6999204924219372,True
1466415249,0.4,0.4,0.6024672917972944,False
1466415308,0.4,0.4,0.5785494088289282,False
1466415357,0.4,0.4,0.6126517987482473,False
1466415404,0.4,0.4,0.6702017527807524,False
1466415469,0.4,0.8292682832105773,0.8292682832105773,True
1466415548,0.4,0.4,0.7026008010679281,False
1466415588,0.4,0.4,0.6852225804582626,False
1466415627,0.4,0.4,0.6714654281576729,False
1466415719,0.4,0.6128593684710286,0.6128593684710286,True
1466415767,0.4,0.4,0.8223573899376464,False
1466415860,0.4,0.8285221751806475,0.8285221751806475,True
1466415872,0.4,0.4,0.8980594566002458,False
1466415914,0.4,0.9233266815236323,0.9233266815236323,True
1466415934,0.4,0.4,0.9614015885568608,False
1466415988,0.4,0.4,0.47564910363560053,False
1466416004,0.4,0.4123193064144145,0.4123193064144145,True
1466416050,0.4,0.4,0.9223520637121339,False
1466416150,0.4,0.32345449864665304,0.32345449864665304,True
1466416161,0.4,0.4,0.39659453461810384,False
1466416215,0.4,0.4,0.34023825498530713,False
1466416315,0.4,0.4,0.3098570369654323,False
1466416321,0.4,0.4929768144695632,0.4929768144695632,True
1466416393,0.4,0.759000666415232,0.759000666415232,True
1466416440,0.4,0.4,0.25951488613457424,False
1466416510,0.4,0.4,0.378105424193876,False
1466416541,0.4,0.4,0.811618287069974,False
1466416631,0.4,0.4,0.5435959034564406,False
1466416671,0.4,0.4832960294641871,0.4832960294641871,True
1466416725,0.4,0.31126421116340924,0.31126421116340924,True
1466416815,0.4,0.30700162328864267,0.30700162328864267,True
1466416867,0.4,0.4,0.6783120133715359,False
1466416933,0.4,0.8701116182816397,0.8701116182816397,True
1466416963,0.4,0.4,0.5071854304019486,False
1466417034,0.4,0.4,0.35580440705219635,False
1466417069,0.4,0.611174885097898,0.611174885097898,True
1466417095,0.7,0.7,0.9763097991672403,False
1466417123,0.7,0.647197399863739,0.647197399863739,True
1466417219,0.7,0.7,0.4574470205661829,False
1466417228,0.7,0.7,0.4522681552066904,False
1466417235,0.7,0.7,0.5726912574215957,False
1466417266,0.7,0.7,0.6142000113418931,False
1466417298,0.7,0.7,0.2115981088478061,False
1466417382,0.7,0.37951327675008806,0.37951327675008806,True
1466417429,0.7,0.9260330046035938,0.9260330046035938,True
1466417434,0.7,0.5719790523080286,0.5719790523080286,True
1466417513,0.7,0.6387130236119619,0.6387130236119619,True
1466417598,0.7,0.7,0.22084828895685452,False
1466417615,0.7,0.7,0.38722424918342013,False
1466417654,0.7,0.6069207462885953,0.6069207462885953,True
1466417749,0.7,0.7,0.9144025296587206,False
1466417763,0.7,0.7,0.678902956442798,False
1466417822,0.7,0.6168086769488751,0.6168086769488751,True
1466417851,0.7,0.7,0.3272841365031992,False
1466417855,0.7,0.7,0.9776293091946213,False
1466417879,0.7,0.8890984878427852,0.8890984878427852,True
1466417895,0.7,0.7,0.7256292552667014,False
1466417969,0.7,0.4499464037701227,0.4499464037701227,True
1466418049,0.7,0.7,0.4238882404305742,False
1466418118,0.7,0.6348226868820461,0.6348226868820461,True
1466418129,0.7,0.6661447802938731,0.6661447802938731,True
1466418179,0.7,0.7,0.916824197025899,False
1466418254,0.7,0.8025738384490813,0.8025738384490813,True
1466418332,0.7,0.25624822005285114,0.25624822005285114,True
1466418428,0.7,0.7,0.7986372268630946,False
1466418494,0.7,0.5170561523251584,0.5170561523251584,True
1466418554,0.7,0.7,0.9021465502726262,False
1466418563,0.7,0.7,0.8855703632387211,False
1466418564,0.7,0.3679135515006491,0.3679135515006491,True
1466418594,0.7,0.7,0.6315920186049064,False
1466418674,0.7,0.7361386662290881,0.7361386662290881,True
1466418748,0.7,0.8091401674675336,0.8091401674675336,True
1466418847,0.7,0.5830518239880695,0.5830518239880695,True
1466418877,0.7,0.8992359450424787,0.8992359450424787,True
1466418917,0.7,0.7,0.4916534797455141,False
1466418938,0.7,0.7,0.590553278054702,False
1466419031,0.7,0.35697467868017124,0.35697467868017124,True
1466419058,0.7,0.2584038653106895,0.2584038653106895,True
1466419104,0.7,0.7092455245732467,0.7092455245732467,True
1466419166,0.3,0.2852508365652729,0.2852508365652729,True
1466419261,0.3,0.3,0.5942329859123308,False
1466419349,0.3,0.3,0.6958342115857159,False
1466419442,0.3,0.7210898032122293,0.7210898032122293,True
1466419530,0.3,0.3,0.28902326884379026,False
1466419595,0.3,0.7887329840946113,0.7887329840946113,True
1466419646,0.3,0.3224677797158127,0.3224677797158127,True
1466419737,0.3,0.6631218529491547,0.6631218529491547,True
1466419826,0.3,0.3,0.9141880767112462,False
1466419880,0.3,0.30172148255257536,0.30172148255257536,True
1466419911,0.3,0.3,0.6604352857022754,False
1466419938,0.3,0.3,0.47460387680123184,False
1466420016,0.3,0.2668243615574105,0.2668243615574105,True
1466420019,0.3,0.3976052741339584,0.3976052741339584,True
1466420108,0.3,0.3,0.974645946165914,False
1466420205,0.3,0.3,0.4954310304579574,False
1466420228,0.3,0.3,0.7859303396231414,False
1466420257,0.3,0.3,0.9037278112881888,False
1466420270,0.3,0.40070475727150917,0.40070475727150917,True
1466420296,0.3,0.3,0.7912461852541672,False
1466420331,0.3,0.7018248881558857,0.7018248881558857,True
1466420407,0.3,0.3,0.23637687426464613,False
1466420430,0.3,0.3,0.8584826581379184,False
1466420453,0.3,0.3,0.7000976349581658,False
1466420474,0.3,0.5059740905950336,0.5059740905950336,True
1466420566,0.3,0.8946666258225295,0.8946666258225295,True
1466420579,0.3,0.3423405504519246,0.3423405504519246,True
1466420618,0.3,0.6477947930964586,0.6477947930964586,True
1466420624,0.3,0.7605532884718897,0.7605532884718897,True
1466420643,0.3,0.3,0.3025199802541324,False
1466420695,0.3,0.32771880345087123,0.32771880345087123,True
1466420788,0.3,0.3,0.3470353783575737,False
1466420863,0.3,0.3,0.7536618678769542,False
1466420947,0.3,0.3,0.4711965809520655,False
1466421003,0.3,0.3,0.2806485248837448,False
1466421032,0.3,0.43689900520932395,0.43689900520932395,True
1466421050,0.3,0.3,0.7858794386945558,False
1466421116,0.3,0.5038170284259125,0.5038170284259125,True
1466421208,0.3,0.7325899771690039,0.7325899771690039,True
1466421234,0.3,0.7515087675542147,0.7515087675542147,True
1466421262,0.3,0.3888768805347136,0.3888768805347136,True
1466421353,0.3,0.3,0.7920291911747819,False
1466421360,0.3,0.3,0.6937841062000369,False
1466421392,0.3,0.8189866820073726,0.8189866820073726,True
1466421480,0.3,0.9399747727653203,0.9399747727653203,True
1466421530,0.3,0.5151953395518163,0.5151953395518163,True
1466421547,0.3,0.3,0.30031736581487495,False
1466421591,0.3,0.3,0.667179879647825,False
1466421633,0.3,0.4272688034415141,0.4272688034415141,True
1466421636,0.3,0.7258593598266148,0.7258593598266148,True
1466421670,0.3,0.4610254651203528,0.4610254651203528,True
1466421695,0.3,0.7662942670894877,0.7662942670894877,True
1466421721,0.3,0.3,0.5391148909945496,False
1466421804,0.3,0.3,0.44355025546044513,False
1466421819,0.3,0.3,0.4314946006108669,False
1466421862,0.3,0.2191452703982436,0.2191452703982436,True
1466421885,0.3,0.303471681912019,0.303471681912019,True
1466421936,0.3,0.3,0.2757775445353442,False
1466422012,0.3,0.5091054125832938,0.5091054125832938,True
1466422044,0.3,0.9705417220103505,0.9705417220103505,True
1466422045,0.3,0.3,0.24419577210108445,False
1466422137,0.3,0.21714005025453675,0.21714005025453675,True
1466422162,0.3,0.3,0.701775656301429,False
1466422189,0.3,0.3,0.6480449764091594,False
1466422197,0.3,0.7951478037562107,0.7951478037562107,True
1466422264,0.3,0.3,0.64903698826198,False
1466422330,0.3,0.3,0.8671838085067896,False
1466422378,0.3,0.8925471912787866,0.8925471912787866,True
1466422432,0.3,0.9876567144214077,0.9876567144214077,True
1466422488,0.3,0.3,0.234285767264919,False
1466422577,0.3,0.3,0.47682271091063333,False
1466422628,0.3,0.9586216332311646,0.9586216332311646,True
1466422638,0.5,0.7374985508210765,0.7374985508210765,True
1466422666,0.5,0.5960664846695867,0.5960664846695867,True
1466422706,0.5,0.23789021433778723,0.23789021433778723,True
1466422731,0.5,0.962732364272394,0.962732364272394,True
1466422804,0.5,0.5,0.29786537747427533,False
1466422866,0.5,0.5884055047169922,0.5884055047169922,True
1466422873,0.5,0.5,0.9990313980467052,False
1466422895,0.5,0.6058990306264793,0.6058990306264793,True
1466422953,0.5,0.6811919675562859,0.6811919675562859,True
1466422973,0.5,0.5,0.8078049523474222,False
1466423017,0.5,0.5,0.41158508458752846,False
1466423051,0.5,0.5,0.4666983662051271,False
1466423099,0.5,0.5,0.3714039834425089,False
1466423150,0.5,0.8771095528664865,0.8771095528664865,True
1466423155,0.5,0.5,0.510229431434281,False
1466423168,0.5,0.32606988821966915,0.32606988821966915,True
1466423205,0.5,0.5,0.8148090512700268,False
1466423275,0.5,0.5,0.7075214435912174,False
1466423287,0.5,0.36460114895082224,0.36460114895082224,True
1466423336,0.5,0.5,0.8563529341008966,False
1466423340,0.5,0.5,0.7474964082861186,False
1466423355,0.5,0.845821331267733,0.845821331267733,True
1466423443,0.5,0.37154785873179313,0.37154785873179313,True
1466423499,0.5,0.8642915013641945,0.8642915013641945,True
1466423585,0.5,0.8080242683450243,0.8080242683450243,True
1466423612,0.5,0.8080922179886585,0.8080922179886585,True
1466423669,0.5,0.5,0.34318769005242117,False
1466423705,0.5,0.3978100895091216,0.3978100895091216,True
1466423770,0.5,0.5,0.24382390821414335,False
1466423844,0.5,0.5,0.7698668309582153,False
1466423902,0.5,0.5977766135297844,0.5977766135297844,True
1466423913,0.5,0.40004292550673226,0.40004292550673226,True
1466423972,0.5,0.5,0.44164773674770796,False
1466424014,0.5,0.5,0.858922123280635,False
1466424069,0.5,0.6853954772949039,0.6853954772949039,True
1466424154,0.5,0.5,0.6024595147491146,False
1466424155,0.5,0.5,0.5632873810047632,False
1466424169,0.5,0.22115536887693,0.22115536887693,True
1466424262,0.5,0.5,0.9579584419121367,False
1466424339,0.5,0.5,0.5478218580386116,False
1466424398,0.5,0.5,0.5281028913361255,False
1466424497,0.5,0.5,0.22170041202078555,False
1466424558,0.5,0.5,0.9158299794136051,False
1466424613,0.5,0.5173146535194153,0.5173146535194153,True
1466424713,0.5,0.6482185457759368,0.6482185457759368,True
1466424804,0.5,0.5,0.7910463774935659,False
1466424878,0.5,0.7200279529205844,0.7200279529205844,True
1466424924,0.5,0.7868346888456421,0.7868346888456421,True
1466425009,0.5,0.7273252989315526,0.7273252989315526,True
1466425106,0.5,0.5,0.9977246043065258,False
1466425129,0.5,0.5,0.47298705942558233,False
1466425179,0.5,0.7264224244997057,0.7264224244997057,True
1466425257,0.5,0.2918758534453445,0.2918758534453445,True
1466425262,0.5,0.9575130053393506,0.9575130053393506,True
1466425305,0.5,0.5,0.676077246564482,False
1466425331,0.5,0.5,0.39931002764793,False
1466425338,0.5,0.5,0.40753976398460223,False
1466425377,0.5,0.3552660179329409,0.3552660179329409,True
1466425380,0.5,0.5,0.685425355254282,False
1466425417,0.5,0.5,0.8504959440517768,False
1466425484,0.5,0.5,0.22321150822021327,False
1466425517,0.5,0.5521743468243537,0.5521743468243537,True
1466425553,0.5,0.5,0.5747544356343292,False
1466425640,0.5,0.5,0.9762441042743004,False
1466425687,1.0,1.0,0.7953832399204348,False
1466425711,1.0,0.445513105820329,0.445513105820329,True
1466425768,1.0,1.0,0.7420406820458574,False
1466425811,1.0,0.4517336907612231,0.4517336907612231,True
1466425856,1.0,0.6355502081552898,0.6355502081552898,True
1466425869,1.0,1.0,0.40481910661215886,False
1466425884,1.0,0.2173540193790669,0.2173540193790669,True
1466425962,1.0,1.0,0.44186413299444327,False
1466425974,1.0,1.0,0.7609516954727604,False
1466426016,1.0,1.0,0.8212689173534253,False
1466426024,1.0,0.5202130226074313,0.5202130226074313,True
1466426034,1.0,1.0,0.9418658393283044,False
1466426130,1.0,1.0,0.5076116785253084,False
1466426189,1.0,1.0,0.5700372931441169,False
1466426198,1.0,1.0,0.5913307514356463,False
1466426280,1.0,1.0,0.8610285214041051,False
1466426298,1.0,0.5834359900766828,0.5834359900766828,True
1466426380,1.0,1.0,0.29950664137605937,False
1466426420,1.0,1.0,0.6964777275492502,False
1466426509,1.0,0.6271559263050195,0.6271559263050195,True
1466426521,1.0,1.0,0.38183345694301063,False
1466426535,1.0,0.5695795089218385,0.5695795089218385,True
1466426563,1.0,0.5848434458326347,0.5848434458326347,True
1466426620,1.0,0.9240656053708536,0.9240656053708536,True
1466426694,1.0,1.0,0.7113630254703271,False
1466426764,1.0,1.0,0.47433855003805636,False
1466426778,1.0,1.0,0.7960706860295743,False
1466426866,1.0,1.0,0.5744144459596272,False
1466426938,1.0,0.9992650267490981,0.9992650267490981,True
1466427022,0.3,0.2613954569344558,0.2613954569344558,True
1466427059,0.3,0.8798939661388141,0.8798939661388141,True
1466427125,0.3,0.2655622510043816,0.2655622510043816,True
1466427204,0.3,0.3,0.663521887512621,False
1466427240,0.3,0.3,0.7548749863561972,False
1466427317,0.3,0.39695274717396434,0.39695274717396434,True
1466427319,0.3,0.3,0.9228743472616145,False
1466427331,0.3,0.351295921700842,0.351295921700842,True
1466427425,0.3,0.4929953842876462,0.4929953842876462,True
1466427458,0.3,0.29395487053142677,0.29395487053142677,True
1466427495,0.3,0.8739181950654886,0.8739181950654886,True
1466427543,0.3,0.7258188743082639,0.7258188743082639,True
1466427625,0.3,0.4740339246164772,0.4740339246164772,True
1466427663,0.3,0.33295487165333226,0.33295487165333226,True
1466427672,0.3,0.3,0.734560912438994,False
1466427684,0.3,0.9645075190060635,0.9645075190060635,True
1466427739,0.3,0.3,0.37937064969775386,False
1466427769,0.3,0.35521140876014035,0.35521140876014035,True
1466427775,0.3,0.9908757319059929,0.9908757319059929,True
1466427820,0.3,0.8162738266250977,0.8162738266250977,True
1466427837,0.3,0.3,0.35403455149945895,False
1466427846,0.3,0.3,0.7634573392578334,False
1466427904,0.3,0.3,0.9939156399076166,False
1466427997,0.3,0.31087020565750345,0.31087020565750345,True
1466428027,0.3,0.3,0.6987349418913095,False
1466428114,0.3,0.6199535823526136,0.6199535823526136,True
1466428212,0.3,0.3,0.6310831130406301,False
1466428294,0.3,0.3,0.26992875047024967,False
1466428321,0.3,0.3,0.745691907087372,False
1466428340,0.3,0.3,0.48283525468418625,False
1466428378,0.3,0.3,0.6875038682422123,False
1466428463,0.3,0.8105022646477125,0.8105022646477125,True
1466428551,0.3,0.5153786831734439,0.5153786831734439,True
1466428575,0.3,0.3,0.2709497312364067,False
1466428593,0.3,0.2555717287392718,0.2555717287392718,True
1466428682,0.3,0.3,0.262451555498069,False
1466428699,0.3,0.2329724255497311,0.2329724255497311,True
1466428719,0.3,0.3,0.8539892136489182,False
1466428819,0.3,0.3,0.2987240251274712,False
1466428850,0.3,0.8780607394680955,0.8780607394680955,True
1466428884,0.3,0.3,0.5572825224587601,False
1466428973,0.3,0.3,0.5987227056825735,False
1466429006,0.3,0.6165171559700464,0.6165171559700464,True
1466429026,0.3,0.7199746889992276,0.7199746889992276,True
1466429066,0.3,0.9132899538126933,0.9132899538126933,True
1466429072,0.3,0.3,0.6440355754664175,False
1466429103,0.3,0.38177418545146913,0.38177418545146913,True
1466429110,0.3,0.3,0.7743698144540059,False
1466429123,0.3,0.7982755056174375,0.7982755056174375,True
1466429168,0.3,0.3,0.8870573238283461,False
1466429182,0.3,0.44069125918332364,0.44069125918332364,True
1466429184,0.3,0.3,0.25682443115459413,False
1466429197,0.3,0.3,0.35017812790084524,False
1466429280,0.3,0.688156603699444,0.688156603699444,True
1466429378,0.3,0.6388188966029507,0.6388188966029507,True
1466429450,0.3,0.60499579795705,0.60499579795705,True
1466429455,0.3,0.3,0.8027204818693423,False
1466429510,0.3,0.3,0.25618006553660566,False
1466429565,0.3,0.20044345763254948,0.20044345763254948,True
1466429566,0.3,0.3792978036553585,0.3792978036553585,True
1466429592,0.3,0.9624506325148547,0.9624506325148547,True
1466429623,0.3,0.3,0.9046750298303636,False
1466429691,0.3,0.2218776236163306,0.2218776236163306,True
1466429733,0.3,0.3,0.7961976789351335,False
1466429803,0.3,0.7724777201858559,0.7724777201858559,True
1466429832,0.3,0.4740957618593636,0.4740957618593636,True
1466429905,0.3,0.3,0.9479708512753269,False
1466429997,0.3,0.35240621477705414,0.35240621477705414,True
1466430050,0.3,0.3,0.397886294407108,False
1466430088,0.3,0.9274157811260946,0.9274157811260946,True
1466430174,0.3,0.7562442933052007,0.7562442933052007,True
1466430247,0.3,0.3,0.42520748500360583,False
1466430344,0.3,0.7275577123956483,0.7275577123956483,True
1466430375,0.3,0.3,0.8634858194438808,False
1466430400,0.3,0.3,0.2716748955369981,False
1466430457,0.3,0.3,0.5034955329273139,False
1466430483,0.3,0.9697821985280306,0.9697821985280306,True
1466430517,0.3,0.3,0.31082865975505025,False
1466430524,0.3,0.3,0.5519815756753276,False
1466430592,0.3,0.3,0.5325923003892684,False
1466430616,0.3,0.39637340576057484,0.39637340576057484,True
1466430631,0.3,0.5492185719124413,0.5492185719124413,True
1466430680,0.3,0.6159359333231187,0.6159359333231187,True
1466430734,0.3,0.3,0.7927646736630751,False
1466430790,0.3,0.6490750949978978,0.6490750949978978,True
1466430815,0.3,0.2261597622275261,0.2261597622275261,True
1466430895,0.3,0.3,0.5594776946167455,False
1466430916,0.3,0.3366136157183511,0.3366136157183511,True
1466430929,0.3,0.3,0.731357436753912,False
1466430936,0.3,0.3,0.6359029292883358,False
1466431009,0.3,0.3,0.3846016830074772,False
1466431036,0.3,0.3,0.8253140054269914,False
1466431055,0.3,0.3,0.20984034519896008,False
1466431145,0.3,0.7399932196133256,0.7399932196133256,True
1466431218,0.3,0.7483933711743529,0.7483933711743529,True
1466431290,0.3,0.3,0.9675480541354842,False
1466431324,0.3,0.36533565701521775,0.36533565701521775,True
1466431400,0.3,0.3,0.4106358917047012,False
1466431450,0.3,0.9264440732010686,0.9264440732010686,True
1466431526,0.3,0.24706303348711103,0.24706303348711103,True
1466431589,0.3,0.7295151017965165,0.7295151017965165,True
1466431661,0.3,0.770276549185785,0.770276549185785,True
1466431760,0.3,0.8662406299149079,0.8662406299149079,True
1466431796,0.3,0.3,0.5076980601931782,False
1466431848,0.3,0.3,0.3767037731726231,False
1466431879,0.3,0.3,0.5666791179532873,False
1466431954,0.3,0.20660441098321486,0.20660441098321486,True
1466431958,0.3,0.990848314957262,0.990848314957262,True
1466432002,0.3,0.3,0.9649130653454907,False
1466432101,0.3,0.3,0.9900482360767884,False
1466432177,0.3,0.475019153913049,0.475019153913049,True
1466432194,0.3,0.8200123433100348,0.8200123433100348,True
1466432237,0.3,0.3594655364791992,0.3594655364791992,True
1466432280,0.3,0.9520721912405032,0.9520721912405032,True
1466432373,0.3,0.3,0.49651901432111023,False
1466432389,0.3,0.3,0.7694205312456242,False
1466432415,0.3,0.3,0.7739803261472229,False
1466432417,0.3,0.3,0.9173950885352034,False
1466432506,0.3,0.3,0.6590828559139449,False
1466432569,0.3,0.3,0.24242562474885415,False
1466432577,0.8,0.8,0.4981390593806543,False
1466432670,0.8,0.8,0.32712687392476314,False
1466432706,0.8,0.25959917810314637,0.25959917810314637,True
1466432804,0.8,0.8,0.2713244513533615,False
1466432853,0.8,0.4228749180741873,0.4228749180741873,True
1466432947,0.8,0.526997448136598,0.526997448136598,True
1466433040,0.8,0.8,0.657407085438632,False
1466433128,0.8,0.8,0.6924747549227047,False
1466433145,0.8,0.9867912593608421,0.9867912593608421,True
1466433195,0.8,0.33689664386693635,0.33689664386693635,True
1466433289,0.8,0.8,0.4201892359797989,False
1466433375,0.8,0.8,0.6251500657720497,False
1466433427,0.8,0.8474442858090847,0.8474442858090847,True
1466433478,0.8,0.8,0.38116776236660455,False
1466433517,0.8,0.8,0.9219312063699612,False
1466433615,0.8,0.8,0.7168410340027853,False
1466433672,0.8,0.631059170592005,0.631059170592005,True
1466433762,0.8,0.39383532581944936,0.39383532581944936,True
1466433809,0.8,0.8,0.34573291843438536,False
1466433873,0.8,0.8,0.21749263102322205,False
1466433910,0.8,0.9091893590428377,0.9091893590428377,True
1466433994,0.8,0.8,0.862436352543966,False
1466434003,0.8,0.8,0.28572233710708467,False
1466434045,0.8,0.9444007653530668,0.9444007653530668,True
1466434096,0.8,0.8576583641604865,0.8576583641604865,True
1466434173,0.8,0.5961598189196671,0.5961598189196671,True
1466434199,0.8,0.8,0.635049770012533,False
1466434224,0.8,0.3571875720611938,0.3571875720611938,True
1466434308,0.8,0.6723403233651788,0.6723403233651788,True
1466434359,0.8,0.8,0.8326630683768668,False
1466434371,0.8,0.3379913567465004,0.3379913567465004,True
1466434457,0.8,0.8,0.7158450905391902,False
1466434498,0.8,0.8,0.21143454468868167,False
1466434552,0.8,0.8,0.38454406673729713,False
1466434622,0.8,0.8,0.5623513546906154,False
1466434691,0.8,0.2702022924114391,0.2702022924114391,True
1466434718,0.8,0.5923311720807122,0.5923311720807122,True
1466434727,0.8,0.3139325660336392,0.3139325660336392,True
1466434815,0.8,0.6398803253037768,0.6398803253037768,True
1466434892,0.8,0.8,0.6706408745031466,False
1466434915,0.8,0.788012947729207,0.788012947729207,True
1466434946,0.8,0.8,0.6380101834369434,False
1466434988,0.8,0.8506247948161776,0.8506247948161776,True
1466435020,0.8,0.2954786902428115,0.2954786902428115,True
1466435090,0.8,0.8,0.3422181579105959,False
1466435099,0.8,0.8,0.539156310437519,False
1466435145,0.8,0.8,0.8327152597510954,False
1466435186,0.8,0.8,0.5022232744762547,False
1466435246,0.8,0.9524677468671663,0.9524677468671663,True
1466435284,0.8,0.627389789735346,0.627389789735346,True
1466435327,0.8,0.32338407951324194,0.32338407951324194,True
1466435369,0.8,0.8,0.5197281565203842,False
1466435408,0.8,0.37346359000502566,0.37346359000502566,True
1466435468,0.8,0.8,0.5292163464694142,False
1466435486,0.8,0.8,0.35302685842435433,False
1466435555,0.8,0.42371955852746135,0.42371955852746135,True
1466435624,0.8,0.7529710578957547,0.7529710578957547,True
1466435659,0.8,0.9840469095557436,0.9840469095557436,True
1466435682,0.8,0.8986141926840474,0.8986141926840474,True
1466435712,0.8,0.9824238682982838,0.9824238682982838,True
1466435794,0.8,0.8,0.5943867524492672,False
1466435878,0.8,0.5118145106079097,0.5118145106079097,True
1466435904,0.8,0.8,0.4455738878387199,False
1466435971,0.8,0.844842524528304,0.844842524528304,True
1466436041,0.8,0.860916721526076,0.860916721526076,True
1466436059,0.8,0.35691923039020845,0.35691923039020845,True
1466436093,0.8,0.6359065783376214,0.6359065783376214,True
1466436178,0.8,0.8,0.3682951064174669,False
1466436230,0.8,0.8,0.42201017383458583,False
1466436280,0.8,0.663254636057506,0.663254636057506,True
1466436332,0.8,0.5891744357492708,0.5891744357492708,True
1466436333,0.8,0.8,0.5319798544315978,False
1466436431,0.8,0.8,0.6817341877943293,False
1466436520,0.8,0.8,0.8841563915578778,False
1466436572,0.8,0.8,0.5643820694946022,False
1466436647,0.8,0.46406990873388465,0.46406990873388465,True
1466436655,0.8,0.7598920032299226,0.7598920032299226,True
1466436727,0.8,0.9650143744953552,0.9650143744953552,True
1466436793,0.8,0.5872928188592093,0.5872928188592093,True
1466436879,0.8,0.8,0.32817102661088193,False
1466436880,0.8,0.8,0.716426968136457,False
1466436939,0.8,0.8,0.4040482608827099,False
1466437015,0.8,0.384848815659643,0.384848815659643,True
1466437048,0.8,0.8,0.8524976639702682,False
1466437088,0.8,0.7652310230858788,0.7652310230858788,True
1466437105,0.8,0.5958258064629406,0.5958258064629406,True
1466437122,0.8,0.44591863954257865,0.44591863954257865,True
1466437160,0.8,0.9931115093885863,0.9931115093885863,True
1466437232,0.8,0.5326705157054665,0.5326705157054665,True
1466437321,0.8,0.8,0.7859966819368245,False
1466437335,0.8,0.2524656077450499,0.2524656077450499,True
1466437358,0.8,0.40476721639798385,0.40476721639798385,True
1466437441,0.8,0.41303255319212084,0.41303255319212084,True
1466437480,0.8,0.8,0.6922767280458895,False
1466437561,0.8,0.2602499704294651,0.2602499704294651,True
1466437653,0.8,0.8,0.3479143630765803,False
1466437709,0.8,0.8,0.46892117221051977,False
1466437798,0.8,0.22283824579342212,0.22283824579342212,True
1466437869,0.8,0.8,0.605183993754126,False
1466437952,0.8,0.8,0.815700958270724,False
1466438037,0.8,0.8,0.5575912058661686,False
1466438054,0.8,0.9574854017500822,0.9574854017500822,True
1466438056,0.8,0.8,0.9037927667372843,False
1466438136,0.8,0.8,0.6274709850121596,False
1466438234,0.8,0.8,0.39915464690225405,False
1466438261,0.8,0.8852251965414986,0.8852251965414986,True
1466438348,0.8,0.8,0.8920583521440884,False
1466438407,0.8,0.772040729861087,0.772040729861087,True
1466438422,0.8,0.29078491025950354,0.29078491025950354,True
1466438476,0.8,0.47395246263965163,0.47395246263965163,True
1466438571,0.8,0.9227041052238658,0.9227041052238658,True
1466438612,0.8,0.8407329478427625,0.8407329478427625,True
1466438620,0.8,0.8,0.9443906726516305,False
1466438698,0.8,0.808548979452163,0.808548979452163,True
1466438747,0.8,0.7278402364422778,0.7278402364422778,True
1466438795,0.8,0.3123036091365208,0.3123036091365208,True
1466438810,0.8,0.8,0.9516756109374966,False
1466438888,0.8,0.8,0.8129330815269209,False
1466438975,0.8,0.8,0.20540173938333606,False
1466439000,0.8,0.8,0.20378462345661152,False
1466439092,0.8,0.787226723016911,0.787226723016911,True
1466439150,0.8,0.8422489194904905,0.8422489194904905,True
1466439229,0.8,0.24527841956757923,0.24527841956757923,True
1466439279,0.8,0.9891659868025702,0.9891659868025702,True
1466439328,0.8,0.8,0.25498238196163536,False
1466439351,0.8,0.8,0.7906738707272389,False
1466439447,0.8,0.8050123431640734,0.8050123431640734,True
1466439466,0.8,0.44157345696714556,0.44157345696714556,True
1466439480,0.8,0.5874963846860278,0.5874963846860278,True
1466439560,0.8,0.4602059286208453,0.4602059286208453,True
1466439600,0.8,0.5836097019885189,0.5836097019885189,True
1466439645,0.8,0.8,0.48372463929632387,False
1466439729,0.8,0.2876581296775494,0.2876581296775494,True
1466439772,0.8,0.7793732547737549,0.7793732547737549,True
1466439827,0.8,0.8,0.969804926192692,False
1466439849,0.8,0.5926122661633358,0.5926122661633358,True
1466439910,0.8,0.6818609104793756,0.6818609104793756,True
1466439990,0.8,0.8,0.8740301036797915,False
1466440005,0.8,0.3028012745720659,0.3028012745720659,True
1466440006,0.8,0.7748475610658461,0.7748475610658461,True
1466440045,0.8,0.5682202087547027,0.5682202087547027,True
1466440066,0.8,0.8,0.6396190814500478,False
1466440154,0.8,0.6269510482198096,0.6269510482198096,True
1466440214,0.8,0.4807982790051146,0.4807982790051146,True
1466440226,0.8,0.4550450114715083,0.4550450114715083,True
1466440304,0.8,0.6365403360040274,0.6365403360040274,True
1466440385,0.8,0.8,0.6576774238100158,False
1466440451,0.8,0.9269650808749204,0.9269650808749204,True
1466440521,0.8,0.8,0.6581706623228099,False
1466440581,0.8,0.458153757306995,0.458153757306995,True
1466440674,0.8,0.8,0.6056002886793135,False
1466440727,0.8,0.46864637968396894,0.46864637968396894,True
1466440821,0.8,0.851404176367972,0.851404176367972,True
1466440827,0.8,0.4557717663143545,0.4557717663143545,True
1466440897,0.8,0.6446089739850862,0.6446089739850862,True
1466440923,0.8,0.8,0.4414659524016773,False
1466441012,0.8,0.8,0.7331321669458697,False
1466441049,0.8,0.8,0.20498012921474393,False
1466441147,0.8,0.8,0.6664218134328659,False
1466441213,0.8,0.6221083077627081,0.6221083077627081,True
1466441311,0.8,0.8,0.46962564214696745,False
1466441318,0.8,0.8,0.2233924977697501,False
1466441418,0.8,0.3555593687481546,0.3555593687481546,True
1466441510,0.8,0.8,0.3862615520664999,False
1466441541,0.8,0.8,0.7305396763040775,False
1466441579,0.8,0.4612028242491503,0.4612028242491503,True
1466441630,0.8,0.9926166404546004,0.9926166404546004,True
1466441714,0.8,0.8,0.7153207084005853,False
1466441724,0.8,0.8,0.8789694606732759,False
1466441741,0.8,0.8,0.8864975224044158,False
1466441822,0.8,0.8,0.21956796899275874,False
1466441883,0.8,0.5177491829534313,0.5177491829534313,True
1466441934,0.8,0.7846469934252471,0.7846469934252471,True
1466441947,0.8,0.8,0.5739707538496922,False
1466442046,0.8,0.8318500590660884,0.8318500590660884,True
1466442137,0.8,0.8,0.3726944844655129,False
1466442175,0.8,0.45000399556210513,0.45000399556210513,True
1466442216,0.8,0.834657865405463,0.834657865405463,True
1466442284,0.8,0.9196979784225705,0.9196979784225705,True
1466442332,0.8,0.5924638636702046,0.5924638636702046,True
1466442358,0.8,0.2610488397930877,0.2610488397930877,True
1466442362,0.8,0.7349286337081808,0.7349286337081808,True
1466442439,0.8,0.8198747143966465,0.8198747143966465,True
1466442490,0.8,0.4262387500096768,0.4262387500096768,True
1466442498,0.8,0.7868017314654556,0.7868017314654556,True
1466442508,0.8,0.780688545983071,0.780688545983071,True
1466442518,0.8,0.7821273050479782,0.7821273050479782,True
1466442556,0.8,0.8,0.7483885285710974,False
1466442656,0.8,0.8,0.8459378600063001,False
1466442662,0.8,0.8,0.6379745307675346,False
1466442703,0.8,0.8,0.5198475163652225,False
1466442768,0.8,0.8,0.21884001895744812,False
1466442788,0.8,0.9609343559543422,0.9609343559543422,True
1466442886,0.8,0.8,0.2856627848018013,False
1466442980,0.8,0.6506960856185635,0.6506960856185635,True
1466443000,0.8,0.8,0.9615294153304328,False
1466443029,0.8,0.8,0.22723888423055608,False
1466443038,0.8,0.9898334317875419,0.9898334317875419,True
1466443089,0.8,0.8,0.9020050856471393,False
1466443162,0.8,0.7882773477736598,0.7882773477736598,True
1466443201,0.8,0.4366594339971088,0.4366594339971088,True
1466443219,0.8,0.8,0.8245462221297617,False
1466443263,0.8,0.855715228696901,0.855715228696901,True
1466443350,0.8,0.41658494232657434,0.41658494232657434,True
1466443373,0.8,0.8,0.6320749847725766,False
1466443392,0.8,0.8,0.6632201778014561,False
1466443402,0.8,0.2562623389078709,0.2562623389078709,True
1466443486,0.8,0.9128445350758148,0.9128445350758148,True
1466443511,0.8,0.8,0.9682018593311075,False
1466443584,0.8,0.20657444049014428,0.20657444049014428,True
1466443677,0.8,0.858901015892162,0.858901015892162,True
1466443725,0.8,0.49209077252086164,0.49209077252086164,True
1466443727,0.8,0.8,0.5900881241237765,False
1466443750,0.8,0.8,0.8024927635505257,False
1466443761,0.8,0.8,0.7145427301858667,False
1466443808,0.8,0.44737388265121397,0.44737388265121397,True
1466443861,0.8,0.8,0.7865636428945699,False
1466443929,0.8,0.8,0.7312807233456913,False
1466443986,0.8,0.8,0.7003341516834525,False
1466444043,0.8,0.8,0.8632458920745654,False
1466444110,0.8,0.38933651423867793,0.38933651423867793,True
1466444192,0.8,0.8,0.7327199572224603,False
1466444287,0.3,0.3303160761315923,0.3303160761315923,True
1466444294,0.3,0.3,0.39197524135176637,False
1466444366,0.3,0.3,0.6110646994465935,False
1466444466,0.3,0.3,0.5757492171138582,False
1466444505,0.3,0.3,0.4770968672182856,False
1466444556,0.3,0.921518591747611,0.921518591747611,True
1466444624,0.3,0.9385453015718963,0.9385453015718963,True
1466444663,0.3,0.3,0.29271219430552675,False
1466444685,0.3,0.43461764868232405,0.43461764868232405,True
1466444756,0.3,0.6811135399485355,0.6811135399485355,True
1466444781,0.3,0.4377123173518924,0.4377123173518924,True
1466444840,0.3,0.3,0.9856792498898306,False
1466444854,0.3,0.8072974047447996,0.8072974047447996,True
1466444860,0.3,0.6058721630290169,0.6058721630290169,True
1466444959,0.3,0.8383070910801924,0.8383070910801924,True
1466445058,0.3,0.24682402520868535,0.24682402520868535,True
1466445107,0.3,0.3,0.7889131051340792,False
1466445165,0.3,0.3,0.618242403964038,False
1466445170,0.3,0.6535477605100103,0.6535477605100103,True
1466445173,0.3,0.3,0.7235425403560716,False
1466445247,0.3,0.9017033971715247,0.9017033971715247,True
1466445305,0.3,0.3,0.26951815065982654,False
1466445333,0.3,0.4407313187126957,0.4407313187126957,True
1466445356,0.3,0.9057777704870869,0.9057777704870869,True
1466445430,0.3,0.3,0.6572414238177426,False
1466445491,0.3,0.3,0.8187999419763059,False
1466445497,0.3,0.3,0.3603983328116551,False
1466445514,0.3,0.3,0.8453898527232073,False
1466445549,0.3,0.4612321635638667,0.4612321635638667,True
1466445640,0.3,0.3802671006453313,0.3802671006453313,True
1466445648,0.3,0.3,0.4377958040240705,False
1466445739,0.3,0.32340915808714055,0.32340915808714055,True
1466445814,0.3,0.9563025980400666,0.9563025980400666,True
1466445879,0.3,0.3,0.8427471387161243,False
1466445909,0.3,0.7930626583212832,0.7930626583212832,True
1466445965,0.3,0.6607698378564677,0.6607698378564677,True
1466446021,0.3,0.5958266197285456,0.5958266197285456,True
1466446045,0.3,0.3,0.30270784944205514,False
1466446071,0.3,0.4600849148061201,0.4600849148061201,True
1466446120,0.3,0.9267064388903847,0.9267064388903847,True
1466446168,0.3,0.6154444947475547,0.6154444947475547,True
1466446253,0.3,0.3,0.5036125746658393,False
1466446302,0.3,0.6216672047660909,0.6216672047660909,True
1466446389,0.3,0.3,0.5680050950838413,False
1466446404,0.3,0.3,0.3852556278272141,False
1466446494,0.3,0.6679485119391841,0.6679485119391841,True
1466446594,0.3,0.2178685423264665,0.2178685423264665,True
1466446643,0.3,0.9182358742470744,0.9182358742470744,True
1466446669,0.3,0.6644468000498074,0.6644468000498074,True
1466446690,0.3,0.5491166593859755,0.5491166593859755,True
1466446735,0.3,0.3,0.6646761967881474,False
1466446766,0.3,0.6646617993018891,0.6646617993018891,True
1466446852,0.3,0.3,0.5247322471140184,False
1466446902,0.3,0.2361518714376988,0.2361518714376988,True
1466446945,0.3,0.24938764018872472,0.24938764018872472,True
1466446987,0.3,0.7145189660126627,0.7145189660126627,True
1466447036,0.3,0.3,0.8832672533594481,False
1466447112,0.3,0.3,0.23566440654991078,False
1466447129,0.3,0.3,0.80340128161674,False
1466447189,0.3,0.8475852154877546,0.8475852154877546,True
1466447224,0.3,0.21582843852415118,0.21582843852415118,True
1466447270,0.3,0.3,0.5654477028745346,False
1466447272,0.3,0.7378598660593216,0.7378598660593216,True
1466447348,0.3,0.42790290096555084,0.42790290096555084,True
1466447359,0.3,0.3,0.8487671955941203,False
1466447388,0.3,0.6316892427243129,0.6316892427243129,True
1466447390,0.3,0.4278867929072918,0.4278867929072918,True
1466447425,0.3,0.5011663220051009,0.5011663220051009,True
1466447463,0.3,0.9075195130537608,0.9075195130537608,True
1466447485,0.3,0.3,0.9029923970152531,False
1466447545,0.3,0.6281958774934331,0.6281958774934331,True
1466447553,0.3,0.3,0.42790071749642095,False
1466447554,0.3,0.3,0.9616681946558734,False
1466447573,0.3,0.3,0.24664838325760396,False
1466447634,0.3,0.7372423257644336,0.7372423257644336,True
1466447695,0.3,0.6414906417439541,0.6414906417439541,True
1466447762,0.3,0.22126780042370334,0.22126780042370334,True
1466447844,0.3,0.6683389382059871,0.6683389382059871,True
1466447885,0.3,0.3,0.6566793046887527,False
1466447943,0.3,0.3,0.5025804449242388,False
1466447956,0.3,0.36241207405785725,0.36241207405785725,True
1466448041,0.3,0.7619400803135723,0.7619400803135723,True
1466448140,0.3,0.3,0.8157449249607025,False
1466448215,0.3,0.3,0.2183026682222259,False
1466448270,0.3,0.2735784447917838,0.2735784447917838,True
1466448302,0.3,0.3,0.550009785899648,False
1466448368,0.3,0.3,0.6246321028477302,False
1466448422,0.3,0.3,0.23719334134791323,False
1466448517,0.3,0.3,0.8128666188347442,False
1466448614,0.3,0.5766577370697503,0.5766577370697503,True
1466448701,0.3,0.8649862832130724,0.8649862832130724,True
1466448743,0.3,0.3,0.3324289641457144,False
1466448805,0.3,0.3,0.41251982456262737,False
1466448844,0.3,0.8374720186733056,0.8374720186733056,True
1466448896,0.3,0.3,0.7570466428715266,False
1466448984,0.3,0.6129327994572078,0.6129327994572078,True
1466449031,0.3,0.3,0.2776100518751727,False
1466449045,0.3,0.5576970996974195,0.5576970996974195,True
1466449099,0.3,0.41410714861824716,0.41410714861824716,True
1466449171,0.3,0.23198598807580817,0.23198598807580817,True
1466449261,0.3,0.3,0.7587982989638413,False
1466449280,0.3,0.45250777745147047,0.45250777745147047,True
1466449359,0.3,0.3,0.9353800831982724,False
1466449442,0.3,0.3,0.3279415196522141,False
1466449496,0.3,0.3,0.7595523052275595,False
1466449537,0.3,0.4989301142566003,0.4989301142566003,True
1466449555,0.3,0.3,0.9485335474011296,False
1466449629,0.3,0.7148271615624058,0.7148271615624058,True
1466449635,0.3,0.3,0.884515714677981,False
1466449721,0.3,0.3,0.395440551237504,False
1466449772,0.3,0.3,0.7968331645854698,False
1466449872,0.3,0.24672927688309151,0.24672927688309151,True
1466449873,0.3,0.3,0.42945992233650854,False
1466449884,0.3,0.3,0.5460200456115054,False
1466449937,0.3,0.3,0.6672345461682596,False
1466449953,0.3,0.3,0.8684679829023663,False
1466449959,0.3,0.3972067395807097,0.3972067395807097,True
1466449961,0.3,0.3,0.2813212725163021,False
1466450018,0.3,0.3,0.964437586873311,False
1466450075,0.3,0.3,0.8635235876128007,False
1466450150,0.3,0.3,0.9446460540368571,False
1466450177,0.3,0.3,0.3822789226049613,False
1466450255,0.3,0.5009960596781871,0.5009960596781871,True
1466450343,0.3,0.9645915090588126,0.9645915090588126,True
1466450348,0.3,0.3,0.37478070283776294,False
1466450401,0.3,0.7810472195957714,0.7810472195957714,True
1466450433,0.3,0.3,0.4075662611543436,False
1466450507,0.3,0.6272561275458053,0.6272561275458053,True
1466450536,0.3,0.570695720973138,0.570695720973138,True
1466450627,0.3,0.44808071238236374,0.44808071238236374,True
1466450723,0.3,0.3,0.9274784186384617,False
1466450817,0.3,0.3,0.27969385794158397,False
1466450900,0.3,0.3,0.6474002738293452,False
1466450902,0.3,0.7400458540189792,0.7400458540189792,True
1466450971,0.3,0.29438938586763125,0.29438938586763125,True
1466451016,0.3,0.3,0.5768500101309242,False
1466451023,0.3,0.4489263823049525,0.4489263823049525,True
1466451073,0.3,0.3,0.38241410126161846,False
1466451166,0.3,0.2878540109894287,0.2878540109894287,True
1466451231,0.3,0.3,0.28649408554086025,False
1466451245,0.3,0.7371944160276531,0.7371944160276531,True
1466451293,0.3,0.3,0.5992610630792004,False
1466451295,0.3,0.3,0.3487799916911478,False
1466451378,0.3,0.8089549978191768,0.8089549978191768,True
1466451445,0.3,0.9615919551344929,0.9615919551344929,True
1466451508,0.3,0.6572958422326856,0.6572958422326856,True
1466451599,0.3,0.3,0.5039326198808975,False
1466451686,0.3,0.3,0.41433163613433593,False
1466451761,0.3,0.3,0.9881075731457036,False
1466451857,0.3,0.7363862893413817,0.7363862893413817,True
1466451909,0.3,0.8432326006790258,0.8432326006790258,True
1466451919,0.3,0.3,0.36673004822676164,False
1466452006,0.3,0.3,0.42804441571962776,False
1466452035,0.3,0.8750056621935787,0.8750056621935787,True
1466452039,0.3,0.3,0.30232349477060105,False
1466452104,0.3,0.31439787099589245,0.31439787099589245,True
1466452167,0.3,0.6657659524187569,0.6657659524187569,True
1466452238,0.3,0.3,0.9742196575375635,False
1466452313,0.3,0.3756527444686671,0.3756527444686671,True
1466452339,0.3,0.5611238874241165,0.5611238874241165,True
1466452419,0.3,0.44846104513363483,0.44846104513363483,True
1466452424,0.3,0.3,0.4390315853197293,False
1466452435,0.3,0.7620864314092741,0.7620864314092741,True
1466452531,0.3,0.3,0.6703066071296117,False
1466452584,0.3,0.3,0.9468071169303334,False
1466452625,0.3,0.45839876049565603,0.45839876049565603,True
1466452676,0.3,0.8410278459619798,0.8410278459619798,True
1466452752,0.3,0.3,0.5636839335070257,False
1466452796,0.3,0.2920068085233906,0.2920068085233906,True
1466452825,0.3,0.33507203262207874,0.33507203262207874,True
1466452860,0.3,0.7302228322261592,0.7302228322261592,True
1466452960,0.3,0.3,0.33165629062304436,False
1466452979,0.3,0.3,0.6670597106107543,False
1466453002,0.3,0.3,0.2400066935114948,False
1466453016,0.3,0.7045666198908314,0.7045666198908314,True
1466453025,0.3,0.3,0.5681593033286979,False
1466453089,0.3,0.3,0.4453408018528029,False
1466453141,0.3,0.3,0.7542674141715167,False
1466453154,0.3,0.3,0.8123405888617772,False
1466453184,0.3,0.3,0.4423929371449026,False
1466453202,0.3,0.5312008663689729,0.5312008663689729,True
1466453203,0.3,0.3,0.9933071777969957,False
1466453222,0.3,0.3,0.9590569817764543,False
1466453321,0.3,0.3,0.8032910216944298,False
1466453379,0.3,0.3,0.8354365984056358,False
1466453392,0.3,0.3145287242203185,0.3145287242203185,True
1466453422,0.3,0.778254411002631,0.778254411002631,True
1466453502,0.3,0.3,0.6913020819750038,False
1466453518,0.3,0.3,0.6219571438235795,False
1466453563,0.3,0.3,0.6043533255573141,False
1466453604,0.3,0.3401123346881564,0.3401123346881564,True
1466453639,0.3,0.3,0.3623042018503193,False
1466453705,0.3,0.3,0.9924735996945133,False
1466453795,0.3,0.23765865053416244,0.23765865053416244,True
1466453816,0.3,0.3,0.2846090387802729,False
1466453870,0.3,0.9069470006368332,0.9069470006368332,True
1466453910,0.3,0.24090214517786634,0.24090214517786634,True
1466454002,0.3,0.3,0.2273442140773664,False
1466454051,0.3,0.6466958643750602,0.6466958643750602,True
1466454087,0.3,0.446643819391701,0.446643819391701,True
1466454129,0.3,0.3,0.5922958098819607,False
1466454227,0.3,0.3,0.39728688000667445,False
1466454259,0.3,0.9316254321459818,0.9316254321459818,True
1466454262,0.3,0.49904690952262243,0.49904690952262243,True
1466454298,0.3,0.3,0.5255572477435166,False
1466454388,0.3,0.37935639898832135,0.37935639898832135,True
1466454399,0.3,0.8026110114405605,0.8026110114405605,True
1466454473,0.3,0.44332842796074146,0.44332842796074146,True
1466454529,0.3,0.3,0.4277449221105064,False
1466454559,0.3,0.38542144787557897,0.38542144787557897,True
1466454648,0.3,0.3,0.2968460891253155,False
1466454745,0.3,0.23096687526757825,0.23096687526757825,True
1466454763,0.3,0.3,0.7808986632548451,False
1466454851,0.3,0.9794351717232537,0.9794351717232537,True
1466454936,0.3,0.3,0.7584539117801812,False
1466454949,0.3,0.3,0.8513755056770147,False
1466455032,0.3,0.5203959465925652,0.5203959465925652,True
1466455065,0.4,0.7121537924370398,0.7121537924370398,True
1466455119,0.4,0.4,0.5200309625811728,False
1466455172,0.4,0.5033897842550085,0.5033897842550085,True
1466455196,0.4,0.4,0.3305657580701012,False
1466455271,0.4,0.4,0.9697678968409214,False
1466455357,0.4,0.4,0.2942977182631659,False
1466455361,0.4,0.4508656627892735,0.4508656627892735,True
1466455394,0.4,0.6137673970658961,0.6137673970658961,True
1466455475,0.4,0.6469743828689398,0.6469743828689398,True
1466455497,0.4,0.5667674370197611,0.5667674370197611,True
1466455561,0.4,0.7250671070573287,0.7250671070573287,True
1466455575,0.4,0.6451183359808694,0.6451183359808694,True
1466455587,0.4,0.4,0.5356177193730864,False
1466455651,0.4,0.7994046642502848,0.7994046642502848,True
1466455658,0.4,0.7631815412187299,0.7631815412187299,True
1466455732,0.4,0.714610789564426,0.714610789564426,True
1466455812,0.4,0.4,0.5733440280410114,False
1466455910,0.4,0.3568801698302422,0.3568801698302422,True
1466455951,0.4,0.4,0.2491470519367403,False
1466455999,0.4,0.39133907175465155,0.39133907175465155,True
1466456054,0.4,0.9208872517127151,0.9208872517127151,True
1466456058,0.4,0.4,0.44123516040127203,False
1466456074,0.4,0.4,0.4534030396627842,False
1466456088,0.4,0.4,0.33587208527688706,False
1466456118,0.4,0.5008953150939421,0.5008953150939421,True
1466456218,0.4,0.4,0.9355343068238813,False
1466456265,0.4,0.4,0.8764526113925333,False
1466456270,0.4,0.4,0.8438974172343778,False
1466456312,0.4,0.4,0.7087262792171392,False
1466456346,0.4,0.4,0.9466016578362748,False
1466456374,0.4,0.32485151726202854,0.32485151726202854,True
1466456406,0.4,0.4,0.7083670959638837,False
1466456482,0.4,0.4,0.3335526932240408,False
1466456512,0.4,0.4,0.30460426620007647,False
1466456610,0.4,0.4,0.4998084694614269,False
1466456683,0.4,0.8968410597423289,0.8968410597423289,True
1466456768,0.4,0.851523032650676,0.851523032650676,True
1466456856,0.4,0.4,0.8991631079069382,False
1466456927,0.4,0.848088099674976,0.848088099674976,True
1466457014,0.4,0.7336672461922389,0.7336672461922389,True
1466457032,0.4,0.4,0.8679246800369504,False
1466457067,0.4,0.4,0.49133414331147807,False
1466457157,0.4,0.4,0.34427758836173283,False
1466457215,0.4,0.4248866184843787,0.4248866184843787,True
1466457267,0.4,0.4,0.8601147385300782,False
1466457357,0.4,0.6286674227581925,0.6286674227581925,True
1466457434,0.4,0.4,0.9277881380943687,False
1466457487,0.4,0.4,0.8281598804752615,False
1466457559,0.4,0.4,0.9203600650124062,False
1466457603,0.4,0.8067083518225828,0.8067083518225828,True
1466457671,0.4,0.4,0.6938762105609466,False
1466457713,0.4,0.4,0.9504794464300681,False
1466457745,0.4,0.6924667954415751,0.6924667954415751,True
1466457782,0.4,0.4,0.27238129784373355,False
1466457802,0.4,0.4,0.4993880342423223,False
1466457817,0.4,0.4274090529193364,0.4274090529193364,True
1466457865,0.4,0.5069561200969916,0.5069561200969916,True
1466457884,0.4,0.2344131389185261,0.2344131389185261,True
1466457885,0.4,0.5114133864678267,0.5114133864678267,True
1466457917,0.4,0.7638663235216352,0.7638663235216352,True
1466457973,0.4,0.4,0.7171369452855072,False
1466458045,0.4,0.4,0.8872632765827937,False
1466458135,0.4,0.4,0.5786076441052873,False
1466458151,0.4,0.2934448739244035,0.2934448739244035,True
1466458230,0.4,0.4,0.7010016467816504,False
1466458324,0.4,0.4223642253360918,0.4223642253360918,True
1466458362,0.4,0.4,0.3142299163555049,False
1466458438,0.4,0.4,0.7778157244748987,False
1466458454,0.4,0.4,0.2122250262992009,False
1466458496,0.4,0.44754173088769317,0.44754173088769317,True
1466458509,0.4,0.3641639123985764,0.3641639123985764,True
1466458580,0.4,0.4,0.8119941942236917,False
1466458590,0.4,0.5468026857056648,0.5468026857056648,True
1466458626,0.4,0.4,0.7371196849400679,False
1466458642,0.4,0.4,0.4488844893843027,False
1466458665,0.4,0.33248861909108374,0.33248861909108374,True
1466458694,0.4,0.9705708884074113,0.9705708884074113,True
1466458762,0.4,0.40902332677934083,0.40902332677934083,True
1466458793,0.4,0.4,0.45755117784319776,False
1466458824,0.4,0.567770421386506,0.567770421386506,True
1466458906,0.4,0.5219526154846403,0.5219526154846403,True
1466458982,0.4,0.535576984027718,0.535576984027718,True
1466459068,0.4,0.8028071605896612,0.8028071605896612,True
1466459159,0.4,0.4,0.6982905790913214,False
1466459184,0.4,0.4,0.32030315479234633,False
1466459273,0.4,0.5696219055813427,0.5696219055813427,True
1466459372,0.4,0.7783054354220791,0.7783054354220791,True
1466459415,0.4,0.4,0.6681660486786061,False
1466459483,0.4,0.5091429844638943,0.5091429844638943,True
1466459504,0.4,0.4,0.7259589464589762,False
1466459588,0.4,0.4,0.5723083284461754,False
1466459595,0.4,0.4,0.44561745984738166,False
1466459673,0.4,0.4,0.6713655173237822,False
1466459726,0.4,0.3304452972935515,0.3304452972935515,True
1466459800,0.4,0.7821740109029833,0.7821740109029833,True
1466459857,0.4,0.5358413390413979,0.5358413390413979,True
1466459887,0.4,0.7575676158704503,0.7575676158704503,True
1466459913,0.4,0.4,0.6477676516402142,False
1466459974,0.4,0.3385751444348296,0.3385751444348296,True
1466459995,0.4,0.5121192826768711,0.5121192826768711,True
1466460001,0.4,0.4,0.5887636054485919,False
1466460054,0.4,0.2667751770699558,0.2667751770699558,True
1466460130,0.4,0.4,0.6020847341156035,False
1466460215,0.4,0.7704111048211995,0.7704111048211995,True
1466460252,0.4,0.8915149522289243,0.8915149522289243,True
1466460272,0.5,0.5,0.6183928113560798,False
1466460346,0.5,0.5357011785560086,0.5357011785560086,True
1466460440,0.5,0.5194323391176514,0.5194323391176514,True
1466460461,0.5,0.41121562962577507,0.41121562962577507,True
1466460528,0.5,0.2111116872849931,0.2111116872849931,True
1466460610,0.5,0.8953114343995987,0.8953114343995987,True
1466460630,0.5,0.5319555148192296,0.5319555148192296,True
1466460691,0.5,0.5,0.4758374695293621,False
1466460706,0.5,0.5,0.33592071119889866,False
1466460739,0.5,0.5,0.3187894679691063,False
1466460765,0.5,0.5,0.7054281731629688,False
1466460795,0.5,0.7999923346477635,0.7999923346477635,True
1466460877,0.5,0.9464337453855911,0.9464337453855911,True
1466460973,0.5,0.46120009140280627,0.46120009140280627,True
1466461009,0.5,0.7741395416760295,0.7741395416760295,True
1466461027,0.5,0.40444077694849967,0.40444077694849967,True
1466461032,0.5,0.7306253665153137,0.7306253665153137,True
1466461096,0.5,0.5266005219359503,0.5266005219359503,True
1466461169,0.5,0.7455291298220923,0.7455291298220923,True
1466461256,0.5,0.38436948725228615,0.38436948725228615,True
1466461351,0.5,0.5346306533988445,0.5346306533988445,True
1466461451,0.5,0.5,0.9979988717302273,False
1466461531,0.5,0.5,0.7543185489764226,False
1466461568,0.5,0.5,0.5741119866452294,False
1466461583,0.5,0.7067710060465691,0.7067710060465691,True
1466461647,0.5,0.5,0.511394712028574,False
1466461703,0.5,0.5,0.7462618705190238,False
1466461794,0.5,0.2824567524590939,0.2824567524590939,True
1466461813,0.5,0.5,0.2396223345113172,False
1466461910,0.5,0.9632473736348095,0.9632473736348095,True
1466461988,0.5,0.5,0.9681876473143285,False
1466462056,0.5,0.5,0.8566609658153628,False
1466462101,0.5,0.20940163300870945,0.20940163300870945,True
1466462155,0.5,0.21092640762867776,0.21092640762867776,True
1466462215,0.5,0.5,0.26133569401281237,False
1466462278,0.5,0.5,0.7468646273023627,False
1466462368,0.5,0.5,0.4450258736886033,False
1466462412,0.5,0.6279203257281945,0.6279203257281945,True
1466462512,0.5,0.6572967284519016,0.6572967284519016,True
1466462594,0.5,0.5946113025599958,0.5946113025599958,True
1466462671,0.5,0.5,0.2302766021998026,False
1466462716,0.5,0.5,0.39246985775861076,False
1466462746,0.5,0.5,0.2587914745292177,False
1466462782,0.5,0.9050796059491069,0.9050796059491069,True
1466462820,0.5,0.5,0.8542443615420028,False
1466462833,0.5,0.7133897443682076,0.7133897443682076,True
1466462842,0.5,0.5813797817005146,0.5813797817005146,True
1466462850,0.5,0.5,0.61779499397197,False
1466462941,0.5,0.5,0.49031824312775196,False
1466463026,0.5,0.5647918399084186,0.5647918399084186,True
1466463117,0.5,0.4442994881925221,0.4442994881925221,True
1466463139,0.5,0.759477217520081,0.759477217520081,True
