1466410104,117.7,49.24220575333498,49.24220575333498,True
1466410114,117.7,117.7,127.94908206977937,False
1466410130,117.7,117.7,133.77968528302617,False
1466410181,112.2,112.2,45.899592153966346,False
1466410203,112.2,112.2,112.79820185806179,False
1466410250,112.2,112.2,13.18402559380452,False
1466410309,112.2,42.47920052455231,42.47920052455231,True
1466410397,112.2,129.20609815832648,129.20609815832648,True
1466410430,113.8,113.8,10.801444145277568,False
1466410469,113.8,44.11560705091284,44.11560705091284,True
1466410483,114.0,70.02020585059859,70.02020585059859,True
1466410498,114.0,80.7991195915046,80.7991195915046,True
1466410502,114.0,90.24117311237,90.24117311237,True
1466410532,114.0,114.0,63.65595328481861,False
1466410541,114.0,126.27222820537852,126.27222820537852,True
1466410573,114.0,6.923714076239482,6.923714076239482,True
1466410630,114.0,114.0,52.61677654251795,False
1466410653,114.0,106.52210215973706,106.52210215973706,True
1466410746,114.0,114.0,126.8897170047984,False
1466410814,114.0,50.096942086808475,50.096942086808475,True
1466410890,114.0,114.0,45.16981141062016,False
1466410902,114.0,7.329662375353533,7.329662375353533,True
1466410978,114.0,114.0,131.83419245453598,False
1466411008,114.0,48.57948458669536,48.57948458669536,True
1466411066,114.0,120.57429059069928,120.57429059069928,True
1466411094,114.0,114.0,67.46624726344807,False
1466411157,114.2,114.2,65.87693571192496,False
1466411223,114.2,114.2,8.04335352507324,False
1466411226,114.2,114.2,50.01539165966985,False
1466411272,107.8,107.8,68.96998728394564,False
1466411303,107.8,107.8,81.32679513345637,False
1466411318,107.8,97.0052400537407,97.0052400537407,True
1466411396,107.8,107.8,126.44829842232835,False
1466411493,107.8,118.52471487654029,118.52471487654029,True
1466411549,105.1,105.1,16.355581130286538,False
1466411560,105.1,105.1,106.8535211469187,False
1466411626,105.1,105.1,128.4284693091325,False
1466411723,105.1,56.601149682222456,56.601149682222456,True
1466411763,105.1,105.1,87.51330335414247,False
1466411785,99.5,99.5,127.17583792373487,False
1466411854,99.5,99.5,73.30115412129604,False
1466411889,99.5,47.30548729675184,47.30548729675184,True
1466411988,99.5,59.75413330322725,59.75413330322725,True
1466412022,99.5,10.603913239487106,10.603913239487106,True
1466412046,99.5,99.5,18.095911384453395,False
1466412076,99.5,47.221978352586696,47.221978352586696,True
1466412152,99.5,99.5,33.158467801994085,False
1466412181,99.5,46.60684014353966,46.60684014353966,True
1466412201,99.5,18.15861271121478,18.15861271121478,True
1466412260,99.5,99.5,115.057757533749,False
1466412347,99.5,99.5,124.95005663833327,False
1466412360,99.5,99.5,111.80871523402377,False
1466412438,99.5,99.5,45.01339969652343,False
1466412521,99.5,99.5,98.1041701727581,False
1466412599,99.5,33.97847452053975,33.97847452053975,True
1466412639,99.5,99.5,13.734027347158394,False
1466412691,99.5,42.00366890600747,42.00366890600747,True
1466412747,99.5,43.76711478304123,43.76711478304123,True
1466412794,99.5,99.5,46.344883294147905,False
1466412819,99.5,133.84599289519366,133.84599289519366,True
1466412832,97.1,57.011484369437724,57.011484369437724,True
1466412874,97.1,97.1,1.2955363067133465,False
1466412943,97.1,97.1,48.04070138016221,False
1466412971,97.1,97.1,103.41491455423697,False
1466412990,97.1,97.1,43.01071242793066,False
1466413028,97.1,53.705111031667556,53.705111031667556,True
1466413053,97.1,97.1,27.260743192899405,False
1466413125,101.6,101.6,21.89972998088415,False
1466413200,101.6,101.6,27.021364040744444,False
1466413264,101.5,68.0317988669795,68.0317988669795,True
1466413311,101.5,101.5,42.034237985519795,False
1466413342,101.5,101.5,61.89393776201135,False
1466413440,101.5,70.53916047690815,70.53916047690815,True
1466413458,101.5,108.01579336500821,108.01579336500821,True
1466413529,106.9,106.9,66.737874594182,False
1466413542,106.9,106.9,35.758955424396156,False
1466413638,106.9,106.9,120.61929476301707,False
1466413672,106.9,99.93507310358295,99.93507310358295,True
1466413733,108.0,108.0,102.49632985601659,False
1466413779,108.0,108.0,22.946415989717547,False
1466413780,108.0,108.0,78.6411178462176,False
1466413864,108.0,46.14784815756506,46.14784815756506,True
1466413885,108.0,136.69667218383304,136.69667218383304,True
1466413946,108.0,108.0,7.226190282613464,False
1466414033,108.0,17.601727556962807,17.601727556962807,True
1466414071,108.0,108.0,82.96659059181648,False
1466414164,108.0,108.0,5.86083486519221,False
1466414225,108.0,108.0,111.01843902114227,False
1466414312,108.0,108.0,19.167375729262776,False
1466414325,108.0,11.438229475364661,11.438229475364661,True
1466414328,108.0,14.742275458872552,14.742275458872552,True
1466414329,102.8,33.39863073945416,33.39863073945416,True
1466414402,102.8,137.82014899783275,137.82014899783275,True
1466414407,102.8,62.68304308869957,62.68304308869957,True
1466414413,102.8,42.50315934374535,42.50315934374535,True
1466414460,102.8,86.52928012357177,86.52928012357177,True
1466414552,102.8,102.8,106.38135878298645,False
1466414602,97.2,97.2,104.61864768531105,False
1466414662,97.6,118.94982712636038,118.94982712636038,True
1466414746,97.6,97.6,46.51053852019343,False
1466414844,97.6,32.17830527349065,32.17830527349065,True
1466414943,97.6,65.72429879587868,65.72429879587868,True
1466414946,97.6,97.6,122.09707603946907,False
1466414966,97.6,97.6,21.268265044931912,False
1466415038,104.0,44.73290469654256,44.73290469654256,True
1466415106,104.0,104.0,136.32623267193037,False
1466415130,104.0,100.27033496418868,100.27033496418868,True
1466415145,104.0,61.69341538629501,61.69341538629501,True
1466415202,104.0,59.04131357212,59.04131357212,True
1466415239,102.9,102.9,59.270590834740744,False
1466415249,102.9,132.29439423001944,132.29439423001944,True
1466415308,102.9,80.43634585730288,80.43634585730288,True
1466415357,102.9,114.20066252995072,114.20066252995072,True
1466415404,102.9,100.10829621267452,100.10829621267452,True
1466415469,107.8,26.34873715402829,26.34873715402829,True
1466415548,107.8,103.82265111745808,103.82265111745808,True
1466415588,107.8,107.8,125.1544211631597,False
1466415627,107.8,107.8,35.53524777600431,False
1466415719,107.8,107.8,138.6278902010128,False
1466415767,107.8,96.11580134964737,96.11580134964737,True
1466415860,107.8,107.8,40.10803294922055,False
1466415872,107.8,107.8,127.66532701439775,False
1466415914,107.8,86.53635502283201,86.53635502283201,True
1466415934,107.8,47.699448608833976,47.699448608833976,True
1466415988,107.8,25.674887621805663,25.674887621805663,True
1466416004,107.8,59.907572412169834,59.907572412169834,True
1466416050,111.3,22.129159424715695,22.129159424715695,True
1466416150,111.3,111.3,119.87957389623654,False
1466416161,111.3,111.3,105.09259356285585,False
1466416215,111.3,43.5225657945879,43.5225657945879,True
1466416315,111.3,89.73752156869394,89.73752156869394,True
1466416321,111.3,111.3,24.84932040079395,False
1466416393,107.8,107.8,74.38970574822436,False
1466416440,107.8,78.57873809431247,78.57873809431247,True
1466416510,107.8,107.8,12.579879309131094,False
1466416541,107.8,137.32325430483448,137.32325430483448,True
1466416631,107.8,107.8,61.85973643807088,False
1466416671,108.5,84.90868913922965,84.90868913922965,True
1466416725,115.3,95.43199524659553,95.43199524659553,True
1466416815,115.3,115.3,2.110087964458351,False
1466416867,115.3,21.9482038195285,21.9482038195285,True
1466416933,116.3,18.67371052936038,18.67371052936038,True
1466416963,116.3,12.860395919474675,12.860395919474675,True
1466417034,116.3,116.3,70.75033843011781,False
1466417069,116.3,116.3,10.378432925122974,False
1466417095,116.3,116.3,49.433323078950195,False
1466417123,116.3,74.43595841429803,74.43595841429803,True
1466417219,112.4,112.4,61.907166396718424,False
1466417228,112.4,14.640545851156256,14.640545851156256,True
1466417235,112.4,112.4,40.69069466002476,False
1466417266,112.4,112.4,127.51586225419949,False
1466417298,112.4,13.991559281211417,13.991559281211417,True
1466417382,111.4,62.8490976395692,62.8490976395692,True
1466417429,111.4,111.4,118.65529367349593,False
1466417434,106.9,106.9,42.64934775151242,False
1466417513,99.7,32.00480437894096,32.00480437894096,True
1466417598,99.7,108.80532053876156,108.80532053876156,True
1466417615,99.9,38.668753085353316,38.668753085353316,True
1466417654,99.9,99.9,58.14028263434856,False
1466417749,107.2,107.2,78.9214478539171,False
1466417763,107.2,3.5042149995105345,3.5042149995105345,True
1466417822,107.2,107.2,128.60388352347124,False
1466417851,107.2,107.2,63.602050804017196,False
1466417855,104.9,104.9,83.39052145653038,False
1466417879,108.1,108.1,95.20919418865387,False
1466417895,108.1,116.0692537391498,116.0692537391498,True
1466417969,105.3,70.57984619229626,70.57984619229626,True
1466418049,105.3,62.687251552320035,62.687251552320035,True
1466418118,105.3,56.690888072489784,56.690888072489784,True
1466418129,105.3,120.89369024890087,120.89369024890087,True
1466418179,105.3,105.3,130.43392675250803,False
1466418254,105.3,19.301038663996927,19.301038663996927,True
1466418332,105.3,105.3,87.06493023718339,False
1466418428,108.7,12.298599502180709,12.298599502180709,True
1466418494,108.7,116.53379300389237,116.53379300389237,True
1466418554,108.7,108.7,5.325549082987562,False
1466418563,101.1,35.310578412824114,35.310578412824114,True
1466418564,108.2,108.2,134.765346173886,False
1466418594,109.9,119.33865900620022,119.33865900620022,True
1466418674,109.9,109.9,109.99002574995028,False
1466418748,109.9,128.46104743126116,128.46104743126116,True
1466418847,109.9,87.63346969548104,87.63346969548104,True
1466418877,109.9,109.9,130.01037872932184,False
1466418917,109.9,77.73221490222095,77.73221490222095,True
1466418938,114.7,41.84820704593395,41.84820704593395,True
1466419031,114.7,13.616222874109326,13.616222874109326,True
1466419058,114.7,88.00864625284153,88.00864625284153,True
1466419104,114.7,114.7,34.063396743009505,False
1466419166,114.7,114.7,54.19642285932181,False
1466419261,114.7,114.7,71.5864527012742,False
1466419349,114.7,102.43015044853306,102.43015044853306,True
1466419442,114.7,41.12861157533113,41.12861157533113,True
1466419530,114.7,114.7,129.93745179888828,False
1466419595,114.7,114.7,111.88657735217811,False
1466419646,114.7,47.438311233040324,47.438311233040324,True
1466419737,109.7,113.44487135355834,113.44487135355834,True
1466419826,109.7,109.7,37.54300485734916,False
1466419880,113.7,17.780287690653402,17.780287690653402,True
1466419911,113.7,113.7,8.793184999327563,False
1466419938,113.7,113.7,131.99313741178932,False
1466420016,113.7,113.7,67.43028293749086,False
1466420019,113.7,125.13374463418259,125.13374463418259,True
1466420108,113.7,113.7,79.54485564599382,False
1466420205,113.7,68.2476424291488,68.2476424291488,True
1466420228,110.7,110.7,26.797316289625865,False
1466420257,110.7,110.7,23.418802701773227,False
1466420270,110.7,110.7,66.98430939911563,False
1466420296,110.7,110.7,5.538415846447411,False
1466420331,107.3,107.3,20.009916963979173,False
1466420407,107.6,107.6,124.1963952396013,False
1466420430,107.6,136.039328633011,136.039328633011,True
1466420453,107.6,3.7699303420325387,3.7699303420325387,True
1466420474,114.8,114.8,109.51173802992666,False
1466420566,114.8,7.844055187214119,7.844055187214119,True
1466420579,114.8,114.8,82.82937829141925,False
1466420618,107.4,107.4,0.5497492279343371,False
1466420624,107.4,107.4,122.19638491645007,False
1466420643,107.4,107.4,94.82968786931131,False
1466420695,107.4,6.234216175174033,6.234216175174033,True
1466420788,107.4,107.4,44.41844728945951,False
1466420863,107.4,107.4,69.2661670701623,False
1466420947,107.4,107.4,56.06543508411941,False
1466421003,107.4,107.4,95.61143582988991,False
1466421032,107.4,95.34787983028534,95.34787983028534,True
1466421050,107.4,81.37039283602704,81.37039283602704,True
1466421116,107.4,5.377216935376853,5.377216935376853,True
1466421208,107.4,107.4,36.65788896064983,False
1466421234,107.4,7.769965330261829,7.769965330261829,True
1466421262,107.4,107.4,78.4832525847812,False
1466421353,100.2,56.6957341369272,56.6957341369272,True
1466421360,100.2,100.2,94.01454656747102,False
1466421392,100.2,100.2,97.09375526840792,False
1466421480,100.2,33.76758913365066,33.76758913365066,True
1466421530,100.2,100.2,113.58121811201006,False
1466421547,104.1,104.1,47.80890914923282,False
1466421591,104.1,104.1,47.73149516171538,False
1466421633,99.1,99.1,85.9979978797798,False
1466421636,99.1,85.34310092338221,85.34310092338221,True
1466421670,99.1,99.1,93.92659403225332,False
1466421695,101.4,10.73689917940416,10.73689917940416,True
1466421721,107.3,107.3,71.44026376179687,False
1466421804,107.3,70.04579098838853,70.04579098838853,True
1466421819,107.3,117.3226116308898,117.3226116308898,True
1466421862,107.3,107.3,6.6003437435439345,False
1466421885,107.3,48.96149685732606,48.96149685732606,True
1466421936,111.8,111.8,51.78438566442891,False
1466422012,111.8,26.298209725120007,26.298209725120007,True
1466422044,111.8,111.8,49.49411180460763,False
1466422045,111.8,9.429967336187142,9.429967336187142,True
1466422137,111.8,21.52490917007228,21.52490917007228,True
1466422162,109.4,26.723768743178354,26.723768743178354,True
1466422189,102.2,14.331838593403704,14.331838593403704,True
1466422197,102.2,102.2,130.60627029392697,False
1466422264,102.2,102.2,2.702384210117411,False
1466422330,102.2,102.2,95.4913089373026,False
1466422378,102.2,102.2,49.64697276873513,False
1466422432,103.8,103.8,98.43143949173773,False
1466422488,103.8,103.8,84.07641694489969,False
1466422577,105.4,105.4,56.81010541098805,False
1466422628,106.4,10.41041559577528,10.41041559577528,True
1466422638,100.1,100.1,25.771391598047767,False
1466422666,100.1,100.1,86.66590492136386,False
1466422706,100.1,49.549989018322066,49.549989018322066,True
1466422731,105.5,105.5,66.16406678437785,False
1466422804,105.5,124.3563616166339,124.3563616166339,True
1466422866,105.5,14.683292451652276,14.683292451652276,True
1466422873,107.6,107.6,109.79898378884327,False
1466422895,107.6,104.1710505986308,104.1710505986308,True
1466422953,107.6,90.15495812741308,90.15495812741308,True
1466422973,107.6,107.6,124.48846785359262,False
1466423017,107.6,39.71058325774833,39.71058325774833,True
1466423051,107.6,21.63642253546466,21.63642253546466,True
1466423099,107.6,107.6,135.9422232922785,False
1466423150,107.6,107.6,101.7158329328822,False
1466423155,107.6,107.6,132.97027178437622,False
1466423168,107.6,64.83833665343998,64.83833665343998,True
1466423205,107.6,107.6,103.76954569363944,False
1466423275,107.6,77.0637136638045,77.0637136638045,True
1466423287,102.9,129.40333068092144,129.40333068092144,True
1466423336,98.9,98.9,131.59277140045114,False
1466423340,100.5,135.7149512702364,135.7149512702364,True
1466423355,100.5,25.876768429089214,25.876768429089214,True
1466423443,100.5,100.5,49.09042411373565,False
1466423499,100.5,133.33412358876473,133.33412358876473,True
1466423585,100.5,93.401682351658,93.401682351658,True
1466423612,100.5,100.5,107.01499910268197,False
1466423669,100.5,100.5,101.46604508089243,False
1466423705,100.5,100.5,110.02075808634139,False
1466423770,100.5,100.5,68.2755031198888,False
1466423844,100.5,100.5,95.21942486717653,False
1466423902,100.5,0.589388658285939,0.589388658285939,True
1466423913,100.5,100.5,115.40277778314659,False
1466423972,100.5,4.056727113297563,4.056727113297563,True
1466424014,100.5,100.5,3.5447194845052854,False
1466424069,102.7,102.7,41.81450272825842,False
1466424154,102.7,102.7,47.30363675597283,False
1466424155,102.7,115.63546972019947,115.63546972019947,True
1466424169,102.7,74.25536683588545,74.25536683588545,True
1466424262,102.7,102.7,4.469706477309879,False
1466424339,102.7,44.016478063330304,44.016478063330304,True
1466424398,102.7,116.52008580110241,116.52008580110241,True
1466424497,102.7,46.43388292924393,46.43388292924393,True
1466424558,102.7,102.7,98.98770853523308,False
1466424613,102.7,102.7,18.02658938054671,False
1466424713,102.7,125.81707924877044,125.81707924877044,True
1466424804,102.7,102.7,125.19860671356307,False
1466424878,102.7,134.2909104279168,134.2909104279168,True
1466424924,107.1,34.56216753950355,34.56216753950355,True
1466425009,107.1,120.57766343680578,120.57766343680578,True
1466425106,107.1,102.38273400081418,102.38273400081418,True
1466425129,107.1,74.19785304779978,74.19785304779978,True
1466425179,103.7,13.332111454347414,13.332111454347414,True
1466425257,106.5,106.5,50.55455285180147,False
1466425262,106.5,107.42244402190491,107.42244402190491,True
1466425305,106.5,5.841115397640552,5.841115397640552,True
1466425331,106.5,106.5,37.80797339016907,False
1466425338,106.5,106.5,111.97706466098987,False
1466425377,106.5,87.55494845831701,87.55494845831701,True
1466425380,106.5,106.5,0.7614714965503394,False
1466425417,106.5,3.6386804382657445,3.6386804382657445,True
1466425484,106.5,110.71629842926895,110.71629842926895,True
1466425517,106.5,136.75919694204447,136.75919694204447,True
1466425553,99.0,110.4460306788709,110.4460306788709,True
1466425640,99.0,99.0,55.32775578623621,False
1466425687,99.0,99.0,37.92981773148545,False
1466425711,99.0,99.0,72.60028319833417,False
1466425768,99.0,99.0,127.65946812767024,False
1466425811,99.0,107.43493107045266,107.43493107045266,True
1466425856,99.0,11.750295649391672,11.750295649391672,True
1466425869,99.0,99.0,13.487593751660023,False
1466425884,99.0,99.0,10.747480823979984,False
1466425962,99.0,112.94418284904418,112.94418284904418,True
1466425974,106.0,106.0,83.59952359651834,False
1466426016,106.0,106.0,118.23972152063975,False
1466426024,106.0,79.50377307360816,79.50377307360816,True
1466426034,106.0,106.0,25.042145907028786,False
1466426130,106.0,19.610566231212985,19.610566231212985,True
1466426189,101.8,101.8,100.59000406057349,False
1466426198,101.8,101.8,81.01776005269463,False
1466426280,101.8,20.66653960075175,20.66653960075175,True
1466426298,101.8,9.951652657449584,9.951652657449584,True
1466426380,101.8,101.8,63.48437753396787,False
1466426420,100.5,102.38437535160332,102.38437535160332,True
1466426509,100.5,100.5,91.8499829489169,False
1466426521,100.5,72.53118562355459,72.53118562355459,True
1466426535,100.5,9.447552802026598,9.447552802026598,True
1466426563,100.5,100.5,65.94009481180127,False
1466426620,100.5,100.5,54.179322463932166,False
1466426694,100.5,51.148146619974824,51.148146619974824,True
1466426764,100.5,100.5,123.70572635363959,False
1466426778,100.5,100.5,123.3495126499404,False
1466426866,100.5,100.5,113.27518592502429,False
1466426938,100.5,118.14798957964501,118.14798957964501,True
1466427022,100.5,100.5,72.4381579718881,False
1466427059,102.3,102.3,125.41102052428698,False
1466427125,102.3,102.3,10.613637683482743,False
1466427204,102.3,16.52504377896186,16.52504377896186,True
1466427240,102.3,102.3,1.64920246409731,False
1466427317,102.3,102.3,38.78786608212663,False
1466427319,102.3,102.3,1.8929722108870002,False
1466427331,102.3,107.58816346259701,107.58816346259701,True
1466427425,107.5,107.5,126.25343592266923,False
1466427458,101.1,101.1,30.04852792947855,False
1466427495,101.1,101.1,20.647258987383765,False
1466427543,101.1,54.88420097906788,54.88420097906788,True
1466427625,101.1,85.55070576188004,85.55070576188004,True
1466427663,101.1,101.1,82.12739759451169,False
1466427672,101.1,101.1,117.55548862732611,False
1466427684,101.1,110.44696012372248,110.44696012372248,True
1466427739,101.1,11.796175613123786,11.796175613123786,True
1466427769,101.1,101.1,104.96640601173807,False
1466427775,101.1,10.561894370957024,10.561894370957024,True
1466427820,103.4,131.36532904682713,131.36532904682713,True
1466427837,103.4,131.36582444409078,131.36582444409078,True
1466427846,103.4,56.4808543583253,56.4808543583253,True
1466427904,103.4,103.4,112.97208878201681,False
1466427997,103.4,119.26313289646174,119.26313289646174,True
1466428027,103.4,108.2262595807635,108.2262595807635,True
1466428114,103.4,119.77412991662953,119.77412991662953,True
1466428212,103.4,44.58622571031496,44.58622571031496,True
1466428294,98.7,98.7,56.02714221918209,False
1466428321,104.0,10.456057299349702,10.456057299349702,True
1466428340,104.0,40.95942982348351,40.95942982348351,True
1466428378,104.0,37.048914603398494,37.048914603398494,True
1466428463,104.0,111.46066388225132,111.46066388225132,True
1466428551,104.0,104.0,74.98535941866606,False
1466428575,104.0,78.58301327296631,78.58301327296631,True
1466428593,104.0,57.35176671052226,57.35176671052226,True
1466428682,104.0,104.0,131.84475119650196,False
1466428699,104.0,28.2126049639057,28.2126049639057,True
1466428719,104.0,104.0,124.09033683813578,False
1466428819,104.0,53.93686010913065,53.93686010913065,True
1466428850,104.0,104.0,126.76083947541036,False
1466428884,104.0,104.0,126.82341805158464,False
1466428973,104.7,66.08057461661853,66.08057461661853,True
1466429006,104.7,104.7,55.13835577447461,False
1466429026,99.0,85.74831198554222,85.74831198554222,True
1466429066,99.0,99.0,131.7738618935548,False
1466429072,99.0,99.55815513289558,99.55815513289558,True
1466429103,99.0,99.0,1.8474004993136797,False
1466429110,99.0,102.2332861891951,102.2332861891951,True
1466429123,99.0,99.0,4.330282459331817,False
1466429168,106.1,88.66598824553505,88.66598824553505,True
1466429182,106.1,106.1,98.63144774875778,False
1466429184,106.1,106.1,7.567241096972225,False
1466429197,106.1,106.1,108.76810304242495,False
1466429280,106.1,94.44326255956021,94.44326255956021,True
1466429378,106.1,103.89356739813493,103.89356739813493,True
1466429450,106.1,11.11212654960723,11.11212654960723,True
1466429455,102.2,47.30212910797904,47.30212910797904,True
1466429510,102.2,17.307146228494737,17.307146228494737,True
1466429565,102.2,63.99795184359319,63.99795184359319,True
1466429566,102.2,47.95208282475316,47.95208282475316,True
1466429592,104.4,104.4,138.88203557105751,False
1466429623,104.4,104.4,9.77784188924132,False
1466429691,104.4,104.4,133.43793535499506,False
1466429733,104.4,104.4,9.624404225683145,False
1466429803,101.8,101.8,25.739415916231085,False
1466429832,101.8,101.8,60.84557795330131,False
1466429905,101.8,101.8,66.7294942744396,False
1466429997,101.8,134.76440693984392,134.76440693984392,True
1466430050,101.8,117.25480105093673,117.25480105093673,True
1466430088,101.8,20.5447147925707,20.5447147925707,True
1466430174,101.8,75.28832274619883,75.28832274619883,True
1466430247,101.8,29.592995604130866,29.592995604130866,True
1466430344,101.8,89.69571572350462,89.69571572350462,True
1466430375,101.8,110.70561741778131,110.70561741778131,True
1466430400,101.8,101.8,131.32041440446693,False
1466430457,97.8,97.8,71.96845368184366,False
1466430483,97.8,97.8,14.520940577722989,False
1466430517,97.8,135.17894170041973,135.17894170041973,True
1466430524,97.8,27.46325419777672,27.46325419777672,True
1466430592,97.8,32.76840581794562,32.76840581794562,True
1466430616,97.8,87.32546049142688,87.32546049142688,True
1466430631,97.8,97.8,99.20310432380256,False
1466430680,97.8,97.8,14.898575701032144,False
1466430734,97.8,97.8,43.09449779055527,False
1466430790,97.8,22.879048070760785,22.879048070760785,True
1466430815,97.8,0.8887779677478744,0.8887779677478744,True
1466430895,97.8,112.63147484624906,112.63147484624906,True
1466430916,97.8,97.8,11.443969340633977,False
1466430929,103.5,7.709611090224702,7.709611090224702,True
1466430936,103.5,103.5,114.778918935122,False
1466431009,103.5,103.5,26.506617936140955,False
1466431036,103.5,70.91996778903643,70.91996778903643,True
1466431055,103.5,132.52419920272308,132.52419920272308,True
1466431145,103.5,103.5,41.17884038464072,False
1466431218,103.5,33.74363062216325,33.74363062216325,True
1466431290,103.5,33.48749910584357,33.48749910584357,True
1466431324,103.5,133.26891848807065,133.26891848807065,True
1466431400,103.5,104.95700377296826,104.95700377296826,True
1466431450,98.8,58.28318987279095,58.28318987279095,True
1466431526,98.8,126.3072404170127,126.3072404170127,True
1466431589,98.8,98.8,54.551160971325686,False
1466431661,98.8,98.8,10.26949561558849,False
1466431760,98.8,46.835947658617194,46.835947658617194,True
1466431796,98.8,125.32447102636814,125.32447102636814,True
1466431848,98.8,98.8,22.982752782533712,False
1466431879,104.8,68.76723963969432,68.76723963969432,True
1466431954,104.8,123.22603114826425,123.22603114826425,True
1466431958,104.8,19.21212551698752,19.21212551698752,True
1466432002,104.8,23.657726904923507,23.657726904923507,True
1466432101,99.6,59.44489984811548,59.44489984811548,True
1466432177,99.6,99.6,37.44283623115492,False
1466432194,99.6,99.6,83.04630879292958,False
1466432237,99.6,99.6,57.4326788092948,False
1466432280,100.8,100.8,17.240672573058,False
1466432373,100.8,100.8,30.222294582346574,False
1466432389,100.8,30.253625861577827,30.253625861577827,True
1466432415,106.7,106.7,68.2917388478898,False
1466432417,106.7,106.7,28.83314797566956,False
1466432506,102.2,87.782483397881,87.782483397881,True
1466432569,102.2,102.2,65.9972615577926,False
1466432577,102.2,41.17183885797649,41.17183885797649,True
1466432670,102.2,135.66517451185334,135.66517451185334,True
1466432706,102.2,102.2,48.874338433557966,False
1466432804,106.2,106.2,40.53021555603089,False
1466432853,106.2,130.5447579144749,130.5447579144749,True
1466432947,106.2,97.46704680229927,97.46704680229927,True
1466433040,106.2,35.45562964767268,35.45562964767268,True
1466433128,106.2,55.034112186333765,55.034112186333765,True
1466433145,106.2,127.97665012950557,127.97665012950557,True
1466433195,106.2,65.09453072241149,65.09453072241149,True
1466433289,106.2,106.2,114.10946026391272,False
1466433375,106.2,94.5568058512132,94.5568058512132,True
1466433427,106.2,27.969124246955896,27.969124246955896,True
1466433478,106.2,106.2,87.67237111064586,False
1466433517,106.2,106.2,63.42388663564867,False
1466433615,106.2,85.33061467766132,85.33061467766132,True
1466433672,106.2,106.2,75.30272498138534,False
1466433762,106.2,106.2,138.7657464484961,False
1466433809,113.8,113.8,62.85577370597491,False
1466433873,113.8,113.8,10.533197002215216,False
1466433910,113.8,113.8,19.450259541553393,False
1466433994,113.8,125.23594202871922,125.23594202871922,True
1466434003,113.8,134.125845267423,134.125845267423,True
1466434045,113.8,88.93925793854092,88.93925793854092,True
1466434096,113.8,113.8,109.87939398674018,False
1466434173,113.8,113.8,138.31272337872215,False
1466434199,113.8,76.2044724255935,76.2044724255935,True
1466434224,113.8,56.30277443445005,56.30277443445005,True
1466434308,113.8,113.8,6.328852645782205,False
1466434359,113.8,136.6658251622278,136.6658251622278,True
1466434371,113.8,38.390688955268146,38.390688955268146,True
1466434457,113.8,113.8,116.49377792825143,False
1466434498,113.8,113.8,46.3665815697467,False
1466434552,113.8,72.5253739715871,72.5253739715871,True
1466434622,113.8,50.93192095662461,50.93192095662461,True
1466434691,113.8,113.8,27.9183674292005,False
1466434718,113.8,113.8,71.85389184127615,False
1466434727,113.8,113.8,111.75847576246302,False
1466434815,113.8,113.8,89.98463001313499,False
1466434892,113.8,113.8,94.15869709705413,False
1466434915,113.8,76.19001650055824,76.19001650055824,True
1466434946,113.8,20.966733263500114,20.966733263500114,True
1466434988,113.8,113.8,21.55019837507569,False
1466435020,113.8,113.8,83.40790263010551,False
1466435090,113.8,113.8,48.582106056987705,False
1466435099,113.8,113.8,68.60056953462323,False
1466435145,113.8,113.8,26.09033765069089,False
1466435186,113.8,113.8,14.214651238293923,False
1466435246,113.8,35.63869012760374,35.63869012760374,True
1466435284,113.8,113.8,51.18279983970334,False
1466435327,113.8,33.17255265981895,33.17255265981895,True
1466435369,109.4,64.26163959456298,64.26163959456298,True
1466435408,109.4,65.7585538805,65.7585538805,True
1466435468,109.4,99.64702931478979,99.64702931478979,True
1466435486,109.4,109.4,33.45045211745565,False
1466435555,109.4,77.12606814320442,77.12606814320442,True
1466435624,104.3,41.426410110485165,41.426410110485165,True
1466435659,106.9,67.23505918418157,67.23505918418157,True
1466435682,106.9,136.9811667197009,136.9811667197009,True
1466435712,106.9,52.49390244890041,52.49390244890041,True
1466435794,106.9,64.33147261219727,64.33147261219727,True
1466435878,100.7,31.352230787461274,31.352230787461274,True
1466435904,100.7,100.7,25.107751063514606,False
1466435971,105.4,105.4,52.60721859151049,False
1466436041,105.4,105.4,91.13053412738726,False
1466436059,101.3,101.3,132.02054517672917,False
1466436093,101.3,1.143026337013906,1.143026337013906,True
1466436178,106.0,106.0,64.6516197202964,False
1466436230,113.4,135.4702595371963,135.4702595371963,True
1466436280,113.4,25.26967397476968,25.26967397476968,True
1466436332,113.4,113.4,44.88939089592131,False
1466436333,111.3,111.3,138.7133200346644,False
1466436431,111.3,8.230512560554542,8.230512560554542,True
1466436520,104.9,104.9,114.7088155677898,False
1466436572,104.9,42.53959857569203,42.53959857569203,True
1466436647,104.9,10.691434803666619,10.691434803666619,True
1466436655,104.9,91.15873183873471,91.15873183873471,True
1466436727,104.9,104.9,53.40412280792257,False
1466436793,112.4,73.6642926022043,73.6642926022043,True
1466436879,115.2,120.04129329677855,120.04129329677855,True
1466436880,112.8,16.098001993508312,16.098001993508312,True
1466436939,112.8,130.90611645367707,130.90611645367707,True
1466437015,112.8,112.8,135.29961409590211,False
1466437048,112.8,112.8,80.86826005096195,False
1466437088,112.8,112.8,41.80438913968357,False
1466437105,117.4,11.888477426002199,11.888477426002199,True
1466437122,123.5,123.5,30.93914105303936,False
1466437160,123.5,123.5,73.83355903182571,False
1466437232,123.5,132.07375129440203,132.07375129440203,True
1466437321,123.5,123.5,90.55805780967495,False
1466437335,123.5,93.51095512231619,93.51095512231619,True
1466437358,123.5,123.5,76.89106560059959,False
1466437441,123.5,123.5,63.28509554113305,False
1466437480,120.4,63.74840471416314,63.74840471416314,True
1466437561,120.4,120.4,15.728203897360713,False
1466437653,120.4,120.4,33.50226359118853,False
1466437709,120.4,120.4,108.77094669251817,False
1466437798,120.4,120.4,14.820532286517503,False
1466437869,120.4,120.4,127.24261525621976,False
1466437952,120.4,120.4,91.66314575449856,False
1466438037,120.4,7.994606257483346,7.994606257483346,True
1466438054,120.4,103.8003990943589,103.8003990943589,True
1466438056,120.4,120.4,19.977858315046845,False
1466438136,120.4,69.56663273728786,69.56663273728786,True
1466438234,120.4,120.4,31.044903785660473,False
1466438261,120.4,44.11639785640298,44.11639785640298,True
1466438348,120.4,120.4,80.02351659143639,False
1466438407,120.4,120.4,92.11964711892784,False
1466438422,120.4,120.4,53.3056183536243,False
1466438476,120.4,120.4,51.20167972145917,False
1466438571,120.3,120.3,40.21121447878823,False
1466438612,120.3,120.3,137.87181983297498,False
1466438620,120.3,129.65309509320437,129.65309509320437,True
1466438698,120.3,120.3,19.39148718279672,False
1466438747,120.3,71.88063749655942,71.88063749655942,True
1466438795,120.3,131.06413481022713,131.06413481022713,True
1466438810,114.4,7.736225428234822,7.736225428234822,True
1466438888,114.4,124.41142032021229,124.41142032021229,True
1466438975,114.4,114.4,81.23155770862805,False
1466439000,114.4,25.22759627437118,25.22759627437118,True
1466439092,114.4,134.19063295190315,134.19063295190315,True
1466439150,114.4,114.4,5.46252809951945,False
1466439229,114.4,114.4,64.41214284107313,False
1466439279,121.5,121.5,100.08360679641879,False
1466439328,117.5,49.42470677527575,49.42470677527575,True
1466439351,117.5,42.41302611785447,42.41302611785447,True
1466439447,117.5,43.7537513658836,43.7537513658836,True
1466439466,117.5,125.4548735632509,125.4548735632509,True
1466439480,117.5,13.924032909932222,13.924032909932222,True
1466439560,117.5,117.5,121.67210292212063,False
1466439600,117.5,117.5,54.65750386711494,False
1466439645,115.0,115.0,44.50618613556038,False
1466439729,115.0,41.68053952399331,41.68053952399331,True
1466439772,115.0,115.0,59.89465973533127,False
1466439827,115.0,115.0,127.85254127401191,False
1466439849,115.0,67.84388869938925,67.84388869938925,True
1466439910,122.5,46.30018984234222,46.30018984234222,True
1466439990,122.5,122.5,98.72165174800607,False
1466440005,122.5,75.86702660293997,75.86702660293997,True
1466440006,122.5,87.76812603589764,87.76812603589764,True
1466440045,122.5,122.5,104.83413085852871,False
1466440066,122.5,29.862240781719574,29.862240781719574,True
1466440154,120.1,120.1,54.51212391845928,False
1466440214,120.1,34.98116998393905,34.98116998393905,True
1466440226,120.1,120.1,16.366070732711165,False
1466440304,116.2,26.79545006974803,26.79545006974803,True
1466440385,116.2,116.2,85.91240209689141,False
1466440451,116.2,116.2,134.4308565690315,False
1466440521,116.2,38.0301846003901,38.0301846003901,True
1466440581,116.2,116.2,63.68691221925933,False
1466440674,116.2,116.2,134.22338552723198,False
1466440727,116.2,116.2,58.56166400273121,False
1466440821,116.2,64.40049376836849,64.40049376836849,True
1466440827,116.2,10.885367277683466,10.885367277683466,True
1466440897,116.2,116.2,32.52699991159002,False
1466440923,119.7,61.26080355977243,61.26080355977243,True
1466441012,119.7,53.51197859431791,53.51197859431791,True
1466441049,119.7,34.70662567086755,34.70662567086755,True
1466441147,119.7,119.7,18.660027502626097,False
1466441213,119.7,119.7,85.30683833147803,False
1466441311,124.9,17.081912785119087,17.081912785119087,True
1466441318,124.9,124.9,26.620357927195965,False
1466441418,124.9,33.414829437568486,33.414829437568486,True
1466441510,124.9,124.9,31.12332271226859,False
1466441541,129.0,59.59073209169156,59.59073209169156,True
1466441579,129.0,129.0,47.98126315331416,False
1466441630,129.0,129.0,137.62120258659093,False
1466441714,129.0,129.0,27.18504716745263,False
1466441724,129.0,129.0,81.77359137918438,False
1466441741,129.0,58.09189344563666,58.09189344563666,True
1466441822,122.6,54.040866813976955,54.040866813976955,True
1466441883,122.6,43.13262536364043,43.13262536364043,True
1466441934,122.6,122.6,79.5050264510015,False
1466441947,122.6,122.6,85.68086704017655,False
1466442046,122.6,31.140264811976557,31.140264811976557,True
1466442137,118.4,133.32252830832036,133.32252830832036,True
1466442175,111.8,29.411170332228135,29.411170332228135,True
1466442216,107.2,90.69054131832463,90.69054131832463,True
1466442284,107.2,107.2,60.96187264541671,False
1466442332,107.2,96.09890315274217,96.09890315274217,True
1466442358,107.2,107.2,95.4110757702381,False
1466442362,107.2,107.2,133.8963331615479,False
1466442439,107.2,107.2,97.11580966673938,False
1466442490,107.2,47.124055621986045,47.124055621986045,True
1466442498,107.2,107.2,124.37849236043694,False
1466442508,107.2,107.2,37.48790741665442,False
1466442518,107.2,51.23700430177731,51.23700430177731,True
1466442556,107.2,33.35625818990463,33.35625818990463,True
1466442656,107.2,85.71725135784492,85.71725135784492,True
1466442662,107.2,107.2,68.17812508890371,False
1466442703,107.2,107.2,23.739022326505243,False
1466442768,113.2,21.22483275934303,21.22483275934303,True
1466442788,106.9,31.74973674059268,31.74973674059268,True
1466442886,106.9,106.9,112.4735479205797,False
1466442980,106.9,94.10266983426824,94.10266983426824,True
1466443000,108.5,108.5,78.24068517493107,False
1466443029,108.5,108.5,94.61800867614697,False
1466443038,108.5,108.5,125.12894023126351,False
1466443089,108.5,108.5,115.265242058706,False
1466443162,108.5,108.5,77.52036785124655,False
1466443201,107.1,107.1,105.213273512739,False
1466443219,107.1,107.1,129.2600957306191,False
1466443263,114.5,114.5,59.221668675003016,False
1466443350,117.0,20.14130969621945,20.14130969621945,True
1466443373,110.0,96.15838149400749,96.15838149400749,True
1466443392,110.0,110.0,113.81293304745734,False
1466443402,110.0,110.0,108.48721318807544,False
1466443486,104.0,86.57423706257515,86.57423706257515,True
1466443511,104.0,104.0,80.86095119453594,False
1466443584,104.0,62.08002891505633,62.08002891505633,True
1466443677,104.0,29.116644431805312,29.116644431805312,True
1466443725,104.0,25.41466008826408,25.41466008826408,True
1466443727,104.0,104.0,119.84482770047126,False
1466443750,104.0,114.95772035200547,114.95772035200547,True
1466443761,104.0,104.0,77.22336659676284,False
1466443808,104.0,11.58625516340364,11.58625516340364,True
1466443861,106.3,70.11371558598144,70.11371558598144,True
1466443929,98.9,98.9,51.30404473811241,False
1466443986,101.2,101.2,104.29184584783533,False
1466444043,108.7,45.80351851684736,45.80351851684736,True
1466444110,108.7,108.7,53.679120212698166,False
1466444192,108.7,137.92321237278284,137.92321237278284,True
1466444287,108.7,108.7,129.7400329570101,False
1466444294,108.7,108.7,3.406995869361156,False
1466444366,111.8,138.47606280325783,138.47606280325783,True
1466444466,111.8,111.8,107.6931975688099,False
1466444505,111.8,111.8,75.3649256577387,False
1466444556,111.8,111.8,46.29445746755198,False
1466444624,111.8,111.8,125.75637956092147,False
1466444663,111.8,67.7297156463321,67.7297156463321,True
1466444685,111.8,120.21148407510104,120.21148407510104,True
1466444756,111.6,77.75664064409614,77.75664064409614,True
1466444781,111.6,111.6,117.16601139889768,False
1466444840,111.6,118.53339814716443,118.53339814716443,True
1466444854,111.6,110.33879833374819,110.33879833374819,True
1466444860,111.6,111.6,79.88951707437823,False
1466444959,108.0,128.163233900811,128.163233900811,True
1466445058,108.0,83.09174418330895,83.09174418330895,True
1466445107,108.0,28.217341590435556,28.217341590435556,True
1466445165,108.0,29.578142745948185,29.578142745948185,True
1466445170,109.1,109.1,115.87349642488441,False
1466445173,109.1,103.64003611324043,103.64003611324043,True
1466445247,109.1,136.14013723887345,136.14013723887345,True
1466445305,109.1,109.1,102.85104817194441,False
1466445333,109.1,109.1,14.663144170999258,False
1466445356,107.2,105.78340027103553,105.78340027103553,True
1466445430,107.2,107.2,91.43935364698211,False
1466445491,107.2,107.2,57.82593253915517,False
1466445497,110.3,9.551666057306182,9.551666057306182,True
1466445514,110.9,110.9,13.868783328750498,False
1466445549,110.9,110.9,29.84162715889279,False
1466445640,110.9,83.51369183703939,83.51369183703939,True
1466445648,110.9,110.9,23.67752195614938,False
1466445739,110.9,112.33011994672589,112.33011994672589,True
1466445814,110.4,57.36539654847133,57.36539654847133,True
1466445879,110.4,105.04137692596238,105.04137692596238,True
1466445909,110.4,110.4,18.59614748197661,False
1466445965,110.2,27.568356052022178,27.568356052022178,True
1466446021,110.2,117.49147831319254,117.49147831319254,True
1466446045,110.2,110.2,99.51413005525619,False
1466446071,110.2,82.26096789944229,82.26096789944229,True
1466446120,110.2,110.2,82.91109840675166,False
1466446168,110.2,110.2,121.46212132305223,False
1466446253,110.2,16.880979305546862,16.880979305546862,True
1466446302,110.2,95.4741736567525,95.4741736567525,True
1466446389,110.2,121.08931594127831,121.08931594127831,True
1466446404,112.0,55.30251887771406,55.30251887771406,True
1466446494,115.9,130.66601851675483,130.66601851675483,True
1466446594,110.5,110.5,104.61528515624785,False
1466446643,110.5,66.45492631813578,66.45492631813578,True
1466446669,109.3,84.63991147385013,84.63991147385013,True
1466446690,109.3,109.3,133.62369074469933,False
1466446735,109.3,62.12360682122354,62.12360682122354,True
1466446766,109.3,109.3,42.11119757847064,False
1466446852,109.3,109.3,81.71145238452291,False
1466446902,109.3,109.3,79.4199050521793,False
1466446945,109.3,109.3,43.379579059797834,False
1466446987,111.8,5.478804318695626,5.478804318695626,True
1466447036,111.8,7.729111474335146,7.729111474335146,True
1466447112,111.8,111.8,69.250422466849,False
1466447129,111.8,111.8,136.7320799955629,False
1466447189,111.2,115.17573508072763,115.17573508072763,True
1466447224,111.2,114.81347824981492,114.81347824981492,True
1466447270,104.1,104.1,47.77758298210856,False
1466447272,108.8,6.670088300839979,6.670088300839979,True
1466447348,115.7,115.7,18.364700899718876,False
1466447359,115.7,115.7,124.74506310096082,False
1466447388,115.7,115.7,83.36720186971448,False
1466447390,115.7,115.7,4.753542706428296,False
1466447425,115.7,121.3313582222126,121.3313582222126,True
1466447463,116.1,116.1,94.07760220112375,False
1466447485,116.1,116.1,37.57594512754877,False
1466447545,118.2,118.2,86.80752616409634,False
1466447553,118.2,35.35144355998526,35.35144355998526,True
1466447554,125.6,125.6,44.6955684425361,False
1466447573,129.4,129.4,135.12915823705796,False
1466447634,129.4,129.4,71.43322649318314,False
1466447695,129.4,96.19562465243276,96.19562465243276,True
1466447762,129.4,129.4,110.49898656281778,False
1466447844,129.4,129.4,22.6751613466389,False
1466447885,129.4,117.86638738983706,117.86638738983706,True
1466447943,129.4,110.15268775837531,110.15268775837531,True
1466447956,129.4,129.4,117.59452126635297,False
1466448041,129.4,138.1326435818626,138.1326435818626,True
1466448140,129.4,110.8783451932675,110.8783451932675,True
1466448215,129.4,129.4,51.07992566650917,False
1466448270,129.4,110.36798179940686,110.36798179940686,True
1466448302,129.4,129.4,20.137630686007828,False
1466448368,129.4,80.423352605806,80.423352605806,True
1466448422,129.4,129.4,4.305175768145221,False
1466448517,129.4,94.17280436840798,94.17280436840798,True
1466448614,129.4,110.06472680934036,110.06472680934036,True
1466448701,129.4,61.26611841528764,61.26611841528764,True
1466448743,129.4,31.951342902515023,31.951342902515023,True
1466448805,129.4,129.4,23.08561687488383,False
1466448844,129.4,129.4,112.1450662049158,False
1466448896,129.4,68.617555984463,68.617555984463,True
1466448984,129.4,129.4,131.28528856024647,False
1466449031,130.6,97.89808384054675,97.89808384054675,True
1466449045,130.6,130.6,138.97127213599117,False
1466449099,130.6,132.08540733682514,132.08540733682514,True
1466449171,130.6,130.6,44.67784429452438,False
1466449261,130.6,79.80478233857336,79.80478233857336,True
1466449280,130.6,130.6,42.87809536864108,False
1466449359,131.3,14.931278639524848,14.931278639524848,True
1466449442,131.3,112.5049759494686,112.5049759494686,True
1466449496,131.3,131.3,127.7675505321494,False
1466449537,131.3,131.3,116.69578029362508,False
1466449555,124.0,28.77233850189207,28.77233850189207,True
1466449629,124.1,124.1,23.875133873315388,False
1466449635,124.1,3.127858418869018,3.127858418869018,True
1466449721,124.1,55.41399380693821,55.41399380693821,True
1466449772,118.8,118.8,52.53207112841012,False
1466449872,118.8,86.07733592810436,86.07733592810436,True
1466449873,118.8,134.15637421731063,134.15637421731063,True
1466449884,118.8,118.8,10.30869578724475,False
1466449937,118.8,17.15532632157926,17.15532632157926,True
1466449953,118.8,133.8942923319592,133.8942923319592,True
1466449959,118.8,66.38070349907169,66.38070349907169,True
1466449961,117.9,117.9,16.378456729260524,False
1466450018,117.9,35.21167108708485,35.21167108708485,True
1466450075,117.9,70.03262712416645,70.03262712416645,True
1466450150,117.9,117.9,48.01320245680512,False
1466450177,117.9,129.45573757287224,129.45573757287224,True
1466450255,117.9,36.57534796594949,36.57534796594949,True
1466450343,117.9,47.50850054409789,47.50850054409789,True
1466450348,117.9,117.9,45.45701029527465,False
1466450401,117.9,138.4859689660333,138.4859689660333,True
1466450433,117.9,61.22561023827654,61.22561023827654,True
1466450507,117.9,82.66294486380033,82.66294486380033,True
1466450536,117.9,117.9,127.67523795204679,False
1466450627,117.9,117.9,97.79677616093802,False
1466450723,116.5,104.55959681014541,104.55959681014541,True
1466450817,116.5,75.4812477530807,75.4812477530807,True
1466450900,116.5,116.5,61.18199444028769,False
1466450902,116.5,116.5,52.763034088343645,False
1466450971,116.5,116.5,35.712845289609426,False
1466451016,116.5,116.5,29.660243153065046,False
1466451023,116.5,121.95233137261313,121.95233137261313,True
1466451073,116.5,96.062639363985,96.062639363985,True
1466451166,116.5,116.5,7.275339410557256,False
1466451231,116.5,56.60469662541238,56.60469662541238,True
1466451245,116.5,10.098232933586377,10.098232933586377,True
1466451293,114.5,114.5,88.810453567882,False
1466451295,114.5,14.55498911168479,14.55498911168479,True
1466451378,111.3,111.3,31.670423201101006,False
1466451445,104.1,104.1,38.45218248944555,False
1466451508,110.0,110.0,135.72116149353204,False
1466451599,110.0,110.0,54.328096040396495,False
1466451686,110.0,110.0,21.3858911800982,False
1466451761,110.0,64.60741008452179,64.60741008452179,True
1466451857,110.0,52.368980036677954,52.368980036677954,True
1466451909,111.5,111.5,71.56059279946737,False
1466451919,111.5,138.18415868383155,138.18415868383155,True
1466452006,111.5,22.355317572490204,22.355317572490204,True
1466452035,111.5,111.5,120.88032929411405,False
1466452039,111.5,46.09413550799568,46.09413550799568,True
1466452104,111.5,133.59373016313717,133.59373016313717,True
1466452167,111.5,111.5,112.55021009696797,False
1466452238,111.5,45.625390665216855,45.625390665216855,True
1466452313,111.5,17.728219264084473,17.728219264084473,True
1466452339,117.7,117.7,98.70611241033728,False
1466452419,117.7,50.49234143146884,50.49234143146884,True
1466452424,117.4,117.4,136.97071469561433,False
1466452435,117.4,117.4,18.31740039026344,False
1466452531,118.6,103.05244553282719,103.05244553282719,True
1466452584,118.6,42.08345320244001,42.08345320244001,True
1466452625,118.6,16.16783816581013,16.16783816581013,True
1466452676,113.4,113.4,8.346332860042647,False
1466452752,113.4,113.4,121.50689110654697,False
1466452796,113.4,79.97790812796113,79.97790812796113,True
1466452825,113.4,138.9940707537677,138.9940707537677,True
1466452860,113.4,113.4,86.19412970345157,False
1466452960,113.4,79.75960970271186,79.75960970271186,True
1466452979,113.4,66.05182850677666,66.05182850677666,True
1466453002,113.4,113.4,10.830160259599799,False
1466453016,113.4,66.27406258348596,66.27406258348596,True
1466453025,113.4,113.4,23.342176895668565,False
1466453089,113.4,113.4,24.83555425961788,False
1466453141,118.8,118.8,70.9152681771048,False
1466453154,118.8,118.8,53.3054163577261,False
1466453184,118.8,118.8,51.171872078040536,False
1466453202,118.8,100.28054151232271,100.28054151232271,True
1466453203,120.4,56.59356349532159,56.59356349532159,True
1466453222,120.4,15.566026014990019,15.566026014990019,True
1466453321,124.7,8.77382576322778,8.77382576322778,True
1466453379,124.7,124.7,124.17839674097974,False
1466453392,124.7,124.7,26.301823636302235,False
1466453422,124.7,6.139173358108967,6.139173358108967,True
1466453502,122.9,122.9,39.661522840149935,False
1466453518,122.9,59.33649619169054,59.33649619169054,True
1466453563,122.9,132.7866957838383,132.7866957838383,True
1466453604,122.9,6.71589604435391,6.71589604435391,True
1466453639,122.9,83.17567384596397,83.17567384596397,True
1466453705,122.9,27.547804307823494,27.547804307823494,True
1466453795,122.9,5.627440094872631,5.627440094872631,True
1466453816,122.9,122.9,60.651458571742815,False
1466453870,122.9,122.9,71.86306665492906,False
1466453910,122.9,122.9,81.84652998703424,False
1466454002,122.9,122.9,33.53696543903183,False
1466454051,122.9,99.83625379064928,99.83625379064928,True
1466454087,122.9,122.9,96.28946952706221,False
1466454129,122.9,122.9,86.73245590698929,False
1466454227,122.9,129.7393682454863,129.7393682454863,True
1466454259,122.9,57.12253926624987,57.12253926624987,True
1466454262,128.5,128.5,5.498392037423065,False
1466454298,128.5,128.5,50.5070796020068,False
1466454388,128.5,42.67982434227189,42.67982434227189,True
1466454399,128.5,128.5,96.76443639076363,False
1466454473,128.5,13.143207953253627,13.143207953253627,True
1466454529,128.5,47.698244120585336,47.698244120585336,True
1466454559,128.5,128.5,107.77400600194414,False
1466454648,128.5,128.5,24.801470831560273,False
1466454745,128.5,78.20322814204795,78.20322814204795,True
1466454763,128.5,116.18923550545716,116.18923550545716,True
1466454851,128.5,128.5,69.0052371671347,False
1466454936,128.5,128.5,117.26145784345442,False
1466454949,125.3,18.410533281742143,18.410533281742143,True
1466455032,125.3,125.3,28.893999686856446,False
1466455065,125.3,21.07876805184843,21.07876805184843,True
1466455119,125.3,125.3,76.18073821666941,False
1466455172,125.3,125.3,12.566323751138329,False
1466455196,126.0,126.0,136.51248540395957,False
1466455271,125.9,77.16225714034447,77.16225714034447,True
1466455357,122.4,62.182730716704995,62.182730716704995,True
1466455361,121.0,2.9633029778304003,2.9633029778304003,True
1466455394,125.6,82.34884254341554,82.34884254341554,True
1466455475,125.6,28.442710079584618,28.442710079584618,True
1466455497,125.6,125.6,61.15655393934138,False
1466455561,125.6,125.6,34.71187292747952,False
1466455575,125.6,122.97776046183508,122.97776046183508,True
1466455587,125.6,136.65130763965425,136.65130763965425,True
1466455651,125.6,103.37284126921368,103.37284126921368,True
1466455658,125.6,37.03597002213074,37.03597002213074,True
1466455732,125.6,125.6,51.18278301318169,False
1466455812,125.6,39.19693639351567,39.19693639351567,True
1466455910,125.6,138.21061042666162,138.21061042666162,True
1466455951,126.7,126.7,76.44648547397014,False
1466455999,126.7,31.13004750555605,31.13004750555605,True
1466456054,124.3,124.3,48.50297243516066,False
1466456058,124.3,7.021551021069886,7.021551021069886,True
1466456074,124.3,124.3,87.97032926979412,False
1466456088,124.3,16.192298685321074,16.192298685321074,True
1466456118,124.3,124.3,48.48394909269746,False
1466456218,124.3,39.60562484447647,39.60562484447647,True
1466456265,127.2,95.93954349613243,95.93954349613243,True
1466456270,127.2,127.2,33.351896926186896,False
1466456312,127.2,10.343020872515854,10.343020872515854,True
1466456346,127.2,127.2,54.04256362417193,False
1466456374,130.4,130.4,87.98187084140032,False
1466456406,130.4,130.4,59.825448155906386,False
1466456482,129.5,129.5,9.762499658454088,False
1466456512,129.5,45.531408916772065,45.531408916772065,True
1466456610,129.5,129.5,45.331160038913204,False
1466456683,129.5,93.5015965288961,93.5015965288961,True
1466456768,129.5,129.5,135.0711982514317,False
1466456856,129.5,129.5,65.84928904677447,False
1466456927,129.2,129.2,46.7209208673884,False
1466457014,132.5,132.5,120.2029654541254,False
1466457032,132.5,132.5,57.895559364978354,False
1466457067,132.5,72.61471385485702,72.61471385485702,True
1466457157,132.5,132.5,44.30677983405732,False
1466457215,132.5,69.22631189278437,69.22631189278437,True
1466457267,132.5,27.820298678285887,27.820298678285887,True
1466457357,132.5,78.2182879329407,78.2182879329407,True
1466457434,132.5,22.617448207690344,22.617448207690344,True
1466457487,132.5,65.26189786116838,65.26189786116838,True
1466457559,132.5,130.11279405332218,130.11279405332218,True
1466457603,132.5,132.5,127.07820113079303,False
1466457671,132.8,135.0885852804031,135.0885852804031,True
1466457713,132.8,53.79631826457027,53.79631826457027,True
1466457745,132.8,42.936320759652496,42.936320759652496,True
1466457782,135.3,103.0631416446728,103.0631416446728,True
1466457802,132.6,34.36327086325019,34.36327086325019,True
1466457817,132.6,132.6,106.23132085721576,False
1466457865,132.6,132.6,56.82974498817324,False
1466457884,132.6,105.17029300059062,105.17029300059062,True
1466457885,132.6,132.6,108.7377604756325,False
1466457917,132.6,132.6,22.70626832247755,False
1466457973,132.6,15.824128858990727,15.824128858990727,True
1466458045,132.6,132.6,10.467976107292566,False
1466458135,132.6,67.7014075323612,67.7014075323612,True
1466458151,132.6,110.89661880470273,110.89661880470273,True
1466458230,132.6,132.6,97.77517033243542,False
1466458324,132.6,92.1920938351939,92.1920938351939,True
1466458362,126.6,126.6,100.13913375787506,False
1466458438,126.6,126.6,115.07406585739295,False
1466458454,120.7,58.08575819132112,58.08575819132112,True
1466458496,120.7,120.7,99.55880559713768,False
1466458509,120.7,120.7,96.00268870404693,False
1466458580,118.4,118.4,133.32248127211759,False
1466458590,118.4,89.01203376607712,89.01203376607712,True
1466458626,118.4,118.4,103.2542537694977,False
1466458642,118.4,68.24523213810268,68.24523213810268,True
1466458665,118.4,118.4,111.85462385436442,False
1466458694,118.4,56.484562165351406,56.484562165351406,True
1466458762,118.4,118.4,96.2028831363979,False
1466458793,118.4,118.4,57.57538904975066,False
1466458824,122.5,112.88880388229808,112.88880388229808,True
1466458906,119.4,119.4,78.54181205585226,False
1466458982,119.4,69.94013146035896,69.94013146035896,True
1466459068,118.8,33.634410467894405,33.634410467894405,True
1466459159,118.8,25.240074243628428,25.240074243628428,True
1466459184,118.8,118.8,58.71393153173793,False
1466459273,114.7,114.7,23.703715869426276,False
1466459372,118.7,118.7,83.03798615654817,False
1466459415,118.7,87.05987741041741,87.05987741041741,True
1466459483,118.7,126.03611607694614,126.03611607694614,True
1466459504,126.1,65.08394487972987,65.08394487972987,True
1466459588,126.1,126.1,56.65070914260052,False
1466459595,126.1,109.99756619224664,109.99756619224664,True
1466459673,126.1,0.09810426242062376,0.09810426242062376,True
1466459726,122.5,122.5,104.99746184766988,False
1466459800,122.5,122.5,107.97349321666978,False
1466459857,122.5,80.95236379633629,80.95236379633629,True
1466459887,122.5,122.5,5.774329490396791,False
1466459913,122.5,103.3216611808788,103.3216611808788,True
1466459974,122.5,122.5,17.272064123915193,False
1466459995,122.5,0.5725837501457726,0.5725837501457726,True
1466460001,122.5,109.57274662227151,109.57274662227151,True
1466460054,122.5,122.5,49.42701428707214,False
1466460130,122.5,122.5,19.254823072932062,False
1466460215,122.5,122.5,108.83313155287924,False
1466460252,122.5,109.35761556742958,109.35761556742958,True
1466460272,122.5,122.5,74.15321241128169,False
1466460346,122.5,10.576312817867727,10.576312817867727,True
1466460440,122.5,122.5,72.76764428331843,False
1466460461,122.5,122.5,88.57623590172983,False
1466460528,117.4,117.4,83.30449701660322,False
1466460610,117.4,117.4,93.04023032130677,False
1466460630,117.4,95.19463235419674,95.19463235419674,True
1466460691,122.4,109.32108120008245,109.32108120008245,True
1466460706,122.4,72.44712101766376,72.44712101766376,True
1466460739,122.4,42.0516118733867,42.0516118733867,True
1466460765,122.4,122.4,12.896012907412748,False
1466460795,122.4,46.03579576736134,46.03579576736134,True
1466460877,126.0,126.0,108.40826782894027,False
1466460973,119.4,119.4,118.11265843203465,False
1466461009,119.4,26.290616347953737,26.290616347953737,True
1466461027,114.9,114.9,102.59292333703695,False
1466461032,112.6,41.248609952775546,41.248609952775546,True
1466461096,112.6,62.015075641618566,62.015075641618566,True
1466461169,118.2,36.452072589600924,36.452072589600924,True
1466461256,118.2,74.83689550006392,74.83689550006392,True
1466461351,118.2,118.2,78.49838585479523,False
1466461451,118.2,119.90659047837013,119.90659047837013,True
1466461531,118.2,118.2,104.99635266184082,False
1466461568,118.2,118.2,79.38138781657233,False
1466461583,118.2,110.31675127495075,110.31675127495075,True
1466461647,118.2,102.52747610113028,102.52747610113028,True
1466461703,118.2,21.73015321534434,21.73015321534434,True
1466461794,118.2,118.2,24.13459931322796,False
1466461813,118.2,127.2104124003318,127.2104124003318,True
1466461910,118.2,118.2,83.83670838442252,False
1466461988,118.2,86.60352256056477,86.60352256056477,True
1466462056,118.2,30.12205176759131,30.12205176759131,True
1466462101,117.5,24.224201825430654,24.224201825430654,True
1466462155,117.5,117.5,35.71453081845714,False
1466462215,117.5,51.58749434259003,51.58749434259003,True
1466462278,117.5,126.27526153322296,126.27526153322296,True
1466462368,117.5,35.88484227856839,35.88484227856839,True
1466462412,117.5,82.89894915142641,82.89894915142641,True
1466462512,117.5,117.5,73.24960441143834,False
1466462594,117.5,52.111130800308324,52.111130800308324,True
1466462671,117.5,117.5,53.197445716423225,False
1466462716,117.5,88.78585911229975,88.78585911229975,True
1466462746,117.5,27.16055033574759,27.16055033574759,True
1466462782,117.5,117.5,69.41034848616161,False
1466462820,117.5,117.5,103.26558812045805,False
1466462833,117.5,117.5,92.21652411761956,False
1466462842,124.5,124.5,136.85282849040593,False
1466462850,124.5,124.5,120.58740179008659,False
1466462941,124.5,53.417755024618145,53.417755024618145,True
1466463026,124.5,124.5,7.854624572891627,False
1466463117,124.5,124.5,77.04489150062355,False
1466463139,124.5,124.5,118.38885442870344,False
