1466410104,5.1,4.759314145114794,4.759314145114794,True
1466410114,5.1,5.1,4.351401177154588,False
1466410130,5.3,4.577707315598455,4.577707315598455,True
1466410181,5.3,5.3,4.48020449336496,False
1466410203,5.1,4.9126770271712665,4.9126770271712665,True
1466410250,4.9,4.895225242004257,4.895225242004257,True
1466410309,4.9,4.9,4.2014828298297235,False
1466410397,4.9,4.9,4.1820585912125745,False
1466410430,4.9,4.9,4.002455827631451,False
1466410469,4.8,4.8,4.148156355139969,False
1466410483,4.8,4.798361062908563,4.798361062908563,True
1466410498,5.1,4.020816132302367,4.020816132302367,True
1466410502,5.1,4.6310107537838405,4.6310107537838405,True
1466410532,5.1,5.1,4.8908947423422005,False
1466410541,5.0,5.0,4.606945216232525,False
1466410573,5.0,4.942692586107886,4.942692586107886,True
1466410630,5.0,5.0,4.151908493522593,False
1466410653,5.0,5.0,4.026353506636978,False
1466410746,5.0,4.361548386438705,4.361548386438705,True
1466410814,5.3,5.3,4.9339830688271,False
1466410890,5.3,5.3,4.923860897308042,False
1466410902,5.1,5.1,4.393657650284471,False
1466410978,5.1,5.1,4.084703649793354,False
1466411008,5.3,5.3,4.7290365153435285,False
1466411066,5.3,5.3,4.215475241375877,False
1466411094,5.3,5.3,4.987644386411588,False
1466411157,5.1,5.1,4.67712218684795,False
1466411223,5.3,5.3,4.79857774787929,False
1466411226,5.2,5.2,4.491089048729383,False
1466411272,5.5,5.5,4.465415654750309,False
1466411303,5.5,4.326886151812862,4.326886151812862,True
1466411318,5.4,5.4,4.069972001621631,False
1466411396,5.4,4.589614062679265,4.589614062679265,True
1466411493,5.5,5.5,4.425630958188705,False
1466411549,5.5,4.990614410763308,4.990614410763308,True
1466411560,5.4,5.02196108554724,5.02196108554724,True
1466411626,5.3,5.3,4.6832513383679055,False
1466411723,5.3,4.8791126400804385,4.8791126400804385,True
1466411763,5.3,5.3,4.48763512606328,False
1466411785,4.9,4.9,4.751182282980476,False
1466411854,4.9,4.120301369651227,4.120301369651227,True
1466411889,4.9,4.846411879645457,4.846411879645457,True
1466411988,4.9,4.296282045990968,4.296282045990968,True
1466412022,5.2,5.2,4.831341035843292,False
1466412046,5.0,5.0,4.941641850062451,False
1466412076,5.0,4.494060552417238,4.494060552417238,True
1466412152,4.8,4.469168355880926,4.469168355880926,True
1466412181,4.4,4.609036695709639,4.609036695709639,True
1466412201,4.2,4.9068923709605015,4.9068923709605015,True
1466412260,4.2,4.2,4.4402541277013805,False
1466412347,4.4,4.59476081044325,4.59476081044325,True
1466412360,4.0,4.277332356280492,4.277332356280492,True
1466412438,4.0,4.0,4.296502423333423,False
1466412521,4.0,4.0,4.552282811333671,False
1466412599,3.8,4.136559485216441,4.136559485216441,True
1466412639,4.0,5.038170472863309,5.038170472863309,True
1466412691,4.0,4.0,4.60879328154717,False
1466412747,4.3,4.123004985204425,4.123004985204425,True
1466412794,4.6,4.922231333507399,4.922231333507399,True
1466412819,4.6,4.548482507022933,4.548482507022933,True
1466412832,5.0,5.015497312818367,5.015497312818367,True
1466412874,5.0,5.0,4.453344521840631,False
1466412943,5.0,5.0,4.945033282036694,False
1466412971,4.8,4.994886733659062,4.994886733659062,True
1466412990,4.8,4.8,5.066445537338539,False
1466413028,4.8,4.8,4.883695423704281,False
1466413053,4.8,4.200891853207139,4.200891853207139,True
1466413125,4.8,4.685965749677937,4.685965749677937,True
1466413200,4.9,4.780095966580377,4.780095966580377,True
1466413264,5.2,5.2,4.709817039122852,False
1466413311,5.2,4.736738620933756,4.736738620933756,True
1466413342,5.2,5.2,4.388981566739414,False
1466413440,5.2,4.220297223687722,4.220297223687722,True
1466413458,5.2,4.095268339311551,4.095268339311551,True
1466413529,5.0,5.0,4.6796142902390585,False
1466413542,5.4,4.245865221972593,4.245865221972593,True
1466413638,5.4,4.150832713129967,4.150832713129967,True
1466413672,5.4,4.21677556442072,4.21677556442072,True
1466413733,5.4,5.4,4.856271676890504,False
1466413779,5.4,4.047844949271052,4.047844949271052,True
1466413780,5.1,4.813305900951693,4.813305900951693,True
1466413864,5.1,5.1,4.37833077221314,False
1466413885,5.4,4.780055216239036,4.780055216239036,True
1466413946,5.4,4.175983768924611,4.175983768924611,True
1466414033,5.1,4.724226812584839,4.724226812584839,True
1466414071,5.1,4.52714540077753,4.52714540077753,True
1466414164,5.1,4.056625526238603,4.056625526238603,True
1466414225,5.0,4.461443956655596,4.461443956655596,True
1466414312,5.0,4.841943293691681,4.841943293691681,True
1466414325,4.8,4.8,4.493459735356872,False
1466414328,4.4,4.4,4.368304531903422,False
1466414329,4.4,4.193507030910955,4.193507030910955,True
1466414402,4.4,5.030504104513106,5.030504104513106,True
1466414407,4.5,4.377193499578577,4.377193499578577,True
1466414413,4.5,4.913817271331299,4.913817271331299,True
1466414460,4.5,4.5,4.7415211724580555,False
1466414552,4.5,4.4197772711042145,4.4197772711042145,True
1466414602,4.5,4.5,4.815736541567868,False
1466414662,4.4,4.48132613532112,4.48132613532112,True
1466414746,4.4,4.225551095968553,4.225551095968553,True
1466414844,4.7,4.7,4.248297147145954,False
1466414943,4.7,4.00493710413186,4.00493710413186,True
1466414946,4.7,4.7,4.299886609801083,False
1466414966,4.7,4.7,4.141762983351762,False
1466415038,4.7,4.115140565599935,4.115140565599935,True
1466415106,4.7,4.7,4.54752498689282,False
1466415130,4.7,4.19826131144754,4.19826131144754,True
1466415145,4.7,4.7,4.4839351097869615,False
1466415202,4.9,4.333355761961198,4.333355761961198,True
1466415239,4.6,4.901554847185901,4.901554847185901,True
1466415249,4.5,4.5,4.001013130933698,False
1466415308,4.6,4.634019740933531,4.634019740933531,True
1466415357,4.4,4.234393116561677,4.234393116561677,True
1466415404,4.5,4.913829643373962,4.913829643373962,True
1466415469,4.2,4.2,4.877379388954069,False
1466415548,4.2,4.3104897476783455,4.3104897476783455,True
1466415588,4.6,4.190751497091223,4.190751497091223,True
1466415627,4.3,4.806812793361054,4.806812793361054,True
1466415719,4.3,4.379784751131179,4.379784751131179,True
1466415767,4.3,4.764136874939889,4.764136874939889,True
1466415860,4.2,4.494142162503209,4.494142162503209,True
1466415872,4.2,4.435008199973442,4.435008199973442,True
1466415914,4.2,4.2,4.118868823294583,False
1466415934,4.2,5.087033256115988,5.087033256115988,True
1466415988,4.0,4.725829605739212,4.725829605739212,True
1466416004,3.7,4.847458705194288,4.847458705194288,True
1466416050,3.6,4.241901683384122,4.241901683384122,True
1466416150,3.7,4.518851331381187,4.518851331381187,True
1466416161,3.7,3.7,4.091363307419615,False
1466416215,3.7,3.7,4.2974051605554315,False
1466416315,4.1,4.1,5.052205372210386,False
1466416321,4.0,4.0,4.4411714277507786,False
1466416393,4.0,4.0,4.72452137459152,False
1466416440,4.0,4.0,4.974242103028972,False
1466416510,4.0,4.0,4.828877697340675,False
1466416541,4.0,4.0,4.594043882301428,False
1466416631,4.0,4.590902464927099,4.590902464927099,True
1466416671,3.8,4.97692650523706,4.97692650523706,True
1466416725,4.2,4.9756705134261,4.9756705134261,True
1466416815,4.1,4.1,4.1280599717374615,False
1466416867,4.1,4.214694971863462,4.214694971863462,True
1466416933,4.1,4.1,4.912024121822899,False
1466416963,4.1,4.696124019598725,4.696124019598725,True
1466417034,4.1,4.1,4.531287869456168,False
1466417069,4.0,4.422874059652208,4.422874059652208,True
1466417095,4.0,4.0,4.98752275408071,False
1466417123,4.0,5.070293635130126,5.070293635130126,True
1466417219,3.6,4.965882842924589,4.965882842924589,True
1466417228,3.6,4.122090948229667,4.122090948229667,True
1466417235,3.7,3.7,4.741495344871834,False
1466417266,3.8,4.729764648928267,4.729764648928267,True
1466417298,3.8,4.03154718237498,4.03154718237498,True
1466417382,3.6,4.3346838148256115,4.3346838148256115,True
1466417429,3.6,3.6,4.67739795608326,False
1466417434,3.6,4.045899003894238,4.045899003894238,True
1466417513,3.6,3.6,4.627730244458519,False
1466417598,3.9,3.9,4.16928260972667,False
1466417615,3.9,4.529668508112781,4.529668508112781,True
1466417654,3.9,4.049966910350958,4.049966910350958,True
1466417749,3.8,4.151316087658413,4.151316087658413,True
1466417763,3.6,3.6,4.422898062363079,False
1466417822,3.6,4.394506599794668,4.394506599794668,True
1466417851,3.6,3.6,4.00860928713427,False
1466417855,3.6,3.6,4.069713273532939,False
1466417879,3.9,4.556953381095279,4.556953381095279,True
1466417895,3.7,4.123828714982233,4.123828714982233,True
1466417969,3.8,4.705520772136246,4.705520772136246,True
1466418049,3.8,4.506573252490551,4.506573252490551,True
1466418118,3.8,3.8,4.504010567670744,False
1466418129,3.8,3.8,4.322312759832561,False
1466418179,3.6,3.6,4.173728401575843,False
1466418254,3.8,3.8,4.158687846818215,False
1466418332,3.5,3.5,4.947382702691127,False
1466418428,3.5,3.5,4.389862108177984,False
1466418494,3.5,4.733144945499058,4.733144945499058,True
1466418554,3.8,3.8,5.013000724263876,False
1466418563,3.8,5.076331292361221,5.076331292361221,True
1466418564,3.8,3.8,4.199758158135995,False
1466418594,4.1,4.1,4.216780353458473,False
1466418674,4.1,4.1,4.251831516144531,False
1466418748,4.0,5.045852169088546,5.045852169088546,True
1466418847,4.0,4.824812697145906,4.824812697145906,True
1466418877,4.0,4.0,4.104085191851743,False
1466418917,4.0,4.0,4.597906434741769,False
1466418938,3.7,4.2773296850465865,4.2773296850465865,True
1466419031,3.7,3.7,4.9406745143558695,False
1466419058,3.7,3.7,5.004550752893447,False
1466419104,3.7,3.7,5.050795640446809,False
1466419166,3.5,4.116162227163771,4.116162227163771,True
1466419261,3.8,3.8,4.96037366214824,False
1466419349,3.8,3.8,4.705076166929724,False
1466419442,3.8,3.8,4.440308154434017,False
1466419530,3.8,3.8,4.384318982629222,False
1466419595,3.8,3.8,5.024303993197703,False
1466419646,3.7,4.008812423993441,4.008812423993441,True
1466419737,3.7,3.7,4.349431103287079,False
1466419826,3.7,4.970041078673383,4.970041078673383,True
1466419880,3.5,4.610389272845926,4.610389272845926,True
1466419911,3.7,3.7,4.226846272373181,False
1466419938,3.7,3.7,4.435333797868154,False
1466420016,3.8,4.273415811988575,4.273415811988575,True
1466420019,3.8,3.8,4.925698785354155,False
1466420108,3.8,4.152351397780655,4.152351397780655,True
1466420205,3.8,4.66485805855647,4.66485805855647,True
1466420228,3.6,5.094981461701142,5.094981461701142,True
1466420257,3.6,3.6,4.562156953425693,False
1466420270,3.6,4.939914213496389,4.939914213496389,True
1466420296,3.6,3.6,4.439586410978232,False
1466420331,3.7,3.7,4.80725244405566,False
1466420407,3.7,4.2293557248520735,4.2293557248520735,True
1466420430,3.7,4.849101193324029,4.849101193324029,True
1466420453,3.7,3.7,4.387986783235755,False
1466420474,3.7,3.7,4.111539573599909,False
1466420566,3.9,4.821950370367478,4.821950370367478,True
1466420579,4.2,5.035785925709028,5.035785925709028,True
1466420618,4.2,4.2,4.2945886961189474,False
1466420624,4.2,4.2,4.582887519579659,False
1466420643,4.3,4.3,4.0926974476136,False
1466420695,4.1,4.1,4.936791821051651,False
1466420788,4.1,4.753168614881982,4.753168614881982,True
1466420863,4.1,4.1,4.531690076719015,False
1466420947,4.1,4.1,4.556947947178685,False
1466421003,4.3,4.3,5.032843747380084,False
1466421032,4.3,4.3,4.9855146012910945,False
1466421050,4.2,4.382761992448209,4.382761992448209,True
1466421116,4.2,4.776331878618998,4.776331878618998,True
1466421208,4.2,4.2,4.7736664412300005,False
1466421234,4.5,4.5,4.548970924186952,False
1466421262,4.5,4.5,4.4287051392507095,False
1466421353,4.7,4.012887162469506,4.012887162469506,True
1466421360,4.3,4.698042026563464,4.698042026563464,True
1466421392,4.3,4.606900730634673,4.606900730634673,True
1466421480,4.2,4.2,4.238202155900238,False
1466421530,4.2,4.2,4.154324213065253,False
1466421547,3.8,3.8,4.509089668654089,False
1466421591,3.8,4.918387559864726,4.918387559864726,True
1466421633,3.8,4.177360042498994,4.177360042498994,True
1466421636,3.6,4.414624130888088,4.414624130888088,True
1466421670,3.6,4.342395396936714,4.342395396936714,True
1466421695,3.7,3.7,4.214196423071424,False
1466421721,3.7,3.7,4.9456181853350385,False
1466421804,3.7,3.7,4.3213640955779065,False
1466421819,3.7,4.052637479277176,4.052637479277176,True
1466421862,3.8,3.8,4.952883933929784,False
1466421885,4.0,4.901264045702171,4.901264045702171,True
1466421936,4.0,4.0,4.995015771390858,False
1466422012,4.1,4.189883985382134,4.189883985382134,True
1466422044,4.1,4.1,4.410172714856566,False
1466422045,4.1,4.16829210654163,4.16829210654163,True
1466422137,4.4,4.266180676637147,4.266180676637147,True
1466422162,4.3,4.452489919365414,4.452489919365414,True
1466422189,4.1,4.7867587455040015,4.7867587455040015,True
1466422197,4.1,4.1,4.037241479553736,False
1466422264,3.9,4.77524267971375,4.77524267971375,True
1466422330,4.0,4.0938126837537165,4.0938126837537165,True
1466422378,3.9,3.9,4.609923499440522,False
1466422432,3.9,3.9,4.158233990706209,False
1466422488,3.9,5.088797318728308,5.088797318728308,True
1466422577,3.9,3.9,4.295730599367498,False
1466422628,3.9,4.475519164846935,4.475519164846935,True
1466422638,3.9,4.553962479644465,4.553962479644465,True
1466422666,3.9,3.9,4.258246888378254,False
1466422706,3.9,4.260753300217969,4.260753300217969,True
1466422731,3.9,3.9,4.43387975021647,False
1466422804,3.9,3.9,4.23039127431939,False
1466422866,4.2,4.2,4.465975187982744,False
1466422873,4.2,4.2,4.422627978325314,False
1466422895,4.0,4.0,4.47070755801813,False
1466422953,4.3,4.3,4.496667227949383,False
1466422973,4.0,4.1342154568526155,4.1342154568526155,True
1466423017,3.8,3.8,4.6079220018086025,False
1466423051,4.2,4.991523972831337,4.991523972831337,True
1466423099,4.2,4.2,4.596878943772308,False
1466423150,4.2,4.720775453448234,4.720775453448234,True
1466423155,4.2,4.2,4.14621583744488,False
1466423168,4.2,4.2,4.118527414970889,False
1466423205,4.0,4.0,4.812496300135791,False
1466423275,4.0,4.275277821376679,4.275277821376679,True
1466423287,4.0,4.0,4.517280232790111,False
1466423336,4.0,4.0,4.641794034233386,False
1466423340,4.3,4.3,4.3979843103972565,False
1466423355,4.1,4.1,4.689887742624393,False
1466423443,4.1,4.507875965659028,4.507875965659028,True
1466423499,3.7,3.7,4.940607061327214,False
1466423585,3.7,3.7,4.0212712755465585,False
1466423612,3.7,3.7,4.801603497647639,False
1466423669,3.7,4.90304830748934,4.90304830748934,True
1466423705,3.7,4.303950225344478,4.303950225344478,True
1466423770,3.7,3.7,4.569349679538681,False
1466423844,3.8,3.8,4.461187976915974,False
1466423902,3.8,5.031142117214967,5.031142117214967,True
1466423913,3.8,4.47016331197983,4.47016331197983,True
1466423972,3.8,4.5713396257780285,4.5713396257780285,True
1466424014,3.8,4.563175356912802,4.563175356912802,True
1466424069,3.8,3.8,4.249337779207717,False
1466424154,3.8,3.8,4.398435484450306,False
1466424155,3.8,4.939982506647005,4.939982506647005,True
1466424169,3.5,3.5,4.000115160616381,False
1466424262,3.8,4.687406906078485,4.687406906078485,True
1466424339,3.8,3.8,4.876322424489596,False
1466424398,3.8,4.923757409741097,4.923757409741097,True
1466424497,4.1,5.071406183322853,5.071406183322853,True
1466424558,4.5,5.022331179454477,5.022331179454477,True
1466424613,4.5,4.91584005547594,4.91584005547594,True
1466424713,4.8,4.8,4.265538726086852,False
1466424804,5.1,4.3405913911359955,4.3405913911359955,True
1466424878,4.8,4.8,4.430997132710916,False
1466424924,4.6,4.114929076413039,4.114929076413039,True
1466425009,4.6,4.396532502326692,4.396532502326692,True
1466425106,4.3,4.3,4.117263280338007,False
1466425129,4.4,4.4,5.097368208564372,False
1466425179,4.4,5.052552860987982,5.052552860987982,True
1466425257,4.4,4.251171021138666,4.251171021138666,True
1466425262,4.4,4.858289835059992,4.858289835059992,True
1466425305,4.4,4.125083309025396,4.125083309025396,True
1466425331,4.4,4.4,4.138898164925628,False
1466425338,4.4,4.8648218682623074,4.8648218682623074,True
1466425377,4.0,4.0,4.156139298742342,False
1466425380,4.0,4.17283471426191,4.17283471426191,True
1466425417,4.0,4.001679731135343,4.001679731135343,True
1466425484,4.0,4.0,4.551564375818374,False
1466425517,4.0,4.0,4.317895850710144,False
1466425553,4.1,4.1,4.07669226272447,False
1466425640,4.4,4.080064754698661,4.080064754698661,True
1466425687,4.5,4.153958479768452,4.153958479768452,True
1466425711,4.5,4.5,4.6592068099361486,False
1466425768,4.5,4.5,4.585175655252983,False
1466425811,4.6,4.038416555211354,4.038416555211354,True
1466425856,4.5,4.961427321436845,4.961427321436845,True
1466425869,4.5,4.4171180760574495,4.4171180760574495,True
1466425884,4.9,4.9,4.2381691311756775,False
1466425962,4.9,4.753117875493016,4.753117875493016,True
1466425974,5.3,5.3,4.998285825388678,False
1466426016,5.3,5.023305258043727,5.023305258043727,True
1466426024,5.3,5.3,4.201789502146876,False
1466426034,5.3,5.3,4.779977096105297,False
1466426130,5.3,4.3056074963964,4.3056074963964,True
1466426189,5.1,4.773009202961245,4.773009202961245,True
1466426198,5.4,4.3572512963374415,4.3572512963374415,True
1466426280,5.4,5.4,4.9018613760203955,False
1466426298,5.2,5.2,4.894542038308366,False
1466426380,5.2,4.551771840764173,4.551771840764173,True
1466426420,5.2,4.652011537860009,4.652011537860009,True
1466426509,5.2,5.2,4.501372256611937,False
1466426521,5.2,5.2,4.866741658693846,False
1466426535,5.0,4.202279869989483,4.202279869989483,True
1466426563,5.3,4.10965126812844,4.10965126812844,True
1466426620,5.3,5.3,4.963095003760532,False
1466426694,5.3,4.466408429816974,4.466408429816974,True
1466426764,5.3,5.3,4.179665098597142,False
1466426778,5.3,4.8330463664491905,4.8330463664491905,True
1466426866,5.3,4.4966919109147,4.4966919109147,True
1466426938,5.0,4.212601902858137,4.212601902858137,True
1466427022,5.0,5.0,4.166334358635154,False
1466427059,5.0,4.7137533985660545,4.7137533985660545,True
1466427125,5.0,4.056660272243742,4.056660272243742,True
1466427204,4.7,4.7,4.734514292381821,False
1466427240,4.7,4.558444469628744,4.558444469628744,True
1466427317,4.7,4.34192716479502,4.34192716479502,True
1466427319,4.3,4.3,4.615375669833105,False
1466427331,4.3,4.906230426340263,4.906230426340263,True
1466427425,4.0,4.367187957250651,4.367187957250651,True
1466427458,4.0,4.46874581231339,4.46874581231339,True
1466427495,4.0,4.0,4.609905447448157,False
1466427543,4.0,4.0,4.05372895831925,False
1466427625,4.0,4.317878860138439,4.317878860138439,True
1466427663,4.0,4.928086554695922,4.928086554695922,True
1466427672,4.0,4.0,4.945289400301833,False
1466427684,4.0,4.0,4.509078545708967,False
1466427739,3.8,4.6130563297712515,4.6130563297712515,True
1466427769,3.9,3.9,4.557563998316817,False
1466427775,3.9,4.838251293599052,4.838251293599052,True
1466427820,3.9,3.9,4.739515641572982,False
1466427837,3.9,3.9,4.299186969164681,False
1466427846,3.9,4.8728526238928325,4.8728526238928325,True
1466427904,3.9,3.9,4.984205835658372,False
1466427997,3.9,4.0549771829223005,4.0549771829223005,True
1466428027,4.0,4.460378721011731,4.460378721011731,True
1466428114,4.1,4.1,4.755205925932908,False
1466428212,4.1,4.1,4.284242365859215,False
1466428294,4.1,4.1,4.757051289330484,False
1466428321,4.3,4.3,4.278700326197112,False
1466428340,4.1,5.011504093589327,5.011504093589327,True
1466428378,3.7,4.349730384813437,4.349730384813437,True
1466428463,3.7,4.555925621563423,4.555925621563423,True
1466428551,3.9,3.9,4.028900918118257,False
1466428575,3.6,3.6,4.830194145630034,False
1466428593,3.6,4.122617556411739,4.122617556411739,True
1466428682,3.8,3.8,4.6913023064893915,False
1466428699,4.2,4.017376424565408,4.017376424565408,True
1466428719,4.2,4.4686684078033,4.4686684078033,True
1466428819,4.2,4.2,4.78668844720401,False
1466428850,4.2,4.2,4.012970394034161,False
1466428884,4.5,4.5,4.330327613257443,False
1466428973,4.5,4.5,4.641843559581518,False
1466429006,4.8,4.137258486602997,4.137258486602997,True
1466429026,4.8,4.8,4.943263101067845,False
1466429066,4.8,4.208274019351139,4.208274019351139,True
1466429072,4.8,4.8,4.3680386791989445,False
1466429103,4.8,4.8,4.975485806856709,False
1466429110,4.8,4.8,4.437091041216117,False
1466429123,4.8,4.878138159302679,4.878138159302679,True
1466429168,4.8,4.8,4.21868115971975,False
1466429182,4.8,4.8,4.555118188929971,False
1466429184,5.0,5.0,4.301833172944247,False
1466429197,5.2,4.53058250912389,4.53058250912389,True
1466429280,5.2,5.2,4.247063851316938,False
1466429378,5.3,5.3,4.299676590417373,False
1466429450,5.2,4.444617235534674,4.444617235534674,True
1466429455,5.2,5.2,4.893497050068372,False
1466429510,5.4,5.4,4.534546176772812,False
1466429565,5.1,5.1,4.482543891179484,False
1466429566,5.1,4.380713927294005,4.380713927294005,True
1466429592,5.0,4.251219110736085,4.251219110736085,True
1466429623,4.8,5.0312916813794715,5.0312916813794715,True
1466429691,4.8,4.8,4.513967446155313,False
1466429733,4.8,5.040844533161525,5.040844533161525,True
1466429803,4.6,4.6,4.306832536320297,False
1466429832,4.7,4.7,4.601686706261228,False
1466429905,4.7,4.7,4.731108103102745,False
1466429997,4.6,4.688424682467639,4.688424682467639,True
1466430050,5.0,5.0,4.901814462417647,False
1466430088,5.3,4.288347883848428,4.288347883848428,True
1466430174,4.9,4.9,4.547353777145525,False
1466430247,5.1,5.1,4.493693984558557,False
1466430344,4.8,4.291253981831623,4.291253981831623,True
1466430375,5.0,5.0,4.834348492676174,False
1466430400,5.0,4.632351039724748,4.632351039724748,True
1466430457,5.0,5.0,4.62536319883133,False
1466430483,5.0,5.0,4.369572627646917,False
1466430517,5.2,5.029964843457549,5.029964843457549,True
1466430524,5.2,5.2,4.030484845312957,False
1466430592,5.0,5.0,4.886457606352375,False
1466430616,4.7,5.094298509284895,5.094298509284895,True
1466430631,4.7,4.7,4.366161302913046,False
1466430680,4.7,4.7,4.910195171151602,False
1466430734,4.7,4.998130013478199,4.998130013478199,True
1466430790,4.7,4.803584991219115,4.803584991219115,True
1466430815,4.7,4.7,4.809937142375142,False
1466430895,4.7,4.7,4.884346165281639,False
1466430916,4.7,4.7,4.897092991200016,False
1466430929,4.6,4.429565568695611,4.429565568695611,True
1466430936,4.6,4.6,4.979782005017181,False
1466431009,4.6,4.8281008228375635,4.8281008228375635,True
1466431036,4.4,4.4,4.675942980836724,False
1466431055,4.4,4.531344568669822,4.531344568669822,True
1466431145,4.0,4.500451247977306,4.500451247977306,True
1466431218,4.0,4.201607217181059,4.201607217181059,True
1466431290,4.2,4.2,5.025344124984772,False
1466431324,3.8,4.442067706712603,4.442067706712603,True
1466431400,3.8,3.8,4.112395820435534,False
1466431450,3.8,3.8,4.847155828215769,False
1466431526,3.8,3.8,4.8690509949049705,False
1466431589,4.2,5.097404831819613,5.097404831819613,True
1466431661,3.9,4.520968250112392,4.520968250112392,True
1466431760,3.7,3.7,4.2015595276389694,False
1466431796,3.5,3.5,4.730695311297448,False
1466431848,3.5,3.5,4.018740385605504,False
1466431879,3.5,4.4362946016853435,4.4362946016853435,True
1466431954,3.5,4.602315252086203,4.602315252086203,True
1466431958,3.5,3.5,5.0570495520719625,False
1466432002,3.5,4.675758774864476,4.675758774864476,True
1466432101,3.5,4.081583059034627,4.081583059034627,True
1466432177,3.5,3.5,4.347668876052541,False
1466432194,3.5,3.5,4.41985940852076,False
1466432237,3.5,3.5,4.921525695756008,False
1466432280,3.6,3.6,4.2633387263093,False
1466432373,3.9,4.928262554061124,4.928262554061124,True
1466432389,4.3,4.3,4.497734585239646,False
1466432415,4.1,4.1,4.781647659661396,False
1466432417,4.2,4.452459158915827,4.452459158915827,True
1466432506,4.5,4.203619484520715,4.203619484520715,True
1466432569,4.5,4.5,4.01875392167133,False
1466432577,4.5,4.5,4.55234151715815,False
1466432670,4.5,4.726695210733578,4.726695210733578,True
1466432706,4.5,4.5,4.225778342000089,False
1466432804,4.4,4.4,4.3149009960898805,False
1466432853,4.3,4.3,4.641576295676187,False
1466432947,4.2,4.2,4.774520123308652,False
1466433040,3.9,3.9,4.919223444122452,False
1466433128,3.9,3.9,4.186590058407138,False
1466433145,4.0,4.0,5.065553389762262,False
1466433195,4.0,4.0,4.521683905940548,False
1466433289,4.0,4.380412574069191,4.380412574069191,True
1466433375,4.0,4.358305215572292,4.358305215572292,True
1466433427,4.0,4.804425901611825,4.804425901611825,True
1466433478,4.0,4.0,4.649480432974615,False
1466433517,3.9,4.94562549037024,4.94562549037024,True
1466433615,3.9,5.050610968259537,5.050610968259537,True
1466433672,4.1,4.061117224579061,4.061117224579061,True
1466433762,4.1,4.08921382437654,4.08921382437654,True
1466433809,4.1,4.166111535374664,4.166111535374664,True
1466433873,4.1,4.1,4.749150933279139,False
1466433910,4.5,4.5,4.154356417836225,False
1466433994,4.5,4.5,5.064865925819761,False
1466434003,4.5,4.5,4.25741617380123,False
1466434045,4.5,4.5,4.890352928964249,False
1466434096,4.5,4.203275248544634,4.203275248544634,True
1466434173,4.5,4.5,4.520442032175761,False
1466434199,4.4,4.4,4.434351719510912,False
1466434224,4.2,4.2,4.418561250715031,False
1466434308,4.2,4.2,4.278445451492271,False
1466434359,3.9,4.336638558376604,4.336638558376604,True
1466434371,3.9,4.557866093306229,4.557866093306229,True
1466434457,4.1,4.965045719517942,4.965045719517942,True
1466434498,4.1,4.1,4.481984809396255,False
1466434552,4.1,4.022256024597335,4.022256024597335,True
1466434622,4.1,4.077310819233413,4.077310819233413,True
1466434691,4.1,4.1,5.039579329241734,False
1466434718,4.1,4.709624560050985,4.709624560050985,True
1466434727,4.1,4.1,4.772510773506275,False
1466434815,4.2,4.2,4.2026038770955,False
1466434892,4.2,4.2,4.799911817171182,False
1466434915,4.2,5.056602506237799,5.056602506237799,True
1466434946,3.8,4.367215724476182,4.367215724476182,True
1466434988,3.8,4.742028003400058,4.742028003400058,True
1466435020,3.8,3.8,4.681150598037003,False
1466435090,3.8,3.8,5.056834950341929,False
1466435099,3.8,3.8,4.2144064302706665,False
1466435145,3.6,4.825485710867719,4.825485710867719,True
1466435186,3.6,3.6,4.746777920362362,False
1466435246,3.6,3.6,4.195577622928071,False
1466435284,3.6,3.6,4.813442432758845,False
1466435327,3.6,3.6,4.491921691639652,False
1466435369,3.6,3.6,4.058365413305467,False
1466435408,3.6,3.6,4.375777532116749,False
1466435468,3.9,3.9,4.53435823004083,False
1466435486,3.9,3.9,4.440448015213792,False
1466435555,3.9,4.718075073939698,4.718075073939698,True
1466435624,3.9,3.9,5.083152095913774,False
1466435659,4.0,4.0,4.536192061937806,False
1466435682,4.0,4.0,4.713005616042361,False
1466435712,4.0,4.226641125380961,4.226641125380961,True
1466435794,4.4,4.4,4.989358097281446,False
1466435878,4.3,4.631020485400091,4.631020485400091,True
1466435904,4.3,4.3,4.583948115991976,False
1466435971,4.3,4.3,4.197054546185849,False
1466436041,4.3,4.3,4.903526906855209,False
1466436059,4.2,4.325465415416831,4.325465415416831,True
1466436093,4.0,4.623459680265528,4.623459680265528,True
1466436178,4.0,4.0,4.964039426051928,False
1466436230,4.0,4.2161621886569,4.2161621886569,True
1466436280,4.0,4.0,4.212742355383872,False
1466436332,3.9,3.9,4.781846968390822,False
1466436333,3.9,4.623617555562342,4.623617555562342,True
1466436431,4.1,4.139639418105156,4.139639418105156,True
1466436520,4.3,4.3,4.596867787286933,False
1466436572,4.3,4.3,4.009324553052835,False
1466436647,4.3,4.3,4.2765793818585776,False
1466436655,4.3,4.3,4.262664686174997,False
1466436727,4.3,4.3,4.413890829898398,False
1466436793,4.3,4.3,4.31537143966788,False
1466436879,4.3,4.7801415085471515,4.7801415085471515,True
1466436880,4.3,4.3,4.220384073294427,False
1466436939,4.3,4.7484183722723206,4.7484183722723206,True
1466437015,4.5,4.818672354372291,4.818672354372291,True
1466437048,4.5,4.962888806951142,4.962888806951142,True
1466437088,4.8,4.8,4.4799268695070165,False
1466437105,5.2,4.801625509808064,4.801625509808064,True
1466437122,4.9,4.9,4.681185949641843,False
1466437160,4.9,4.905629942234049,4.905629942234049,True
1466437232,4.9,4.957636481597596,4.957636481597596,True
1466437321,4.8,4.8,4.047297733514873,False
1466437335,5.0,5.0,4.299923991989865,False
1466437358,5.0,4.554647447641781,4.554647447641781,True
1466437441,5.2,4.906234593296979,4.906234593296979,True
1466437480,5.2,4.734415120062685,4.734415120062685,True
1466437561,4.8,4.967779120153654,4.967779120153654,True
1466437653,4.5,4.5,4.509609216695399,False
1466437709,4.4,4.4,4.464299169348473,False
1466437798,4.4,4.407543701621863,4.407543701621863,True
1466437869,4.1,4.115520410279107,4.115520410279107,True
1466437952,4.3,4.6881407463914995,4.6881407463914995,True
1466438037,4.3,4.3,4.186096336174996,False
1466438054,4.3,4.3,4.616186587848096,False
1466438056,4.1,4.812322254866143,4.812322254866143,True
1466438136,3.8,3.8,4.643916805154697,False
1466438234,3.6,4.702513118664476,4.702513118664476,True
1466438261,3.7,3.7,4.64183088924791,False
1466438348,3.7,4.068894874803302,4.068894874803302,True
1466438407,3.9,3.9,5.038511489690258,False
1466438422,3.7,4.145739915797724,4.145739915797724,True
1466438476,4.0,4.0,5.075848928114841,False
1466438571,3.9,3.9,4.117420606908036,False
1466438612,3.9,3.9,4.1271113796196754,False
1466438620,3.9,4.360040806354828,4.360040806354828,True
1466438698,3.9,3.9,4.978789191105245,False
1466438747,3.9,4.942462405724002,4.942462405724002,True
1466438795,4.1,4.1,4.2947618216726156,False
1466438810,4.1,4.1,5.05164812783534,False
1466438888,4.1,4.1,4.6812108242566755,False
1466438975,4.4,4.4,4.715151204923858,False
1466439000,4.4,5.037665038326959,5.037665038326959,True
1466439092,4.6,4.6,4.662734384563224,False
1466439150,4.7,4.378659288631261,4.378659288631261,True
1466439229,4.7,4.7,4.141531227880464,False
1466439279,4.7,4.7,4.97672549577133,False
1466439328,4.7,4.188282680045629,4.188282680045629,True
1466439351,5.1,5.1,4.38773108607513,False
1466439447,4.8,4.8,4.4953256585842345,False
1466439466,4.8,4.382727040946805,4.382727040946805,True
1466439480,4.4,4.494065024060311,4.494065024060311,True
1466439560,4.4,4.8219342851624685,4.8219342851624685,True
1466439600,4.4,4.313985583282158,4.313985583282158,True
1466439645,4.3,4.237013134454551,4.237013134454551,True
1466439729,4.0,4.16451554785922,4.16451554785922,True
1466439772,4.0,4.0,4.290433470433822,False
1466439827,4.4,4.657616290178348,4.657616290178348,True
1466439849,4.4,4.579634811567512,4.579634811567512,True
1466439910,4.4,4.4,4.650443333023216,False
1466439990,4.4,4.130276681407766,4.130276681407766,True
1466440005,4.4,4.117554807053231,4.117554807053231,True
1466440006,4.4,4.4,4.494949921828027,False
1466440045,4.4,4.4,4.41730053545816,False
1466440066,4.4,4.6653677277557675,4.6653677277557675,True
1466440154,4.4,4.477792154971518,4.477792154971518,True
1466440214,4.4,4.65194175573984,4.65194175573984,True
1466440226,4.2,4.2,4.6865241503535,False
1466440304,4.2,4.768520565044966,4.768520565044966,True
1466440385,4.2,4.2,4.521722266045106,False
1466440451,4.5,4.5,4.379388618387921,False
1466440521,4.5,4.340185906842367,4.340185906842367,True
1466440581,4.4,4.4,4.120480695696231,False
1466440674,4.4,4.4,4.962785542662143,False
1466440727,4.4,4.856848137759032,4.856848137759032,True
1466440821,4.4,4.731103667550941,4.731103667550941,True
1466440827,4.6,4.6,4.4333443820609375,False
1466440897,4.6,4.028299227214634,4.028299227214634,True
1466440923,4.8,4.45993535513703,4.45993535513703,True
1466441012,4.8,4.206897036421817,4.206897036421817,True
1466441049,5.2,5.2,4.147323698013297,False
1466441147,5.2,5.2,4.524633774997589,False
1466441213,5.2,5.2,4.006881564900315,False
1466441311,5.1,4.363386165404224,4.363386165404224,True
1466441318,4.8,4.1748425011433286,4.1748425011433286,True
1466441418,4.8,4.31153939894822,4.31153939894822,True
1466441510,5.1,4.303659090980638,4.303659090980638,True
1466441541,5.1,4.616572870766796,4.616572870766796,True
1466441579,5.1,5.1,4.07019263794477,False
1466441630,5.4,4.422883111479905,4.422883111479905,True
1466441714,5.5,4.618076305116495,4.618076305116495,True
1466441724,5.5,5.5,4.810039310998278,False
1466441741,5.5,4.973796001738756,4.973796001738756,True
1466441822,5.5,4.977407381867668,4.977407381867668,True
1466441883,5.5,4.200618197398056,4.200618197398056,True
1466441934,5.4,5.4,4.758782998716208,False
1466441947,5.4,4.015557852219245,4.015557852219245,True
1466442046,5.4,4.623311689672832,4.623311689672832,True
1466442137,5.0,5.0,4.858468282932351,False
1466442175,5.0,5.0,4.72431163500239,False
1466442216,5.1,5.1,4.581218233585284,False
1466442284,5.1,4.863578057062199,4.863578057062199,True
1466442332,5.1,4.957697709076682,4.957697709076682,True
1466442358,5.1,4.158557336686633,4.158557336686633,True
1466442362,5.3,5.3,4.8882643744506105,False
1466442439,5.2,5.2,5.006139180385603,False
1466442490,5.4,4.374929462193698,4.374929462193698,True
1466442498,5.4,4.05268141524523,4.05268141524523,True
1466442508,5.3,5.3,4.189615439523819,False
1466442518,4.9,4.933445505577409,4.933445505577409,True
1466442556,5.2,5.2,4.561152557892028,False
1466442656,5.4,5.080846151983172,5.080846151983172,True
1466442662,5.3,5.3,4.153567615712631,False
1466442703,5.3,4.38810982951913,4.38810982951913,True
1466442768,5.1,5.1,4.253509408438499,False
1466442788,5.1,4.779287444315268,4.779287444315268,True
1466442886,5.1,4.941782283124721,4.941782283124721,True
1466442980,4.8,4.049323449693747,4.049323449693747,True
1466443000,4.8,4.8,5.008874361834465,False
1466443029,4.8,4.923852992533184,4.923852992533184,True
1466443038,4.8,4.354586266033378,4.354586266033378,True
1466443089,4.8,4.8,4.710651954613544,False
1466443162,4.5,4.5,5.063257827514034,False
1466443201,4.3,4.2253607454256965,4.2253607454256965,True
1466443219,4.3,4.3,5.079717048677546,False
1466443263,4.3,4.771123312198143,4.771123312198143,True
1466443350,4.3,4.3,4.920973156682448,False
1466443373,4.3,4.3,4.686843002101632,False
1466443392,4.3,4.879388260753374,4.879388260753374,True
1466443402,4.3,4.178676737606418,4.178676737606418,True
1466443486,4.4,4.4,4.081424764891297,False
1466443511,4.4,4.61491646211258,4.61491646211258,True
1466443584,4.4,4.678295786220272,4.678295786220272,True
1466443677,4.4,4.4,5.018213769794409,False
1466443725,4.3,4.58615538311466,4.58615538311466,True
1466443727,4.6,4.6,4.566185514024843,False
1466443750,4.3,4.3,4.986859963913809,False
1466443761,4.3,4.3,4.823966191029033,False
1466443808,4.3,5.073660050517539,5.073660050517539,True
1466443861,4.3,4.3,4.871400488965099,False
1466443929,4.3,4.3,5.0697353381636,False
1466443986,4.3,4.3,4.4844738360693865,False
1466444043,4.3,4.3,4.2171002166556955,False
1466444110,4.3,4.260182052876705,4.260182052876705,True
1466444192,4.2,4.2,4.502662310527841,False
1466444287,4.6,4.816703853084991,4.816703853084991,True
1466444294,5.0,5.0,4.830558367253004,False
1466444366,5.0,5.0,4.827919639875439,False
1466444466,5.1,4.00087647263102,4.00087647263102,True
1466444505,5.1,5.1,4.838890737988388,False
1466444556,5.1,5.1,4.136928415197707,False
1466444624,5.1,4.710075024620785,4.710075024620785,True
1466444663,5.0,4.88764038113611,4.88764038113611,True
1466444685,5.0,4.408836934605112,4.408836934605112,True
1466444756,5.0,4.983659642884882,4.983659642884882,True
1466444781,5.1,4.644181486581846,4.644181486581846,True
1466444840,5.1,4.525593135725493,4.525593135725493,True
1466444854,5.1,5.1,4.5456120847612675,False
1466444860,5.1,4.385805255601372,4.385805255601372,True
1466444959,5.1,4.916472923713078,4.916472923713078,True
1466445058,5.1,4.5499673262445635,4.5499673262445635,True
1466445107,5.1,4.26678334694361,4.26678334694361,True
1466445165,5.0,4.093800271788,4.093800271788,True
1466445170,5.4,4.557867962666061,4.557867962666061,True
1466445173,5.3,5.3,4.683632931962706,False
1466445247,5.0,4.90872709816512,4.90872709816512,True
1466445305,4.9,4.4600722390924545,4.4600722390924545,True
1466445333,4.9,4.9,4.169892287613597,False
1466445356,4.9,4.584477546234514,4.584477546234514,True
1466445430,4.9,4.9,4.1533280930251495,False
1466445491,4.9,4.9,4.3263918298321125,False
1466445497,4.9,5.047392713385766,5.047392713385766,True
1466445514,4.9,4.9,4.80203906002054,False
1466445549,4.8,4.8,4.713710016781966,False
1466445640,4.8,4.8,4.332441922609039,False
1466445648,4.8,4.504963083491087,4.504963083491087,True
1466445739,4.8,4.8,4.817202477751039,False
1466445814,4.9,4.645485778027387,4.645485778027387,True
1466445879,4.9,4.9,4.333395896849215,False
1466445909,5.1,5.1,4.999620038202271,False
1466445965,5.1,4.442951229463143,4.442951229463143,True
1466446021,5.2,5.2,5.094536184453473,False
1466446045,5.4,5.4,4.653398370712866,False
1466446071,5.3,4.178343108274822,4.178343108274822,True
1466446120,5.4,4.857824145225588,4.857824145225588,True
1466446168,5.4,4.350553620499744,4.350553620499744,True
1466446253,5.4,5.4,4.205205123666792,False
1466446302,5.3,5.3,4.596424531897547,False
1466446389,5.5,5.5,4.50094066856276,False
1466446404,5.4,5.4,4.25679470199987,False
1466446494,5.1,4.985020508666553,4.985020508666553,True
1466446594,5.4,4.237634533353407,4.237634533353407,True
1466446643,5.2,5.2,4.092795817226689,False
1466446669,5.2,5.2,4.3316151676243955,False
1466446690,5.2,5.2,4.99503733281374,False
1466446735,4.9,4.729890963928194,4.729890963928194,True
1466446766,4.9,4.136306640926859,4.136306640926859,True
1466446852,4.9,4.009006840464945,4.009006840464945,True
1466446902,4.9,4.9,4.934680327002884,False
1466446945,4.9,4.626190399710232,4.626190399710232,True
1466446987,5.2,5.2,4.340746133334095,False
1466447036,5.2,5.2,4.743343303281437,False
1466447112,4.9,4.9,4.144989470619104,False
1466447129,4.9,4.9,4.006110131558544,False
1466447189,4.9,4.9,4.2349931055688215,False
1466447224,4.9,4.9,4.446815431659013,False
1466447270,4.9,4.055861313660486,4.055861313660486,True
1466447272,4.7,4.418798821622569,4.418798821622569,True
1466447348,4.7,4.9736184844402285,4.9736184844402285,True
1466447359,4.7,4.7,4.376030798118162,False
1466447388,4.7,4.7,4.91975872103223,False
1466447390,4.7,4.7,4.296187552441787,False
1466447425,4.7,4.7060618815567885,4.7060618815567885,True
1466447463,4.7,4.7,4.559091816261023,False
1466447485,4.3,4.026905328712204,4.026905328712204,True
1466447545,4.1,4.1,4.975942160467958,False
1466447553,4.0,4.55260688046879,4.55260688046879,True
1466447554,3.9,4.113823407638058,4.113823407638058,True
1466447573,3.9,4.6380151743886975,4.6380151743886975,True
1466447634,4.2,4.2,4.097203767843307,False
1466447695,4.2,4.2,4.733959526143951,False
1466447762,4.2,4.2,4.613763184357899,False
1466447844,4.2,4.873690942752575,4.873690942752575,True
1466447885,4.2,4.2,4.059367821435148,False
1466447943,4.2,4.2,4.813315265844779,False
1466447956,4.3,4.3870713786616395,4.3870713786616395,True
1466448041,4.2,4.421079296522953,4.421079296522953,True
1466448140,4.2,4.519192746461968,4.519192746461968,True
1466448215,4.5,4.959961559292358,4.959961559292358,True
1466448270,4.9,4.781848120143196,4.781848120143196,True
1466448302,5.3,5.3,4.957822865700302,False
1466448368,5.2,4.524943184214637,4.524943184214637,True
1466448422,5.2,4.691839061381439,4.691839061381439,True
1466448517,4.9,4.054271467059769,4.054271467059769,True
1466448614,4.9,4.9,4.610120934516317,False
1466448701,4.6,4.6,4.81967061496548,False
1466448743,4.6,4.6,4.817335537365585,False
1466448805,4.7,4.7,4.478734011128098,False
1466448844,4.5,4.5,4.359170231887656,False
1466448896,4.5,4.5,4.469946749913346,False
1466448984,4.5,4.5,4.409367660713401,False
1466449031,4.5,4.5,4.702369552437325,False
1466449045,4.8,4.53496724086526,4.53496724086526,True
1466449099,4.8,5.0645267600589845,5.0645267600589845,True
1466449171,5.0,5.0,4.6459227008733475,False
1466449261,5.0,4.580554407763575,4.580554407763575,True
1466449280,5.0,5.0,4.719471331337937,False
1466449359,5.0,4.283834074691766,4.283834074691766,True
1466449442,5.0,4.739041247270465,4.739041247270465,True
1466449496,4.9,4.9,4.9235927197292355,False
1466449537,4.9,4.673402398637925,4.673402398637925,True
1466449555,4.6,4.6,4.903603174304495,False
1466449629,4.6,4.6,4.588711111033805,False
1466449635,4.9,4.200070883591231,4.200070883591231,True
1466449721,5.3,5.097635485558605,5.097635485558605,True
1466449772,5.3,5.3,4.172465294630772,False
1466449872,5.3,5.3,4.035700592006782,False
1466449873,5.3,4.622010220307124,4.622010220307124,True
1466449884,5.1,4.332144197168407,4.332144197168407,True
1466449937,4.9,4.492327656126724,4.492327656126724,True
1466449953,4.9,4.042962553369168,4.042962553369168,True
1466449959,4.9,4.9,4.0465498049990485,False
1466449961,4.8,4.8,4.973391029577979,False
1466450018,5.0,4.092024606793498,4.092024606793498,True
1466450075,5.4,4.3474428650963715,4.3474428650963715,True
1466450150,5.5,4.030708723568363,4.030708723568363,True
1466450177,5.5,4.359620256042868,4.359620256042868,True
1466450255,5.1,5.1,4.602859021745424,False
1466450343,5.1,5.1,4.345849895711425,False
1466450348,5.1,4.041678540092954,4.041678540092954,True
1466450401,4.8,4.8,4.836635754474304,False
1466450433,4.8,4.644700188934838,4.644700188934838,True
1466450507,4.8,4.8,5.019626847541082,False
1466450536,4.8,4.8,5.09631626264048,False
1466450627,4.8,4.007402850093343,4.007402850093343,True
1466450723,4.8,5.0222979096122415,5.0222979096122415,True
1466450817,4.8,4.8,4.591938721100065,False
1466450900,4.8,4.97095316970314,4.97095316970314,True
1466450902,4.6,4.64851308902663,4.64851308902663,True
1466450971,4.6,4.6,4.5938920447476566,False
1466451016,4.6,4.6,4.95449004345292,False
1466451023,4.6,4.774170234485886,4.774170234485886,True
1466451073,4.6,4.6,4.197034657715749,False
1466451166,4.8,4.8,4.750545468167953,False
1466451231,4.7,4.7,4.9385210335720595,False
1466451245,4.7,4.590764358249245,4.590764358249245,True
1466451293,4.7,4.1001101625117355,4.1001101625117355,True
1466451295,4.7,4.7,4.006713384001384,False
1466451378,4.4,4.553068236682458,4.553068236682458,True
1466451445,4.4,4.4,4.916201366688013,False
1466451508,4.3,4.262391898805046,4.262391898805046,True
1466451599,4.0,4.0,4.357765911260155,False
1466451686,4.3,4.972537371871613,4.972537371871613,True
1466451761,4.3,4.317824566019531,4.317824566019531,True
1466451857,4.2,4.2,4.229939655184828,False
1466451909,4.2,4.53704760592209,4.53704760592209,True
1466451919,4.2,4.946508877364159,4.946508877364159,True
1466452006,3.9,4.843166823405729,4.843166823405729,True
1466452035,3.9,4.200280284828705,4.200280284828705,True
1466452039,3.9,5.020268357500909,5.020268357500909,True
1466452104,3.9,4.3858568689650905,4.3858568689650905,True
1466452167,4.1,4.532290669706393,4.532290669706393,True
1466452238,4.0,4.0,4.352733984648329,False
1466452313,3.8,4.946113972936581,4.946113972936581,True
1466452339,3.8,3.8,4.227264376918537,False
1466452419,3.8,4.244836430054014,4.244836430054014,True
1466452424,3.6,3.6,4.346147115587991,False
1466452435,3.6,3.6,4.3318580689746735,False
1466452531,3.8,3.8,4.179109271111339,False
1466452584,3.8,3.8,4.923514446601223,False
1466452625,3.8,4.3886997808449975,4.3886997808449975,True
1466452676,3.8,4.548327417110132,4.548327417110132,True
1466452752,4.1,4.616108455687483,4.616108455687483,True
1466452796,4.1,4.1,4.384977755977272,False
1466452825,4.4,4.4,4.9390105911287,False
1466452860,4.1,4.1,4.22550525395466,False
1466452960,4.0,4.0,4.316915577943681,False
1466452979,4.0,4.0,4.480489065211132,False
1466453002,4.3,4.414306793533693,4.414306793533693,True
1466453016,4.2,4.504109145310462,4.504109145310462,True
1466453025,4.2,4.2,4.327632067784267,False
1466453089,3.9,5.098436822884523,5.098436822884523,True
1466453141,3.9,4.497158620060106,4.497158620060106,True
1466453154,3.9,4.986070697720131,4.986070697720131,True
1466453184,3.9,3.9,4.969650750852969,False
1466453202,4.3,4.139888000813643,4.139888000813643,True
1466453203,4.3,4.3,4.4095594088921874,False
1466453222,4.1,4.1,4.5519786165524305,False
1466453321,4.1,4.657944290036466,4.657944290036466,True
1466453379,4.3,4.04689132322112,4.04689132322112,True
1466453392,3.9,3.9,4.810303081776899,False
1466453422,4.1,4.34768968668854,4.34768968668854,True
1466453502,4.5,4.402014383330636,4.402014383330636,True
1466453518,4.3,4.3,4.9252549248388595,False
1466453563,4.3,4.3,4.32300269784965,False
1466453604,4.3,4.839784564994308,4.839784564994308,True
1466453639,4.1,4.872948999487472,4.872948999487472,True
1466453705,4.1,4.70196643359902,4.70196643359902,True
1466453795,4.2,4.2,4.601496192943122,False
1466453816,4.3,4.735920759787552,4.735920759787552,True
1466453870,4.3,4.3,4.633518623047132,False
1466453910,4.5,4.539722004421138,4.539722004421138,True
1466454002,4.5,4.5,4.120505503372614,False
1466454051,4.1,4.1,4.443241292025752,False
1466454087,4.2,4.44535389147348,4.44535389147348,True
1466454129,4.2,4.88830933756857,4.88830933756857,True
1466454227,4.2,4.909065866100484,4.909065866100484,True
1466454259,4.0,5.06024563169336,5.06024563169336,True
1466454262,4.0,4.0,4.167423628277353,False
1466454298,4.0,4.0,4.768622160680502,False
1466454388,4.0,4.518710089199035,4.518710089199035,True
1466454399,4.0,4.482637346687228,4.482637346687228,True
1466454473,3.9,3.9,4.620174268508708,False
1466454529,3.9,4.078310677903115,4.078310677903115,True
1466454559,3.9,4.1354035416719785,4.1354035416719785,True
1466454648,3.9,4.847600939529092,4.847600939529092,True
1466454745,3.9,4.516916941074167,4.516916941074167,True
1466454763,3.6,4.042941501974813,4.042941501974813,True
1466454851,3.6,4.380154631806716,4.380154631806716,True
1466454936,3.6,3.6,4.42926005272946,False
1466454949,3.6,4.56599102322939,4.56599102322939,True
1466455032,3.6,3.6,4.874654889185829,False
1466455065,3.6,4.812431994542513,4.812431994542513,True
1466455119,3.6,4.231507541120168,4.231507541120168,True
1466455172,3.6,4.389116856334153,4.389116856334153,True
1466455196,3.6,3.6,4.35603977963607,False
1466455271,3.6,3.6,4.5534016595986015,False
1466455357,3.6,4.775678026699062,4.775678026699062,True
1466455361,3.6,4.884319185597624,4.884319185597624,True
1466455394,3.7,4.054487793579731,4.054487793579731,True
1466455475,3.8,4.278607182822373,4.278607182822373,True
1466455497,4.0,4.977839204150029,4.977839204150029,True
1466455561,4.0,5.033849268747062,5.033849268747062,True
1466455575,4.0,4.640976541825342,4.640976541825342,True
1466455587,4.4,4.293988245921794,4.293988245921794,True
1466455651,4.4,4.4,4.592521511925851,False
1466455658,4.3,4.3,4.280125859267011,False
1466455732,4.3,4.3,4.111230410893823,False
1466455812,4.5,4.5,4.963240113931894,False
1466455910,4.7,4.344882315309236,4.344882315309236,True
1466455951,5.1,5.1,5.0597750801047985,False
1466455999,5.1,4.589824808840068,4.589824808840068,True
1466456054,4.9,4.704261117111371,4.704261117111371,True
1466456058,4.7,4.742682862607714,4.742682862607714,True
1466456074,4.7,5.031977283814274,5.031977283814274,True
1466456088,4.6,4.6,4.0554989217046815,False
1466456118,4.6,4.6,4.324314628375639,False
1466456218,4.5,4.5,4.974819391942859,False
1466456265,4.5,4.5,4.486089191865244,False
1466456270,4.5,4.5,4.02701263539019,False
1466456312,4.3,4.3,4.4628088542244475,False
1466456346,4.3,4.3,4.273286612598935,False
1466456374,4.3,4.038250443399487,4.038250443399487,True
1466456406,4.3,5.053135414602709,5.053135414602709,True
1466456482,4.5,4.5,4.84256491997,False
1466456512,4.4,4.361736512253168,4.361736512253168,True
1466456610,4.5,4.886287383482365,4.886287383482365,True
1466456683,4.5,4.5,4.730581009553864,False
1466456768,4.5,4.884291516370704,4.884291516370704,True
1466456856,4.6,4.020967471478484,4.020967471478484,True
1466456927,4.6,4.161671670363153,4.161671670363153,True
1466457014,4.9,4.9,4.802396168282168,False
1466457032,4.9,4.157664084143974,4.157664084143974,True
1466457067,4.8,4.785841101734708,4.785841101734708,True
1466457157,4.6,4.314874453056471,4.314874453056471,True
1466457215,4.6,4.6,5.041113970246564,False
1466457267,4.2,4.908169088749983,4.908169088749983,True
1466457357,4.2,4.2,4.278895309788117,False
1466457434,4.2,4.2,4.103715172372066,False
1466457487,4.2,4.922490422406404,4.922490422406404,True
1466457559,4.2,4.564790324127243,4.564790324127243,True
1466457603,4.2,4.2,4.6586454462355364,False
1466457671,4.2,4.243845752827942,4.243845752827942,True
1466457713,4.4,4.020874681329412,4.020874681329412,True
1466457745,4.2,4.058908828543228,4.058908828543228,True
1466457782,4.2,4.196255770589587,4.196255770589587,True
1466457802,4.2,4.2,4.785701023078378,False
1466457817,3.8,4.538553883013371,4.538553883013371,True
1466457865,4.0,4.0,4.199055405382193,False
1466457884,3.7,4.540918106447702,4.540918106447702,True
1466457885,3.7,4.443351349486881,4.443351349486881,True
1466457917,4.1,4.1,5.035152969096349,False
1466457973,4.1,5.09510130559279,5.09510130559279,True
1466458045,4.3,4.3,4.097196495610282,False
1466458135,4.1,4.1,4.666712269519272,False
1466458151,4.1,4.1,4.427506797291478,False
1466458230,4.1,4.6299043128332436,4.6299043128332436,True
1466458324,4.5,4.879114756783479,4.879114756783479,True
1466458362,4.5,4.5,4.785951803462077,False
1466458438,4.8,4.518599034266472,4.518599034266472,True
1466458454,4.8,4.8,4.27314783037106,False
1466458496,4.8,4.684282809216676,4.684282809216676,True
1466458509,4.8,4.8,4.070744317649265,False
1466458580,4.5,4.5,5.084906422067964,False
1466458590,4.5,4.891022443485001,4.891022443485001,True
1466458626,4.5,4.713333399647922,4.713333399647922,True
1466458642,4.5,4.5,4.9498491197449015,False
1466458665,4.5,4.885584573370464,4.885584573370464,True
1466458694,4.8,4.8,4.127887746085084,False
1466458762,4.8,4.161631667558456,4.161631667558456,True
1466458793,4.9,4.08966670373188,4.08966670373188,True
1466458824,4.9,4.341622497950964,4.341622497950964,True
1466458906,5.1,4.35471195743379,4.35471195743379,True
1466458982,5.4,5.054670505731018,5.054670505731018,True
1466459068,5.4,5.4,4.114349764246007,False
1466459159,5.4,5.4,4.061385470626838,False
1466459184,5.4,5.4,4.0109348477881985,False
1466459273,5.4,5.4,4.2903138661509255,False
1466459372,5.4,5.4,4.60916148455497,False
1466459415,5.4,5.089062317804832,5.089062317804832,True
1466459483,5.4,5.4,4.9938661652566045,False
1466459504,5.5,4.504974211313083,4.504974211313083,True
1466459588,5.5,4.5997894266447314,4.5997894266447314,True
1466459595,5.1,5.1,4.365028950095162,False
1466459673,5.1,4.901130432939554,4.901130432939554,True
1466459726,4.9,4.9,4.649434810139038,False
1466459800,4.9,4.9,4.426376904071013,False
1466459857,4.9,4.995905685091878,4.995905685091878,True
1466459887,5.1,5.1,4.848795013632168,False
1466459913,5.3,5.3,4.595791305500659,False
1466459974,5.3,5.3,4.0817723957847045,False
1466459995,5.3,5.3,4.437190307964625,False
1466460001,5.3,4.005222891245246,4.005222891245246,True
1466460054,5.3,4.227226105022901,4.227226105022901,True
1466460130,5.4,4.015710633597324,4.015710633597324,True
1466460215,5.4,5.4,4.718193007722046,False
1466460252,5.4,5.4,4.3765970333252735,False
1466460272,5.1,5.1,4.544826011056785,False
1466460346,5.5,5.5,4.12240428279626,False
1466460440,5.2,4.9369965757445025,4.9369965757445025,True
1466460461,5.2,5.2,4.003350453487004,False
1466460528,5.2,5.2,4.76651477451377,False
1466460610,5.1,5.1,4.457635302298794,False
1466460630,5.1,5.1,4.489308900105058,False
1466460691,5.1,5.1,4.655215242931311,False
1466460706,5.2,5.2,4.358070024562547,False
1466460739,5.2,5.065450985230203,5.065450985230203,True
1466460765,5.2,5.2,4.226608226134008,False
1466460795,5.5,5.5,4.972556714196234,False
1466460877,5.5,5.5,4.899386597011614,False
1466460973,5.5,4.897740369324129,4.897740369324129,True
1466461009,5.5,5.5,4.720121749210073,False
1466461027,5.5,4.264114362413869,4.264114362413869,True
1466461032,5.3,5.3,4.26929140128977,False
1466461096,5.0,4.953206646502524,4.953206646502524,True
1466461169,5.0,5.0069943037983675,5.0069943037983675,True
1466461256,5.0,4.741028614842637,4.741028614842637,True
1466461351,5.0,4.4801363911915155,4.4801363911915155,True
1466461451,5.0,5.0,4.015121706271423,False
1466461531,5.0,5.0,4.437342565223128,False
1466461568,5.0,4.6809758029891135,4.6809758029891135,True
1466461583,5.4,4.310688062377959,4.310688062377959,True
1466461647,5.4,5.4,5.083394932153161,False
1466461703,5.4,5.4,4.474829550982994,False
1466461794,5.0,4.880474200978883,4.880474200978883,True
1466461813,5.0,4.283415969811752,4.283415969811752,True
1466461910,4.9,4.9,5.07781773804102,False
1466461988,4.9,4.466414698495568,4.466414698495568,True
1466462056,4.9,4.9,4.17687339434999,False
1466462101,4.6,4.6,4.219971985786322,False
1466462155,4.6,4.66747772787432,4.66747772787432,True
1466462215,4.4,4.118632119621133,4.118632119621133,True
1466462278,4.6,4.381257621926327,4.381257621926327,True
1466462368,4.6,4.392840086124929,4.392840086124929,True
1466462412,4.6,4.6,4.318569251942724,False
1466462512,4.2,4.454507729155738,4.454507729155738,True
1466462594,4.4,4.4,4.216897386765622,False
1466462671,4.4,4.4,5.047379500374215,False
1466462716,4.2,4.2,4.876961563415959,False
1466462746,4.2,4.134855690700865,4.134855690700865,True
1466462782,4.2,4.2,4.042428200840205,False
1466462820,4.2,4.787861330350588,4.787861330350588,True
1466462833,4.2,4.2,4.85491612322322,False
1466462842,3.9,4.671549036689711,4.671549036689711,True
1466462850,4.3,4.169066094255596,4.169066094255596,True
1466462941,4.7,4.7,4.995279989601704,False
1466463026,4.7,4.056153749581603,4.056153749581603,True
1466463117,4.7,4.280873379770653,4.280873379770653,True
