1466410104,12.5,12.666378894901694,12.666378894901694,True
1466410114,13.3,13.3,12.030671611182685,False
1466410130,13.3,13.162210727175587,13.162210727175587,True
1466410181,13.3,12.613088846414424,12.613088846414424,True
1466410203,13.3,13.3,11.071661674684801,False
1466410250,13.3,14.017003839083687,14.017003839083687,True
1466410309,13.3,13.624125617431153,13.624125617431153,True
1466410397,13.3,11.164724708107107,11.164724708107107,True
1466410430,13.1,13.1,13.62543589775677,False
1466410469,13.1,11.965807041015676,11.965807041015676,True
1466410483,13.1,13.1,14.127956583195052,False
1466410498,13.1,11.773251203835958,11.773251203835958,True
1466410502,13.1,13.1,11.134378367669855,False
1466410532,13.1,13.1,11.265023600599065,False
1466410541,13.1,13.70418503141145,13.70418503141145,True
1466410573,13.1,13.1,11.719048220871766,False
1466410630,13.1,11.190742194787049,11.190742194787049,True
1466410653,13.1,14.231414152950432,14.231414152950432,True
1466410746,13.1,13.1,11.157335453889875,False
1466410814,13.1,12.104219387809941,12.104219387809941,True
1466410890,13.1,11.589499619911985,11.589499619911985,True
1466410902,13.1,12.484348240554525,12.484348240554525,True
1466410978,13.9,14.193754198946838,14.193754198946838,True
1466411008,13.9,14.311605689888175,14.311605689888175,True
1466411066,13.9,13.9,14.416237330114557,False
1466411094,13.9,13.9,11.318233062794352,False
1466411157,13.9,13.9,13.718295555189634,False
1466411223,13.9,13.9,13.038810016961651,False
1466411226,13.9,13.9,12.392942291269804,False
1466411272,13.9,11.061128962285892,11.061128962285892,True
1466411303,13.9,13.9,12.082527552804324,False
1466411318,13.9,12.30712140210169,12.30712140210169,True
1466411396,13.9,13.9,12.331574396368236,False
1466411493,13.9,14.023507157875363,14.023507157875363,True
1466411549,13.9,11.953033751194724,11.953033751194724,True
1466411560,13.9,13.025587748397752,13.025587748397752,True
1466411626,13.9,13.9,13.612682266745594,False
1466411723,13.9,11.450705032733165,11.450705032733165,True
1466411763,13.9,13.286535087577812,13.286535087577812,True
1466411785,13.9,13.9,13.5560453694142,False
1466411854,13.9,13.9,11.454302465398765,False
1466411889,13.4,11.953188879006362,11.953188879006362,True
1466411988,13.4,14.46793099519088,14.46793099519088,True
1466412022,13.4,12.013786653848848,12.013786653848848,True
1466412046,13.4,13.4,13.121440721072874,False
1466412076,13.4,13.858757180886734,13.858757180886734,True
1466412152,12.4,11.503199883917235,11.503199883917235,True
1466412181,11.8,11.8,14.115285003765727,False
1466412201,11.8,11.119624847747241,11.119624847747241,True
1466412260,11.8,11.8,11.114509114994483,False
1466412347,11.8,11.8,14.436339864195881,False
1466412360,12.3,12.3,12.118228400972937,False
1466412438,12.3,12.3,11.63126304758239,False
1466412521,12.3,12.265082522421352,12.265082522421352,True
1466412599,11.8,11.446324757552283,11.446324757552283,True
1466412639,11.8,11.8,14.049489043125604,False
1466412691,11.8,12.315618564676743,12.315618564676743,True
1466412747,12.3,12.3,13.901237288547316,False
1466412794,12.3,12.3,14.229351843076033,False
1466412819,12.3,12.3,12.789980164838585,False
1466412832,12.3,12.3,12.088131324353949,False
1466412874,12.3,12.726516631038546,12.726516631038546,True
1466412943,12.3,12.3,11.098614626177694,False
1466412971,12.3,13.187308955335656,13.187308955335656,True
1466412990,12.3,12.3,13.753748548643543,False
1466413028,13.3,12.932000937153393,12.932000937153393,True
1466413053,13.3,13.041088850490564,13.041088850490564,True
1466413125,13.4,13.4,13.845360159610431,False
1466413200,13.4,13.860828071509731,13.860828071509731,True
1466413264,13.4,13.4,14.179644929926184,False
1466413311,13.4,13.4,11.30413604287154,False
1466413342,13.4,11.06201065828193,11.06201065828193,True
1466413440,13.4,13.458938401797464,13.458938401797464,True
1466413458,13.4,12.780179651517162,12.780179651517162,True
1466413529,13.4,13.091398744164236,13.091398744164236,True
1466413542,13.4,13.4,13.784378246947341,False
1466413638,13.4,14.051439600611108,14.051439600611108,True
1466413672,13.4,13.4,12.218418953582097,False
1466413733,14.1,14.1,11.568162949854283,False
1466413779,13.2,13.2,14.389420577348332,False
1466413780,12.3,14.483351303033603,14.483351303033603,True
1466413864,12.3,14.265403255266357,14.265403255266357,True
1466413885,12.3,12.3,12.053908279076518,False
1466413946,12.3,12.3,12.498770829630669,False
1466414033,12.3,11.762154686874869,11.762154686874869,True
1466414071,12.7,14.172694213855582,14.172694213855582,True
1466414164,12.7,12.88163209827428,12.88163209827428,True
1466414225,12.7,11.854907537482042,11.854907537482042,True
1466414312,12.7,12.7,14.02614569020341,False
1466414325,11.9,13.628828197059516,13.628828197059516,True
1466414328,11.6,12.798835771126441,12.798835771126441,True
1466414329,12.4,12.4,14.260235620934377,False
1466414402,12.4,13.846403981876808,13.846403981876808,True
1466414407,13.5,13.5,12.696635802372732,False
1466414413,13.5,13.5,12.654768170060933,False
1466414460,13.5,14.352196269362762,14.352196269362762,True
1466414552,13.5,14.130684766384421,14.130684766384421,True
1466414602,13.2,12.364320865946663,12.364320865946663,True
1466414662,13.3,13.3,13.006521542861616,False
1466414746,13.0,12.816501916156513,12.816501916156513,True
1466414844,13.0,13.0,14.233067775965973,False
1466414943,13.0,12.740210357298537,12.740210357298537,True
1466414946,13.0,13.0,11.072334010606824,False
1466414966,13.0,13.0,14.302286293286258,False
1466415038,13.0,13.669897771473735,13.669897771473735,True
1466415106,13.0,11.83325365958302,11.83325365958302,True
1466415130,13.0,12.918503856713368,12.918503856713368,True
1466415145,13.0,13.575915748683563,13.575915748683563,True
1466415202,13.0,13.0,12.111796633711027,False
1466415239,13.0,13.826161521566817,13.826161521566817,True
1466415249,13.0,13.0,14.49062129640733,False
1466415308,13.0,13.0,14.40926661802901,False
1466415357,13.0,11.741781229552043,11.741781229552043,True
1466415404,13.0,13.0,12.905671656332006,False
1466415469,12.6,13.283942311698231,13.283942311698231,True
1466415548,12.5,12.5,13.321428903513276,False
1466415588,12.5,13.49999354560147,13.49999354560147,True
1466415627,12.5,12.02389082631721,12.02389082631721,True
1466415719,12.5,12.5,13.106840934603992,False
1466415767,12.5,12.5,12.928332888260131,False
1466415860,12.5,12.5,13.248526890756828,False
1466415872,12.5,12.5,12.649313864734582,False
1466415914,12.5,11.011206629947747,11.011206629947747,True
1466415934,11.9,11.20418465023049,11.20418465023049,True
1466415988,11.9,11.251541528117539,11.251541528117539,True
1466416004,11.9,11.9,14.188234051453785,False
1466416050,11.9,11.9,12.623349072903995,False
1466416150,11.9,12.140164503781234,12.140164503781234,True
1466416161,11.9,11.9,11.7874993555149,False
1466416215,11.9,13.619019078474182,13.619019078474182,True
1466416315,11.9,13.950528433426754,13.950528433426754,True
1466416321,11.9,11.9,11.032939009973155,False
1466416393,11.9,11.151766316979808,11.151766316979808,True
1466416440,11.9,11.9,11.330841764076133,False
1466416510,11.9,11.9,13.553151701438694,False
1466416541,12.3,12.3,12.966788418699663,False
1466416631,12.3,12.3,13.192760941608629,False
1466416671,12.3,12.3,12.83886398866219,False
1466416725,12.3,12.680667880371459,12.680667880371459,True
1466416815,12.3,12.3,11.86220070716178,False
1466416867,12.3,12.3,14.114308872662528,False
1466416933,12.3,12.3,13.451928764109894,False
1466416963,12.3,12.76598947168982,12.76598947168982,True
1466417034,12.3,12.3,13.754938365453356,False
1466417069,12.3,12.3,11.833939973507517,False
1466417095,12.7,12.7,12.741962492292965,False
1466417123,12.1,12.1,12.751160551409193,False
1466417219,12.1,12.1,14.45989931661667,False
1466417228,12.1,11.727770148831135,11.727770148831135,True
1466417235,12.1,12.209690486703543,12.209690486703543,True
1466417266,12.1,13.701217856489556,13.701217856489556,True
1466417298,12.2,13.354079525698838,13.354079525698838,True
1466417382,12.2,13.764075398095521,13.764075398095521,True
1466417429,12.1,11.128224388640906,11.128224388640906,True
1466417434,12.1,14.399645298696061,14.399645298696061,True
1466417513,12.1,13.981219342742211,13.981219342742211,True
1466417598,12.1,12.1,14.29500991313639,False
1466417615,12.1,12.1,12.726545068086633,False
1466417654,12.1,12.962464282204426,12.962464282204426,True
1466417749,12.1,12.1,11.242044157958343,False
1466417763,12.4,12.4,13.460717322496322,False
1466417822,12.0,12.0,11.663022263564088,False
1466417851,10.9,10.9,13.57516120127767,False
1466417855,11.3,13.70182844644884,13.70182844644884,True
1466417879,11.7,12.092964787045377,12.092964787045377,True
1466417895,11.9,11.9,14.079492237777929,False
1466417969,11.9,11.9,13.926286854050701,False
1466418049,11.1,11.148908200595077,11.148908200595077,True
1466418118,11.4,11.4,13.765951780437431,False
1466418129,11.3,11.030325694391829,11.030325694391829,True
1466418179,11.3,11.3,13.514478582955551,False
1466418254,12.4,13.003759867073306,13.003759867073306,True
1466418332,12.4,14.161224400944317,14.161224400944317,True
1466418428,12.4,12.52559709464631,12.52559709464631,True
1466418494,12.4,12.4,13.460689484891011,False
1466418554,13.0,13.682318234049214,13.682318234049214,True
1466418563,13.0,12.524124904784347,12.524124904784347,True
1466418564,13.0,13.0,13.198007148691962,False
1466418594,13.0,11.483785568540007,11.483785568540007,True
1466418674,13.0,13.0,11.697999165228959,False
1466418748,12.6,12.6,11.395928397475659,False
1466418847,12.6,12.6,13.469350944389683,False
1466418877,12.6,12.6,11.362916935890645,False
1466418917,11.9,13.754707808777413,13.754707808777413,True
1466418938,11.9,12.685310837559037,12.685310837559037,True
1466419031,11.9,13.61021717890199,13.61021717890199,True
1466419058,11.9,11.9,11.891583533080382,False
1466419104,11.9,14.016309619712917,14.016309619712917,True
1466419166,11.9,13.980066560713597,13.980066560713597,True
1466419261,11.9,11.9,14.04943509806622,False
1466419349,11.9,11.9,13.173158875447218,False
1466419442,11.9,11.139182507667014,11.139182507667014,True
1466419530,11.9,14.058546457344079,14.058546457344079,True
1466419595,11.9,11.9,11.951166601676666,False
1466419646,11.9,13.96737054639729,13.96737054639729,True
1466419737,11.9,12.420833051738153,12.420833051738153,True
1466419826,11.9,11.9,11.850017329716659,False
1466419880,11.6,11.6,11.222829616216714,False
1466419911,11.6,11.443122238611814,11.443122238611814,True
1466419938,11.6,11.6,12.316879635142433,False
1466420016,11.6,11.73272082020268,11.73272082020268,True
1466420019,11.6,12.10107089677258,12.10107089677258,True
1466420108,12.4,12.23237894826376,12.23237894826376,True
1466420205,12.4,13.855824300579297,13.855824300579297,True
1466420228,12.4,12.4,13.472468289548171,False
1466420257,12.4,12.4,12.257032158343357,False
1466420270,12.4,12.4,13.403191053775014,False
1466420296,13.2,13.2,12.805536870964325,False
1466420331,13.1,13.1,14.377793585285367,False
1466420407,13.1,13.1,13.47468279900752,False
1466420430,13.1,12.721731920030575,12.721731920030575,True
1466420453,13.1,13.1,14.02490250592346,False
1466420474,13.1,13.1,13.591226796351222,False
1466420566,13.8,12.823611935949376,12.823611935949376,True
1466420579,13.8,12.756068311261568,12.756068311261568,True
1466420618,13.8,13.39764130622494,13.39764130622494,True
1466420624,13.8,13.8,13.305323330933893,False
1466420643,13.8,13.8,11.066287844239792,False
1466420695,12.9,12.9,12.596065627358538,False
1466420788,12.9,14.18955693782527,14.18955693782527,True
1466420863,12.8,12.8,13.095666077630714,False
1466420947,12.3,12.3,11.952760020385082,False
1466421003,12.3,11.572480001508486,11.572480001508486,True
1466421032,12.3,12.974832146173028,12.974832146173028,True
1466421050,12.3,12.3,11.343232849690779,False
1466421116,12.3,13.470879994167044,13.470879994167044,True
1466421208,12.3,13.788023016925221,13.788023016925221,True
1466421234,12.3,11.989938891375758,11.989938891375758,True
1466421262,12.3,11.343071000819743,11.343071000819743,True
1466421353,12.3,13.776903717306075,13.776903717306075,True
1466421360,12.3,12.3,12.386219777569513,False
1466421392,13.1,13.1,13.394860494368771,False
1466421480,13.1,13.1,13.154892615687071,False
1466421530,13.1,13.1,14.009067299571972,False
1466421547,13.1,13.783859754696948,13.783859754696948,True
1466421591,13.1,13.1,13.050038684922718,False
1466421633,13.1,13.1,12.420466319571892,False
1466421636,12.1,12.1,12.676321086013026,False
1466421670,11.4,13.407143177524736,13.407143177524736,True
1466421695,11.4,11.327919922780023,11.327919922780023,True
1466421721,12.2,12.2,14.113113121821867,False
1466421804,12.2,12.232562695555766,12.232562695555766,True
1466421819,12.2,11.654389514869424,11.654389514869424,True
1466421862,11.7,11.7,12.269979041271382,False
1466421885,11.7,11.7,13.648840933156698,False
1466421936,11.5,12.70416549527851,12.70416549527851,True
1466422012,10.8,14.160539533212752,14.160539533212752,True
1466422044,10.8,10.8,13.139281411948346,False
1466422045,11.5,11.5,11.07142746344731,False
1466422137,10.9,12.599728290152353,12.599728290152353,True
1466422162,10.9,10.9,13.756565816268264,False
1466422189,10.9,10.9,14.456633826059235,False
1466422197,10.9,10.9,13.016559645055239,False
1466422264,11.8,11.8,11.719489009018751,False
1466422330,11.8,12.035414503239107,12.035414503239107,True
1466422378,11.8,11.8,12.42820028861371,False
1466422432,11.8,12.6093572607447,12.6093572607447,True
1466422488,11.8,11.8,13.822965543619219,False
1466422577,11.8,11.8,13.933592320612828,False
1466422628,11.8,12.714118884497992,12.714118884497992,True
1466422638,11.8,13.934028509761578,13.934028509761578,True
1466422666,12.3,13.188723057868874,13.188723057868874,True
1466422706,12.3,13.194509942048217,13.194509942048217,True
1466422731,12.3,12.3,12.134871921581261,False
1466422804,12.3,14.338481541367411,14.338481541367411,True
1466422866,12.3,12.3,14.222219127154844,False
1466422873,12.3,12.233162996940122,12.233162996940122,True
1466422895,12.3,12.3,12.330195854311645,False
1466422953,12.3,14.492924451834808,14.492924451834808,True
1466422973,12.3,12.3,11.661614798072955,False
1466423017,11.4,13.945070685543467,13.945070685543467,True
1466423051,11.4,13.798625612515814,13.798625612515814,True
1466423099,11.4,11.4,13.151781951324764,False
1466423150,11.4,11.4,11.517867243680762,False
1466423155,11.4,11.4,12.277891831603498,False
1466423168,10.7,10.7,14.448198977149442,False
1466423205,11.6,11.363168468502057,11.363168468502057,True
1466423275,11.6,11.6,12.002820542632259,False
1466423287,11.6,11.370222331106016,11.370222331106016,True
1466423336,11.6,11.6,13.344509198013315,False
1466423340,12.1,12.1,11.87332325558119,False
1466423355,13.2,13.133642741055265,13.133642741055265,True
1466423443,13.2,13.156118166012778,13.156118166012778,True
1466423499,13.2,13.522738636387729,13.522738636387729,True
1466423585,13.2,11.846245629156053,11.846245629156053,True
1466423612,13.2,13.2,14.385867321498806,False
1466423669,12.8,11.632415122269474,11.632415122269474,True
1466423705,13.0,13.0,11.270375183397357,False
1466423770,13.0,12.343537986685519,12.343537986685519,True
1466423844,13.0,13.0,12.429444882223493,False
1466423902,14.0,13.862673715439588,13.862673715439588,True
1466423913,14.0,14.0,12.164729650144597,False
1466423972,14.7,14.7,14.48484933817368,False
1466424014,14.0,13.14296868341251,13.14296868341251,True
1466424069,13.4,13.4,11.607532991162465,False
1466424154,13.2,11.303067268957737,11.303067268957737,True
1466424155,13.2,13.2,14.485958862373705,False
1466424169,14.0,13.901728070454332,13.901728070454332,True
1466424262,14.0,14.0,12.841702493350653,False
1466424339,14.7,11.200054717559574,11.200054717559574,True
1466424398,14.7,13.071143902113398,13.071143902113398,True
1466424497,14.2,14.2,14.408551522911598,False
1466424558,14.2,14.243662721737497,14.243662721737497,True
1466424613,14.2,13.06697632483166,13.06697632483166,True
1466424713,14.2,13.808229483473763,13.808229483473763,True
1466424804,14.2,13.931248775956822,13.931248775956822,True
1466424878,14.9,11.462007693035577,11.462007693035577,True
1466424924,14.9,14.388494029093103,14.388494029093103,True
1466425009,14.9,14.9,13.136366598015266,False
1466425106,14.5,12.688712252233854,12.688712252233854,True
1466425129,14.1,14.1,12.496422476179037,False
1466425179,14.1,13.009725463304715,13.009725463304715,True
1466425257,14.1,14.1,11.0776091852274,False
1466425262,14.1,13.306795249978292,13.306795249978292,True
1466425305,14.1,14.1,13.786783913289545,False
1466425331,14.1,14.085868015228186,14.085868015228186,True
1466425338,14.1,14.31125368893401,14.31125368893401,True
1466425377,14.1,12.480575072551613,12.480575072551613,True
1466425380,14.1,14.1,12.751429384958772,False
1466425417,13.1,13.246273116268636,13.246273116268636,True
1466425484,13.1,11.78282040469033,11.78282040469033,True
1466425517,13.1,13.1,11.305137998677585,False
1466425553,13.1,12.525795066646225,12.525795066646225,True
1466425640,13.1,11.77745038203594,11.77745038203594,True
1466425687,13.8,11.545159579760755,11.545159579760755,True
1466425711,13.6,13.302821876730901,13.302821876730901,True
1466425768,13.6,11.060681314741027,11.060681314741027,True
1466425811,13.6,13.6,13.927940264683714,False
1466425856,13.6,13.6,13.826187239582211,False
1466425869,13.6,11.226652112616765,11.226652112616765,True
1466425884,14.2,12.545323268047403,12.545323268047403,True
1466425962,14.2,14.2,14.492737435431268,False
1466425974,14.2,13.794533709791605,13.794533709791605,True
1466426016,14.7,14.7,11.47983406501937,False
1466426024,14.7,14.7,14.389707500788804,False
1466426034,14.7,11.05514226559962,11.05514226559962,True
1466426130,14.7,14.7,12.765937157499653,False
1466426189,14.7,13.548658636108225,13.548658636108225,True
1466426198,14.7,14.7,12.616570291243729,False
1466426280,14.7,14.7,13.12200775870913,False
1466426298,14.7,12.261602344280464,12.261602344280464,True
1466426380,14.7,12.798255569886217,12.798255569886217,True
1466426420,14.7,14.7,11.824579011802463,False
1466426509,14.7,12.797127602752035,12.797127602752035,True
1466426521,14.6,14.6,13.412311133410487,False
1466426535,14.6,14.6,14.341228180195527,False
1466426563,14.6,14.247290740595545,14.247290740595545,True
1466426620,14.6,14.4064751470972,14.4064751470972,True
1466426694,14.7,14.7,13.524842342142815,False
1466426764,14.7,14.7,11.891315448950333,False
1466426778,14.4,11.63482911626686,11.63482911626686,True
1466426866,14.4,14.4,13.909753920789097,False
1466426938,14.4,13.943118876874081,13.943118876874081,True
1466427022,14.4,12.560061240378097,12.560061240378097,True
1466427059,14.4,14.4,14.152122969358155,False
1466427125,14.4,13.206641996962155,13.206641996962155,True
1466427204,14.4,11.667450455779864,11.667450455779864,True
1466427240,14.4,12.852642524365674,12.852642524365674,True
1466427317,14.4,12.69463373729673,12.69463373729673,True
1466427319,14.4,14.4,11.786887998289739,False
1466427331,13.6,13.6,13.904283508329094,False
1466427425,13.6,12.827861778023731,12.827861778023731,True
1466427458,13.6,13.6,12.189722010877894,False
1466427495,13.6,11.664091666426437,11.664091666426437,True
1466427543,13.6,13.6,13.329188170788132,False
1466427625,13.6,11.530494007419838,11.530494007419838,True
1466427663,13.6,12.296983105631352,12.296983105631352,True
1466427672,13.6,13.6,14.336818090185517,False
1466427684,12.5,12.5,11.657583140295952,False
1466427739,12.5,12.5,13.325994251384053,False
1466427769,13.1,13.846475896336665,13.846475896336665,True
1466427775,13.8,12.967170411793289,12.967170411793289,True
1466427820,13.8,12.310093117794667,12.310093117794667,True
1466427837,13.8,13.8,11.043360446002934,False
1466427846,13.8,12.21400247023164,12.21400247023164,True
1466427904,13.8,13.8,12.464763170274844,False
1466427997,13.8,13.8,13.06751685342528,False
1466428027,12.7,12.7,11.177837452903136,False
1466428114,13.8,13.978283531513583,13.978283531513583,True
1466428212,13.8,13.8,13.119433041530147,False
1466428294,13.8,11.84706735674321,11.84706735674321,True
1466428321,14.9,14.9,13.831240983511629,False
1466428340,14.4,14.4,11.44726906571512,False
1466428378,14.4,14.4,13.578171818325833,False
1466428463,14.4,12.165326033616829,12.165326033616829,True
1466428551,14.4,11.699482907457433,11.699482907457433,True
1466428575,14.4,12.689466065009857,12.689466065009857,True
1466428593,14.4,14.121437249134702,14.121437249134702,True
1466428682,14.4,13.279800665710395,13.279800665710395,True
1466428699,14.4,12.520904033399981,12.520904033399981,True
1466428719,14.4,14.4,14.19516590860867,False
1466428819,14.4,14.4,12.161672835404099,False
1466428850,14.4,14.4,13.23203817417362,False
1466428884,14.4,14.4,11.784728013754478,False
1466428973,14.4,13.265510667922939,13.265510667922939,True
1466429006,14.4,14.4,13.273456051771596,False
1466429026,14.2,14.2,12.773454565759945,False
1466429066,14.2,14.2,12.221598739136144,False
1466429072,14.2,14.2,12.978423937916373,False
1466429103,14.2,14.2,12.633046932366005,False
1466429110,13.4,13.4,12.340005842582679,False
1466429123,13.4,14.085437687149899,14.085437687149899,True
1466429168,13.0,13.080329018780056,13.080329018780056,True
1466429182,13.0,11.03744479729013,11.03744479729013,True
1466429184,13.0,13.094650091682393,13.094650091682393,True
1466429197,13.0,11.860213937391407,11.860213937391407,True
1466429280,13.0,11.368602917616844,11.368602917616844,True
1466429378,13.0,12.610591216001659,12.610591216001659,True
1466429450,14.1,12.155746422242842,12.155746422242842,True
1466429455,14.1,14.1,11.094415958847284,False
1466429510,14.1,14.1,12.027401602232478,False
1466429565,14.1,14.1,12.939327330933565,False
1466429566,13.3,11.132065881942909,11.132065881942909,True
1466429592,12.3,12.3,12.128679518049067,False
1466429623,12.3,14.192215540192445,14.192215540192445,True
1466429691,12.1,12.927149915288823,12.927149915288823,True
1466429733,12.1,12.1,14.072808896334042,False
1466429803,12.1,12.1,13.249452120227744,False
1466429832,12.1,12.1,13.607119582022634,False
1466429905,12.1,11.731661208898794,11.731661208898794,True
1466429997,12.1,11.783200411469128,11.783200411469128,True
1466430050,12.1,12.1,11.44220395879646,False
1466430088,12.1,14.44879606728248,14.44879606728248,True
1466430174,12.1,12.1,13.981845330119995,False
1466430247,12.1,12.1,13.381343393185286,False
1466430344,12.1,13.061690499580134,13.061690499580134,True
1466430375,12.1,13.360217883819802,13.360217883819802,True
1466430400,12.1,11.467274755285779,11.467274755285779,True
1466430457,12.1,12.1,12.387341093138,False
1466430483,12.1,11.467449279198501,11.467449279198501,True
1466430517,12.1,12.516377004354261,12.516377004354261,True
1466430524,12.1,12.301454963224458,12.301454963224458,True
1466430592,12.1,12.911724926627915,12.911724926627915,True
1466430616,12.1,12.1,11.577093618299951,False
1466430631,12.1,12.1,12.616796684328866,False
1466430680,12.1,12.1,11.606082522305686,False
1466430734,12.4,13.467990692037468,13.467990692037468,True
1466430790,12.4,13.50012839902748,13.50012839902748,True
1466430815,12.4,14.085875006330532,14.085875006330532,True
1466430895,12.4,12.4,13.077474071872828,False
1466430916,13.4,13.4,12.86045375145818,False
1466430929,13.4,13.4,11.872934690970402,False
1466430936,13.4,13.4,13.951871713610421,False
1466431009,13.4,11.52993243862776,11.52993243862776,True
1466431036,13.4,13.4,12.096847049970233,False
1466431055,13.4,13.31379695228053,13.31379695228053,True
1466431145,13.4,13.4,13.585179805266893,False
1466431218,13.4,11.992586600189302,11.992586600189302,True
1466431290,13.4,11.31016198397051,11.31016198397051,True
1466431324,14.3,11.538810495310965,11.538810495310965,True
1466431400,14.3,14.3,12.554821064553446,False
1466431450,14.3,14.477853309055336,14.477853309055336,True
1466431526,14.9,11.94350365052889,11.94350365052889,True
1466431589,14.9,14.9,11.344243460536811,False
1466431661,14.0,13.106319090788846,13.106319090788846,True
1466431760,14.0,13.963908267524149,13.963908267524149,True
1466431796,14.0,11.737794314598936,11.737794314598936,True
1466431848,14.0,14.0,13.724555022235263,False
1466431879,14.0,12.597983340856617,12.597983340856617,True
1466431954,14.0,14.0,11.71520574920747,False
1466431958,14.0,11.232620949892976,11.232620949892976,True
1466432002,14.0,14.0,14.431462697225179,False
1466432101,14.0,14.0,13.768950666660242,False
1466432177,14.0,12.67876927647748,12.67876927647748,True
1466432194,14.7,14.7,11.19598801712937,False
1466432237,14.7,11.908906726961158,11.908906726961158,True
1466432280,14.7,14.4481095665145,14.4481095665145,True
1466432373,14.7,11.332346098676458,11.332346098676458,True
1466432389,14.7,14.7,12.648236486094921,False
1466432415,13.9,13.9,13.269905615239152,False
1466432417,14.2,11.464383145045861,11.464383145045861,True
1466432506,13.4,11.029911658004643,11.029911658004643,True
1466432569,13.4,13.4,12.08281124268225,False
1466432577,13.4,12.49913320743901,12.49913320743901,True
1466432670,13.4,13.4,12.702185116410812,False
1466432706,13.5,12.603286574059007,12.603286574059007,True
1466432804,13.5,12.875137572714165,12.875137572714165,True
1466432853,13.5,13.630543190437436,13.630543190437436,True
1466432947,13.5,13.5,12.113065078463364,False
1466433040,13.5,13.5,12.707703831327267,False
1466433128,13.5,12.757358155881233,12.757358155881233,True
1466433145,13.5,13.5,12.500187856912923,False
1466433195,13.5,12.171574970170191,12.171574970170191,True
1466433289,13.9,13.9,11.802488411719398,False
1466433375,13.9,13.9,12.910552790684926,False
1466433427,13.9,11.441595006454987,11.441595006454987,True
1466433478,13.9,12.543556158626574,12.543556158626574,True
1466433517,13.9,13.9,13.518942174209215,False
1466433615,13.9,13.9,11.021273326632,False
1466433672,13.9,11.063111956835852,11.063111956835852,True
1466433762,13.9,11.588740358735432,11.588740358735432,True
1466433809,14.0,12.460528846733459,12.460528846733459,True
1466433873,14.0,14.0,13.05496799697733,False
1466433910,14.0,13.4524605224396,13.4524605224396,True
1466433994,14.0,13.178573049991146,13.178573049991146,True
1466434003,14.0,11.189199463721426,11.189199463721426,True
1466434045,12.9,12.649699088879856,12.649699088879856,True
1466434096,12.9,11.128811242629594,11.128811242629594,True
1466434173,12.9,12.9,12.966120792490951,False
1466434199,12.9,12.9,14.05028957174274,False
1466434224,12.9,13.30411834656243,13.30411834656243,True
1466434308,12.9,12.9,12.22498463873626,False
1466434359,12.9,12.082054656477627,12.082054656477627,True
1466434371,12.9,11.921554962659979,11.921554962659979,True
1466434457,12.9,14.20167582930946,14.20167582930946,True
1466434498,12.9,12.9,12.339460597085619,False
1466434552,12.9,12.9,12.223941360265762,False
1466434622,12.8,13.861781476520575,13.861781476520575,True
1466434691,12.8,12.8,12.385775030328881,False
1466434718,12.8,12.8,11.63036998599031,False
1466434727,13.1,13.1,14.110560594974817,False
1466434815,13.1,13.1,11.775787075161306,False
1466434892,13.1,12.395645075951235,12.395645075951235,True
1466434915,13.1,13.1,14.337355563605989,False
1466434946,13.1,13.1,13.834491114386726,False
1466434988,13.1,13.1,14.305664880586024,False
1466435020,13.1,13.1,11.732954249725518,False
1466435090,13.8,11.003094159062808,11.003094159062808,True
1466435099,13.8,13.8,13.789632583253582,False
1466435145,13.8,13.8,11.105353974704503,False
1466435186,13.8,11.045909067332602,11.045909067332602,True
1466435246,13.8,13.8,11.583494342582554,False
1466435284,13.8,13.8,11.664564800597592,False
1466435327,13.8,13.8,14.000619391603285,False
1466435369,13.8,11.907784807482928,11.907784807482928,True
1466435408,14.7,14.7,13.609495460745608,False
1466435468,14.7,12.942425178371177,12.942425178371177,True
1466435486,14.7,12.721720876188105,12.721720876188105,True
1466435555,14.7,12.975415616466085,12.975415616466085,True
1466435624,14.7,12.306096766941796,12.306096766941796,True
1466435659,14.7,14.7,13.689895377013093,False
1466435682,14.7,14.7,14.2224279227444,False
1466435712,14.7,11.33873262352208,11.33873262352208,True
1466435794,14.1,14.1,14.474867831075686,False
1466435878,14.1,14.1,13.78063499539763,False
1466435904,14.1,14.1,11.84399803393571,False
1466435971,14.1,12.745917854495303,12.745917854495303,True
1466436041,14.1,12.753563561127894,12.753563561127894,True
1466436059,14.9,12.683618989965893,12.683618989965893,True
1466436093,14.9,14.9,14.289242120149481,False
1466436178,14.9,12.761493302965004,12.761493302965004,True
1466436230,14.9,12.933773723892099,12.933773723892099,True
1466436280,14.9,12.506648274909352,12.506648274909352,True
1466436332,14.9,14.9,12.940998816138563,False
1466436333,14.9,14.9,13.696466523507453,False
1466436431,14.9,14.9,14.324794284369473,False
1466436520,13.8,13.35988746970667,13.35988746970667,True
1466436572,13.8,11.358526196174653,11.358526196174653,True
1466436647,13.8,13.8,11.033911690478119,False
1466436655,13.8,14.23638879320281,14.23638879320281,True
1466436727,13.8,11.68272195431165,11.68272195431165,True
1466436793,13.8,12.536760183383985,12.536760183383985,True
1466436879,13.8,13.8,11.420167135058897,False
1466436880,13.8,14.25470235100244,14.25470235100244,True
1466436939,13.8,13.8,14.456396548644461,False
1466437015,13.8,12.492440386806273,12.492440386806273,True
1466437048,13.8,11.827361654730105,11.827361654730105,True
1466437088,13.8,13.700269923397258,13.700269923397258,True
1466437105,13.8,13.8,12.374752613238806,False
1466437122,14.0,11.878524020250552,11.878524020250552,True
1466437160,14.0,14.0,13.595403504736925,False
1466437232,14.0,14.0,12.11826950360825,False
1466437321,14.0,14.0,12.12993202516906,False
1466437335,14.0,14.0,13.819986573836193,False
1466437358,14.0,14.228331530611118,14.228331530611118,True
1466437441,14.0,14.0,12.475890669010958,False
1466437480,14.0,14.0,13.777704065052477,False
1466437561,14.0,14.0,12.774884767567022,False
1466437653,14.0,13.844576016616752,13.844576016616752,True
1466437709,14.0,12.745104307093483,12.745104307093483,True
1466437798,14.0,14.0,13.630422530139978,False
1466437869,14.0,11.260058496137166,11.260058496137166,True
1466437952,14.0,11.135926872785303,11.135926872785303,True
1466438037,14.0,12.067884225578231,12.067884225578231,True
1466438054,14.0,14.0,12.412886615382043,False
1466438056,13.0,13.559862952490105,13.559862952490105,True
1466438136,13.0,11.08776619188013,11.08776619188013,True
1466438234,13.0,13.0,14.375161482251439,False
1466438261,13.0,12.617979904850989,12.617979904850989,True
1466438348,13.0,13.853812855679017,13.853812855679017,True
1466438407,13.0,13.0,13.961457341856812,False
1466438422,13.0,14.363518919286847,14.363518919286847,True
1466438476,13.0,11.346488796014045,11.346488796014045,True
1466438571,13.0,12.512504550262042,12.512504550262042,True
1466438612,13.0,13.0,12.60312146091573,False
1466438620,12.8,12.8,11.58245259737002,False
1466438698,12.8,12.8,12.648875728898151,False
1466438747,12.0,12.0,13.01371054419906,False
1466438795,12.0,11.056906851698946,11.056906851698946,True
1466438810,12.0,12.0,12.336618832555569,False
1466438888,12.0,11.923197198444909,11.923197198444909,True
1466438975,12.0,12.0,11.347369047549865,False
1466439000,12.0,12.330140528696104,12.330140528696104,True
1466439092,12.8,12.8,13.386106671446779,False
1466439150,12.8,11.190857616910865,11.190857616910865,True
1466439229,12.8,12.8,11.769753220879982,False
1466439279,12.8,12.8,13.018048200519253,False
1466439328,12.8,13.786764995306815,13.786764995306815,True
1466439351,12.8,14.123306142702429,14.123306142702429,True
1466439447,12.8,12.779260038430126,12.779260038430126,True
1466439466,12.8,11.369749016399792,11.369749016399792,True
1466439480,12.5,12.5,13.67260378779549,False
1466439560,12.5,14.45399285026434,14.45399285026434,True
1466439600,12.5,12.5,13.89443539107779,False
1466439645,12.5,12.5,11.32140251644442,False
1466439729,12.5,12.5,12.233048882675295,False
1466439772,12.5,12.5,11.570445096078174,False
1466439827,12.5,11.64050591703794,11.64050591703794,True
1466439849,12.5,11.568380311592916,11.568380311592916,True
1466439910,12.5,12.739637005062743,12.739637005062743,True
1466439990,12.5,12.5,13.469204180718929,False
1466440005,12.5,12.5,11.320636497344129,False
1466440006,12.4,12.023719624624697,12.023719624624697,True
1466440045,12.4,12.4,11.1181566994392,False
1466440066,12.3,14.366849151059721,14.366849151059721,True
1466440154,12.3,12.3,13.046874269056254,False
1466440214,12.3,12.373113930037135,12.373113930037135,True
1466440226,12.3,12.3,12.549535834180238,False
1466440304,11.6,11.6,12.898293481236392,False
1466440385,11.6,11.6,12.945537025296465,False
1466440451,11.6,11.6,11.2428385411296,False
1466440521,11.6,11.6,14.405778630518046,False
1466440581,12.3,12.3,13.021002206524898,False
1466440674,12.3,11.44057122667217,11.44057122667217,True
1466440727,12.3,13.645186312957556,13.645186312957556,True
1466440821,12.3,14.123844043166061,14.123844043166061,True
1466440827,12.3,13.743180149884274,13.743180149884274,True
1466440897,12.3,12.744115159700032,12.744115159700032,True
1466440923,12.3,12.3,11.877117121806224,False
1466441012,12.3,14.046227373700575,14.046227373700575,True
1466441049,11.8,11.8,12.762653906533146,False
1466441147,11.8,11.8,13.818068214594781,False
1466441213,11.7,12.037024876316101,12.037024876316101,True
1466441311,11.7,12.447775574435605,12.447775574435605,True
1466441318,11.7,11.7,13.542407156501154,False
1466441418,11.7,11.7,13.318878748378063,False
1466441510,11.7,12.949308303568996,12.949308303568996,True
1466441541,11.7,12.1952714706022,12.1952714706022,True
1466441579,11.7,11.7,13.754006983364494,False
1466441630,11.7,11.636120985635161,11.636120985635161,True
1466441714,12.6,12.6,11.579545454743215,False
1466441724,12.6,13.882956387594973,13.882956387594973,True
1466441741,12.5,12.5,12.918655732943314,False
1466441822,12.5,13.43592389398503,13.43592389398503,True
1466441883,12.5,12.609609032750102,12.609609032750102,True
1466441934,12.4,12.4,14.268348619841314,False
1466441947,12.4,12.4,12.22165979543175,False
1466442046,13.1,13.1,12.64619631404739,False
1466442137,13.1,12.98779057313492,12.98779057313492,True
1466442175,12.7,12.7,11.810754818004707,False
1466442216,12.7,12.7,12.406459978161635,False
1466442284,12.7,12.7,13.130637301960537,False
1466442332,13.7,11.150964037619575,11.150964037619575,True
1466442358,13.7,13.7,14.383906281273891,False
1466442362,13.7,13.7,12.270536911930764,False
1466442439,13.7,12.382353905930072,12.382353905930072,True
1466442490,13.7,13.7,13.786382606176392,False
1466442498,13.7,13.7,12.422550719222395,False
1466442508,13.7,13.7,11.003081964224252,False
1466442518,13.7,11.679574469188395,11.679574469188395,True
1466442556,13.7,13.7,13.943304424986144,False
1466442656,13.7,13.434163038573239,13.434163038573239,True
1466442662,13.7,13.7,11.438518371017667,False
1466442703,13.8,13.8,12.263289790139995,False
1466442768,13.8,13.04299366885979,13.04299366885979,True
1466442788,13.8,14.06802031132368,14.06802031132368,True
1466442886,13.7,13.409034583988023,13.409034583988023,True
1466442980,13.7,12.745494949834649,12.745494949834649,True
1466443000,13.7,14.015955722301383,14.015955722301383,True
1466443029,13.7,11.368537943710816,11.368537943710816,True
1466443038,13.7,13.238158294304018,13.238158294304018,True
1466443089,13.7,13.7,11.727142777768883,False
1466443162,13.7,14.40922361081481,14.40922361081481,True
1466443201,13.7,12.01280954842098,12.01280954842098,True
1466443219,13.7,13.83889583620823,13.83889583620823,True
1466443263,13.7,13.7,12.794431755491805,False
1466443350,13.7,12.476378397241172,12.476378397241172,True
1466443373,13.7,13.96997212930781,13.96997212930781,True
1466443392,13.8,13.8,11.325751427226606,False
1466443402,13.8,14.201119612393349,14.201119612393349,True
1466443486,13.8,13.187365255205972,13.187365255205972,True
1466443511,13.8,13.8,11.853677392542545,False
1466443584,13.8,12.578514536733195,12.578514536733195,True
1466443677,13.8,13.023535020079844,13.023535020079844,True
1466443725,13.8,13.8,12.222311622719511,False
1466443727,13.8,13.8,11.00042424320799,False
1466443750,13.8,11.235983413400398,11.235983413400398,True
1466443761,13.8,13.8,11.80768647237146,False
1466443808,13.8,11.224527831408444,11.224527831408444,True
1466443861,13.3,12.321853383682402,12.321853383682402,True
1466443929,13.3,13.3,11.889042624853888,False
1466443986,13.3,14.15558462066022,14.15558462066022,True
1466444043,13.3,13.3,12.05661598381351,False
1466444110,13.5,13.5,11.592415217699255,False
1466444192,13.5,11.998464882510046,11.998464882510046,True
1466444287,12.9,12.9,13.33529013369916,False
1466444294,12.9,14.069698726012048,14.069698726012048,True
1466444366,12.9,12.901302563287045,12.901302563287045,True
1466444466,12.9,11.92861759529593,11.92861759529593,True
1466444505,12.9,13.96012084285882,13.96012084285882,True
1466444556,12.9,14.1905729857944,14.1905729857944,True
1466444624,12.6,12.6,12.196861208085888,False
1466444663,12.6,12.6,12.885900389261147,False
1466444685,12.6,13.248613892351432,13.248613892351432,True
1466444756,12.6,12.6,12.598697295027387,False
1466444781,12.6,11.652063506788293,11.652063506788293,True
1466444840,12.1,12.1,11.893285415594315,False
1466444854,12.1,12.1,13.981138150690995,False
1466444860,12.1,12.695864907013972,12.695864907013972,True
1466444959,12.1,12.1,11.711313076701654,False
1466445058,11.6,14.473352791412086,14.473352791412086,True
1466445107,11.6,11.6,13.730103506391655,False
1466445165,12.3,12.115529801101854,12.115529801101854,True
1466445170,12.3,12.3,12.521671697809818,False
1466445173,12.3,13.331241747532314,13.331241747532314,True
1466445247,12.3,11.399870978157505,11.399870978157505,True
1466445305,11.5,11.5,11.286068084239531,False
1466445333,11.5,11.5,12.146045101569953,False
1466445356,11.5,12.812364272998009,12.812364272998009,True
1466445430,11.5,11.5,13.470384307311145,False
1466445491,11.5,11.5,13.034763262796444,False
1466445497,11.5,13.902097634959535,13.902097634959535,True
1466445514,11.5,11.5,12.824428391809544,False
1466445549,11.5,11.5,11.511284466512318,False
1466445640,11.5,13.642250595321299,13.642250595321299,True
1466445648,11.5,13.992494679776195,13.992494679776195,True
1466445739,11.5,11.5,11.336880120056371,False
1466445814,11.5,11.5,11.293973389075447,False
1466445879,11.5,11.5,12.935720098911316,False
1466445909,11.5,11.5,12.113668478035969,False
1466445965,11.5,11.5,11.726442283857043,False
1466446021,11.5,13.301892025933851,13.301892025933851,True
1466446045,10.6,14.029875565925085,14.029875565925085,True
1466446071,11.2,13.104876356556641,13.104876356556641,True
1466446120,11.2,12.177568630610235,12.177568630610235,True
1466446168,11.2,11.2,13.568718935695534,False
1466446253,11.2,12.086146364455269,12.086146364455269,True
1466446302,11.2,13.324447882295923,13.324447882295923,True
1466446389,11.2,11.2,12.236110556442172,False
1466446404,11.2,11.2,12.794507208173952,False
1466446494,11.2,13.679137109660184,13.679137109660184,True
1466446594,11.2,13.582697495413951,13.582697495413951,True
1466446643,11.2,11.2,11.205985811757387,False
1466446669,11.2,12.228672130367382,12.228672130367382,True
1466446690,11.2,13.911483558163974,13.911483558163974,True
1466446735,11.2,11.2,13.756990876341856,False
1466446766,12.2,12.2,13.551843502586031,False
1466446852,12.2,13.471820152493782,13.471820152493782,True
1466446902,12.2,12.2,12.763694153941474,False
1466446945,12.2,12.673523666202385,12.673523666202385,True
1466446987,13.0,11.9252410663768,11.9252410663768,True
1466447036,12.4,12.4,11.261565060258919,False
1466447112,12.4,12.4,11.490745886372551,False
1466447129,12.4,12.4,13.067102637205238,False
1466447189,12.4,13.761171855214286,13.761171855214286,True
1466447224,12.4,12.4,12.234504004365506,False
1466447270,12.4,13.432294682366866,13.432294682366866,True
1466447272,12.4,12.4,14.362734351410984,False
1466447348,12.4,11.491764778140917,11.491764778140917,True
1466447359,12.4,12.4,12.650986606220826,False
1466447388,12.4,11.690380056143306,11.690380056143306,True
1466447390,12.0,12.0,13.971730063167694,False
1466447425,12.0,12.0,14.092458745903661,False
1466447463,12.0,12.0,13.857187190881756,False
1466447485,12.3,11.551409529900102,11.551409529900102,True
1466447545,12.3,12.3,12.613325723669945,False
1466447553,11.2,11.2,12.754626937627231,False
1466447554,11.2,11.105361329084998,11.105361329084998,True
1466447573,11.2,11.2,11.142732027769057,False
1466447634,11.2,11.2,12.579551427327145,False
1466447695,11.2,13.716737033724847,13.716737033724847,True
1466447762,11.2,13.08519861049886,13.08519861049886,True
1466447844,11.2,11.875769099903723,11.875769099903723,True
1466447885,11.2,14.445698153663386,14.445698153663386,True
1466447943,12.3,12.3,14.448225026831334,False
1466447956,12.5,12.5,14.18984865185938,False
1466448041,12.5,14.043844016813514,14.043844016813514,True
1466448140,12.1,13.553407220510767,13.553407220510767,True
1466448215,12.1,12.1,12.07512192030346,False
1466448270,11.0,11.566971005878619,11.566971005878619,True
1466448302,11.0,12.740366620648993,12.740366620648993,True
1466448368,11.1,11.300621208980422,11.300621208980422,True
1466448422,11.1,11.276601717475454,11.276601717475454,True
1466448517,11.1,14.344413287169495,14.344413287169495,True
1466448614,11.1,11.242281344751968,11.242281344751968,True
1466448701,11.1,11.951234593816748,11.951234593816748,True
1466448743,11.1,11.854821954756964,11.854821954756964,True
1466448805,11.1,11.1,11.428172881808953,False
1466448844,11.1,11.215319241683815,11.215319241683815,True
1466448896,11.1,11.206874235818793,11.206874235818793,True
1466448984,12.0,12.0,13.541362975541652,False
1466449031,11.8,11.8,13.336693861240107,False
1466449045,11.8,11.8,13.579393480093405,False
1466449099,11.8,11.060440385315296,11.060440385315296,True
1466449171,10.8,10.8,13.15969840110401,False
1466449261,10.8,13.85363950129208,13.85363950129208,True
1466449280,10.8,10.8,13.379049839674105,False
1466449359,10.7,13.872628149470996,13.872628149470996,True
1466449442,10.7,14.180518997237247,14.180518997237247,True
1466449496,10.7,13.601272046207775,13.601272046207775,True
1466449537,10.7,12.400099780338014,12.400099780338014,True
1466449555,10.7,10.7,12.503394950915169,False
1466449629,10.7,11.90681181715812,11.90681181715812,True
1466449635,10.7,10.7,11.949280002850125,False
1466449721,10.9,10.9,12.798211372310673,False
1466449772,10.9,10.9,13.061395884220284,False
1466449872,11.1,11.1,12.115772979425083,False
1466449873,11.1,11.1,13.188286642592704,False
1466449884,11.1,11.1,12.562171147691924,False
1466449937,11.1,13.670244326699088,13.670244326699088,True
1466449953,11.4,12.58018072226599,12.58018072226599,True
1466449959,11.2,11.2,12.012551256540897,False
1466449961,12.3,12.3,12.78022489009389,False
1466450018,12.3,13.707680738192057,13.707680738192057,True
1466450075,12.3,14.320474503778959,14.320474503778959,True
1466450150,12.3,11.637579340882601,11.637579340882601,True
1466450177,12.3,12.532006919853087,12.532006919853087,True
1466450255,12.3,14.475737330643224,14.475737330643224,True
1466450343,12.3,13.84779850066495,13.84779850066495,True
1466450348,12.3,12.3,12.788001703606435,False
1466450401,12.3,12.383844561726193,12.383844561726193,True
1466450433,12.3,12.3,12.815021987242215,False
1466450507,12.3,13.523562462303087,13.523562462303087,True
1466450536,13.3,13.3,13.904572320122085,False
1466450627,12.6,12.157644349043368,12.157644349043368,True
1466450723,12.6,12.6,12.90674326890934,False
1466450817,12.6,14.499773875428176,14.499773875428176,True
1466450900,13.0,11.649432036810877,11.649432036810877,True
1466450902,13.0,13.872980755211483,13.872980755211483,True
1466450971,13.0,13.715690748049735,13.715690748049735,True
1466451016,13.0,11.114659445276189,11.114659445276189,True
1466451023,12.6,13.939335533879724,13.939335533879724,True
1466451073,12.6,11.882855448850664,11.882855448850664,True
1466451166,12.0,12.0,12.70123066270581,False
1466451231,12.0,11.421366414534532,11.421366414534532,True
1466451245,10.9,10.9,11.039376025236379,False
1466451293,10.9,13.999377553803269,13.999377553803269,True
1466451295,10.9,12.115421699785522,12.115421699785522,True
1466451378,10.9,11.104207713655004,11.104207713655004,True
1466451445,10.9,10.9,13.1385159955216,False
1466451508,10.9,11.142999244196291,11.142999244196291,True
1466451599,10.9,10.9,11.050594868858944,False
1466451686,10.9,10.9,12.006108008180734,False
1466451761,10.9,10.9,12.12508511852608,False
1466451857,10.9,10.9,13.214690405752549,False
1466451909,10.9,10.9,13.61382595971507,False
1466451919,10.9,12.364034148918448,12.364034148918448,True
1466452006,12.0,11.349053365012102,11.349053365012102,True
1466452035,12.0,12.0,13.68175904785106,False
1466452039,12.0,12.0,13.881162760973712,False
1466452104,12.0,13.643280403655066,13.643280403655066,True
1466452167,12.0,12.0,13.8295651702599,False
1466452238,12.0,12.86219734136732,12.86219734136732,True
1466452313,12.0,12.0,12.28839553078069,False
1466452339,12.8,13.767447192952577,13.767447192952577,True
1466452419,12.8,12.533611889299825,12.533611889299825,True
1466452424,12.8,12.8,13.369733202490867,False
1466452435,12.8,12.8,11.001680104710926,False
1466452531,12.5,14.20367829676291,14.20367829676291,True
1466452584,12.5,12.5,13.508731802729187,False
1466452625,11.9,11.001252494532926,11.001252494532926,True
1466452676,12.6,13.072381406151958,13.072381406151958,True
1466452752,12.6,14.077500188027127,14.077500188027127,True
1466452796,12.7,12.7,14.387152826291793,False
1466452825,12.7,12.7,14.328042354059754,False
1466452860,12.7,13.51922952192423,13.51922952192423,True
1466452960,13.3,11.596743998943955,11.596743998943955,True
1466452979,13.3,13.3,14.301948471755125,False
1466453002,13.3,13.3,12.237344755675428,False
1466453016,13.3,11.007567437062045,11.007567437062045,True
1466453025,13.3,13.3,12.52658958931677,False
1466453089,13.3,12.694278617751914,12.694278617751914,True
1466453141,13.3,14.465541536340437,14.465541536340437,True
1466453154,13.3,13.3,14.364471688921867,False
1466453184,13.6,11.63492500453402,11.63492500453402,True
1466453202,13.6,11.002391050353431,11.002391050353431,True
1466453203,13.6,13.6,11.140137635491701,False
1466453222,14.5,12.089425656272308,12.089425656272308,True
1466453321,14.5,14.5,11.863071786358061,False
1466453379,14.5,14.5,13.126609449867539,False
1466453392,14.5,14.5,11.193379340750184,False
1466453422,14.5,12.94533366223166,12.94533366223166,True
1466453502,14.5,14.5,11.191901600647592,False
1466453518,14.5,13.034589390980608,13.034589390980608,True
1466453563,14.5,11.234607750103898,11.234607750103898,True
1466453604,14.5,14.5,12.998414359279684,False
1466453639,14.5,14.5,13.2016370184918,False
1466453705,14.5,11.055945823140705,11.055945823140705,True
1466453795,14.5,14.5,11.517741545037342,False
1466453816,14.5,11.573224862893241,11.573224862893241,True
1466453870,14.5,14.5,13.165156293910142,False
1466453910,14.5,14.5,13.42898160383453,False
1466454002,14.5,14.5,14.491982285270616,False
1466454051,14.5,14.5,13.61832703044832,False
1466454087,14.4,14.4,12.408045170876616,False
1466454129,14.4,13.222280089309978,13.222280089309978,True
1466454227,14.4,14.4,12.81198287308541,False
1466454259,14.2,14.2,13.808692600426745,False
1466454262,14.2,14.2,13.353867744515842,False
1466454298,14.2,14.2,11.418721505874663,False
1466454388,14.2,14.2,14.286254342276367,False
1466454399,14.2,14.2,14.19971174646463,False
1466454473,14.9,14.9,13.33290184389777,False
1466454529,14.9,12.351743850517936,12.351743850517936,True
1466454559,14.9,12.916910331396926,12.916910331396926,True
1466454648,14.9,14.9,11.26757137424618,False
1466454745,14.9,14.9,11.442974440938952,False
1466454763,14.9,14.9,14.352097735692862,False
1466454851,14.9,11.576947861772933,11.576947861772933,True
1466454936,14.9,14.9,12.939831320872027,False
1466454949,14.9,11.15232478570577,11.15232478570577,True
1466455032,14.9,13.958207103694326,13.958207103694326,True
1466455065,14.5,14.39795070969767,14.39795070969767,True
1466455119,14.5,14.5,13.446536455471847,False
1466455172,14.5,12.525219110230061,12.525219110230061,True
1466455196,14.5,14.5,12.050235260044865,False
1466455271,14.5,14.5,13.215558844635005,False
1466455357,14.5,13.308199619876042,13.308199619876042,True
1466455361,14.5,11.076218798024573,11.076218798024573,True
1466455394,14.5,14.5,12.299703513090101,False
1466455475,14.5,14.5,12.60619164239469,False
1466455497,14.5,14.169326291983818,14.169326291983818,True
1466455561,14.5,14.5,12.336933274871217,False
1466455575,14.5,14.5,11.885969834869622,False
1466455587,14.5,14.5,14.060595243362691,False
1466455651,14.5,13.747117421332288,13.747117421332288,True
1466455658,14.5,11.173010184256073,11.173010184256073,True
1466455732,14.5,14.5,12.88194844218482,False
1466455812,14.5,14.5,13.426755366376444,False
1466455910,14.5,14.5,13.923610897641364,False
1466455951,14.5,14.5,13.91257083696515,False
1466455999,14.5,14.5,11.408540049518832,False
1466456054,14.5,14.5,11.418118810576718,False
1466456058,14.5,14.337204391257204,14.337204391257204,True
1466456074,14.5,11.988886825570004,11.988886825570004,True
1466456088,14.5,14.5,13.237080180885535,False
1466456118,14.5,12.116187400758196,12.116187400758196,True
1466456218,14.5,14.5,13.673478434133521,False
1466456265,14.5,13.922734470155671,13.922734470155671,True
1466456270,14.0,12.130679211751936,12.130679211751936,True
1466456312,14.0,12.823852267870176,12.823852267870176,True
1466456346,14.0,13.145743080008193,13.145743080008193,True
1466456374,14.0,14.0,12.543085301541714,False
1466456406,14.0,13.535934925732859,13.535934925732859,True
1466456482,14.0,12.976670392335143,12.976670392335143,True
1466456512,13.8,13.8,14.18579908508451,False
1466456610,13.8,11.456779173420363,11.456779173420363,True
1466456683,13.8,13.8,11.873097420097078,False
1466456768,13.8,13.834454863388808,13.834454863388808,True
1466456856,13.8,13.8,11.084310922573895,False
1466456927,13.8,11.140537674096496,11.140537674096496,True
1466457014,13.8,13.8,12.880653810769418,False
1466457032,13.8,13.811450371308775,13.811450371308775,True
1466457067,13.8,13.8,12.788767432570337,False
1466457157,13.8,14.176818407291087,14.176818407291087,True
1466457215,13.8,13.8,13.594801755639676,False
1466457267,13.8,14.438936631204255,14.438936631204255,True
1466457357,13.8,14.013521580687385,14.013521580687385,True
1466457434,13.8,13.8,11.234065358731053,False
1466457487,13.8,12.904438495221324,12.904438495221324,True
1466457559,13.8,13.8,13.396773828918658,False
1466457603,13.8,13.8,13.479800866317875,False
1466457671,14.3,12.91287777704577,12.91287777704577,True
1466457713,14.3,12.262673301125925,12.262673301125925,True
1466457745,14.3,14.3,12.94359046387973,False
1466457782,14.3,14.3,11.984418320050834,False
1466457802,14.3,11.287717227152799,11.287717227152799,True
1466457817,14.3,12.567305077019615,12.567305077019615,True
1466457865,14.3,14.3,11.086715972236822,False
1466457884,14.3,14.3,14.240359811232816,False
1466457885,14.6,14.6,11.263504504284308,False
1466457917,14.6,14.6,14.428399180289373,False
1466457973,13.8,11.476604979608432,11.476604979608432,True
1466458045,13.8,13.8,13.418008178012075,False
1466458135,13.8,13.8,12.071319254990218,False
1466458151,13.8,13.31056247323082,13.31056247323082,True
1466458230,13.8,13.8,13.419036689369815,False
1466458324,13.8,11.549990152852306,11.549990152852306,True
1466458362,13.8,14.343622425341826,14.343622425341826,True
1466458438,13.8,11.223425118141904,11.223425118141904,True
1466458454,14.0,14.0,11.524937992751102,False
1466458496,14.0,14.0,12.140884455758384,False
1466458509,14.0,14.0,11.251041648450395,False
1466458580,14.0,12.03865977519407,12.03865977519407,True
1466458590,14.0,12.874937693690983,12.874937693690983,True
1466458626,14.0,11.71092832434983,11.71092832434983,True
1466458642,14.0,14.0,12.814848693639075,False
1466458665,14.7,14.7,11.725010083447906,False
1466458694,14.7,11.076893024731834,11.076893024731834,True
1466458762,14.7,11.669887923355882,11.669887923355882,True
1466458793,14.5,14.5,12.152237043090635,False
1466458824,14.5,13.240305271600462,13.240305271600462,True
1466458906,14.5,13.222850302382087,13.222850302382087,True
1466458982,14.5,12.644864358080335,12.644864358080335,True
1466459068,14.5,14.5,14.056074091227696,False
1466459159,14.5,14.5,11.870115410862176,False
1466459184,14.5,12.430539313004136,12.430539313004136,True
1466459273,13.8,11.614179984962997,11.614179984962997,True
1466459372,13.8,13.8,13.8700457439685,False
1466459415,13.8,13.8,11.662586415353857,False
1466459483,13.8,12.547835060171666,12.547835060171666,True
1466459504,13.8,13.8,13.165662743196865,False
1466459588,13.8,13.397796817377627,13.397796817377627,True
1466459595,13.8,13.8,13.960419621584752,False
1466459673,12.7,11.334960374693352,11.334960374693352,True
1466459726,12.7,12.7,12.150358057080926,False
1466459800,12.7,12.7,11.780580496630469,False
1466459857,12.7,12.7,11.380125006851916,False
1466459887,12.7,12.7,11.82710327823616,False
1466459913,12.7,12.7,11.61408331557876,False
1466459974,12.7,12.7,13.850158800689325,False
1466459995,12.7,13.901762251150092,13.901762251150092,True
1466460001,12.7,12.7,13.862222027012487,False
1466460054,12.7,11.899244706484208,11.899244706484208,True
1466460130,12.7,12.7,13.96487067836465,False
1466460215,12.7,12.7,11.693889335224387,False
1466460252,12.7,12.7,11.800978674592196,False
1466460272,12.7,13.30209127887443,13.30209127887443,True
1466460346,12.7,12.433060935725457,12.433060935725457,True
1466460440,12.7,11.637761366300309,11.637761366300309,True
1466460461,12.7,13.041628197724144,13.041628197724144,True
1466460528,12.7,12.7,14.113421672309476,False
1466460610,12.7,13.71627752195302,13.71627752195302,True
1466460630,12.7,12.7,12.408652262950541,False
1466460691,12.7,12.7,12.284637081313631,False
1466460706,13.3,13.796470316259512,13.796470316259512,True
1466460739,12.8,12.8,11.063374044848333,False
1466460765,12.8,13.977755587567538,13.977755587567538,True
1466460795,12.8,12.426801522611331,12.426801522611331,True
1466460877,13.7,11.061808739479387,11.061808739479387,True
1466460973,13.7,13.7,13.508982395332415,False
1466461009,13.7,13.7,12.484113013542991,False
1466461027,12.8,11.545896175982568,11.545896175982568,True
1466461032,12.8,14.297055394397708,14.297055394397708,True
1466461096,12.8,12.8,12.242750771885698,False
1466461169,12.8,13.181351144151304,13.181351144151304,True
1466461256,12.4,12.4,13.167831824175735,False
1466461351,12.3,13.068368463743784,13.068368463743784,True
1466461451,12.3,12.3,13.591953480342342,False
1466461531,12.3,12.892887904412818,12.892887904412818,True
1466461568,12.3,12.3,13.610206439461466,False
1466461583,12.3,11.138811683132149,11.138811683132149,True
1466461647,12.5,13.070049405892323,13.070049405892323,True
1466461703,12.6,12.6,13.068235203720517,False
1466461794,12.6,12.122975145679456,12.122975145679456,True
1466461813,12.6,11.57038620901108,11.57038620901108,True
1466461910,12.6,11.107759486403914,11.107759486403914,True
1466461988,12.6,12.6,13.162732770707516,False
1466462056,12.6,12.6,12.96500072079131,False
1466462101,12.6,12.820575121931684,12.820575121931684,True
1466462155,12.6,11.813869291592377,11.813869291592377,True
1466462215,12.6,13.277588527870389,13.277588527870389,True
1466462278,12.6,12.6,12.865986102976967,False
1466462368,12.6,12.6,13.920180911157535,False
1466462412,12.6,12.407392691562029,12.407392691562029,True
1466462512,12.6,12.895554226324993,12.895554226324993,True
1466462594,12.6,13.562854992714193,13.562854992714193,True
1466462671,12.6,12.6,14.066193607069733,False
1466462716,12.6,12.321713548929798,12.321713548929798,True
1466462746,12.6,12.6,11.43059942079015,False
1466462782,12.6,12.6,14.094024486337288,False
1466462820,12.6,12.991846789135316,12.991846789135316,True
1466462833,12.7,12.232387726231039,12.232387726231039,True
1466462842,12.7,12.7,12.219425566420576,False
1466462850,12.7,12.777640402256502,12.777640402256502,True
1466462941,12.7,12.031892589527926,12.031892589527926,True
1466463026,12.7,12.7,13.106371044643359,False
1466463117,12.7,12.932461453607884,12.932461453607884,True
